FastTrWP/PhaseSpace/IAs/snIa_0.63_30.00_-0.86_0.23.csv
# %ECSV 0.9
# ---
# datatype:
# - {name: time-rel, datatype: float64}
# - {name: g, datatype: float64}
# - {name: i, datatype: float64}
# schema: astropy-2.0
time-rel g i
[from data line 1733]
1081.7083333333333 26.357946787256775 22.6219777920203
1082.2083333333333 26.359878485245073 22.62303217835558
1082.7083333333333 26.361779390291492 22.624084868516768
1083.2083333333333 26.36375065103707 22.62513125560407
1083.7083333333333 26.365740123659304 22.626190237569553
1084.2083333333333 26.367664048998527 22.62723999882946
1084.7083333333333 26.369640225215214 22.628294102221123
1085.2083333333333 26.37158274365362 22.629352335237346
1085.7083333333333 26.373567475886908 22.630402301117503
1086.2083333333333 26.37553047030248 22.63146177726014
1086.7083333333333 26.37751290514472 22.632521527658685
1087.2083333333333 26.379462265993098 22.633574268403706
1087.7083333333333 26.38147083054227 22.634632715548673
1088.2083333333333 26.383439599067998 22.635698296997212
1088.7083333333333 26.38543532445692 22.636753061705498
1089.2083333333333 26.387448503399398 22.637814205795944
1089.7083333333333 26.389471085404082 22.63887869681362
1090.2083333333333 26.391461699571934 22.639937092624027
1090.7083333333333 26.39347945903646 22.641004135323435
1091.2083333333333 26.395434928244008 22.64207242757902
1091.7083333333333 26.397527823895103 22.643133462510477
1092.2083333333333 26.399549649479304 22.644198789635496
1092.7083333333333 26.401573386270453 22.645265810566947
1093.2083333333333 26.403615510310935 22.64633127758565
1093.7083333333333 26.40558979453415 22.647404161378613
1094.2083333333333 26.4076754600655 22.64847339610707
1094.7083333333333 26.409711503114366 22.649536162272447
1095.2083333333333 26.411744382800997 22.650601100459763
1095.7083333333333 26.413821841275688 22.651688991929024
1096.2083333333333 26.41587635569437 22.65275299073067
1096.7083333333333 26.417917135732477 22.653822360216765
1097.2083333333333 26.42000752677522 22.65490064422828
1097.7083333333333 26.422073392012805 22.65596843614262
1098.2083333333333 26.424152997861654 22.657038769775042
1098.7083333333333 26.426183849842324 22.658111838118828
1099.2083333333333 26.42827196773791 22.65919116891923
1099.7083333333333 26.430339564979512 22.66026636760227
1100.2083333333333 26.432454215447553 22.661341230008276
1100.7083333333333 26.434530068743474 22.66241612160225
1101.2083333333333 26.436681620292877 22.66350541562503
1101.7083333333333 26.43873659138833 22.664584209319155
1102.2083333333333 26.440842902940418 22.665659382116445
1102.7083333333333 26.4429539184429 22.66674281453069
1103.2083333333333 26.445060527790282 22.667821969888763
1103.7083333333333 26.4472316027649 22.66890769888591
1104.2083333333333 26.449330836905535 22.66999354243088
1104.7083333333333 26.451490857995378 22.67107887756687
1105.2083333333333 26.453611337417353 22.67216025186322
1105.7083333333333 26.455724068935936 22.673246431954908
1106.2083333333333 26.457873583005505 22.674327264360908
1106.7083333333333 26.46002400608677 22.67542308343294
1107.2083333333333 26.46222952497648 22.676515011056296
1107.7083333333333 26.46436849164194 22.677602707547813
1108.2083333333333 26.466532449435242 22.67868811264597
1108.7083333333333 26.468679241916835 22.679778645394542
1109.2083333333333 26.4708696226743 22.680877983744665
1109.7083333333333 26.473054104879388 22.681963087567528
1110.2083333333333 26.47524723712282 22.683060712265384
1110.7083333333333 26.47741596380428 22.684148431580468
1111.2083333333333 26.479649201303317 22.685239423749234
1111.7083333333333 26.481850667270365 22.68634479672519
1112.2083333333333 26.48402550021573 22.68744222169382
1112.7083333333333 26.48626061101012 22.688540365276005
1113.2083333333333 26.488463871848097 22.689636065117572
1113.7083333333333 26.49064986328292 22.690742735973693
1114.2083333333333 26.492916352694774 22.69184164608823
1114.7083333333333 26.495128778133864 22.692938340494976
1115.2083333333333 26.497374059412515 22.694051650062494
1115.7083333333333 26.499611940541868 22.695151776023266
1116.2083333333333 26.50187004887233 22.69625497631239
1116.7083333333333 26.50411944692379 22.697366945039043
1117.2083333333333 26.506369292924454 22.698470434144113
1117.7083333333333 26.508633735884807 22.699574480998006
1118.2083333333333 26.51090959912481 22.700682462452455
1118.7083333333333 26.51318308750345 22.701796093130497
1119.2083333333333 26.515470817589268 22.7029076583963
1119.7083333333333 26.51772975888559 22.70402093455289
1120.2083333333333 26.520049715160795 22.705131685157255
1120.7083333333333 26.52237015395455 22.706244788607446
1121.2083333333333 26.524700931089708 22.707359674781063
1121.7083333333333 26.526918534920192 22.7084755461553
1122.2083333333333 26.529304811349125 22.70959695098487
1122.7083333333333 26.53160706155036 22.710716241351786
1123.2083333333333 26.53394977058593 22.71183148249575
1123.7083333333333 26.53627980365822 22.712954576730027
1124.2083333333333 26.53861720932936 22.714075853598775
1124.7083333333333 26.540930995017273 22.715196387478706
1125.2083333333333 26.543278785402755 22.716320250811805
1125.7083333333333 26.54564853928199 22.717439726557398
1126.2083333333333 26.548019039184354 22.71857106527389
1126.7083333333333 26.550329700797583 22.71968627433204
1127.2083333333333 26.552755789908442 22.720827645812744
1127.7083333333333 26.55512333359644 22.72195979866241
1128.2083333333333 26.557508346364255 22.72308226588081
1128.7083333333333 26.55992596420247 22.72421449454479
1129.2083333333333 26.562338570345343 22.72534958411225
1129.7083333333333 26.56475139078534 22.72648070808463
1130.2083333333333 26.567158717369107 22.72760699436413
1130.7083333333333 26.569554674537166 22.728749312156996
1131.2083333333333 26.572028378337905 22.729895264037737
1131.7083333333333 26.574468658734148 22.731028411375487
1132.2083333333333 26.576874995692936 22.732156408931644
1132.7083333333333 26.57932852273862 22.73330345031987
1133.2083333333333 26.581778318174972 22.734445270424285
1133.7083333333333 26.584278617006554 22.735579447170885
1134.2083333333333 26.586714467822038 22.73672016708728
1134.7083333333333 26.589234473080605 22.737864940448127
1135.2083333333333 26.591673155074126 22.739010477361184
1135.7083333333333 26.594172282277487 22.740159901111
1136.2083333333333 26.596730722200558 22.74130295671249
1136.7083333333333 26.59922419668912 22.74245059548108
1137.2083333333333 26.601746999713683 22.743596411923566
1137.7083333333333 26.604237081475908 22.744752265332654
1138.2083333333333 26.606827656233136 22.7458992859753
1138.7083333333333 26.609326310185818 22.74704459283578
1139.2083333333333 26.61183313331176 22.748199035277622
1139.7083333333333 26.614396558473068 22.749354892308347
1140.2083333333333 26.61694947596132 22.75051131894445
1140.7083333333333 26.619520078897843 22.751660474209316
1141.2083333333333 26.62212505266576 22.752821905573356
1141.7083333333333 26.624639706182627 22.753981605986255
1142.2083333333333 26.627269150249347 22.755138056617213
1142.7083333333333 26.629886807626264 22.756296869502485
1143.2083333333333 26.63244242469673 22.75745956522143
1143.7083333333333 26.635096913687008 22.758621451308937
1144.2083333333333 26.637661359613457 22.759788240684028
1144.7083333333333 26.640328385795247 22.760951902307088
1145.2083333333333 26.64296215942793 22.762111469663697
1145.7083333333333 26.64551595327161 22.763283130055477
1146.2083333333333 26.648180337555488 22.764450924068594
1146.7083333333333 26.650848400283877 22.765613427136895
1147.2083333333333 26.653478535602964 22.766786474494584
1147.7083333333333 26.656160671024477 22.767957737625345
1148.2083333333333 26.65880972648541 22.769124927487653
1148.7083333333333 26.66150251682186 22.770297257190173
1149.2083333333333 26.66416022972339 22.771476268128552
1149.7083333333333 26.666877836011732 22.772651079285744
1150.2083333333333 26.66953470769434 22.773824926882625
1150.7083333333333 26.672250083900614 22.775009696161597
1151.2083333333333 26.674973397126163 22.776185158879553
1151.7083333333333 26.67769756790138 22.777364465430814
1152.2083333333333 26.68041876545879 22.778539049220903
1152.7083333333333 26.68312215299643 22.77973040162941
1153.2083333333333 26.685839999340942 22.780906996558713
1153.7083333333333 26.688570802245227 22.782088998143685
1154.2083333333333 26.691327927733212 22.78327968267762
1154.7083333333333 26.69410215796033 22.78446524417927
1155.2083333333333 26.69686225156097 22.785653736411277
1155.7083333333333 26.699605321354785 22.786841809096302
1156.2083333333333 26.702421737895257 22.78802519383571
1156.7083333333333 26.705178060495456 22.789218207523486
1157.2083333333333 26.70799967038372 22.790415483695774
1157.7083333333333 26.71077273131759 22.79160370875588
1158.2083333333333 26.713560146376363 22.792801191600812
1158.7083333333333 26.716343766570905 22.79400001747809
1159.2083333333333 26.719162496003193 22.79519153231261
1159.7083333333333 26.721999504590368 22.796387118419645
1160.2083333333333 26.724792637948113 22.797590154565377
1160.7083333333333 26.72767246111531 22.79879001210242
1161.2083333333333 26.730507883380223 22.7999935619412
1161.7083333333333 26.73335969893539 22.801199261212016
1162.2083333333333 26.73621220307133 22.802402747620633
1162.7083333333333 26.73903356801583 22.803603395659398
1163.2083333333333 26.741921494032876 22.80480881539395
1163.7083333333333 26.744836517260097 22.806014658078155
1164.2083333333333 26.74768766487916 22.807221130450927
1164.7083333333333 26.75055107357139 22.80843808940228
1165.2083333333333 26.75343139760536 22.809648488081955
1165.7083333333333 26.756305000366787 22.81085785082591
1166.2083333333333 26.759252186149574 22.812075356997394
1166.7083333333333 26.762154999280902 22.81329467717855
1167.2083333333333 26.765054302221802 22.814507039808042
1167.7083333333333 26.768002745575984 22.81572323124219
1168.2083333333333 26.770927182940696 22.816946619931993
1168.7083333333333 26.773899047376442 22.81816703616156
1169.2083333333333 26.77691054010836 22.8193935225364
1169.7083333333333 26.779915380029244 22.820612632677477
1170.2083333333333 26.782903762790905 22.821848628087167
1170.7083333333333 26.78598835622814 22.823066034133724
1171.2083333333333 26.789045399582104 22.824298979613165
1171.7083333333333 26.792097413065502 22.825531160787843
1172.2083333333333 26.79519281289053 22.826768033598416
1172.7083333333333 26.79826065209802 22.827994013252734
1173.2083333333333 26.801385993600576 22.829233637133513
1173.7083333333333 26.804531105485644 22.83046457860973
1174.2083333333333 26.80764599188034 22.83170673649154
1174.7083333333333 26.810832671586255 22.83294736091389
1175.2083333333333 26.813980434504558 22.83419585226662
1175.7083333333333 26.817238820442228 22.835440370260297
1176.2083333333333 26.820389650523442 22.836676006739737
1176.7083333333333 26.823591499430044 22.83793206449714
1177.2083333333333 26.82680163653462 22.83917350334523
1177.7083333333333 26.830086455214406 22.840432307900137
1178.2083333333333 26.833226639407847 22.841680933443843
1178.7083333333333 26.836526950714074 22.842936019671654
1179.2083333333333 26.839791142455674 22.84418675017832
1179.7083333333333 26.84308737238034 22.845441823591432
1180.2083333333333 26.846348995402526 22.846692491439875
1180.7083333333333 26.849706959643672 22.847959220787146
1181.2083333333333 26.852967360324037 22.84921585510853
1181.7083333333333 26.856257345636926 22.85047511986154
1182.2083333333333 26.8595567999275 22.851733466762504
1182.7083333333333 26.86290623181261 22.852997488558856
1183.2083333333333 26.866251346970728 22.8542617989373
1183.7083333333333 26.869587579240456 22.8555250321605
1184.2083333333333 26.872889422203233 22.85679474301146
1184.7083333333333 26.876334440621367 22.858061104563415
1185.2083333333333 26.879632320292707 22.859324687686726
1185.7083333333333 26.88304492865995 22.860604990715796
1186.2083333333333 26.886432080928003 22.861867127357808
1186.7083333333333 26.889765127075272 22.863131807749415
1187.2083333333333 26.893116076515724 22.86441388500023
1187.7083333333333 26.896479204976206 22.865680854606275
1188.2083333333333 26.89992486563382 22.866956250692464
1188.7083333333333 26.903262486767243 22.868238675212872
1189.2083333333333 26.906672195274975 22.869509943649156
1189.7083333333333 26.909969894576275 22.87078165183942
1190.2083333333333 26.91344594234699 22.87206139195686
1190.7083333333333 26.916781319641455 22.873347810777215
1191.2083333333333 26.92020227214343 22.874627395947222
1191.7083333333333 26.923634709249882 22.875905285827454
1192.2083333333333 26.92704057294559 22.87718895745917
1192.7083333333333 26.930400116394438 22.878464191106342
1193.2083333333333 26.933794522333336 22.87975600606461
1193.7083333333333 26.93716269816642 22.88103430235614
1194.2083333333333 26.94055195296169 22.882325411595023
1194.7083333333333 26.943878118703907 22.88360355575774
1195.2083333333333 26.94731002406904 22.88488960882756
1195.7083333333333 26.95065861649426 22.886178214712412
1196.2083333333333 26.953987734545798 22.887469095867715
1196.7083333333333 26.95738016349576 22.888749678093546
1197.2083333333333 26.960657254789915 22.890042150019827
1197.7083333333333 26.96401918329503 22.891326901665515
1198.2083333333333 26.967404006546616 22.892616876729697
1198.7083333333333 26.97073874918634 22.893909136155713
1199.2083333333333 26.97403290129919 22.895200156230125
1199.7083333333333 26.977365891627656 22.896496134774146
1200.2083333333333 26.980614032021386 22.89778188383523
1200.7083333333333 26.98392282083085 22.89907613468873
1201.2083333333333 26.987177677699265 22.900361218402594
1201.7083333333333 26.990455675917637 22.901661331679716
1202.2083333333333 26.99368286554314 22.90294751205535
1202.7083333333333 26.996958967586863 22.904243454815347
1399.7083333333333 26.99975966347744 23.46036076941872
1400.2083333333333 26.998642937499145 23.461821286415145
1400.7083333333333 26.997564981493774 23.46326837727785
1401.2083333333333 26.99651472925064 23.46472824851741
1401.7083333333333 26.995537410245575 23.466182701088883
1402.2083333333333 26.99454021821709 23.46762537650587
1402.7083333333333 26.99359419423488 23.469070500150426
1403.2083333333333 26.992697577190583 23.47052432146224
1403.7083333333333 26.991735846371952 23.471978723214907
1404.2083333333333 26.99083188270845 23.47342257091839
1404.7083333333333 26.98993928431891 23.474858637919482
1405.2083333333333 26.989117708071454 23.47631563532564
1405.7083333333333 26.988241458798523 23.47775654526711
1406.2083333333333 26.987435695937528 23.479202273020924
1406.7083333333333 26.986672087450803 23.480657501894456
1407.2083333333333 26.985870958571766 23.482099887782596
1407.7083333333333 26.985146470376495 23.483532799318798
1408.2083333333333 26.984358305401322 23.484977430388252
1408.7083333333333 26.983673897688092 23.486429270559587
1409.2083333333333 26.98293659849664 23.487867364031292
1409.7083333333333 26.982242206726813 23.489313549802034
1410.2083333333333 26.981604701090358 23.49074778985515
1410.7083333333333 26.980963013795936 23.492188100515847
1411.2083333333333 26.98031580344935 23.493630722087296
1411.7083333333333 26.97971878009261 23.495075611483234
1412.2083333333333 26.97911962737905 23.496508910436702
1412.7083333333333 26.97858418497592 23.497947610786262
1413.2083333333333 26.977986579786734 23.49938415597724
1413.7083333333333 26.977456618930464 23.500819384391075
1414.2083333333333 26.97695297422822 23.502252679526695
1414.7083333333333 26.976492500546115 23.503693581594327
1415.2083333333333 26.97598904109805 23.50513178579336
1415.7083333333333 26.975478447859757 23.506557720833975
