FastTrWP/PhaseSpace/IAs/snIa_0.59_30.00_-0.48_-0.07.csv
# %ECSV 0.9
# ---
# datatype:
# - {name: time-rel, datatype: float64}
# - {name: g, datatype: float64}
# - {name: i, datatype: float64}
# schema: astropy-2.0
time-rel g i
[from data line 575]
436.58333333333326 23.614575165904185 22.74656702512551
437.0833333333333 23.612634133717407 22.7446750938967
437.5833333333333 23.610726452263133 22.742794960250148
438.08333333333326 23.608833406797807 22.740914396532688
438.5833333333333 23.60692437321539 22.739047382530714
439.0833333333333 23.605053482712673 22.737172754041325
439.58333333333326 23.603171579588313 22.735310029520747
440.0833333333333 23.601317461614887 22.73345932368936
440.5833333333333 23.599464047512097 22.73161323109324
441.08333333333326 23.597626409509655 22.72976852632786
441.5833333333333 23.595803841260803 22.727931452878845
442.0833333333333 23.593973316301703 22.726097790940507
442.58333333333326 23.592182881855273 22.724271068991186
443.0833333333333 23.590378597997198 22.722444636223706
443.5833333333333 23.58859997610391 22.720630314511524
444.08333333333326 23.586822223046816 22.718826808608647
444.5833333333333 23.58505125662805 22.717023784490664
445.0833333333333 23.5833180154861 22.71522368899438
445.58333333333326 23.58157889574819 22.7134348679801
446.0833333333333 23.579845359492055 22.711644847696686
446.5833333333333 23.578126432917593 22.70986736299468
447.08333333333326 23.57642883806347 22.708092901856713
447.5833333333333 23.57473977437623 22.706321799473915
448.0833333333333 23.573032867268306 22.704559768294843
448.58333333333326 23.57138137816633 22.702800487539857
449.0833333333333 23.569708852206055 22.701044298053322
449.5833333333333 23.568053179828507 22.699298620464276
450.08333333333326 23.56642519407457 22.697562494979415
450.5833333333333 23.564791175247297 22.695820855954985
451.0833333333333 23.56317062217392 22.69409007346974
451.58333333333326 23.561562709429413 22.692367987368414
452.0833333333333 23.55996686242452 22.69065072314322
452.5833333333333 23.55837523466394 22.688931230551145
453.08333333333326 23.556806118389314 22.68722495198006
453.5833333333333 23.555237661008253 22.6855221022593
454.0833333333333 23.5536868275761 22.683823420307792
454.58333333333326 23.552143068359094 22.682137771912252
455.0833333333333 23.550607908858296 22.68044485550203
455.5833333333333 23.549080164921534 22.678758972766694
456.08333333333326 23.547567374672397 22.677083760445193
456.5833333333333 23.546065391140534 22.675414018973996
457.0833333333333 23.544591937043023 22.67374713116773
457.58333333333326 23.543100345643154 22.672080353708633
458.0833333333333 23.54161986186243 22.67043389908372
458.5833333333333 23.54017948551349 22.668780727456085
459.08333333333326 23.53874329789946 22.66713951571735
459.5833333333333 23.537294203125537 22.665500059212214
460.0833333333333 23.535880323303687 22.663868738114896
460.58333333333326 23.53445200669188 22.66223881864914
461.0833333333333 23.533055863260476 22.660614608913928
461.5833333333333 23.53165334476836 22.658994530595592
462.08333333333326 23.530278619756114 22.657379163246503
462.5833333333333 23.52889862296109 22.655773330035736
463.0833333333333 23.527544771591614 22.654171792823558
463.58333333333326 23.526194132818603 22.652582888303556
464.0833333333333 23.52485265090848 22.650980964734188
464.5833333333333 23.52351799361831 22.649404900689305
465.08333333333326 23.522198256389363 22.647812690532003
465.5833333333333 23.52089117576689 22.646240212497702
466.0833333333333 23.519587042178177 22.64467448703076
466.58333333333326 23.518307090887575 22.64309791393298
467.0833333333333 23.517031073333307 22.6415431857011
467.5833333333333 23.515765201580805 22.639985065939804
468.08333333333326 23.514497326835475 22.63843428063256
468.5833333333333 23.51324995959186 22.636887758866134
469.0833333333333 23.512003383996426 22.635346699125975
469.58333333333326 23.510791073180755 22.633801469916655
470.0833333333333 23.509564576766063 22.63228273735002
470.5833333333333 23.508356204016707 22.630746171709117
471.08333333333326 23.507137828874846 22.629224402039753
471.5833333333333 23.50595178734884 22.627707881032762
472.0833333333333 23.504769434115463 22.626192695609237
472.58333333333326 23.50358719428401 22.624679554305033
473.0833333333333 23.502428617616005 22.62318060673938
473.5833333333333 23.501258378783255 22.621674942385667
474.08333333333326 23.50010769211694 22.620180186917345
474.5833333333333 23.498968006128372 22.618689328652984
475.0833333333333 23.497832592339194 22.61719990152788
475.58333333333326 23.496715279067068 22.61571402874992
476.0833333333333 23.495582213730145 22.614236148334918
476.5833333333333 23.4944814444479 22.612760867671163
477.08333333333326 23.493386786216636 22.61129317364084
477.5833333333333 23.492291625832024 22.60982439179669
478.0833333333333 23.49121529271102 22.6083644471289
478.58333333333326 23.490143980075906 22.606905480613943
479.0833333333333 23.48908108693545 22.6054617637328
479.5833333333333 23.48803166051701 22.60401329613152
480.08333333333326 23.486988759945056 22.602565357458182
480.5833333333333 23.485951986334243 22.60113596767756
481.0833333333333 23.484931400152 22.59970097201307
481.58333333333326 23.483914714788853 22.598271635410512
482.0833333333333 23.482912193297537 22.59684032823347
482.5833333333333 23.48191380653576 22.595419925009534
483.08333333333326 23.480924494424684 22.594008474155757
483.5833333333333 23.479922693571076 22.59259347132248
484.0833333333333 23.478974336010175 22.591189409345105
484.58333333333326 23.478019498465304 22.589787384488524
485.0833333333333 23.47704740857532 22.58839266809315
485.5833333333333 23.47610897484785 22.586997323805164
486.08333333333326 23.475183491836894 22.585605841201037
486.5833333333333 23.474257319355843 22.584218499689854
487.0833333333333 23.47334136966704 22.582848519598908
487.58333333333326 23.472433206271415 22.58146770602192
488.0833333333333 23.471537243291976 22.580091298601793
488.5833333333333 23.470645760305064 22.578726868551012
489.0833333333333 23.46977055745603 22.577366299495832
489.5833333333333 23.468902766682803 22.57601409312062
490.0833333333333 23.468047703434934 22.574654136771827
490.5833333333333 23.467199160184617 22.573309666065203
491.0833333333333 23.466352255086058 22.571964214622504
491.5833333333333 23.46552239633065 22.570626142391582
492.0833333333333 23.464715634768044 22.56929707391969
492.5833333333333 23.463884957634807 22.567960727558614
493.0833333333333 23.463092099849916 22.566628600255314
493.5833333333333 23.462284208130313 22.565310594890605
494.0833333333333 23.461508516475313 22.563994678403713
494.5833333333333 23.460731805299492 22.562673811060435
495.0833333333333 23.45996398294687 22.561373007667175
495.5833333333333 23.45920691921835 22.56007060649946
496.0833333333333 23.458468940545742 22.55876483549264
496.5833333333333 23.457737585900627 22.55747428882163
497.0833333333333 23.457016909341792 22.556183019173087
497.5833333333333 23.456298183722282 22.554894632294236
498.0833333333333 23.455573697849623 22.553610996003815
498.5833333333333 23.45488501731584 22.552337652443597
499.0833333333333 23.45419468992212 22.55105570296005
499.5833333333333 23.45351523415172 22.549788104467993
500.0833333333333 23.452851371723614 22.54853115247728
500.5833333333333 23.452203180335975 22.547266829913944
501.0833333333333 23.45155010578147 22.54601248947155
501.5833333333333 23.45091569122662 22.544760295633836
502.0833333333333 23.450281157409073 22.543512467585725
502.5833333333333 23.449663001460728 22.542273565179222
503.0833333333333 23.44906205316778 22.54103302061103
503.5833333333333 23.44845261681531 22.539803337648813
504.0833333333333 23.44787712389502 22.538572904951298
504.5833333333333 23.447295389377324 22.537351001939655
505.0833333333333 23.446717498443522 22.53613135430362
505.5833333333333 23.446172178216116 22.534913504226623
506.0833333333333 23.445613817486205 22.533705417417792
506.5833333333333 23.445085844704458 22.5324842497958
507.0833333333333 23.44455138977089 22.531291611031016
507.5833333333333 23.444026366029217 22.5300897793854
508.0833333333333 23.44353671515681 22.52889587664879
508.5833333333333 23.44302811997001 22.527706248418045
509.0833333333333 23.442547148959978 22.526510826220285
509.5833333333333 23.44206942918273 22.525332877231918
510.0833333333333 23.441604773415992 22.524149922486746
510.5833333333333 23.441145643393174 22.522974024095536
511.0833333333333 23.44071090468954 22.521807381333346
511.5833333333333 23.44027463871768 22.520631790010427
512.0833333333334 23.439849086780484 22.519465085737007
512.5833333333334 23.439424376256618 22.51830642526916
513.0833333333334 23.439019088432595 22.517159809210444
513.5833333333334 23.438626077125512 22.51599575021325
514.0833333333334 23.438238712741647 22.51485302044852
514.5833333333334 23.437870476631545 22.51370568986686
515.0833333333334 23.437494575696945 22.51256300739746
515.5833333333334 23.43713180986333 22.51142564392157
516.0833333333334 23.436787079172177 22.51028751504041
516.5833333333334 23.436449129379696 22.509165046388286
517.0833333333334 23.436106786519986 22.508035566233637
517.5833333333334 23.43579038644638 22.506914255381055
518.0833333333334 23.435466708848374 22.50579366423624
518.5833333333334 23.435162977124 22.504683113591778
519.0833333333334 23.434875676082658 22.50357124603605
519.5833333333334 23.43458884785527 22.502461716560664
520.0833333333334 23.434308357764024 22.50136477022828
520.5833333333334 23.43403799280095 22.500263570494916
521.0833333333334 23.433766551451434 22.499164010029496
521.5833333333334 23.433517102382964 22.498073596672636
522.0833333333334 23.433280005580997 22.496990370107074
522.5833333333334 23.433037302555597 22.495903209250024
523.0833333333334 23.432802986133936 22.494822889155564
523.5833333333334 23.432585814632453 22.493740697791054
524.0833333333334 23.43236821347389 22.49267039485208
524.5833333333334 23.432168124254975 22.491599795120052
525.0833333333334 23.431961890840473 22.49053896326831
525.5833333333334 23.431779049466684 22.489477113009706
526.0833333333334 23.431600151735307 22.488415658559518
526.5833333333334 23.431423035359977 22.48736749380884
527.0833333333334 23.431261988327456 22.48631760065274
527.5833333333334 23.431103254162924 22.48527355703946
528.0833333333334 23.430949624656662 22.484219499760506
528.5833333333334 23.430811976677745 22.483185574461338
529.0833333333334 23.430672147177862 22.48214340742674
529.5833333333334 23.43054536510219 22.481115715456813
530.0833333333334 23.43041920453328 22.480086030627593
530.5833333333334 23.430308142535296 22.479066479678767
531.0833333333334 23.430199792575046 22.478042320111875
531.5833333333334 23.43010758286736 22.477026984973755
532.0833333333334 23.430013436459657 22.476011770787597
532.5833333333334 23.42992011378529 22.475004425705865
533.0833333333334 23.429843115631193 22.47399985317537
533.5833333333334 23.429768508541965 22.473005939840753
534.0833333333334 23.4297007113039 22.47200183053124
534.5833333333334 23.42964934487594 22.47100331963182
535.0833333333334 23.429588576084967 22.470021552956318
535.5833333333334 23.429546208665755 22.46902396683494
536.0833333333334 23.429506500303145 22.46804297923709
536.5833333333334 23.42947052460055 22.467059256803964
537.0833333333334 23.429440026871262 22.466086014994776
537.5833333333334 23.429428586345644 22.465119789714688
538.0833333333334 23.429412846805143 22.464152589927462
538.5833333333334 23.429400679696457 22.46317401856831
539.0833333333334 23.429402716868882 22.46222985891395
539.5833333333334 23.429411020842515 22.461261839617578
540.0833333333334 23.429414975938123 22.460311571767875
540.5833333333334 23.429437378660843 22.45936201403452
541.0833333333334 23.42945028282503 22.458406451439107
541.5833333333334 23.429476510963198 22.45746844269953
542.0833333333334 23.429510551480547 22.456528472478695
542.5833333333334 23.429544439738482 22.455595232589374
543.0833333333334 23.429590013589685 22.45466155635111
543.5833333333334 23.42964155921461 22.453736913025057
544.0833333333334 23.42970624718921 22.45280918279986
544.5833333333334 23.429761935112438 22.45188692114467
545.0833333333334 23.429837694587885 22.450971711038342
545.5833333333334 23.429925770170094 22.450050544999268
546.0833333333334 23.43002261452295 22.449143468034887
546.5833333333334 23.430119677885234 22.44823468977934
547.0833333333334 23.43024954836119 22.447331083204798
547.5833333333334 23.43036293027852 22.44642551520991
548.0833333333334 23.430506314460402 22.445533634154366
548.5833333333334 23.430659411417846 22.44464230890131
549.0833333333334 23.430808720424466 22.44374932888126
549.5833333333334 23.430975408100885 22.442862943577605
550.0833333333334 23.431153538844185 22.441980653338774
550.5833333333334 23.43133932318115 22.441091035404423
551.0833333333334 23.43152707424336 22.44021495477362
551.5833333333334 23.431732655012638 22.439344897307233
552.0833333333334 23.431937028232287 22.43847357533746
552.5833333333334 23.43214961614548 22.437609741368405
553.0833333333334 23.432383349193877 22.436743905502606
553.5833333333334 23.4326095600024 22.43588278207917
554.0833333333334 23.432855674952428 22.435029034294907
554.5833333333334 23.433096420068647 22.434175819784237
555.0833333333334 23.433357291017813 22.433327797058023
555.5833333333334 23.43363113204947 22.432475025377656
556.0833333333334 23.433902924437284 22.431636677235375
556.5833333333334 23.434191633901058 22.430788484879475
557.0833333333334 23.434468449517457 22.429957585860922
557.5833333333334 23.434769413038232 22.42912213601255
558.0833333333334 23.435074533047153 22.428288842762065
558.5833333333334 23.43537697024288 22.427464733319184
559.0833333333334 23.435680234091407 22.42663813613113
559.5833333333334 23.43600426901824 22.425825014553556
560.0833333333334 23.436345114297318 22.42500295761221
560.5833333333334 23.436667969955828 22.424181056010756
561.0833333333334 23.437009954819654 22.423380683088567
561.5833333333334 23.437361221269207 22.422570547790404
562.0833333333334 23.437710897669305 22.42176564005682
562.5833333333334 23.43805649754818 22.420966241708406
563.0833333333334 23.438416390979427 22.42016075775556
563.5833333333334 23.43878268066746 22.419371297890862
564.0833333333334 23.439173968327296 22.41857767029628
564.5833333333334 23.439535237324407 22.417792657484917
565.0833333333334 23.439923528858703 22.417010256206687
565.5833333333334 23.440302172050764 22.41622610890758
566.0833333333334 23.440692331842484 22.41544038801132
566.5833333333334 23.44109462061274 22.414671502134777
567.0833333333334 23.441493710920508 22.413897347699056
567.5833333333334 23.441891217800862 22.413130295639743
568.0833333333334 23.442299684943137 22.41236760208786
568.5833333333334 23.44271809053078 22.41159718894675
569.0833333333334 23.443125625750838 22.410838125651402
569.5833333333334 23.44354425583372 22.410079033131307
570.0833333333334 23.44396241343553 22.409323068927804
570.5833333333334 23.444375623810394 22.40857677586788
571.0833333333334 23.44481537309832 22.407824764365223
571.5833333333334 23.4452452115112 22.407072040470844
572.0833333333334 23.445674912733907 22.406339589222156
572.5833333333334 23.446110895564697 22.405595052996254
573.0833333333334 23.446539191065582 22.404867458340846
573.5833333333334 23.446980974674755 22.40413048558276
574.0833333333334 23.44742203992132 22.403405671417303
574.5833333333334 23.447867392708357 22.40267994262368
575.0833333333334 23.448313160262444 22.401947269937143
575.5833333333334 23.448752349055738 22.40123618025436
576.0833333333334 23.449208889687412 22.400522060891376
576.5833333333334 23.449661483478046 22.39980297637651
577.0833333333334 23.45010437167557 22.399097288250896
577.5833333333334 23.45054222696278 22.3983840004569
578.0833333333334 23.451002156608432 22.39768562880893
578.5833333333334 23.451458183439044 22.39696994096423
579.0833333333334 23.451908633683637 22.396279461678187
579.5833333333334 23.45236918414667 22.395588497031426
580.0833333333334 23.452820556686827 22.39489123625831
