FastTrWP/PhaseSpace/IAs/snIa_0.62_30.00_-0.57_-0.13.csv
# %ECSV 0.9
# ---
# datatype:
# - {name: time-rel, datatype: float64}
# - {name: g, datatype: float64}
# - {name: i, datatype: float64}
# schema: astropy-2.0
time-rel g i
-398.5 26.98960695847856 25.229661429747736
-398.0 26.97035722933135 25.22073847145334
-397.5 26.95138668691639 25.211853143548257
-397.0 26.93263045033976 25.203043939077165
-396.5 26.914127230786452 25.194212156660747
-396.0 26.895811905821233 25.18546025410567
-395.5 26.87772241414556 25.17675737738084
-395.0 26.859786416243576 25.168041118586288
-394.5 26.84209919552488 25.1594116229119
-394.0 26.824625039447657 25.150797783561472
-393.5 26.807264995224642 25.142222773231552
-393.0 26.790183070479493 25.133669201545914
-392.5 26.77326982041936 25.1251750701963
-392.0 26.75650390503618 25.11672350155849
-391.5 26.739957746503585 25.108313594572458
-391.0 26.723563391906243 25.099904011049688
-390.5 26.70729790094792 25.091558927372247
-390.0 26.691289808941974 25.08326450609191
-389.5 26.675439384007404 25.074975555650244
-389.0 26.65965203709867 25.066713189516765
-388.5 26.644110048604613 25.058555560434684
-388.0 26.62871690761026 25.05039354408754
-387.5 26.613437564092028 25.042270427392804
-387.0 26.598345372475393 25.03418754036084
-386.5 26.583402897266524 25.026127406110575
-386.0 26.568563910162254 25.018089459033202
-385.5 26.553949005572775 25.010142527275654
-385.0 26.539466436712026 25.00220110690789
-384.5 26.52505694068653 24.99427889176363
-384.0 26.510832272843302 24.986407372051282
-383.5 26.49672628939145 24.97857418977165
-383.0 26.48274474775687 24.97078513824765
-382.5 26.46891369872005 24.96301304987599
-382.0 26.455186861503925 24.95529549228629
-381.5 26.44157509886298 24.947605012663306
-381.0 26.42813054820025 24.939949175830314
-380.5 26.414792964992504 24.932348424376457
-380.0 26.4015742932635 24.924774507665354
-379.5 26.388465270109812 24.917221305790335
-379.0 26.37549199871586 24.90969121607691
-378.5 26.36264519813234 24.902220861231747
-378.0 26.349857444166638 24.894764312673722
-377.5 26.337221679782658 24.887376775276042
-377.0 26.324687687586387 24.880013052862196
-376.5 26.3122061634922 24.872657067554517
-376.0 26.299911750269178 24.865359707534353
-375.5 26.28773348066385 24.858104921479164
-375.0 26.275617443271226 24.850867106262406
-374.5 26.26360416309054 24.84365295268737
-374.0 26.251679935838613 24.836488923038576
-373.5 26.23985251312356 24.829347326099512
-373.0 26.228083233581593 24.82222872784974
-372.5 26.216413009915094 24.8151360656069
-372.0 26.204896525074005 24.808054072240076
-371.5 26.193295683180796 24.80097833198188
-371.0 26.181886349538438 24.79397394080328
-370.5 26.170555495116478 24.78695253494376
-370.0 26.15924171805919 24.7799732330328
-369.5 26.147999293803828 24.773020041647904
-369.0 26.13689580421335 24.76608735217889
-368.5 26.12579571942334 24.759188132589696
-368.0 26.11480108076499 24.752283492013238
-367.5 26.1038896598695 24.745427279488506
-367.0 26.09303325957 24.73859945773527
-366.5 26.08222815050332 24.731765989197445
-366.0 26.071508202590465 24.724996870455644
-365.5 26.060838949877482 24.718215681921542
-365.0 26.050277795195854 24.711492584766518
-364.5 26.03976400720787 24.704771924994038
-364.0 26.029307605936758 24.698051251910307
-363.5 26.018916145084585 24.691397261132582
-363.0 26.008550956103775 24.684739057346302
-362.5 25.998323087657806 24.678110738308483
-362.0 25.988112601749247 24.671487044092583
-361.5 25.977936716847214 24.66493696547749
-361.0 25.967871487799172 24.65836951090381
-360.5 25.95787019428171 24.651833464906268
-360.0 25.947894954610558 24.645331398136676
-359.5 25.937984673802262 24.638844596684145
-359.0 25.928136181131794 24.632367437929332
-358.5 25.918357005027115 24.625928252281938
-358.0 25.908592219456608 24.61950006483356
-357.5 25.898934639493916 24.613104113690905
-357.0 25.889300594602915 24.60674982455061
-356.5 25.8797532065972 24.600374220504627
-356.0 25.87021930863753 24.59405525312644
-355.5 25.860770575523027 24.587744912488706
-355.0 25.85137228538668 24.581457726395573
-354.5 25.841996357606362 24.575196735435902
-354.0 25.832719295464322 24.568953050861673
-353.5 25.823440373476693 24.562735291721825
-353.0 25.8142691142162 24.55653389322147
-352.5 25.805108026096892 24.55038002605985
-352.0 25.796016619934406 24.54419609478144
-351.5 25.786978272425827 24.538076511987057
-351.0 25.77798693400772 24.531978201024543
-350.5 25.769035916728825 24.52588006703873
-350.0 25.760135647941475 24.51981864726202
-349.5 25.75125788700609 24.513792128409115
-349.0 25.74245255017707 24.507762532676946
-348.5 25.73369592142673 24.501753584150503
-348.0 25.724996155396944 24.49576769693161
-347.5 25.716320241313863 24.489818000416108
-347.0 25.707687556396955 24.483887814147884
-346.5 25.69909766826281 24.477955902693665
-346.0 25.690592820458605 24.472062235083214
-345.5 25.68209091933113 24.46620148904045
-345.0 25.67366017953271 24.46033407844724
-344.5 25.665238490542826 24.454510265089255
-344.0 25.656867665736208 24.44869932013649
-343.5 25.64856968245187 24.442916743981343
-343.0 25.640290780398427 24.43713087540219
-342.5 25.63205153829682 24.431377252002765
-342.0 25.623882245997113 24.425675754292044
-341.5 25.615729823638024 24.41994598911464
-341.0 25.60761415011215 24.4142601066671
-340.5 25.59957611509764 24.408590817944162
-340.0 25.591510412120485 24.40295553781748
-339.5 25.583516522894453 24.397333717920375
-339.0 25.575556537429264 24.391718848747214
-338.5 25.567679311042983 24.386143608979637
-338.0 25.559793622283152 24.38057627581015
-337.5 25.551950826045413 24.375029575229576
-337.0 25.54415572445276 24.369515505967414
-336.5 25.536417598853856 24.363997955691296
-336.0 25.52867310040496 24.358511597487798
-335.5 25.520992229709986 24.353049573448754
-335.0 25.513344569923255 24.347615650387283
-334.5 25.5057433364618 24.342169320780073
-334.0 25.49817036041032 24.33676492124266
-333.5 25.49062443560464 24.33135049544038
-333.0 25.483112822473274 24.325970336929284
-332.5 25.4756383304236 24.32059891740804
-332.0 25.46817301964985 24.31524976038428
-331.5 25.460725649232327 24.30991192535746
-331.0 25.453359691211034 24.304596578459844
-330.5 25.446026712645207 24.29928098041747
-330.0 25.438702103604072 24.293994209449945
-329.5 25.43141062656447 24.288721395761932
-329.0 25.42415413232984 24.28346680915178
-328.5 25.41693119630116 24.278224430883057
-328.0 25.409727092496315 24.272994301160736
-327.5 25.402560272497027 24.267790750498918
-327.0 25.39540607190636 24.262580440413043
-326.5 25.388312985082607 24.25740223062708
-326.0 25.381221062823947 24.25225215846623
-325.5 25.374181524510426 24.247100766672002
-325.0 25.367161680654597 24.241957353992404
-324.5 25.36020010708562 24.236822698073613
-324.0 25.353203818695587 24.231732641376414
-323.5 25.34625876115769 24.226642196661135
-323.0 25.339347019516016 24.22156561229106
-322.5 25.332466886561708 24.216496584381325
-322.0 25.325605137461356 24.211462047655964
-321.5 25.31878935813515 24.206407118787357
-321.0 25.311986909923835 24.20139106621493
-320.5 25.30521853324609 24.196397528219666
-320.0 25.29848454501234 24.191399747236034
-319.5 25.29171902880819 24.186440591226326
-319.0 25.28503973627554 24.181466692667346
-318.5 25.278354535292852 24.176526601504335
-318.0 25.27169012577154 24.17157613446026
-317.5 25.2650740218826 24.166664866681856
-317.0 25.258478327983447 24.16176736961219
-316.5 25.25189026825197 24.15686682204841
-316.0 25.245345436393748 24.151997564275103
-315.5 25.238802818037385 24.147135430439064
-315.0 25.23230584484491 24.142271541636752
-314.5 25.22581973421781 24.137450460931753
-314.0 25.219365856076458 24.132622436366596
-313.5 25.212933880695644 24.127810365861002
-313.0 25.206511664153673 24.123024055614927
-312.5 25.2001319924748 24.11823395046991
-312.0 25.193747926588212 24.11346600090998
-311.5 25.187406997220254 24.108715440418493
-311.0 25.181092252306527 24.10396185587632
-310.5 25.17478162181101 24.099243415811333
-310.0 25.16852863812643 24.094528935899604
-309.5 25.162250687058805 24.08982455913808
-309.0 25.156004629204833 24.085134644552383
-308.5 25.149793707250364 24.08046711264792
-308.0 25.14357772645264 24.0757968045195
-307.5 25.137430709690378 24.071158271357255
-307.0 25.13129817518623 24.06650112493871
-306.5 25.125145896861977 24.061872918977308
-306.0 25.119015370755292 24.057258050619925
-305.5 25.112905363513182 24.052679500077407
-305.0 25.106863221512405 24.04808632491565
-304.5 25.100806270759918 24.04351546121662
-304.0 25.094770307265314 24.03894250568758
-303.5 25.08875677171247 24.034398674878503
-303.0 25.082768556684627 24.029862991063972
-302.5 25.076778114810757 24.0253232099351
-302.0 25.070830477647053 24.020821026621817
-301.5 25.064889462575902 24.01633051280763
-301.0 25.058985718603477 24.01183639513704
-300.5 25.053071371529384 24.007354928232157
-300.0 25.047189865133102 24.00290253220552
-299.5 25.041353167539746 23.9984411125954
-299.0 25.03547648287839 23.994000152202233
-298.5 25.029648854686556 23.98959097856876
-298.0 25.023823148508953 23.98516210726468
-297.5 25.018054474349263 23.98076241508438
-297.0 25.01227491099605 23.97637873613136
-296.5 25.00650093578434 23.97198526392623
-296.0 25.0007892329233 23.96762442086983
-295.5 24.995065080031665 23.963271619255487
-295.0 24.989364961593665 23.958930881750312
-294.5 24.983674719350645 23.95460067953616
-294.0 24.978007929837744 23.95026445357745
-293.5 24.97236815551151 23.9459589169227
-293.0 24.966757852018265 23.94167006123567
-292.5 24.961112067850237 23.937376174275784
-292.0 24.9555162490458 23.933090499368337
-291.5 24.94995381494183 23.928826764133262
-291.0 24.944376706086825 23.924570809913696
-290.5 24.938848917175488 23.920321997160038
-290.0 24.93330946597218 23.91610625586918
-289.5 24.927789226022927 23.91186879873292
-289.0 24.922278154049614 23.907652270988
-288.5 24.91682473391492 23.903448494643445
-288.0 24.91135780130138 23.89926347127419
-287.5 24.905914346053045 23.8950835093147
-287.0 24.900463376988924 23.890910714357197
-286.5 24.895065901273405 23.886751367195906
-286.0 24.88965295686343 23.882592219404298
-285.5 24.884272683306573 23.878458432174348
-285.0 24.878890349121367 23.874314872750947
-284.5 24.873558387777052 23.870201517221226
-284.0 24.86820182307113 23.866083224876764
-283.5 24.862879107818905 23.861980735096317
-283.0 24.8575736979401 23.857894215494504
-282.5 24.852275488105473 23.853800313143413
-282.0 24.846986866369754 23.849719360432175
-281.5 24.841742183384824 23.845660484644643
-281.0 24.83648042784218 23.841618012556243
-280.5 24.83125639975929 23.83755639883454
-280.0 24.826017855022776 23.833523946719847
-279.5 24.820817393892494 23.829496995748435
-279.0 24.815625249426443 23.82547940414939
-278.5 24.81045026769145 23.82147112177774
-278.0 24.805282823179336 23.817472086251
-277.5 24.800139593490393 23.813474856462605
-277.0 24.79498258488041 23.809491609132056
-276.5 24.789860453358163 23.80550115180284
-276.0 24.78474778150025 23.8015550296358
-275.5 24.779648983149862 23.79758569028008
-275.0 24.774571914048863 23.793644804574683
-274.5 24.769486478175494 23.78971045070835
-274.0 24.764445900704267 23.785780094051475
-273.5 24.75940679103911 23.781843246677617
-273.0 24.7543642075398 23.77793284366519
-272.5 24.74934840026945 23.77402225578966
-272.0 24.744328775856598 23.770121464057006
-271.5 24.73934826625435 23.766224234955196
-271.0 24.734364493713983 23.762351313598305
-270.5 24.729394352477357 23.75847455121866
-270.0 24.72442718250399 23.754606849796378
-269.5 24.719491152123755 23.750733898240817
-269.0 24.714559282983313 23.746899647290928
-268.5 24.7096389499403 23.74305493219644
-268.0 24.704738478584876 23.739211183441448
-267.5 24.699829038460877 23.735393035181126
-267.0 24.694949708624122 23.731566212224195
-266.5 24.690079690611682 23.727753097386582
-266.0 24.685215377480144 23.723953540385377
-265.5 24.680374483138237 23.720141613531585
-265.0 24.67551653135628 23.716353843391232
-264.5 24.67069426676787 23.71258295476594
-264.0 24.66589423792788 23.708791919309967
-263.5 24.661097689695538 23.705028553422128
-263.0 24.656290850463147 23.701268528788006
-262.5 24.651528876201937 23.69750631730568
-262.0 24.646753282857215 23.69375210089253
-261.5 24.64199900311496 23.69001631534481
-261.0 24.63725516227914 23.686278548324815
-260.5 24.632511887278227 23.682554964438182
-260.0 24.627781085757565 23.67882644674744
-259.5 24.62306989797053 23.675128288341828
-259.0 24.618366063860215 23.671410971638768
-258.5 24.613682063745767 23.667717319705915
-258.0 24.608985138325327 23.664020284989032
-257.5 24.60432497535603 23.66034098861448
-257.0 24.599670370380867 23.6566570377883
-256.5 24.59502402784986 23.652998292480497
-256.0 24.59037772118073 23.64933441785272
-255.5 24.585749069546097 23.645677748112348
-255.0 24.58114427098861 23.642024770059432
-254.5 24.57653436207801 23.638395598697308
-254.0 24.571958288387794 23.634746952317936
-253.5 24.567367433476235 23.631122332775703
-253.0 24.5628055920702 23.62751196070709
-252.5 24.558255108114242 23.623896420082975
-252.0 24.553684564811583 23.620289878065496
-251.5 24.54915271338772 23.616688567813547
-251.0 24.544644835041037 23.61311240644751
-250.5 24.540102400482144 23.609526545210656
-250.0 24.5356084603894 23.60596238941592
-249.5 24.531128362974624 23.602390867452684
-249.0 24.526630185577318 23.59883094328477
-248.5 24.52216456063608 23.595275826892635
-248.0 24.517701866048288 23.59172194882436
-247.5 24.513247483865307 23.58818745556537
-247.0 24.50880605974501 23.58464498427945
-246.5 24.504380876507334 23.581117188827637
-246.0 24.499953975211092 23.57759736126097
-245.5 24.4955316174072 23.574080752137952
-245.0 24.491112438888297 23.57057818021775
-244.5 24.486734800535697 23.56706227632946
-244.0 24.482360357636985 23.563572871612433
-243.5 24.47799620520632 23.56009512354347
-243.0 24.473610779607725 23.556600161819947
-242.5 24.469254336646486 23.553126753806602
-242.0 24.464908742067944 23.549654240821564
-241.5 24.460584659940906 23.54618073499421
-241.0 24.456228120133684 23.542731239595206
-240.5 24.451921066683422 23.539278289987962
-240.0 24.447615801728865 23.535826590963495
-239.5 24.443303613268704 23.532401645625104
-239.0 24.439016120550875 23.52896687152054
-238.5 24.434730710901746 23.525531415220982
-238.0 24.430448308700118 23.522110758874227
-237.5 24.426177783140346 23.518693365402665
-237.0 24.42193233829468 23.51528453977959
-236.5 24.417669020315742 23.511875532081685
-236.0 24.41343228948547 23.50845652934687
-235.5 24.409193775829536 23.50506746988353
-235.0 24.404977132191927 23.501686256700932
-234.5 24.40076109745402 23.498295977679664
-234.0 24.39655180233762 23.494916584293094
-233.5 24.392342427020814 23.49154405757078
-233.0 24.388154768096605 23.488173313684545
-232.5 24.383960251236594 23.484814860973803
-232.0 24.379799808227215 23.48145998444691
-231.5 24.375617329178496 23.4780967490936
-231.0 24.371474344078692 23.47475493074508
-230.5 24.36729756869709 23.471421034505457
-230.0 24.363166391462983 23.46807924186605
-229.5 24.35902201197575 23.4647552204153
-229.0 24.354907930608874 23.461426346662723
-228.5 24.350777034992547 23.458099716454093
-228.0 24.34666957089511 23.454773424973165
-227.5 24.342552329140243 23.451473555676717
-227.0 24.33844531500762 23.44816277093812
-226.5 24.33434022707544 23.44485378164283
-226.0 24.33028496712292 23.441560429584342
-225.5 24.326190538065745 23.438259195711616
-225.0 24.322122081857014 23.434976694448068
-224.5 24.318063848981566 23.431687542075217
-224.0 24.313997986982887 23.428413014553318
-223.5 24.30994080392379 23.42514193322197
-223.0 24.30590967905519 23.421880108135102
-222.5 24.30187686995266 23.4186158695098
-222.0 24.29782557452972 23.415353391817767
-221.5 24.29382167648643 23.412084266035333
-221.0 24.289793705698276 23.408836010877195
-220.5 24.28579552223125 23.405584768930137
-220.0 24.281806978354844 23.402349585294683
-219.5 24.277809494968018 23.399103614903908
-219.0 24.273807358155523 23.395876699880645
-218.5 24.269820356751325 23.39264983502555
-218.0 24.26583941777455 23.389417157115716
