FastTrWP/PhaseSpace/IAs/snIa_0.6_25_0.0_-0.1.csv
# %ECSV 0.9
# ---
# datatype:
# - {name: time-rel, datatype: float64}
# - {name: g, datatype: float64}
# - {name: i, datatype: float64}
# schema: astropy-2.0
time-rel g i
[from data line 2774]
1368.4583333333333 -23.909713695745772 -26.41147161657404
1368.9583333333333 -23.90702149449818 -26.410256025992545
1369.4583333333333 -23.904356912978674 -26.40904350873496
1369.9583333333333 -23.90161463745583 -26.40782437011169
1370.4583333333333 -23.898923177767713 -26.40660809223578
1370.9583333333333 -23.896206408180333 -26.405393674630446
1371.4583333333333 -23.893491062713537 -26.404185726191052
1371.9583333333333 -23.890763048306653 -26.40296380046919
1372.4583333333333 -23.888049103378606 -26.40174672898869
1372.9583333333333 -23.885318065213184 -26.400523364308754
1373.4583333333333 -23.882590517696993 -26.399316879616883
1373.9583333333333 -23.879848303262836 -26.398107645642213
1374.4583333333333 -23.877117698753615 -26.396883374988185
1374.9583333333333 -23.874337921017535 -26.39567981514897
1375.4583333333333 -23.871617138412688 -26.394461875126535
1375.9583333333333 -23.868897723304098 -26.393267618009205
1376.4583333333333 -23.86612621531816 -26.392040087526382
1376.9583333333333 -23.863407192749214 -26.390824324424255
1377.4583333333333 -23.86063611974286 -26.38961674416443
1377.9583333333333 -23.857885644026368 -26.38841125606753
1378.4583333333333 -23.85515865150367 -26.38719297208731
1378.9583333333333 -23.852395867333254 -26.385973183278114
1379.4583333333333 -23.849663723321125 -26.384768037776748
1379.9583333333333 -23.846933906912795 -26.383551876923086
1380.4583333333333 -23.844170927383345 -26.382343961355375
1380.9583333333333 -23.841477752403893 -26.38114118963131
1381.4583333333333 -23.838728051965678 -26.379928939553338
1381.9583333333333 -23.83605098359631 -26.378722613940177
1382.4583333333333 -23.83328123754893 -26.377497117138276
1382.9583333333333 -23.830621393257786 -26.37629827676299
1383.4583333333333 -23.827923767660522 -26.375078027042242
1383.9583333333333 -23.825212254071694 -26.373851341898643
1384.4583333333333 -23.822513919310452 -26.372657465658754
1384.9583333333333 -23.81980619655181 -26.37143905088768
1385.4583333333333 -23.817194831337403 -26.370244075233312
1385.9583333333333 -23.814524414351332 -26.369025221778855
1386.4583333333333 -23.811898148014325 -26.36780903831435
1386.9583333333333 -23.80922900097376 -26.366595294809784
1387.4583333333333 -23.806670447339364 -26.365399443723003
1387.9583333333333 -23.80399819877503 -26.364181820602273
1388.4583333333333 -23.80137689102095 -26.36297460508053
1388.9583333333333 -23.798773197189075 -26.361760780959305
1389.4583333333333 -23.796154133615932 -26.36056048791027
1389.9583333333333 -23.793532794155617 -26.359348665542264
1390.4583333333333 -23.79091817475397 -26.358135510663793
1390.9583333333333 -23.788215031741053 -26.35692144364095
1391.4583333333333 -23.785601993282093 -26.355722402770052
1391.9583333333333 -23.782939811910687 -26.354520643633677
1392.4583333333333 -23.780270464570435 -26.353322646686287
1392.9583333333333 -23.77764072475072 -26.352104373220296
1393.4583333333333 -23.774929128058986 -26.350884227522485
1393.9583333333333 -23.77225364299794 -26.349701139987513
1394.4583333333333 -23.76957177971484 -26.34848695558196
1394.9583333333333 -23.76688978827896 -26.347280867484386
1395.4583333333333 -23.76418020903995 -26.346072749952643
1395.9583333333333 -23.76149426485046 -26.34487719093081
1396.4583333333333 -23.758764720014852 -26.34366695149728
1396.9583333333333 -23.756087782427116 -26.342468957009014
1397.4583333333333 -23.75338294094773 -26.34126953034238
1397.9583333333333 -23.750713049860646 -26.34005551487754
1398.4583333333333 -23.747970683145645 -26.33885864416069
1398.9583333333333 -23.745239727152363 -26.337652071659793
1399.4583333333333 -23.74255540905385 -26.33645940463332
1399.9583333333333 -23.739810676665446 -26.335261277660837
1400.4583333333333 -23.73711752585008 -26.334054945363125
1400.9583333333333 -23.734405423368155 -26.332865198722327
1401.4583333333333 -23.73165852200589 -26.331658431957884
1401.9583333333333 -23.728941777473743 -26.33045782422952
1402.4583333333333 -23.726271131030096 -26.329248283537396
1402.9583333333333 -23.723501755264206 -26.32805903330344
1403.4583333333333 -23.72082245575895 -26.32685195414802
1403.9583333333333 -23.718087331021025 -26.325659838374097
1404.4583333333333 -23.71539158318037 -26.324446965234053
1404.9583333333333 -23.712655576117747 -26.323259155392947
1405.4583333333333 -23.709949389928994 -26.322062202516708
1405.9583333333333 -23.707263864119916 -26.320857158634702
1406.4583333333333 -23.704549748511777 -26.319667942552044
1406.9583333333333 -23.701888721794727 -26.318462318759774
1407.4583333333333 -23.69914876992459 -26.317283645676316
1407.9583333333333 -23.696462916151667 -26.316080103353418
1408.4583333333333 -23.69373015550991 -26.314881416558457
1408.9583333333333 -23.691075450467878 -26.31369465355123
1409.4583333333333 -23.688400458344397 -26.312490027168423
1409.9583333333333 -23.685693037015447 -26.31129820586525
1410.4583333333333 -23.683036105283843 -26.310102867117273
1410.9583333333333 -23.680358911000287 -26.308908269784823
1411.4583333333333 -23.67772436913368 -26.307716069241657
1411.9583333333333 -23.6750545214379 -26.306532705424523
1412.4583333333333 -23.672379837566826 -26.305326597241695
1412.9583333333333 -23.669747725461434 -26.30414215764106
1413.4583333333333 -23.667128369058346 -26.302934352323458
1413.9583333333333 -23.664472516833396 -26.30173798697936
1414.4583333333333 -23.661856507463487 -26.3005445853681
1414.9583333333333 -23.659272874007314 -26.299364794560134
1415.4583333333333 -23.656651701987034 -26.29815194133127
1415.9583333333333 -23.654052521417075 -26.296984660917104
1416.4583333333333 -23.65146935358994 -26.29576859239311
1416.9583333333333 -23.648927281445424 -26.294587606423235
1417.4583333333333 -23.64637450527531 -26.293394734709274
1417.9583333333333 -23.643759043156148 -26.292207411508425
1418.4583333333333 -23.641276751683517 -26.290996935533634
1418.9583333333333 -23.638735734376365 -26.289824075814458
1419.4583333333333 -23.63624702688839 -26.28863429364165
1419.9583333333333 -23.633705080506825 -26.28744319361434
1420.4583333333333 -23.63124241106924 -26.286252053073763
1420.9583333333333 -23.628746034067905 -26.285064514759885
