FastTrWP/PhaseSpace/IAs/snIa_0.37_30.00_-1.02_0.01.csv
# %ECSV 0.9
# ---
# datatype:
# - {name: time-rel, datatype: float64}
# - {name: g, datatype: float64}
# - {name: i, datatype: float64}
# schema: astropy-2.0
time-rel g i
[from data line 2141]
673.5 25.287193113906778 23.276014460154762
674.0 25.289041883819976 23.276734054307692
674.5 25.290926680839966 23.27746186900783
675.0 25.29278437845627 23.278188847045932
675.5 25.294645360289877 23.27892984539271
676.0 25.296514336584544 23.279658003261968
676.5 25.298402808662996 23.28038835085959
677.0 25.30026241864347 23.281114641816927
677.5 25.30214252334857 23.28183582973113
678.0 25.304018733281445 23.28257309226629
678.5 25.305910643660173 23.28330852931897
679.0 25.307763959229344 23.28404782321076
679.5 25.309653138161817 23.28477272268455
680.0 25.31153042061854 23.285515574463098
680.5 25.31337949705395 23.286246872878937
681.0 25.315255751620164 23.286990142630806
681.5 25.317142754880884 23.287722273994376
682.0 25.31902470823455 23.28845315347852
682.5 25.3209154432742 23.289202492222003
683.0 25.322748172032714 23.289935780751527
683.5 25.3246328095382 23.29066792482513
684.0 25.3265252996545 23.29140675190579
684.5 25.328407748574083 23.292150582617314
685.0 25.330290486240685 23.292895100906755
685.5 25.33214927303137 23.2936392060317
686.0 25.33404977805285 23.294377025993533
686.5 25.335923916949852 23.29513194133904
687.0 25.33779008181127 23.2958558679349
687.5 25.339661355616897 23.296607994853453
688.0 25.341555086432727 23.297350325037517
688.5 25.343436930605083 23.29809676034094
689.0 25.345325615221878 23.29884923744618
689.5 25.347189615891473 23.299590200781207
690.0 25.34907517612153 23.300339026030112
690.5 25.35097318846391 23.301078566746284
691.0 25.35285257483683 23.301831732693422
691.5 25.354716189569608 23.30258522048076
692.0 25.35658615439865 23.303337452697654
692.5 25.358474845105533 23.304076767017953
693.0 25.360348711451543 23.304822995943894
693.5 25.362225107364097 23.305578291824673
694.0 25.364114817703932 23.306314282614935
694.5 25.365984339448318 23.307079064860755
695.0 25.36785818358961 23.307834997736737
695.5 25.36975413415583 23.308590835787236
696.0 25.371607543579824 23.30933117133487
696.5 25.37353813736811 23.310085185914527
697.0 25.375410632270455 23.31084362261857
697.5 25.37726957217934 23.311594298616964
698.0 25.37917286281101 23.31235801036329
698.5 25.38104966372089 23.31311626444109
699.0 25.382949648805116 23.3138748242723
699.5 25.384817684256934 23.314619396853175
700.0 25.38671519941305 23.315376517132265
700.5 25.388581236355606 23.31614657340257
701.0 25.390482511863244 23.3169016513617
701.5 25.39236077732921 23.317661856325994
702.0 25.394241635268344 23.318430356022684
702.5 25.3961373866493 23.319188937958163
703.0 25.39800620577053 23.319949017567506
703.5 25.399901942395616 23.320709069833228
704.0 25.401781943720003 23.321488962604903
704.5 25.403658982563403 23.322253343393825
705.0 25.405574937747698 23.323017284771037
705.5 25.40744374737639 23.32377056919864
706.0 25.409333015445704 23.32453907950462
706.5 25.411235083679 23.325302464535916
707.0 25.413115106571254 23.326082055582397
707.5 25.41502153405991 23.326858107792674
708.0 25.416887140548603 23.32761250446843
708.5 25.418772495725722 23.328383892155628
709.0 25.4206293164099 23.32915299022776
709.5 25.422550033611184 23.32992947596129
710.0 25.4244231960896 23.330694300739037
710.5 25.42632000755727 23.331474697796857
711.0 25.42819957673389 23.33224107340157
711.5 25.430103958596572 23.333022884760535
712.0 25.431972391009054 23.333786654328907
712.5 25.43387266355612 23.334564925243143
713.0 25.435778627927228 23.335338879466892
713.5 25.4376415243626 23.33611772569975
714.0 25.439529119299795 23.336887176541296
714.5 25.44139794515413 23.33767445850316
715.0 25.4433084965262 23.33845412562674
715.5 25.4452030009315 23.339228836736382
716.0 25.44706486279638 23.339998333339935
716.5 25.4489842191763 23.34078130789837
717.0 25.450845641269837 23.34156059035641
717.5 25.452700967625994 23.342339504352168
718.0 25.454618289423134 23.34311914042859
718.5 25.456490406829616 23.34389864923366
719.0 25.45837795832622 23.34467943017532
719.5 25.460259008732663 23.345465306475628
720.0 25.462152908804345 23.346258133264186
720.5 25.46403440418001 23.347024112169837
721.0 25.465881486288346 23.347807257341703
721.5 25.467764086370963 23.348593222121213
722.0 25.469655316551222 23.34937335156537
722.5 25.47152630627261 23.35016097164191
723.0 25.47341260470106 23.350951422822067
723.5 25.475295824289248 23.35174088165173
724.0 25.477160330390568 23.352518468946716
724.5 25.479049146704533 23.353299494379932
725.0 25.480920954901958 23.354078227126024
725.5 25.482780802167674 23.354869024369492
726.0 25.484656986950643 23.355660922225102
726.5 25.486531533744724 23.356444263174634
727.0 25.488383867470034 23.357231900397682
727.5 25.490259800468564 23.358016985369197
728.0 25.492150584549236 23.35880678223239
728.5 25.494013464939087 23.35959308464835
729.0 25.49586864962089 23.360394649835307
729.5 25.497760673924482 23.36118186405375
730.0 25.4996282576479 23.361961692010432
730.5 25.50153481564234 23.36275343516265
731.0 25.503370555318238 23.36354215559357
731.5 25.505224544140546 23.36433837112816
732.0 25.507096983413188 23.36512739450407
732.5 25.508931609027158 23.365918790845242
733.0 25.510823012252587 23.36671120004697
733.5 25.51267699531089 23.36749559113622
734.0 25.514559128205253 23.368290195949868
734.5 25.516405494770066 23.36908727055952
735.0 25.51827711663783 23.369873209153305
735.5 25.520144074826256 23.370675466591923
736.0 25.52203533456225 23.37146410138854
736.5 25.523884127200084 23.37225867044993
737.0 25.525763596466593 23.37305227808578
737.5 25.52760672705183 23.37384924907621
738.0 25.52943836417017 23.374653915873125
738.5 25.53132569897743 23.375436426107484
739.0 25.533179761328153 23.376245463500474
739.5 25.535031635502193 23.377046702710345
740.0 25.536906632239056 23.377834736383466
740.5 25.538740481758 23.378635081505923
741.0 25.540616914351183 23.379438000521912
741.5 25.54244557685187 23.380238736000443
742.0 25.544299488252186 23.38104091538565
742.5 25.546146293998344 23.381847398110413
743.0 25.54800517093417 23.382640803211146
743.5 25.549866184211538 23.383440837492255
744.0 25.551718915964848 23.384246261665513
744.5 25.553566528813157 23.38504078944917
745.0 25.55538386897537 23.38585458636892
745.5 25.557262807369487 23.386664991831662
746.0 25.559117124297323 23.387459791966528
746.5 25.560935064067436 23.388270609724966
747.0 25.56279465521961 23.38907909920628
747.5 25.564639029283114 23.389881979643835
748.0 25.566483255540096 23.39069189474682
748.5 25.568311971643748 23.391499616399194
749.0 25.570166432465125 23.392307592928205
749.5 25.57197360944982 23.3931095013112
750.0 25.57382820823282 23.39392511411994
750.5 25.575638873963527 23.394733252320783
751.0 25.57748524818293 23.395555075110153
751.5 25.579307440056162 23.396366810746223
752.0 25.581114009377714 23.397176954236283
752.5 25.58296525466772 23.39798363857924
753.0 25.584765866539488 23.39881021527445
753.5 25.58658928363656 23.39961418903179
754.0 25.58841450856444 23.400429492505324
754.5 25.590229683625022 23.40124452823033
755.0 25.592049683127325 23.40207659825225
755.5 25.593864161748662 23.402892624954323
756.0 25.595638731038886 23.403703641321414
756.5 25.597468053445414 23.40452356723405
757.0 25.599309792110763 23.40535242232177
757.5 25.601104153449597 23.406159331849487
758.0 25.602911255955267 23.40698292267416
758.5 25.604704600953532 23.407823714615745
759.0 25.606507146293623 23.4086345403891
759.5 25.608271579414286 23.409457822632447
760.0 25.610064402214906 23.410284758506535
760.5 25.611867643503132 23.411112705477905
761.0 25.613676192548166 23.411947228028275
761.5 25.615442223595643 23.4127714909336
762.0 25.61723119533559 23.413597386775105
762.5 25.619007567215668 23.41442683747726
763.0 25.620801591398916 23.415244911038112
763.5 25.6225863008274 23.41608223105357
764.0 25.624365380163617 23.416913227050394
764.5 25.62610579957476 23.41774763232334
765.0 25.627893456488124 23.418565654085754
765.5 25.629683769676408 23.419407482399105
766.0 25.631461503661043 23.420255880678905
766.5 25.63319770248929 23.421070037369624
767.0 25.63497264595114 23.421909354908795
767.5 25.636744673329698 23.422739303256538
768.0 25.638517476502564 23.42357854104226
768.5 25.64023484463215 23.42442285896024
769.0 25.64201495956006 23.42525287384065
769.5 25.64378738024105 23.426103359569993
770.0 25.645544240527528 23.426942056762094
770.5 25.647300719963113 23.427777727679285
771.0 25.64902025211594 23.428609134952197
771.5 25.650815719994043 23.42944436175896
772.0 25.652522281295855 23.430307088589927
772.5 25.65427604516373 23.431143250637085
773.0 25.65601801779807 23.431977362054965
773.5 25.657730347149645 23.4328221496596
774.0 25.659463616698538 23.43367844846178
774.5 25.661212008906386 23.43451703729899
775.0 25.662934187244307 23.435361776272
775.5 25.664674477146228 23.436208594782993
776.0 25.666389721477024 23.43705610167114
776.5 25.668103698206785 23.437905213068046
777.0 25.669868553003866 23.438753537688267
777.5 25.671584904032446 23.43960282361411
778.0 25.67328202733521 23.44045425140067
778.5 25.67499999482127 23.441300840685706
779.0 25.67669259297638 23.442162194700753
779.5 25.67840486920562 23.44301255469787
780.0 25.6801388178644 23.44386419691588
780.5 25.681831373298326 23.44472439212258
781.0 25.683547044209647 23.445577712010728
781.5 25.685237159357996 23.446427779457597
782.0 25.686932061848914 23.4472920429144
782.5 25.68861207961243 23.448149977588177
783.0 25.69029700477745 23.44899917848074
783.5 25.691993214076263 23.449868540535856
784.0 25.693680135735203 23.450716883633586
784.5 25.69537150819112 23.4515827346598
785.0 25.69702590673606 23.452446976379655
785.5 25.69870336729445 23.45330071880578
786.0 25.700399440935037 23.45416830208846
786.5 25.702063261764433 23.45502220263018
787.0 25.703705583718047 23.45588975458576
787.5 25.705388027615843 23.456754213023558
788.0 25.707032704167002 23.457619221804254
