FastTrWP/PhaseSpace/IAs/snIa_0.55_30.00_2.69_0.02.csv
# %ECSV 0.9
# ---
# datatype:
# - {name: time-rel, datatype: float64}
# - {name: g, datatype: float64}
# - {name: i, datatype: float64}
# schema: astropy-2.0
time-rel g i
[from data line 362]
-312.0 24.454400942646345 23.16547674584967
-311.5 24.450630839455737 23.16192562491569
-311.0 24.446868687930838 23.158381138433462
-310.5 24.44312476048927 23.154862395675664
-310.0 24.439416106947206 23.15135045252277
-309.5 24.435694607371097 23.14785562930237
-309.0 24.432004941878986 23.14437971467163
-308.5 24.428303365502536 23.140940216717084
-308.0 24.424642228134836 23.137500189182248
-307.5 24.420996273975575 23.134075425573208
-307.0 24.417362826895896 23.13069164577849
-306.5 24.413741879780368 23.127302155591384
-306.0 24.410130217600067 23.123933910216753
-305.5 24.40653331716057 23.120599102516216
-305.0 24.402967111220875 23.117278705742525
-304.5 24.399407267189083 23.113973929635037
-304.0 24.395871125599434 23.110684065388636
-303.5 24.392342146996363 23.10742409179937
-303.0 24.38882871149888 23.10416833155624
-302.5 24.38534278926887 23.10094478227125
-302.0 24.381867313584348 23.097736193231924
-301.5 24.37840511244479 23.094554338600197
-301.0 24.374965822213813 23.091384108918326
-300.5 24.371536089812405 23.088231879391433
-300.0 24.36811595325598 23.08510301848759
-299.5 24.364713851660586 23.081984392248096
-299.0 24.361309627100148 23.078880023699302
-298.5 24.357946719197408 23.075786635906464
-298.0 24.354607574844778 23.07272176679625
-297.5 24.351244935029275 23.06966618007026
-297.0 24.34791854008434 23.06663318914978
-296.5 24.344595998997846 23.06359416506266
-296.0 24.34127608390712 23.060579822315844
-295.5 24.337986839108318 23.057575492806365
-295.0 24.334706828105727 23.054592167219692
-294.5 24.331404709853647 23.05161756794842
-294.0 24.328151495043237 23.048656020157978
-293.5 24.324906822318564 23.045716714211494
-293.0 24.32166968107684 23.04277442799708
-292.5 24.318461555957317 23.039858035487725
-292.0 24.315223388257404 23.036958861220995
-291.5 24.312024694137673 23.034058261751365
-291.0 24.308828206075606 23.031175963601353
-290.5 24.305650028673327 23.028311191298684
-290.0 24.30247210277325 23.025447330143322
-289.5 24.29932489555985 23.02260167528502
-289.0 24.29614886762037 23.019774491445354
-288.5 24.293009892182003 23.01695197044041
-288.0 24.289895088129782 23.014148288379992
-287.5 24.286774506418887 23.011355194383686
-287.0 24.283676555151054 23.00856564320887
-286.5 24.280573595170466 23.005794353149668
-286.0 24.27747533832125 23.003034377707067
-285.5 24.274409656073516 23.00029215184932
-285.0 24.27134393049841 22.997545039956854
-284.5 24.268280947997024 22.994821815504032
-284.0 24.26524294223068 22.99209851297252
-283.5 24.262211207994305 22.989397855397176
-283.0 24.25915895466707 22.986712831948466
-282.5 24.256148500563345 22.984029478391772
-282.0 24.253144716015807 22.981351688930406
-281.5 24.250139751393668 22.978696099932744
-281.0 24.247138219027136 22.976036539654206
-280.5 24.244171378338176 22.97340804717652
-280.0 24.24119158649485 22.970772340239513
-279.5 24.23822581384059 22.968157520101666
-279.0 24.235273224880306 22.9655496593786
-278.5 24.23233406151735 22.962945488674595
-278.0 24.229390740441442 22.9603587585755
-277.5 24.22646234178451 22.95777399021626
-277.0 24.223541734373363 22.955206234804155
-276.5 24.22062649013304 22.95264725382607
-276.0 24.217736596181357 22.950094384320092
-275.5 24.214818108041534 22.94755780794445
-275.0 24.211936142320468 22.945020617310476
-274.5 24.20908030729573 22.942490033366102
-274.0 24.20620474090955 22.93998518739388
-273.5 24.203350929240464 22.937475610829633
-273.0 24.20048246234046 22.93498217502599
-272.5 24.197643526466845 22.932496901669044
-272.0 24.194800367094057 22.930026112186994
-271.5 24.19195841967429 22.92754701840108
-271.0 24.18913920860657 22.925080020689094
-270.5 24.18631787785926 22.922646077812825
-270.0 24.183524408497476 22.920188286422114
-269.5 24.18072043794541 22.91775188490257
-269.0 24.177908886311997 22.91533142612686
-268.5 24.175144134887265 22.912915258326425
-268.0 24.17234344401929 22.91050442377632
-267.5 24.169590330629664 22.908106650716263
-267.0 24.166810152582926 22.905707060424692
-266.5 24.164061340566004 22.90332119394451
-266.0 24.16131462494446 22.90094047109772
-265.5 24.15856121627926 22.898577933309
-265.0 24.155832236321118 22.896212168369562
-264.5 24.15310840377724 22.893865163825208
-264.0 24.150366149422 22.891515701002266
-263.5 24.147650537901697 22.88917267578384
-263.0 24.144941665622955 22.886834961033532
-262.5 24.142243020901223 22.884514052291433
-262.0 24.13954709096486 22.8821991327399
-261.5 24.13685894613986 22.87988631768119
-261.0 24.1341742962021 22.87759678812995
-260.5 24.13151875203351 22.87530281511913
-260.0 24.1288432989117 22.873016031722187
-259.5 24.126191831264503 22.87074870331377
-259.0 24.123537311299437 22.868488175337976
-258.5 24.120890994253024 22.86622648542279
-258.0 24.118256378444936 22.863978339165865
-257.5 24.115632769655782 22.86173549268152
-257.0 24.113024077166934 22.859503150554307
-256.5 24.110398431147587 22.857287691295834
-256.0 24.107797852285103 22.85506596480763
-255.5 24.10519963883402 22.852862980505265
-255.0 24.10260976423889 22.850662685056975
-254.5 24.100014232724114 22.84846957371431
-254.0 24.097442484191433 22.84628856248371
-253.5 24.09486569085371 22.84411558485898
-253.0 24.092290362632774 22.84194237629878
-252.5 24.089740265515417 22.839776812787406
-252.0 24.08718178491709 22.83762478875363
-251.5 24.084648677470035 22.83547794193926
-251.0 24.082111311179194 22.833346662742862
-250.5 24.079578254624934 22.83120446706279
-250.0 24.0770454282896 22.82907934336903
-249.5 24.074512490810154 22.826960554555612
-249.0 24.072012928540225 22.8248453649632
-248.5 24.06949445225179 22.822751827093303
-248.0 24.066989449049537 22.820654883605105
-247.5 24.064515964561753 22.818571104423068
-247.0 24.062010038679386 22.81648384885908
-246.5 24.05952371250123 22.81439941415436
-246.0 24.057053870871584 22.812332756911378
-245.5 24.05458812898127 22.810273698067846
-245.0 24.05212186335241 22.80821799906699
-244.5 24.049661856326257 22.806172178347058
-244.0 24.04720499570413 22.804124708289052
-243.5 24.04475314905587 22.802094032122064
-243.0 24.042318556491104 22.80006523279814
-242.5 24.039878622146684 22.798041007138604
-242.0 24.037437716170807 22.79602802502829
-241.5 24.035021372164877 22.79401189289732
-241.0 24.032593852163 22.79201878728098
-240.5 24.030177299983002 22.790008962872594
-240.0 24.027778081213725 22.78802764705397
-239.5 24.0253730801672 22.786041910640357
-239.0 24.02297960818254 22.78406201830399
-238.5 24.020582426410826 22.782087323976157
-238.0 24.018201045448414 22.780121161135725
-237.5 24.015808200532696 22.778164544561754
-237.0 24.013422850461797 22.776207406116722
-236.5 24.01105707792521 22.774259527218756
-236.0 24.0086849565943 22.77231426172177
-235.5 24.006322956319714 22.770378444520144
-235.0 24.003973919548095 22.768443397848536
-234.5 24.001611810454225 22.766518230624484
-234.0 23.99926426204662 22.764596634343913
-233.5 23.996916188148187 22.76268396058005
-233.0 23.99458762175985 22.76077440633205
-232.5 23.992256008529065 22.75887806716815
-232.0 23.989911387334665 22.75697395121368
-231.5 23.987586890122103 22.75508176326019
-231.0 23.98525114789091 22.753194692495654
-230.5 23.982962629873978 22.75130861228819
-230.0 23.980641333742195 22.749436967205007
-229.5 23.97832814846347 22.747562112728787
-229.0 23.97603160978687 22.745697423441094
-228.5 23.973741125323677 22.743842716307036
-228.0 23.971437402975454 22.741986402254067
-227.5 23.969139672405593 22.74014003176596
-227.0 23.966868471668906 22.738290372603704
-226.5 23.9645904258127 22.736451516090916
-226.0 23.962310452066816 22.734614405168585
-225.5 23.96004594509037 22.73277508790308
-225.0 23.957773711383332 22.730952016930637
-224.5 23.955502335017663 22.729141052383362
-224.0 23.95324095932682 22.727319915805893
-223.5 23.950985747371107 22.725510971567438
-223.0 23.94874189771461 22.723715013102584
-222.5 23.94649422954117 22.721918975346682
-222.0 23.94426826504709 22.720124191930378
-221.5 23.942033097880028 22.718331780642444
-221.0 23.9397915736046 22.716558325830192
-220.5 23.937568301009154 22.714777811382515
-220.0 23.93535701843557 22.71302185780791
-219.5 23.933147929733714 22.711240824051057
-219.0 23.93091784724667 22.7094886748209
-218.5 23.928718621109567 22.707737932047458
-218.0 23.926517281610543 22.705985270708258
-217.5 23.924321107277837 22.704236133050962
-217.0 23.922128912559142 22.702504203427132
-216.5 23.91993394130266 22.70076814528111
-216.0 23.917756002202474 22.699035522427764
-215.5 23.915580560827962 22.69731716511209
-215.0 23.913401284492824 22.695596715391886
-214.5 23.911225944708985 22.693883289483786
-214.0 23.909048311710993 22.692170175768766
-213.5 23.906889814931013 22.69046692364201
-213.0 23.904741963328124 22.688764584971175
-212.5 23.902573088896336 22.687077404046974
-212.0 23.900436405948415 22.68538358538521
-211.5 23.898298295714397 22.683704002670172
-211.0 23.896145645287483 22.682027712529806
-210.5 23.894001655819533 22.680346114838848
-210.0 23.891867419245173 22.67868198376668
-209.5 23.889743917097693 22.677007139977725
-209.0 23.887602697489815 22.675347560494327
-208.5 23.88549192936425 22.673697984062386
-208.0 23.883374286144445 22.67204160823124
-207.5 23.88126428807716 22.670401207315596
-207.0 23.87915507750932 22.66875356586111
-206.5 23.877021347850107 22.667114661085034
-206.0 23.87495043920527 22.665485414177144
-205.5 23.87284928057179 22.663859919704755
-205.0 23.870748766359302 22.662230143591128
-204.5 23.868646958671697 22.660611109989205
-204.0 23.86657026027295 22.65899734310841
-203.5 23.864494846465426 22.657384545253322
-203.0 23.86240562073033 22.655785027481294
-202.5 23.860319656859982 22.65417792219667
-202.0 23.8582551780682 22.652584217925558
-201.5 23.85620579733441 22.6509847320407
-201.0 23.854124283252954 22.649398114052254
-200.5 23.852072597676433 22.647805045730486
-200.0 23.849998605952166 22.646237706750533
-199.5 23.84795548716351 22.644651864763716
-199.0 23.845911807041777 22.64308664467994
-198.5 23.843855836751185 22.641516211873842
-198.0 23.84180518308318 22.63995305136694
-197.5 23.839758533311052 22.638382267107893
-197.0 23.837746621330066 22.636832223441132
-196.5 23.835703839513855 22.63528220780546
-196.0 23.833666238898672 22.63373363353631
-195.5 23.831650960947126 22.63219564763022
-195.0 23.82962069458729 22.630654950727255
-194.5 23.827608225490433 22.62911653539529
-194.0 23.82558785685861 22.62759328583188
-193.5 23.823579937115845 22.626055268373797
-193.0 23.82155594986591 22.62453859865582
-192.5 23.819563137786748 22.62302240879658
-192.0 23.81755501128027 22.621505058577082
-191.5 23.81555027053889 22.61999493633231
-191.0 23.813550327304057 22.618490523571797
-190.5 23.811561612688386 22.616976889008434
-190.0 23.809569477035136 22.61547773434929
-189.5 23.807581996786777 22.61398303409074
-189.0 23.805600110035844 22.612490815379196
-188.50000000000006 23.80362374782485 22.61100528682517
-188.0 23.80163645798055 22.6095216035037
-187.5 23.79965483558662 22.60803217942488
-187.00000000000006 23.797676772609165 22.60655694387063
-186.5 23.795688450166914 22.605080545798835
-186.0 23.793711677654493 22.603601653854618
-185.50000000000006 23.79173125455057 22.602131506332306
-185.0 23.78975593491409 22.600670651670033
-184.5 23.787766924909725 22.599200235764762
-184.00000000000006 23.785787917939295 22.597731397456773
-183.5 23.78381034115707 22.596277796289886
-183.0 23.781827745961706 22.594821217337866
-182.50000000000006 23.779858744192968 22.593376525804466
-182.0 23.777880275890535 22.591929767966054
-181.5 23.775910981738196 22.59047961896058
-181.00000000000006 23.773933364148277 22.589038432074688
-180.5 23.771963438878053 22.587599534521384
-180.0 23.77000798924233 22.58616027745957
-179.50000000000006 23.768036687752378 22.584721412510884
-179.0 23.76605847963743 22.5833029230474
-178.5 23.764112854919617 22.581875811485354
-178.00000000000006 23.762153423591354 22.580456258755852
-177.5 23.760196236856743 22.579034380615756
-177.0 23.758238523430077 22.577618592628994
-176.50000000000006 23.756295610134096 22.576206014632056
-176.0 23.754352398815616 22.574798558122467
-175.5 23.75240141486811 22.573398688485472
-175.00000000000006 23.750455836763944 22.571999862065613
-174.5 23.74851662075359 22.570597048490647
-174.0 23.74660875169811 22.569209536784545
-173.50000000000006 23.744664546617408 22.567824128380938
-173.0 23.742747361830567 22.566439238856297
-172.5 23.740815115628727 22.56505618939935
-172.00000000000006 23.738904049945706 22.563681856271494
-171.5 23.736986452810882 22.56230914562724
-171.0 23.73507884977836 22.560935091337107
-170.50000000000006 23.73317999273068 22.559571471264658
-170.0 23.7312756467818 22.558212436237817
-169.5 23.72938365303243 22.55685403762957
-169.00000000000006 23.727492558436957 22.55549693887383
-168.5 23.72561558965865 22.554146873853483
-168.0 23.723740934516453 22.55279984863556
-167.50000000000006 23.72187267542701 22.55146300524814
-167.0 23.719991952912455 22.550134946163233
-166.5 23.71812578577825 22.548790885384044
-166.00000000000006 23.716270268381997 22.547467144727168
-165.5 23.714427764177074 22.5461433994799
-165.0 23.712579451930928 22.544819653968567
-164.50000000000006 23.710740292118054 22.543508467949977
-164.0 23.708908315527037 22.542196371934384
-163.5 23.70708323550923 22.540889300267985
-163.00000000000006 23.705267238458468 22.539584274066957
-162.5 23.703447318671497 22.538288165954693
-162.0 23.70165179132417 22.536995285384755
-161.50000000000006 23.69984290011856 22.535704542253818
-161.0 23.698054097310465 22.534421629018482
-160.5 23.6962552019532 22.533137063049253
-160.00000000000006 23.69448871118028 22.531869218982994
-159.5 23.692711036843676 22.53060242042909
-159.0 23.69095731870466 22.52932876496778
-158.50000000000006 23.689200424316972 22.528067172377312
-158.0 23.68744280513759 22.52681280045335
-157.5 23.685711316513512 22.52555221936136
-157.00000000000006 23.683977690852775 22.524308589966708
-156.5 23.682237114410523 22.523068545603504
-156.0 23.680530974783487 22.521830314737358
-155.50000000000006 23.678807614691056 22.52059524394781
-155.0 23.6771278082048 22.51936658560129
-154.5 23.675423710464557 22.518144745768055
-154.00000000000006 23.673742259302998 22.51693150434757
-153.5 23.672063254242577 22.515715557537476
-153.0 23.67039752660283 22.514497857945397
-152.50000000000006 23.668734665724934 22.513305906354127
-152.0 23.667087263985096 22.512100206693297
-151.5 23.665439894344637 22.51090832833778
-151.00000000000006 23.663817007423916 22.509718970340398
-150.5 23.662186332306593 22.508528005778928
-150.0 23.660568828072833 22.507347045402483
-149.50000000000006 23.65893902385887 22.50616247653296
-149.0 23.657321629823493 22.504995519613807
-148.5 23.655711717125257 22.50381453382857
-148.00000000000006 23.65409801782977 22.502652802099853
-147.5 23.652488108769315 22.501487751090572
-147.0 23.650888172433696 22.500326597826437
-146.50000000000006 23.64927926641474 22.499168739481018
-146.0 23.647710511752177 22.49801235185654
-145.5 23.64611242872209 22.49686526708263
-145.00000000000006 23.64450948433699 22.495713690010636
-144.5 23.642949405767762 22.49457061758114
-144.0 23.64137067957465 22.493426902493944
-143.50000000000006 23.639805130485975 22.492294600875834
-143.0 23.63824028924451 22.49115574097833
-142.5 23.636668337175884 22.49003173132976
-142.00000000000006 23.635118614340666 22.488905938363274
-141.5 23.63356621995028 22.48777562421036
-141.0 23.63202419391586 22.48666126469665
-140.50000000000006 23.63047973719983 22.485542890828242
-140.0 23.62894019364893 22.484438458457493
-139.5 23.62740039006802 22.483329139302906
-139.00000000000006 23.625883498174577 22.482218107051935
-138.5 23.624362172705236 22.481126990262293
-138.0 23.622848793852867 22.480029355055017
-137.50000000000006 23.621326073664285 22.478937912104648
-137.0 23.619831023073186 22.477849441408967
