FastTrWP/PhaseSpace/IAs/snIa_0.55_30.00_0.14_0.15.csv
# %ECSV 0.9
# ---
# datatype:
# - {name: time-rel, datatype: float64}
# - {name: g, datatype: float64}
# - {name: i, datatype: float64}
# schema: astropy-2.0
time-rel g i
[from data line 865]
588.8333333333334 23.886528353437853 22.313483186069377
589.3333333333334 23.88696097865597 22.31297678370722
589.8333333333334 23.88740520528124 22.3124789616319
590.3333333333334 23.8878324131909 22.31198449274128
590.8333333333334 23.888263646540327 22.311481966578594
591.3333333333334 23.888708710935653 22.31098522887266
591.8333333333334 23.889150570574245 22.310490664015262
592.3333333333334 23.8896101593321 22.310001110098888
592.8333333333334 23.890070610384797 22.30951430534722
593.3333333333334 23.89051738677749 22.309023127563478
593.8333333333334 23.890981781865257 22.30854067409739
594.3333333333334 23.89143007054828 22.30805981761053
594.8333333333334 23.891904310907517 22.30757672030599
595.3333333333334 23.89237460030708 22.307100910981703
595.8333333333334 23.892840700726357 22.306627416834658
596.3333333333334 23.89330818200247 22.306152393596147
596.8333333333334 23.893796341945787 22.30567403461182
597.3333333333334 23.89428394623007 22.305208091412215
597.8333333333334 23.894759831433383 22.30473505845987
598.3333333333334 23.895246960954616 22.304270626593826
598.8333333333334 23.895745234704513 22.303806962334747
599.3333333333334 23.896230561517907 22.303345170092392
599.8333333333334 23.89673482609342 22.302881361314046
600.3333333333334 23.89723149315178 22.30242498037082
600.8333333333334 23.8977489059106 22.301967984115798
601.3333333333334 23.898240250690918 22.301514796327353
601.8333333333334 23.898779368870116 22.30106153166112
602.3333333333334 23.899274957265774 22.300616845432796
602.8333333333334 23.899776965221452 22.30016915141944
603.3333333333334 23.900329719352058 22.29971891717325
603.8333333333334 23.900847504594807 22.29927731567863
604.3333333333334 23.901375246599386 22.298832055023773
604.8333333333334 23.901909455170124 22.29840229385119
605.3333333333334 23.902447741052022 22.297963978958876
605.8333333333334 23.902980422607406 22.29752992221853
606.3333333333334 23.90353551533765 22.297091545181047
606.8333333333334 23.904070908088823 22.296663358827864
607.3333333333334 23.90462000464616 22.29624051765391
607.8333333333334 23.905173550875286 22.295816160063087
608.3333333333334 23.90571478707666 22.29538891216717
608.8333333333334 23.906294230850925 22.294964985739227
609.3333333333334 23.9068631769629 22.294549230659072
609.8333333333334 23.907427477201114 22.294126556535705
610.3333333333334 23.908000399899368 22.293715445318245
610.8333333333334 23.908573327233285 22.293305234624974
611.3333333333334 23.90914657399424 22.29288860914471
611.8333333333334 23.909752780425887 22.29248589794256
612.3333333333334 23.91031443887404 22.292085016696944
612.8333333333334 23.910909869486186 22.291677303373238
613.3333333333334 23.911512234602327 22.291272711387883
613.8333333333334 23.912113560318637 22.290873781372618
614.3333333333334 23.912690301323952 22.290479078201855
614.8333333333334 23.913295005316826 22.2900861485185
615.3333333333334 23.913902590320326 22.289694085201347
615.8333333333334 23.914529565212245 22.289304922870986
616.3333333333334 23.91514859051744 22.288916987928914
616.8333333333334 23.915763101694463 22.288529349331277
617.3333333333334 23.916393650432802 22.288146541837527
617.8333333333334 23.917015535823964 22.287764882192043
618.3333333333334 23.917647476377148 22.28738723965233
618.8333333333334 23.91827980703997 22.287014355460677
619.3333333333334 23.918911187175453 22.286642584499283
619.8333333333334 23.919554909320162 22.28626772276884
620.3333333333334 23.920215422047825 22.28589937977254
620.8333333333334 23.920849890125197 22.285534686948573
621.3333333333334 23.921509277747518 22.28516496193222
621.8333333333334 23.922172907968648 22.2848082732215
622.3333333333334 23.92283256329064 22.284441428089238
622.8333333333334 23.92349575795633 22.284092020880557
623.3333333333334 23.924167873335662 22.28373352502823
623.8333333333334 23.924840478206733 22.283383614815694
624.3333333333334 23.925516739250593 22.283027564515816
624.8333333333334 23.926203694890688 22.282680809647065
625.3333333333334 23.92687878707524 22.28233100962248
625.8333333333334 23.927567327233618 22.281983448684663
626.3333333333334 23.92826740618549 22.281651025584907
626.8333333333334 23.928954657225354 22.281304199695242
627.3333333333334 23.929649829976768 22.280962644094487
627.8333333333334 23.930357636317826 22.280625969324603
628.3333333333334 23.931048876188918 22.280295807789294
628.8333333333334 23.93177181326152 22.279958459705604
629.3333333333334 23.932486508254613 22.27962784926512
629.8333333333334 23.93320656079867 22.27929717033684
630.3333333333334 23.933922475457656 22.278976534249345
630.8333333333334 23.934655976143183 22.27864590154409
631.3333333333334 23.93539120938808 22.278326291496832
631.8333333333334 23.93610742404814 22.27800252572221
632.3333333333334 23.936853408832764 22.277684139404144
632.8333333333334 23.93760060363167 22.277366260648265
633.3333333333334 23.93835186595247 22.277052620226026
633.8333333333334 23.939096254931137 22.27674686949011
634.3333333333334 23.93984257216145 22.276428890313724
634.8333333333334 23.94058968371628 22.276127769779972
635.3333333333334 23.941364979453418 22.27581539620325
635.8333333333334 23.942120610871626 22.27551249878688
636.3333333333334 23.942897628463598 22.275210671012324
636.8333333333334 23.94367053140258 22.274912183263964
637.3333333333334 23.94444415964219 22.27461051470463
637.8333333333334 23.945222256568236 22.27431940471206
638.3333333333334 23.946000840936186 22.274025801590106
638.8333333333334 23.946801026557523 22.273738311672272
639.3333333333334 23.94760357625941 22.273446344512035
639.8333333333334 23.94840281442196 22.27316033398342
640.3333333333334 23.949195665652866 22.272882926769917
640.8333333333334 23.94999712055645 22.27258787042647
641.3333333333334 23.950792478522423 22.272316008243955
641.8333333333334 23.951624139784332 22.272037255165642
642.3333333333334 23.95242998582862 22.27176733868099
642.8333333333334 23.953251586447372 22.271488632860986
643.3333333333334 23.954065535245917 22.271212915989626
643.8333333333334 23.954902292780226 22.27094616820863
644.3333333333334 23.955749507909427 22.27068294320384
644.8333333333334 23.9565718641434 22.270418362518733
645.3333333333334 23.95744099421515 22.27015319806569
645.8333333333334 23.95827409417397 22.269896983378356
646.3333333333334 23.959120752474984 22.269636920670337
646.8333333333334 23.959966427730937 22.26938579179039
647.3333333333334 23.96083203460139 22.26912757323983
647.8333333333334 23.961698144267302 22.268877070608294
648.3333333333334 23.962556311465 22.268632707864647
648.8333333333334 23.96342130354728 22.26838467680546
649.3333333333334 23.964314813986842 22.26813916952358
649.8333333333334 23.965185240831133 22.267891706010193
650.3333333333334 23.966058346752824 22.267653712956488
650.8333333333334 23.96696478090881 22.267421109656986
651.3333333333334 23.967851545881253 22.26718277820825
651.8333333333334 23.96874803540156 22.26695069366655
652.3333333333334 23.969655796861606 22.266718323148066
652.8333333333334 23.970565741694458 22.266490706478397
653.3333333333334 23.9714798193401 22.26626890449202
653.8333333333334 23.97239242097669 22.266041234219575
654.3333333333334 23.973294564355548 22.265821071018994
654.8333333333334 23.974219451939398 22.265600408562165
655.3333333333334 23.975143786126708 22.265384276523093
655.8333333333334 23.97608716916672 22.265168979306633
656.3333333333334 23.977014249145512 22.264958801160205
656.8333333333334 23.97796674842167 22.264747009086683
657.3333333333334 23.978902528431906 22.26454407936838
657.8333333333334 23.979862161718614 22.264338343304825
658.3333333333334 23.980806990276697 22.2641396398946
658.8333333333334 23.981767240264222 22.263940012072272
659.3333333333334 23.982732155104006 22.263736235486483
659.8333333333334 23.983708362479106 22.263541171546123
660.3333333333334 23.98467201570294 22.26334514509652
660.8333333333334 23.985659914299248 22.263159929223654
661.3333333333334 23.986653837788815 22.26297077035492
661.8333333333334 23.98764489681243 22.262789348031838
662.3333333333334 23.988636796154058 22.262604493103417
662.8333333333334 23.989656530100053 22.262425284846262
663.3333333333334 23.990659802734267 22.262247361463622
663.8333333333334 23.991674729783444 22.26206576391174
664.3333333333334 23.992702840021405 22.26189729973487
664.8333333333334 23.993745010174546 22.261731154569823
665.3333333333334 23.99478003079503 22.261561884340423
665.8333333333334 23.99582219436102 22.26139787117871
666.3333333333334 23.99686331897863 22.261233862060145
666.8333333333334 23.99791613882958 22.261075512574582
667.3333333333334 23.998980737978446 22.260908317383628
667.8333333333334 24.000032297765877 22.260753487255066
668.3333333333334 24.001113973629217 22.260605436200123
668.8333333333334 24.002191089474447 22.260451401773445
669.3333333333334 24.00325923114652 22.26030912204401
669.8333333333334 24.00436244821408 22.260161560184027
670.3333333333334 24.005445166527043 22.260013893794948
670.8333333333334 24.00653888036932 22.25986849852195
671.3333333333334 24.007639421856673 22.259727397247335
671.8333333333334 24.008736352881467 22.259593176060815
672.3333333333334 24.009849264758742 22.259454198157197
672.8333333333334 24.010963321743127 22.259315446818164
673.3333333333334 24.012090213248513 22.259184769748117
673.8333333333334 24.0132089013389 22.25905287590741
674.3333333333334 24.014333763952678 22.25893294939305
674.8333333333334 24.015467468216908 22.258808606446628
675.3333333333334 24.01659989392254 22.258688846263198
675.8333333333334 24.017743140133682 22.25856216894766
676.3333333333334 24.018899614042084 22.258441362002426
676.8333333333334 24.020030926523877 22.258327162179178
677.3333333333334 24.021187280050313 22.258211864691898
677.8333333333334 24.022350556477594 22.258092881739966
678.3333333333334 24.023507990595107 22.2579870500144
678.8333333333334 24.02466883171659 22.257880576482258
679.3333333333334 24.025836570629345 22.257769951629783
679.8333333333334 24.02700451834328 22.25766038169354
680.3333333333334 24.028191553377493 22.257563665500268
680.8333333333334 24.029363790972535 22.257457785614623
681.3333333333334 24.030537323482566 22.257358378336363
681.8333333333334 24.031726144403297 22.257261670433888
682.3333333333334 24.032924154565826 22.257169966747124
682.8333333333334 24.034122120721225 22.257071832992356
683.3333333333334 24.035307892670073 22.256978757000937
683.8333333333334 24.03651802346527 22.25689337226898
684.3333333333334 24.03770167310309 22.25679913351859
684.8333333333334 24.038918643877174 22.256717366577277
685.3333333333334 24.040127593927643 22.256630111438245
685.8333333333334 24.04133457054373 22.256549108641018
686.3333333333334 24.042545115823202 22.256470516134964
686.8333333333334 24.043758984362608 22.256387895976832
687.3333333333334 24.044971630140218 22.25631130750976
687.8333333333334 24.04621237775678 22.256234233615253
688.3333333333334 24.047425124978975 22.25615369220629
688.8333333333334 24.04865240158218 22.256084764615586
689.3333333333334 24.04987697470174 22.256011085927096
689.8333333333334 24.05110640796384 22.255937881134166
690.3333333333334 24.05232984114969 22.255868238011924
690.8333333333334 24.05355663274646 22.255809679792357
691.3333333333334 24.054805905226566 22.255745826340426
691.8333333333334 24.056047033542303 22.255685733151743
692.3333333333334 24.057265107732057 22.25561847705503
692.8333333333334 24.058521459204027 22.25556161081036
693.3333333333334 24.05976868922652 22.2554981752716
693.8333333333334 24.06101431244355 22.255439702631143
694.3333333333334 24.06223413615532 22.255384509661525
694.8333333333334 24.06348888656579 22.25533384764983
695.3333333333334 24.064745794422294 22.25527960969866
695.8333333333334 24.0660090647177 22.25522330473787
