FastTrWP/PhaseSpace/IAs/snIa_0.34_30.00_-1.31_0.05.csv
# %ECSV 0.9
# ---
# datatype:
# - {name: time-rel, datatype: float64}
# - {name: g, datatype: float64}
# - {name: i, datatype: float64}
# schema: astropy-2.0
time-rel g i
[from data line 1409]
319.5 23.77296508002182 22.700767802682797
320.0 23.775091952428763 22.70197808950329
320.4999999999999 23.777198471544224 22.70319288812388
321.0 23.779327215891087 22.704397516878572
321.5 23.78144422214037 22.705618880464918
321.9999999999999 23.783560956832204 22.706828132356442
322.5 23.785670282129395 22.7080500225777
323.0 23.787811966304595 22.709265740551988
323.4999999999999 23.789937367917812 22.710482626959852
324.0 23.792078072707262 22.71170050463395
324.5 23.79420707286456 22.712927741443334
324.9999999999999 23.796344837514397 22.714150497808944
325.5 23.798468470662204 22.71537615986817
326.0 23.80061858508832 22.716601977222197
326.4999999999999 23.802759940605178 22.717832337336645
327.0 23.804899360172527 22.719063056613457
327.5 23.807045782366345 22.72027627151158
327.9999999999999 23.809188531991694 22.721513826111988
328.5 23.811347686781037 22.722738761662207
329.0 23.813490426761312 22.7239662434856
329.4999999999999 23.815642679370104 22.72519229134018
330.0 23.817792301347232 22.7264178191589
330.5 23.819943848566357 22.727650307045323
330.9999999999999 23.82209628810182 22.7288799100079
331.5 23.824261286609882 22.730110958574027
332.0 23.82642468755742 22.731337863960878
332.4999999999999 23.828589968251435 22.732565481963615
333.0 23.8307678372557 22.733798882021823
333.5 23.832929267493576 22.735021161291865
333.9999999999999 23.835079913880808 22.736248009716896
334.5 23.837248402516376 22.737474210906676
335.0 23.839412301069398 22.738699568015743
335.4999999999999 23.841590785249235 22.73992442844086
336.0 23.843762182897773 22.741149628917192
336.5 23.84593542352615 22.742370993650802
336.9999999999999 23.848105054526915 22.743593246136264
337.5 23.850289987753108 22.744807049019453
338.0 23.85247110419951 22.746027464928428
338.4999999999999 23.854641408728106 22.747243834774086
339.0 23.85682687929748 22.74846316229649
339.5 23.85899642420202 22.749668317846563
339.9999999999999 23.86118468185943 22.75087077659911
340.5 23.863380764238435 22.752079950644273
341.0 23.865550673088244 22.753296602163694
341.4999999999999 23.867724008834628 22.754500541129108
342.0 23.86992063689342 22.75569870145633
342.5 23.872104890638838 22.756903959213723
342.9999999999999 23.874297376151823 22.758097445104198
343.5 23.876476286347526 22.759290557522846
344.0 23.87866078607391 22.76048553585455
344.4999999999999 23.880865224649753 22.761676039971785
345.0 23.883050422809603 22.762864856807123
345.5 23.88522354967636 22.76404878203649
345.9999999999999 23.887426022332342 22.765221913774578
346.5 23.889617368782886 22.766400667432457
347.0 23.89181158368087 22.767574946230376
347.4999999999999 23.893991564284107 22.768745165572902
348.0 23.896198402129084 22.769903604022144
348.5 23.8983795808874 22.771079294907892
348.9999999999999 23.900578153832317 22.77223124240601
349.5 23.902764650014365 22.773391224355915
350.0 23.90496752827446 22.77455057929879
350.4999999999999 23.907158671340127 22.77570123839563
351.0 23.9093563184084 22.776848534176395
351.5 23.91155696662895 22.777995921084905
351.9999999999999 23.913743951369003 22.779151514256903
352.5 23.91594291431174 22.780294086984703
353.0 23.918142443659313 22.781440449697907
353.4999999999999 23.920334111426307 22.78258338548597
354.0 23.922540314776306 22.783725488822235
354.5 23.924744027249908 22.78485949446146
354.9999999999999 23.926940320591754 22.785997498278654
355.5 23.92913568679117 22.787130138771076
356.0 23.931357332969053 22.788268881283745
356.4999999999999 23.93356546707058 22.789394847723994
357.0 23.935751916016148 22.790523723666013
357.5 23.937959415974067 22.79165078122226
357.9999999999999 23.94016405358659 22.792777712559825
358.5 23.942388691076747 22.793906336861994
359.0 23.94459418675376 22.795013836660015
359.4999999999999 23.94679774858886 22.79614263385738
360.0 23.94901288563073 22.797263847446104
360.5 23.951214209426936 22.798376894467886
360.9999999999999 23.953426076139056 22.79949060673298
361.5 23.95564307289032 22.80059534072405
362.0 23.957863475015113 22.80171268664789
362.4999999999999 23.96008264576733 22.802823314983392
363.0 23.962294713506882 22.803925592813737
363.5 23.964508124071024 22.80503021005574
364.0 23.96673179805568 22.806140981638915
364.5 23.968942122911017 22.80723665671795
365.0 23.971180247903938 22.80833557717399
365.5 23.97340065109763 22.80943584108694
366.0 23.975615682634405 22.810525997929822
366.5 23.977849399971042 22.811624989548108
367.0 23.980068517953107 22.812706006085833
367.5 23.9823069177764 22.813810435107193
368.0 23.984522234478472 22.814888531578216
368.5 23.98675196142588 22.815985795356152
369.0 23.988984712820347 22.817071493836313
369.5 23.991223177056753 22.818146821479708
370.0 23.99345503806194 22.819231588233322
370.5 23.995686555289613 22.820311805590396
371.0 23.99792321449975 22.821383976293497
371.5 24.00017951509565 22.822458280862236
372.0 24.00240718677199 22.82353537354981
372.5 24.00464735669047 22.824613765983884
373.0 24.00689449846276 22.825677303597764
373.5 24.00913808210081 22.826751041891782
374.0 24.01138158274972 22.82781588701061
374.5 24.01361750893505 22.82888366753816
375.0 24.015872308926017 22.829938270211386
375.5 24.018130022411412 22.83100616686408
376.0 24.020366693804036 22.83206527968865
376.5 24.022611250477595 22.833123628381735
377.0 24.024869961319002 22.834174301411245
377.5 24.027132736324344 22.83522422970687
378.0 24.02938198208212 22.83628116233526
378.5 24.0316600948608 22.83734090065397
379.0 24.033902531716915 22.83838324246669
379.5 24.036167676929377 22.839436643570878
380.0 24.038439573097122 22.840486569185178
380.5 24.04069953080775 22.841531847302615
381.0 24.04297074632663 22.842575523652293
381.5 24.045241541357477 22.843615817263753
382.0 24.047502259826665 22.84465261602979
382.5 24.04977196891178 22.845682688782254
383.0 24.052040534342055 22.846719402542263
383.5 24.054312598314183 22.84775338540956
384.0 24.056583576873784 22.848795455193844
384.5 24.058871112632918 22.849809766857984
385.0 24.061151684176632 22.850837493814616
385.5 24.063425381965928 22.851864931211104
386.0 24.06568862029408 22.85288899821947
386.5 24.06796600183585 22.853908128449184
387.0 24.070247825849105 22.854921384051117
387.5 24.07253366175628 22.855942449644203
388.0 24.07481210381627 22.85695804549387
388.5 24.077097891033358 22.857970929790174
389.0 24.079393653219974 22.858980526848804
389.5 24.08166855115445 22.859985899344146
390.0 24.083962759289594 22.86099472697113
390.5 24.08623943907265 22.861991823256226
391.0 24.08854499503743 22.86299859675102
391.5 24.090826792728674 22.86399452588065
392.0 24.093124081147444 22.865001618797145
392.5 24.09541140305779 22.86598601915113
393.0 24.097728236958545 22.86698438321613
393.5 24.100003527971296 22.867977923063357
394.0 24.102304550394265 22.868971012401055
394.5 24.10459494403145 22.8699548950248
395.0 24.106899325743964 22.870931308253148
395.5 24.10920168025488 22.871923935313568
396.0 24.111517140109477 22.872909232102366
396.5 24.113812441371746 22.87388538435288
397.0 24.116120837051227 22.87486071142108
397.5 24.118419880966513 22.875834322668073
398.0 24.12074439171239 22.876804025617965
398.5 24.12304947795353 22.877777165129935
399.0 24.1253501993516 22.8787465742777
399.5 24.127671871469687 22.87971383776666
400.0 24.12998052199832 22.880675190289807
400.5 24.13229730623488 22.88164261218464
401.0 24.134599006445832 22.88260562049876
401.5 24.13693956904821 22.883559475765594
402.0 24.13926092918363 22.88452203343594
402.5 24.14157316236622 22.88547241646232
403.0 24.143896543223775 22.88642211027584
403.5 24.146218508825363 22.887369908201286
404.0 24.14854389291763 22.88831994977578
404.5 24.15086662103984 22.88927162062611
405.0 24.153195826191606 22.890210915122054
405.5 24.15553643748767 22.891152493109676
406.0 24.157859476272627 22.89209482469365
406.5 24.160191227981542 22.893032300461226
407.0 24.162531717296662 22.893971994258195
407.5 24.164883888444887 22.89489902601788
408.0 24.167211517081487 22.8958279513501
408.5 24.16957648959467 22.896756993059974
409.0 24.17190792117352 22.897696641946872
409.5 24.17425204863499 22.89861593788469
410.0 24.176587180796552 22.899539061288465
410.5 24.178932119239324 22.90046994822953
411.0 24.181298197353698 22.90137992772702
411.5 24.183648501331337 22.902300818269573
412.0 24.18599316345151 22.903209617977556
412.5 24.188347731544667 22.904130961065658
413.0 24.19070613921562 22.90504664987771
413.5 24.1930716713891 22.90595541449187
414.0 24.19542162197275 22.906853810639927
414.5 24.197783986866735 22.907754656621965
415.0 24.200147665025582 22.908657602818217
415.5 24.20252136631554 22.909554298177216
416.0 24.20488394093926 22.910461835440167
416.5 24.207252452355277 22.911349555333736
417.0 24.209614470058874 22.912241189806025
417.5 24.2119862664125 22.913130201340778
418.0 24.214356884736734 22.91402211188337
418.5 24.216723157010623 22.914900886541506
419.0 24.219118921420005 22.915784785704968
419.5 24.22149039944308 22.916664641142823
420.0 24.223858294080433 22.917537072963302
420.5 24.226239374274474 22.918408884181627
421.0 24.228612282115716 22.919290093615206
421.5 24.23098189470034 22.920156656000863
422.0 24.233385440623245 22.92102025869427
422.5 24.235759643610987 22.921892905358572
423.0 24.23815020298333 22.922756452705862
423.5 24.240552848284157 22.923626834021057
424.0 24.242939391551538 22.924470047467352
424.5 24.245335823186267 22.92533698315363
425.0 24.247715897993256 22.92618950709126
425.5 24.250108793953654 22.92703880870175
426.0 24.252508387861383 22.927891252957018
426.5 24.25489461780009 22.92872877713336
427.0 24.25730867144949 22.929570791395246
427.5 24.259701726168664 22.930417723722986
428.0 24.262104752513242 22.931259003907407
428.5 24.264506153445517 22.932098207018452
429.0 24.266906746417934 22.93293365608093
429.5 24.269330732853884 22.933764990740173
430.0 24.271733809013885 22.934602491438348
430.5 24.27413853376885 22.9354286437936
431.0 24.276551991477625 22.936251316916632
431.5 24.278942067944737 22.9370693197933
432.0 24.281369340106206 22.937899482415276
432.5 24.283794599544883 22.93871669310024
433.0 24.286201220333897 22.939534516395526
433.5 24.288624172572185 22.94035651720687
434.0 24.291025859523888 22.94117411789363
434.5 24.29347147646598 22.941979936691745
435.0 24.295890246356144 22.942789970480373
435.5 24.298317173158974 22.943599197937115
436.0 24.300731739795264 22.944405635005985
436.5 24.303158193867638 22.945205550654258
437.0 24.305608385405076 22.94600649390172
437.5 24.308034872074433 22.946799574134367
438.0 24.31046198930379 22.94759920720637
438.5 24.312903908636635 22.94839405110853
439.0 24.315334551438667 22.949189955018213
439.5 24.317785875407182 22.94998211963774
440.0 24.320216495926303 22.95077490511133
440.5 24.32266192885727 22.951552906430592
441.0 24.32511301259547 22.952335919415006
441.5 24.32754183811476 22.953123679623708
442.0 24.330001627417055 22.953902352972506
442.5 24.332442444726034 22.95468417767808
443.0 24.334898806659133 22.95545487338911
443.5 24.337353693908742 22.95622504075765
444.0 24.339800994863072 22.957003948956395
444.5 24.342263869422776 22.957773868496286
445.0 24.344720462925757 22.958539366337973
445.5 24.34716360357154 22.95929894999866
446.0 24.34963601558802 22.96007141640173
446.5 24.3521067706725 22.960828485937377
447.0 24.35456353581364 22.96158710108752
447.5 24.357050445624196 22.96232457621953
448.0 24.35951175046366 22.963077572578086
448.5 24.361988853153044 22.963826161028543
449.0 24.364457583783885 22.964565979849333
449.5 24.366928127900987 22.965295619772807
450.0 24.369395821097445 22.966028862156456
450.5 24.37188864044682 22.96674975092658
451.0 24.374371865275727 22.967484618491252
451.5 24.376852133158774 22.968204715608913
452.0 24.37932591000786 22.968932446314806
452.5 24.38181364905098 22.969639598000434
453.0 24.384313380353543 22.97035846074146
453.5 24.386781795092705 22.97107097613678
454.0 24.38929426805986 22.971779568884653
454.5 24.39180022568289 22.972482116527946
455.0 24.39427779694728 22.973189644222664
455.5 24.39677409833019 22.973882402470363
456.0 24.399256144086486 22.97459043587713
456.5 24.40175517048859 22.97527709210255
457.0 24.404280356006716 22.975979559748193
457.5 24.406770288611174 22.976671707725345
458.0 24.40927055118528 22.977357216458998
458.5 24.411789294262153 22.978045041245608
459.0 24.41428589588286 22.97872867695627
459.5 24.41679471624173 22.979415441172243
460.0 24.419307653837613 22.980094588161624
460.5 24.421815830319403 22.980776203606435
461.0 24.42433253171203 22.98145303426264
461.5 24.42685264897925 22.982132848322276
462.0 24.429369847970882 22.982807617319168
462.5 24.431866111213473 22.983478889682416
463.0 24.43439263935946 22.984152372910334
463.5 24.436905637961086 22.98481717417559
464.0 24.439429676369233 22.98549569281018
464.5 24.441958401952682 22.986162773313087
465.0 24.444465702253694 22.986826818787943
465.5 24.44699561873161 22.987487643918044
466.0 24.44952041248698 22.988162715781964
466.5 24.45203426475065 22.98882701053823
467.0 24.454586223719474 22.989489593386665
467.5 24.457111898254364 22.990153454529697
468.0 24.459627355791163 22.990821021513735
468.5 24.46215563761664 22.991489091522087
469.0 24.46470218955077 22.99215746586942
469.5 24.467220473189663 22.992812224426235
470.0 24.469763117747508 22.993473030125156
470.5 24.472284890317503 22.99413981371608
471.0 24.47481030132391 22.99480399193946
471.5 24.477355945048952 22.995468987438574
472.0 24.479898183579074 22.996128234584916
472.5 24.482432543890795 22.99679723062721
473.0 24.48497185317789 22.9974519846986
473.5 24.48752524238241 22.998118197521016
474.0 24.490044963979017 22.9987898883816
474.5 24.492587683814552 22.999453877179498
475.0 24.49512199599787 23.000107893038148
475.5 24.497665750012185 23.0007839199343
476.0 24.50020474418671 23.001454890035752
476.5 24.502748206217788 23.002119944745463
477.0 24.505289414521734 23.002797231200717
477.5 24.507838126644863 23.00345997241945
478.0 24.510371969908 23.00413242602943
478.5 24.512903222260057 23.004808289861455
479.0 24.515448046689343 23.005473091765346
479.5 24.51801146804212 23.006144404692378
480.0 24.52057137239531 23.0068030356652
480.5 24.523106967784408 23.007465900660605
481.0 24.52564481318635 23.008142737851745
481.5 24.528202108641572 23.008812537620564
482.0 24.530757032511833 23.009463621169616
482.5 24.533305957465174 23.01013065980773
483.0 24.535856988008305 23.01077394120981
483.5 24.538408920027553 23.011442371667485
484.0 24.54096329628674 23.012104750818455
484.5 24.54350700919294 23.0127744751788
485.0 24.546075594623993 23.013417175913787
485.5 24.54861877746351 23.014084678656644
486.0 24.551192698443984 23.01474102494625
486.5 24.55374061688226 23.015395600493342
487.0 24.55632278889709 23.01604861428882
487.5 24.55888218337025 23.016700842792122
488.0 24.561435211088106 23.01735637718576
488.5 24.563988913870084 23.01800611635038
489.0 24.566573406303704 23.01866240954126
489.5 24.56911872487297 23.01931689014082
490.0 24.57167693270822 23.01996569026287
490.5 24.574248960896558 23.020611393634436
491.0 24.57680781987576 23.021254794755706
491.5 24.5793913796483 23.02191873219335
492.0 24.581961333829582 23.022567889332
492.5 24.58452042876621 23.023213608335173
493.0 24.587074722234867 23.02385502446048
493.5 24.589639994928444 23.02451161669812
494.0 24.592237046470213 23.025150248300083
494.5 24.594771251760452 23.025802007185664
495.0 24.597358929614476 23.026448186818488
495.5 24.5999332482763 23.02708406146636
496.0 24.602505151889204 23.027734973894635
496.5 24.60504829723005 23.028378066634637
497.0 24.607630921541087 23.029015572238784
497.5 24.610207818591697 23.029664904945474
498.0 24.61276741721964 23.030315520632186
498.5 24.61534418713351 23.030956655900297
499.0 24.617918956634604 23.03159161652279
499.5 24.62048508941274 23.032234963577704
500.0 24.623046379855822 23.03286895547283
