FastTrWP/PhaseSpace/IAs/snIa_0.51_30.00_0.49_0.03.csv
# %ECSV 0.9
# ---
# datatype:
# - {name: time-rel, datatype: float64}
# - {name: g, datatype: float64}
# - {name: i, datatype: float64}
# schema: astropy-2.0
time-rel g i
[from data line 864]
579.7083333333334 23.354115544801463 22.43345033247346
580.2083333333334 23.354316941897704 22.432957057657884
580.7083333333334 23.354524062435196 22.43245661385326
581.2083333333334 23.354719084592883 22.431959654658428
581.7083333333334 23.3549320248618 22.43145653356027
582.2083333333334 23.355124922933275 22.430970092194492
582.7083333333334 23.35532648045384 22.430478792266825
583.2083333333334 23.355536724199105 22.429978283631563
583.7083333333334 23.355738277284676 22.42949235135686
584.2083333333334 23.35595746292035 22.429000606626943
584.7083333333334 23.35616295471762 22.428510246723604
585.2083333333334 23.35636414377822 22.4280166595762
585.7083333333334 23.3565809678241 22.427528911717673
586.2083333333334 23.356789091840767 22.427041102368847
586.7083333333334 23.35700892270484 22.42655862001319
587.2083333333334 23.357223256391173 22.426070597762298
587.7083333333334 23.357428718032796 22.42558628280563
588.2083333333334 23.357660245907038 22.425096499791156
588.7083333333334 23.357868094510543 22.42462114329138
589.2083333333334 23.35811100308236 22.424141107631257
589.7083333333334 23.35833504499294 22.42365312299579
590.2083333333334 23.35857048784641 22.42318821517349
590.7083333333334 23.35880712384239 22.422705872386658
591.2083333333334 23.35904537427656 22.42223701658627
591.7083333333334 23.35928804064328 22.421766593197887
592.2083333333334 23.359529890015438 22.421289908264672
592.7083333333334 23.359777645621094 22.420827908992912
593.2083333333334 23.36004359889031 22.420356784534697
593.7083333333334 23.360287569785037 22.419888203983884
594.2083333333334 23.360541018013237 22.419420602531943
594.7083333333334 23.36080133983745 22.418963836954916
595.2083333333334 23.361066592353076 22.418506207501714
595.7083333333334 23.361332228462445 22.418044450279183
596.2083333333334 23.36162047258569 22.41758450808897
596.7083333333334 23.361888341719848 22.41713415700701
597.2083333333334 23.362160807543198 22.41667230358869
597.7083333333334 23.362448154124074 22.416223452358444
598.2083333333334 23.362736285291877 22.415771290282734
598.7083333333334 23.363027702638952 22.415324686148207
599.2083333333334 23.363317578402267 22.414876480201205
599.7083333333334 23.36360872665814 22.41443331001678
600.2083333333334 23.36390631030131 22.413986842053447
600.7083333333334 23.3642125637068 22.413541594450734
601.2083333333334 23.36451007662732 22.413104784812205
601.7083333333334 23.364826627124586 22.41266041639716
602.2083333333334 23.36515432459988 22.412223478106075
602.7083333333334 23.365459027249607 22.411790700034395
603.2083333333334 23.365778601135297 22.41135488681833
603.7083333333334 23.366106434864875 22.410923077391224
604.2083333333334 23.36642905560563 22.410490205945052
604.7083333333334 23.366751899799617 22.410057563958446
605.2083333333334 23.367085632449168 22.409633378280255
605.7083333333334 23.367418005713358 22.40920979209087
606.2083333333334 23.367764203557627 22.408782734143315
606.7083333333334 23.368115224096663 22.40836266505231
607.2083333333334 23.36846813052596 22.407941511972993
607.7083333333334 23.36880279102793 22.4075285887492
608.2083333333334 23.369166018531015 22.407105951654657
608.7083333333334 23.3695153066789 22.406694903617858
609.2083333333334 23.369888841309884 22.406281644479424
609.7083333333334 23.370246077958264 22.405867903413586
610.2083333333334 23.37061140387773 22.405455207707607
610.7083333333334 23.370985512214673 22.405051746864935
611.2083333333334 23.371367550745713 22.404642073251967
611.7083333333334 23.371744210605605 22.404243896881706
612.2083333333334 23.372122215806233 22.40384002889989
612.7083333333334 23.37252097557557 22.4034347756049
613.2083333333334 23.37291765135296 22.403042113239202
613.7083333333334 23.37330911418401 22.402642712479377
614.2083333333334 23.373707667340643 22.402244453185656
614.7083333333334 23.374110808804907 22.401860044534807
615.2083333333334 23.374519305823465 22.401464907444396
615.7083333333334 23.374920472801982 22.401079506624626
616.2083333333334 23.375335275860714 22.400688583202868
616.7083333333334 23.3757586230193 22.400305028407487
617.2083333333334 23.37618639483063 22.399919041869097
617.7083333333334 23.37660434816135 22.399537358292765
618.2083333333334 23.37703072724863 22.399151406403845
618.7083333333334 23.377473588657672 22.39877724344622
619.2083333333334 23.377895214246 22.39840418835797
619.7083333333334 23.37834681476661 22.398027454122968
620.2083333333334 23.378791686249073 22.397656929372584
620.7083333333334 23.379243361631552 22.397287654062076
621.2083333333334 23.379688910131946 22.396917554939286
621.7083333333334 23.380149567261416 22.396554406052648
622.2083333333334 23.380609795946615 22.396186951531973
622.7083333333334 23.38107455724134 22.395823218810605
623.2083333333334 23.381540817987187 22.395458971530005
623.7083333333334 23.38201441517092 22.395104952944976
624.2083333333334 23.38248440949088 22.39474766262578
624.7083333333334 23.382974271595778 22.394385887305653
625.2083333333334 23.383465350481632 22.394037435063133
625.7083333333334 23.383945173768236 22.393687434667267
626.2083333333334 23.384433298190572 22.39333095517076
626.7083333333334 23.384920925513978 22.392980686404883
627.2083333333334 23.385429159392093 22.392633374991533
627.7083333333334 23.385929533473355 22.392288354923416
628.2083333333334 23.386436633802333 22.39194574186523
628.7083333333334 23.386949162709815 22.391600186486357
629.2083333333334 23.38745853850822 22.391258862245348
629.7083333333334 23.387985493461848 22.390916792106083
630.2083333333334 23.388490173938013 22.390585076208023
630.7083333333334 23.389022386691867 22.3902437907913
631.2083333333334 23.389545208140458 22.38991382770166
631.7083333333334 23.390089962901214 22.389580992444547
632.2083333333334 23.390624159879927 22.38924903568848
632.7083333333334 23.39116706110002 22.388918054486293
633.2083333333334 23.39170743622924 22.38858980761116
633.7083333333334 23.39225471236758 22.388264650470045
634.2083333333334 23.39281037162423 22.38794652426931
634.7083333333334 23.393364381141367 22.38761456035483
635.2083333333334 23.39392296718856 22.387295405419778
635.7083333333334 23.394497339744234 22.386976211827
636.2083333333334 23.395051225493365 22.38666004869742
636.7083333333334 23.395622272019814 22.3863435120604
637.2083333333334 23.396196870094226 22.386025866603234
637.7083333333334 23.396783391660236 22.385724659668412
638.2083333333334 23.397359111094804 22.38540685456803
638.7083333333334 23.397960827057453 22.385101901794997
639.2083333333334 23.398543954685415 22.384791559477286
639.7083333333334 23.39914393070682 22.384483183696673
640.2083333333334 23.399735571205053 22.38418195038101
640.7083333333334 23.400346408956658 22.383885279124563
641.2083333333334 23.400947168355938 22.383585836142274
641.7083333333334 23.401563826734566 22.383280869642327
642.2083333333334 23.402176356331307 22.382987861096687
642.7083333333334 23.40280289466793 22.3826878409199
643.2083333333334 23.403427624982065 22.382405044621414
643.7083333333334 23.404055667072214 22.382113056216383
644.2083333333334 23.40467834780991 22.3818256005439
644.7083333333334 23.405312011858488 22.381542575064476
645.2083333333334 23.405960371764635 22.38125323190147
645.7083333333334 23.40660665941604 22.380968004360188
646.2083333333334 23.40724376008117 22.380684087358198
646.7083333333334 23.407895764492487 22.380407812504558
647.2083333333334 23.408551443748348 22.38013000171394
647.7083333333334 23.40922498442433 22.379850168267982
648.2083333333334 23.40987891451856 22.379579137332023
648.7083333333334 23.410554267324986 22.379304122114686
649.2083333333334 23.411227170335067 22.37902727422368
649.7083333333334 23.41189528391379 22.378762484907874
650.2083333333334 23.412577592161007 22.37850180390995
650.7083333333334 23.41327457307778 22.37823109941551
651.2083333333334 23.413961314003856 22.377966651689093
651.7083333333334 23.41465635394571 22.37770713293862
652.2083333333334 23.415360065290365 22.3774493791454
652.7083333333334 23.41606025282838 22.377193435360585
653.2083333333334 23.416765462383815 22.376934558354243
653.7083333333334 23.417475516147896 22.376681542431168
654.2083333333334 23.418197851499514 22.376425668246736
654.7083333333334 23.4189229859849 22.376183904827066
655.2083333333334 23.41963697623875 22.375934275705927
655.7083333333334 23.42037152276765 22.375684890720223
656.2083333333334 23.421107828536442 22.375443659058885
656.7083333333334 23.4218492850469 22.37520142156459
657.2083333333334 23.42258330317902 22.37495969639965
657.7083333333334 23.42332834351389 22.374722790041908
658.2083333333334 23.424087145483526 22.37448448016034
658.7083333333334 23.424838470143094 22.374254353439444
659.2083333333334 23.425595598884673 22.37402425827849
659.7083333333334 23.426371442645323 22.373795353351007
660.2083333333334 23.427139628325012 22.373561271273644
660.7083333333334 23.42791294214195 22.373328775081205
661.2083333333334 23.42869478022495 22.373112287704547
661.7083333333334 23.429488016357247 22.372878015264778
662.2083333333334 23.430281000364875 22.37266449679722
662.7083333333334 23.431094779272946 22.37244230033
663.2083333333334 23.431882416008488 22.37222625950015
663.7083333333334 23.432700341874686 22.372007483102596
664.2083333333334 23.433523145943134 22.371793004239436
664.7083333333334 23.434351063654173 22.37158445278535
665.2083333333334 23.43517066755288 22.371371358421243
665.7083333333334 23.436011767885855 22.371163189302166
666.2083333333334 23.43685506310843 22.370958336061726
666.7083333333334 23.43769989176956 22.370751622061896
667.2083333333334 23.43855550615766 22.37054991356668
667.7083333333334 23.43940887737415 22.37034666167938
668.2083333333334 23.440260044543372 22.370139220270158
668.7083333333334 23.4411449780766 22.369944956855427
669.2083333333334 23.44201444978858 22.36975732712075
669.7083333333334 23.442888661681152 22.369553650054176
670.2083333333334 23.443758139852783 22.369356217242363
670.7083333333334 23.444652123703406 22.36917679909372
671.2083333333334 23.445552320975732 22.36897771770943
671.7083333333334 23.446452449277196 22.368791860491818
672.2083333333334 23.44734463134889 22.36861452421831
672.7083333333334 23.448246830503905 22.368427384952582
673.2083333333334 23.44916546970886 22.36824355038596
673.7083333333334 23.450081770197755 22.368061917248717
674.2083333333334 23.45100148881324 22.367883522289652
674.7083333333334 23.451922072822796 22.367704962622486
675.2083333333334 23.452837684872986 22.36753085414177
675.7083333333334 23.453772412070496 22.367358429804305
676.2083333333334 23.454700770529936 22.36718869576187
676.7083333333334 23.45564579139348 22.367017435872086
677.2083333333334 23.456595831205682 22.366847637624062
677.7083333333334 23.457541264467633 22.366679088080147
678.2083333333334 23.458488394376328 22.36651908860243
678.7083333333334 23.459449279289757 22.366355617605905
679.2083333333334 23.460404759891865 22.366198397669763
679.7083333333334 23.461354718539095 22.36603660429873
680.2083333333334 23.462336573659684 22.365882761545635
680.7083333333334 23.463292545765615 22.365722669243972
681.2083333333334 23.46426616722261 22.365575230219427
681.7083333333334 23.46524069122568 22.36541744198048
682.2083333333334 23.466225981396317 22.36526504475983
682.7083333333334 23.467196071195815 22.365123244061124
683.2083333333334 23.46819692074453 22.364974904205546
683.7083333333334 23.469174515750566 22.364831157339324
684.2083333333334 23.470172363209922 22.364686759014276
684.7083333333334 23.471162318615168 22.364552786877965
685.2083333333334 23.472161408163167 22.36440748269519
685.7083333333334 23.47316965306497 22.36427360952201
686.2083333333334 23.47416769035227 22.36413620917062
686.7083333333334 23.47517350578823 22.364000738509795
687.2083333333334 23.476166114354847 22.363875870774468
687.7083333333334 23.47717360457704 22.363735253305915
688.2083333333334 23.478187437886465 22.363611664254716
688.7083333333334 23.47921000465275 22.363485870251072
689.2083333333334 23.480220365668522 22.363359144052872
689.7083333333334 23.481235266965946 22.363230834877402
690.2083333333334 23.482252103891955 22.36311798255489
690.7083333333334 23.483279738170502 22.362994067312524
691.2083333333334 23.48430816510107 22.36287791621853
691.7083333333334 23.48532554805331 22.362759280525353
692.2083333333334 23.486356690628398 22.36264662176194
692.7083333333334 23.487383023594933 22.362539399028734
693.2083333333334 23.48840385898008 22.362429307270588
693.7083333333334 23.48942642846495 22.36231076690695
694.2083333333334 23.49048524809571 22.362207666220687
694.7083333333334 23.49150608076912 22.362107007572348
695.2083333333334 23.492546770608623 22.362002867789847
