FastTrWP/PhaseSpace/IAs/snIa_0.52_30.00_-1.94_0.15.csv
# %ECSV 0.9
# ---
# datatype:
# - {name: time-rel, datatype: float64}
# - {name: g, datatype: float64}
# - {name: i, datatype: float64}
# schema: astropy-2.0
time-rel g i
[from data line 2146]
776.5 26.657772468312963 23.288891806366344
777.0 26.65842479556453 23.289988034297203
777.5 26.659077487246144 23.29107324525033
778.0 26.659742952355447 23.292165347875454
778.5 26.660406768131523 23.293260950766737
779.0 26.661084772515498 23.294349373790975
779.5 26.66180677480126 23.295450653395463
780.0 26.66252714116959 23.29655033956293
780.5 26.663245638734917 23.29763850710314
781.0 26.664006977705327 23.298729581422716
781.5 26.664713730559143 23.299821510536155
782.0 26.66546631078237 23.300906519516577
782.5 26.6662548281554 23.301999723184778
783.0 26.667004715787257 23.303085131252267
783.5 26.667816259442098 23.3041904366066
784.0 26.668643548992947 23.305274849051663
784.5 26.669422780080005 23.306372272830842
785.0 26.670195895828005 23.30746985546923
785.5 26.671086813039153 23.308552997988524
786.0 26.67188764902649 23.30964017434505
786.5 26.672757757365364 23.31074629457855
787.0 26.673640807720638 23.311829918727383
787.5 26.67454357538591 23.312916682537193
788.0 26.675480263329753 23.31401654423167
788.5 26.676325591678648 23.315098573579487
789.0 26.677249634357132 23.31619181792114
789.5 26.678213575568837 23.317283939179386
790.0 26.679079733278645 23.318372148359924
790.5 26.6800685511272 23.319455830551416
791.0 26.680995797146757 23.320564456769958
791.5 26.68201487294391 23.321650334392793
792.0 26.682997339051774 23.32272936991689
792.5 26.68401820271265 23.323823562018934
793.0 26.68499152648828 23.324912402375443
793.5 26.686033150866496 23.325994445603765
794.0 26.687038436683835 23.32708010969921
794.5 26.688111806259577 23.32817548873232
795.0 26.689126677400022 23.329262878202318
795.5 26.690209054382045 23.330350094530118
796.0 26.691296951301315 23.33144038611275
796.5 26.692386951838497 23.332514341155907
797.0 26.69352917786542 23.333611318389373
797.5 26.694609661642396 23.334683279944848
798.0 26.695773338241814 23.33576922315659
798.5 26.69691550638455 23.33685679512429
799.0 26.698102073557664 23.337936704973842
799.5 26.699223619959966 23.3390291640317
800.0 26.700420844031427 23.340118042517712
800.5 26.701614039940264 23.341182961781048
801.0 26.702837103936247 23.342275370483915
801.5 26.70405361685802 23.343356982357804
802.0 26.705264802320254 23.34443715221221
802.5 26.706571346120445 23.345528847424696
803.0 26.707788107675423 23.346596660625355
803.5 26.70909025660079 23.34768110027722
804.0 26.710302912735532 23.348767422766432
804.5 26.711623351351346 23.34982903995961
805.0 26.712941503760778 23.350922652029503
805.5 26.71428120681042 23.35199816979557
806.0 26.715598824709083 23.353067880634004
806.5 26.71698280482389 23.35414514880743
807.0 26.718327022685003 23.35522492028636
807.5 26.719673416062314 23.35628348417722
808.0 26.72109580671682 23.357376599162464
808.5 26.72244733055046 23.35844746732757
809.0 26.723923078991817 23.359532739717096
809.5 26.725315882426727 23.36059948540928
810.0 26.72682711734483 23.361680342438316
810.5 26.72823442071216 23.3627473894234
811.0 26.729754283064775 23.363819549760684
811.5 26.73122572760645 23.364887197975563
812.0 26.73269616377997 23.36596039239971
812.5 26.734251771199457 23.36702862916878
813.0 26.735790171559234 23.368105544440695
813.5 26.737316179892495 23.369164152753225
814.0 26.738882441100888 23.370252399641153
814.5 26.740463343024064 23.37133445999668
815.0 26.742019036653396 23.37239484137494
815.5 26.74362923826061 23.37346650528296
816.0 26.74524054587529 23.374537086593016
816.5 26.746870808162257 23.37559320541398
817.0 26.74855262169723 23.376679262377202
817.5 26.750186748664376 23.3777466235438
818.0 26.751865019007436 23.378800707822577
818.5 26.753553737280072 23.379873782313638
819.0 26.755256281029773 23.380945269234957
819.5 26.756990793317787 23.382013021592506
820.0 26.75871219641978 23.38307558319352
820.5 26.760486382974655 23.3841389805079
821.0 26.762271463604222 23.385216279742632
821.5 26.76397081307657 23.38628184339218
822.0 26.76576764275767 23.387341404277386
822.5 26.767638120397294 23.388393230688212
823.0 26.769430352318174 23.389464384535653
823.5 26.771286508971652 23.39051951085688
824.0 26.773109758086324 23.39158928874167
824.5 26.77498209205524 23.392657899626915
825.0 26.776850530476686 23.393708492846716
825.5 26.778726402226614 23.394772071954847
826.0 26.78071518129694 23.395833053507886
826.5 26.78258138301644 23.396899238807837
827.0 26.784494763760502 23.397947003007378
827.5 26.786455470932957 23.39901331101729
828.0 26.788454637611103 23.40006963111577
828.5 26.79042221682608 23.401123014243773
829.0 26.79241157596655 23.4021804199743
829.5 26.794475089772718 23.4032344877034
830.0 26.796438755557006 23.40429065111664
830.5 26.798519071964357 23.40534921004101
831.0 26.800614647818286 23.406411889365085
831.5 26.802691219337 23.407454598676722
832.0 26.804767861905603 23.408514616621545
832.5 26.80688054547861 23.40955980099325
833.0 26.809019358687536 23.41062137752417
833.5 26.811168562509756 23.41166453227355
834.0 26.813304494860517 23.412706481551627
834.5 26.815511259902994 23.41376211500375
835.0 26.817675284004192 23.414803927038253
