FastTrWP/PhaseSpace/IAs/snIa_0.49_30.00_0.54_-0.04.csv
# %ECSV 0.9
# ---
# datatype:
# - {name: time-rel, datatype: float64}
# - {name: g, datatype: float64}
# - {name: i, datatype: float64}
# schema: astropy-2.0
time-rel g i
153.375 26.98468180947579 25.027617572569717
153.875 26.962264961624594 25.01917285567047
154.375 26.940098825562195 25.010792115991876
154.875 26.918285686512156 25.002459093762006
155.375 26.896740915268772 24.99415914806661
155.875 26.87550668126267 24.985891339209495
156.375 26.854573772146434 24.97765112472587
156.875 26.833929093767225 24.969482771592446
157.375 26.81353118021044 24.961303795032844
157.875 26.79342148393422 24.95320435590167
158.375 26.773558068577067 24.945139320277903
158.875 26.754004675140433 24.93710564433947
159.375 26.734611747125946 24.92908430707366
159.875 26.71539598813859 24.921086717136426
160.375 26.696418988454905 24.913112032316516
160.875 26.677535220370856 24.90517712013505
161.375 26.658896410685973 24.897257378097372
161.875 26.640345613866756 24.889365746453255
162.375 26.62197510909707 24.881479240165195
162.875 26.603843157242395 24.87364357100879
163.375 26.585853932214665 24.86581043923579
163.875 26.568015498656145 24.857984024713836
164.375 26.550312476425635 24.85020609659431
164.875 26.532803417968367 24.842436581584153
165.375 26.515450425651018 24.834718584870217
165.875 26.498300901233343 24.82696587993846
166.375 26.48122425485291 24.81929765390251
166.875 26.464339333042762 24.81163921815054
167.37499999999997 26.44755138998873 24.803979960107387
167.875 26.430987730240588 24.796374890888796
168.375 26.414548924512438 24.788754529680375
168.87499999999997 26.3982253901726 24.781203963443076
169.375 26.382039053496086 24.77366013544752
169.875 26.36605903391009 24.766140115522948
170.37499999999997 26.350148757069793 24.758632791769806
170.875 26.334404663316164 24.75117330723712
171.375 26.31879759280421 24.743727112150733
171.87499999999997 26.30327065414945 24.736323167311838
172.375 26.287940611199943 24.728907110940952
172.875 26.27272334894176 24.72153315079265
173.37499999999997 26.257639289115655 24.714224302720407
173.875 26.24266190035618 24.706886801196994
174.375 26.227812048860912 24.699598048527463
174.87499999999997 26.213146266454174 24.692342711674993
175.375 26.198545517143916 24.685095281839327
175.875 26.184067182589356 24.677877552218554
176.37499999999997 26.169705160108357 24.670698624719417
176.875 26.155453619888473 24.663542467799047
177.375 26.14133680554729 24.656407393790825
177.87499999999997 26.127360985856853 24.649302421748548
178.375 26.1134656236985 24.6422119526202
178.875 26.099692851853966 24.635154499983145
179.37499999999997 26.086030687598686 24.62812749396372
179.875 26.07252661924535 24.621104993859497
180.375 26.059045046974802 24.614147562794315
180.87499999999997 26.04571930530348 24.607195492650845
181.375 26.0324877302737 24.600279758449975
181.875 26.019385847346406 24.593355479456598
182.37499999999997 26.00634303773344 24.586499785522243
182.875 25.993435709964828 24.579652868579064
183.375 25.98063146822475 24.572852464959716
183.87499999999997 25.96793070327501 24.566056832625623
184.375 25.955368896671352 24.559278944965698
184.875 25.942763554993853 24.552539602646437
185.37499999999997 25.9303454179086 24.545838427251102
185.875 25.91806701916374 24.539142418713848
186.375 25.90582258151789 24.532468467625506
186.87499999999997 25.89373622556199 24.52585073028654
187.375 25.881650510884725 24.51921963010221
187.875 25.869715510289446 24.512656776687848
188.37499999999997 25.857877357977085 24.50608745920734
188.875 25.846106220609308 24.499576939649543
189.375 25.83442111456328 24.4930515925195
189.87499999999997 25.822854218947295 24.486583987919417
190.375 25.811359968122503 24.48015343775193
190.875 25.799914318930483 24.473700389735825
191.37499999999997 25.788626040351556 24.467301621933373
191.875 25.77736747635835 24.460947397653406
192.375 25.76621360696376 24.454599644000766
192.87499999999997 25.75512536879466 24.44827608130054
193.375 25.744135192629066 24.441961632332074
193.875 25.733222048460004 24.43569299073812
194.37499999999997 25.72237055289615 24.429466988777307
194.875 25.71163304277257 24.423235772028654
195.375 25.70094471132483 24.417032849799494
195.87499999999997 25.69027491765231 24.41084026644488
196.375 25.67966985695803 24.404666396944613
196.875 25.669149611891406 24.398498935536203
197.37499999999997 25.65866478785862 24.3923600836226
197.875 25.648252769887506 24.386235435864734
198.375 25.63788519164801 24.38012306930355
198.87499999999997 25.627596486756218 24.374019042214734
199.375 25.61730777511437 24.367951490833324
199.875 25.607134021688868 24.36187980396269
200.37499999999997 25.596968507495585 24.355817716638395
200.875 25.58685789565333 24.349805493750345
201.375 25.576806064694185 24.34378169313964
201.87499999999997 25.566843399950997 24.337796369962184
202.375 25.556879544114253 24.331799959636204
202.875 25.54700996373093 24.32585785905543
203.37499999999997 25.53717425546587 24.319884426911113
203.875 25.527395415171252 24.31398024211298
204.375 25.51764689022576 24.30805169789184
204.87499999999997 25.508000525340847 24.302172974646602
205.375 25.498361043575798 24.296291344630458
205.875 25.488811846748703 24.29043921023422
206.37499999999997 25.479313440690472 24.284606927955117
206.875 25.469810109546547 24.278766322064065
207.375 25.460392667033027 24.27298553101417
207.87499999999997 25.451032542442498 24.267197072410735
208.375 25.441699081448277 24.26143148081714
208.875 25.432426335590222 24.255686969231192
209.37499999999997 25.42319037292733 24.24996158160985
209.875 25.414052413195883 24.244259062366716
210.375 25.404946156709162 24.238563604033608
210.87499999999997 25.395865424291173 24.232912945700647
211.375 25.38686426376495 24.227240123849505
211.875 25.377891172185983 24.221635759132912
212.37499999999997 25.36897660857585 24.216017824103943
212.875 25.360089309728984 24.210427209257276
213.375 25.351272382383947 24.204878614399288
213.87499999999997 25.342488785481464 24.19931744442731
214.375 25.333748277994616 24.193771565350556
214.875 25.32509143014215 24.18827721326149
215.37499999999997 25.316449378150075 24.18278088610304
215.875 25.307856647565508 24.177307482122362
216.375 25.299330080326605 24.17184030510319
216.87499999999997 25.290824802391576 24.166431836274356
217.375 25.2823782102084 24.161022036904576
217.875 25.273954323023172 24.155640222121754
218.37499999999997 25.26560100146201 24.150262809090002
218.875 25.25731296223318 24.14491556136598
219.375 25.249041306434098 24.13958760920388
219.87499999999997 25.24081732318789 24.134280762548713
220.375 25.232671953409657 24.129006022827273
220.875 25.224507201905983 24.123732243248792
221.37499999999997 25.216397212728253 24.118483757355214
221.875 25.208377542630373 24.113263976084582
222.375 25.200376462326112 24.108061094693237
222.87499999999997 25.192427722683718 24.102876098073004
223.375 25.184523742736257 24.097723394722518
223.875 25.176637922321113 24.092564529496187
224.37499999999997 25.168815544334414 24.08746154420051
224.875 25.161034901134137 24.082345396100724
225.375 25.153289838480696 24.07727439603224
225.87499999999997 25.14560263998757 24.072226304232046
226.375 25.137929718858988 24.067178464755486
226.875 25.130305630739596 24.062157802534166
227.37499999999997 25.122750394230874 24.05716183675295
227.875 25.115207876063792 24.05221159393553
228.375 25.107733854176054 24.047241523686004
228.87499999999997 25.100265729709687 24.042301110913833
229.375 25.092837806001743 24.03740999975429
229.875 25.085478625460098 24.032512499569847
230.37499999999997 25.078152121225518 24.02763193699866
230.875 25.07085765770018 24.02278146649225
231.375 25.063584975477283 24.01795125958958
231.875 25.05634727989554 24.013119822585377
232.375 25.04913960995892 24.00829698629765
232.875 25.041976990382775 24.003490516904357
233.375 25.034805631399408 23.99871558149958
233.875 25.0276736726701 23.993922110083666
234.375 25.02057344929986 23.9891586973981
234.875 25.013506519630386 23.984423100580756
235.375 25.006495833359764 23.97968757098212
235.875 24.999459953224438 23.97496094639203
236.375 24.992503380049605 23.97023532163962
236.875 24.98553522574808 23.96554761645561
237.375 24.97860349844103 23.960847266088333
237.875 24.97172492501582 23.956180373520294
238.375 24.964825820636275 23.951518467277033
238.875 24.958017471217772 23.946877066902204
239.375 24.951193070604063 23.9422536457962
239.875 24.944421274196745 23.937642819852627
240.375 24.937657968264762 23.933041731998806
240.875 24.930923181339924 23.928435404809022
241.375 24.92422293116546 23.923872761827802
241.875 24.91755010439285 23.91931525403286
242.375 24.9109154913304 23.914763978189203
242.875 24.904272484334786 23.910224627428953
243.375 24.897698307109977 23.90571486107782
243.875 24.89113142508773 23.901211776759826
244.375 24.88458547354388 23.896713099673224
244.875 24.87807065840724 23.892236160035925
245.375 24.871613083229732 23.887781484587506
245.875 24.865128382542338 23.88333940495327
246.375 24.858704237767512 23.878907513489935
246.875 24.85229113559978 23.874497666101245
247.375 24.845911455726867 23.870087369425953
247.875 24.839577675838118 23.865698200799873
248.375 24.83323529442825 23.86131085044214
248.875 24.82695314732468 23.856965912797286
249.375 24.82065898845958 23.85261998886174
249.875 24.814412237471966 23.84829839968539
250.375 24.80820782335938 23.843991489964417
250.875 24.802003246979417 23.839684785970192
251.375 24.7958180186432 23.835398035063584
251.875 24.789666473042494 23.83113037204393
252.375 24.783549039243255 23.826884823859423
252.875 24.77745999797001 23.822643231189883
253.375 24.77140319863342 23.81840688376404
253.875 24.765335714819724 23.81420240386226
254.375 24.759320600605825 23.81001784627265
254.875 24.75332844927354 23.80583125104238
255.375 24.747348728545255 23.801663951809473
255.875 24.741404018244864 23.797523643408436
256.375 24.73547889766532 23.793390992333386
256.875 24.72960249744797 23.789277700475896
257.375 24.72372645328513 23.785161672687813
257.875 24.717878887098884 23.781074719456413
258.375 24.712036350412532 23.777015694515583
258.875 24.70625662152109 23.772953444801118
259.375 24.700472408286224 23.768905137862482
259.875 24.694729589767064 23.764893286010086
260.375 24.689002274951328 23.760880450981972
260.875 24.68328910547339 23.756887168672293
261.375 24.67761246099768 23.752906127753807
261.875 24.671932205620216 23.748924149936062
262.375 24.666313295255723 23.744991250328926
262.875 24.660700141762767 23.741053960356687
263.375 24.655128319216736 23.73713229429804
263.875 24.649552351296773 23.733235779788096
264.375 24.64402999329641 23.729344735807803
264.875 24.638502397288235 23.72547466019324
265.375 24.632993916108106 23.72161492555702
265.875 24.62751941891589 23.71777689980422
266.375 24.622071154786305 23.713952756882254
266.875 24.616648811021214 23.71015381160481
267.375 24.61124058816923 23.706352939368056
267.875 24.605836698166716 23.70256111148963
268.375 24.600470102626083 23.698796308807097
268.875 24.595150927187795 23.695023783042327
269.375 24.589794282427352 23.691278135520825
269.875 24.584518633953326 23.687548728964536
270.375 24.579209043920468 23.6838346244908
270.875 24.573935142423746 23.680111675722884
271.375 24.56868748769782 23.676418987717987
271.875 24.56345465789728 23.672738090167158
272.375 24.558246472996878 23.669063598102017
272.875 24.55304543645729 23.665395024768134
273.375 24.547878232920624 23.661741029416888
273.875 24.54271407654454 23.658104842775415
274.375 24.537574578099477 23.654494513670805
274.875 24.532453783053256 23.65085773464071
275.375 24.527321516448218 23.647258618159313
275.875 24.52224367665155 23.643669165750765
276.375 24.5171897448662 23.640080765910504
276.875 24.512114398699666 23.636516069912258
277.375 24.507064304981615 23.632953221191542
277.875 24.502062096678344 23.629403639774882
278.375 24.497066292743543 23.625871805341347
278.875 24.492064176295113 23.622339080949963
279.375 24.487100607184914 23.618820877821776
279.875 24.48214338999124 23.61531874220706
280.375 24.47718392925819 23.611809883057987
280.875 24.472275926868686 23.60833401234047
281.375 24.4673507038538 23.604849430530606
281.875 24.46245925384323 23.60139112165328
282.375 24.45758379353384 23.5979176016438
282.875 24.4527112358611 23.59447612763272
283.375 24.447858768048402 23.59104555730838
283.875 24.443057141678445 23.587622407538667
284.375 24.43820549811474 23.584204794199493
284.875 24.433415980057084 23.58078733612217
285.375 24.428634566051862 23.577386125334336
285.875 24.423847263808977 23.57399552940327
286.375 24.419096500263784 23.57062217198791
286.875 24.41434738329232 23.56724602463747
287.375 24.409612533579207 23.563892925750665
287.875 24.404880130825735 23.560525748390887
288.375 24.4001922974679 23.557175984565117
288.875 24.395501917215427 23.55384525807626
289.375 24.390806211489714 23.55050829674746
289.875 24.386150552215952 23.5471976990125
290.375 24.381503147111395 23.543878197222604
290.875 24.37685795499796 23.5405893571907
291.375 24.372233305278137 23.53729649914527
291.875 24.367625540450966 23.534001584172955
292.375 24.363012034429488 23.530722757432617
292.875 24.358425225545215 23.527448739393428
293.375 24.35385371319235 23.524204986441287
293.875 24.349294916766034 23.520927810845045
294.375 24.344749459422424 23.517698488301335
294.875 24.340200989246522 23.514455793740645
295.375 24.335666126192848 23.51122079211359
295.875 24.33115217685152 23.508007614899427
296.375 24.326641467414774 23.50479001300553
296.875 24.322183781618854 23.50158216198194
297.375 24.317695644423132 23.498377299613274
297.875 24.31322086630674 23.49518313394148
298.375 24.30876353930678 23.491999774578055
298.875 24.304342778101574 23.488827527918726
299.375 24.299906005369046 23.485649909726682
299.875 24.295475624246087 23.482478346176556
300.375 24.29106757499135 23.4793278274283
300.875 24.286660382837624 23.47616953614449
301.375 24.282280104293392 23.473033375377383
301.875 24.27789430718796 23.469899496855163
302.375 24.273534239831427 23.466767162093888
302.875 24.269192062195035 23.463643543242476
303.375 24.264835765439877 23.46053000375665
303.875 24.260521967583312 23.457420686761633
304.375 24.256192650835384 23.454339777134088
304.875 24.251885307581 23.45125023221003
305.375 24.247603581714813 23.448172265463526
305.875 24.243306443624746 23.445086177448164
306.375 24.23903958691725 23.442022641571157
306.875 24.23480106513185 23.43896644195988
307.375 24.23055163631468 23.4359111978935
307.875 24.226323315681547 23.43286274628798
308.375 24.22208049291621 23.429840659001112
308.875 24.217870249563433 23.42679700583455
309.375 24.21366807108372 23.423790749047477
309.875 24.2094635581822 23.42077022204407
310.375 24.205301753023143 23.41775282358084
310.875 24.20112088263883 23.41474928208827
311.375 24.196966205895734 23.41176919212113
311.875 24.192804673807437 23.40878074666389
312.375 24.188663319997655 23.40580080027241
312.875 24.18453523821558 23.40282187621877
313.375 24.180418952273975 23.39986580965015
313.875 24.17631628931238 23.396909974845563
314.375 24.172226806536827 23.393949803191564
314.875 24.168126109171926 23.391009329676585
315.375 24.16405021978513 23.388076168557063
315.875 24.159980893823864 23.38514300991394
316.375 24.155932481394156 23.382206133879478
316.875 24.151874384716162 23.37929072868159
317.375 24.14783324429763 23.37636787367499
317.875 24.14378876150876 23.37347298301005
318.375 24.13976515159416 23.370561133989032
318.875 24.135768258510417 23.36766669057983
319.375 24.13175506420639 23.36477472726807
319.875 24.12775016314314 23.361895140561852
320.375 24.1237781048503 23.359013212529227
320.875 24.11979102327175 23.356145332821328
321.375 24.11582748986996 23.353268861607418
321.875 24.111859168927406 23.350409176220683
322.375 24.10792253257247 23.347558563699998
322.875 24.10398342146245 23.344707300062254
323.375 24.10002853573991 23.341862625155713
323.875 24.096112543490122 23.339037352933858
324.375 24.09219638032328 23.33620279428393
