FastTrWP/PhaseSpace/IAs/snIa_0.69_30.00_-0.15_0.05.csv
# %ECSV 0.9
# ---
# datatype:
# - {name: time-rel, datatype: float64}
# - {name: g, datatype: float64}
# - {name: i, datatype: float64}
# schema: astropy-2.0
time-rel g i
[from data line 1153]
687.5416666666666 24.457583834662017 22.217795030621872
688.0416666666666 24.458736447939412 22.21780930567437
688.5416666666666 24.45991331393423 22.217821128402818
689.0416666666666 24.46109067019966 22.2178406447129
689.5416666666666 24.462272437175322 22.217859249880938
690.0416666666666 24.463452031277463 22.217878109306177
690.5416666666666 24.464635408444106 22.217901456998305
691.0416666666666 24.465802571711976 22.217928851680547
691.5416666666666 24.46699083331968 22.217951760088106
692.0416666666666 24.468172266217362 22.21798309883524
692.5416666666666 24.469367082442037 22.218017205282592
693.0416666666666 24.470539567840646 22.21804614651074
693.5416666666666 24.47173906650236 22.21808007606787
694.0416666666666 24.472953207014562 22.218115367715725
694.5416666666666 24.474144062514497 22.218147656112915
695.0416666666666 24.475344962172446 22.21818972108876
695.5416666666666 24.476537992311215 22.218231712858937
696.0416666666666 24.47774021399317 22.218272352223533
696.5416666666666 24.47894899016167 22.218315928747057
697.0416666666666 24.480142014697833 22.21835940996034
697.5416666666666 24.481349895249043 22.21840209755505
698.0416666666666 24.48257055392309 22.21845828061894
698.5416666666666 24.483780931661194 22.21850844883271
699.0416666666666 24.485009311863124 22.21856461041252
699.5416666666666 24.486235916438368 22.21862119443459
700.0416666666666 24.48746047908756 22.21868557895383
700.5416666666666 24.488701735650842 22.218734442936142
701.0416666666666 24.489951971339828 22.218805384487105
701.5416666666666 24.491177619481526 22.218867235624707
702.0416666666666 24.492417643731272 22.218939750559255
702.5416666666666 24.493686593254523 22.219008066484967
703.0416666666666 24.494926528568573 22.21908009019713
703.5416666666666 24.49618394972735 22.21915315123791
704.0416666666666 24.497460637559385 22.219230502771836
704.5416666666666 24.498713221410796 22.219308890269307
705.0416666666666 24.50000057787605 22.219391749435452
705.5416666666666 24.5012646300935 22.21947631510224
706.0416666666666 24.50254159548752 22.21956003534164
706.5416666666666 24.503826009193908 22.219650540286388
707.0416666666666 24.50511719368549 22.21974025907104
707.5416666666666 24.506395243842 22.219828628186427
708.0416666666666 24.507692157431453 22.219922909034636
708.5416666666666 24.50899083098815 22.220016562640197
709.0416666666666 24.510289290888238 22.220119314094546
709.5416666666666 24.511596400055144 22.220213166634707
710.0416666666666 24.512889984624646 22.220319491329
710.5416666666666 24.514199205490716 22.220422693116046
711.0416666666666 24.51551118274725 22.22052604939978
711.5416666666666 24.51683880311343 22.220638344422913
712.0416666666666 24.518156939292798 22.220743734576743
712.5416666666666 24.519472954759074 22.220861384618846
713.0416666666666 24.520797232022147 22.22097924954681
713.5416666666666 24.522130369963694 22.221090425587462
714.0416666666666 24.523465421256752 22.221211034503877
714.5416666666666 24.524800981378675 22.22132837791703
715.0416666666666 24.526136491284426 22.221452993745793
715.5416666666666 24.52746730330603 22.221578491196695
716.0416666666666 24.5288281869146 22.221704508639153
716.5416666666666 24.530160358792898 22.22182742833523
717.0416666666666 24.531524591880927 22.221960366804506
717.5416666666666 24.532876763102642 22.222091841800857
718.0416666666666 24.53422542081125 22.222224336300226
718.5416666666666 24.535591700958427 22.222360595272526
719.0416666666666 24.536964997464672 22.222500012312366
719.5416666666666 24.53832010475839 22.22264051126123
720.0416666666666 24.539709676318125 22.222773861706465
720.5416666666666 24.54105607022256 22.222918123811976
721.0416666666666 24.54244620902708 22.22306029456948
721.5416666666666 24.543828672292847 22.223209172052975
722.0416666666666 24.545194000892913 22.223355620447553
722.5416666666666 24.546587418217175 22.223499554088228
723.0416666666666 24.54798391058604 22.22365872852435
723.5416666666666 24.549345187259895 22.223811514804353
724.0416666666666 24.550741273861306 22.223961378145226
724.5416666666666 24.552146532839135 22.22411987100829
725.0416666666666 24.553534650228578 22.224282195461793
725.5416666666666 24.55493378507406 22.224439228191546
726.0416666666666 24.55633604511458 22.22459676889394
726.5416666666666 24.557741814202526 22.224765944686204
727.0416666666666 24.55915492336089 22.224926571201223
727.5416666666666 24.560550967260962 22.22509305522842
728.0416666666666 24.561961109296625 22.225267313122803
728.5416666666666 24.563383087785994 22.225429543611305
729.0416666666666 24.564778954151144 22.225602875703544
729.5416666666666 24.56618965942772 22.225768610049492
730.0416666666666 24.56763277798085 22.22594385419614
730.5416666666666 24.569038250532472 22.2261216354212
731.0416666666666 24.5704613495221 22.226299045713596
731.5416666666666 24.57188055510141 22.226480450420866
732.0416666666666 24.57332283272615 22.226656373769792
732.5416666666666 24.574746285657532 22.22683829338842
733.0416666666666 24.576178911739422 22.227019013685513
733.5416666666666 24.5776153485232 22.227208875900708
734.0416666666666 24.57904580116207 22.22739482028597
734.5416666666666 24.580458364503095 22.22758256771998
735.0416666666666 24.581909812895056 22.227771123598657
735.5416666666666 24.58335978790376 22.227961790874513
736.0416666666666 24.584798500899325 22.228155010514268
736.5416666666666 24.586236129669608 22.22834703178708
737.0416666666666 24.587697539371085 22.228540436832628
737.5416666666666 24.589127326200668 22.228735912109393
738.0416666666666 24.590605529645643 22.228930557646954
738.5416666666666 24.59202683787786 22.22913052550382
739.0416666666666 24.593482959129503 22.229327437820604
739.5416666666666 24.594951087649388 22.22953405099831
740.0416666666666 24.596411565929444 22.22974010654238
740.5416666666666 24.597840076780024 22.229945946794363
741.0416666666666 24.599318995156473 22.23015679165026
741.5416666666666 24.600793372080542 22.23036078419167
742.0416666666666 24.602264993003953 22.230577447635692
742.5416666666666 24.603742601064262 22.230784579745297
743.0416666666666 24.605219515621577 22.231006049252414
743.5416666666666 24.606707368918844 22.23122216640221
744.0416666666666 24.608193809493958 22.23144349267305
744.5416666666666 24.609657056519897 22.231661230118384
745.0416666666666 24.611157171553554 22.231883976327175
745.5416666666665 24.612644566430152 22.232101711610454
746.0416666666666 24.614146069322288 22.232331896957895
746.5416666666666 24.61564366912185 22.23256504025011
747.0416666666665 24.617140409940326 22.23278889785606
747.5416666666666 24.618641072287183 22.233021358772742
748.0416666666666 24.62014954491135 22.233254232576574
748.5416666666665 24.621653491473303 22.233494809906166
749.0416666666666 24.623185700362022 22.233724885034487
749.5416666666666 24.62470651134355 22.233972537666787
750.0416666666665 24.626211745606806 22.23421265273194
750.5416666666666 24.62775050030072 22.2344521184475
751.0416666666666 24.629254370089228 22.23469263502284
751.5416666666665 24.630775580011758 22.234941120084596
752.0416666666666 24.632298091626915 22.235187438128335
752.5416666666666 24.633849307206642 22.23543272626735
753.0416666666665 24.635389103440207 22.235689519101
753.5416666666666 24.63692109994596 22.23593468323079
754.0416666666666 24.638470225799317 22.236192565617074
754.5416666666665 24.64001994805576 22.23644856106467
755.0416666666666 24.64157981005854 22.23670622013671
755.5416666666666 24.64309622954795 22.23696460685799
756.0416666666665 24.644665087266144 22.237227999011587
756.5416666666666 24.646220588593593 22.237487883547885
757.0416666666666 24.647784470225176 22.23775255222528
757.5416666666665 24.649343560688664 22.238013589842254
758.0416666666666 24.650900402941296 22.238285133098223
758.5416666666666 24.652484187587213 22.238554482746693
759.0416666666665 24.654053274990588 22.23882556760184
759.5416666666666 24.655598971401513 22.239099855291954
760.0416666666666 24.657203009613863 22.239369215847667
760.5416666666665 24.658785731653605 22.239644119568514
761.0416666666666 24.660370689010925 22.239925703277784
761.5416666666666 24.66196063325421 22.24020538382053
762.0416666666665 24.663550933073353 22.240488186170776
762.5416666666666 24.665128340189494 22.240772498528408
763.0416666666666 24.666724549726567 22.24105025399247
763.5416666666665 24.668335919347268 22.24134114873186
764.0416666666666 24.669928939009985 22.24162838448521
764.5416666666666 24.6715351269049 22.241916228905755
765.0416666666665 24.67312840064637 22.24221211168334
765.5416666666666 24.674756951629085 22.24249595651907
766.0416666666666 24.676344905870387 22.242792065739472
766.5416666666665 24.677959663436617 22.24308393518891
767.0416666666666 24.679584804330418 22.243386547788788
767.5416666666666 24.68121471412048 22.24369064940162
768.0416666666665 24.682855648824052 22.243988881812395
768.5416666666666 24.684451512999463 22.24429471430485
769.0416666666666 24.686095465314267 22.244598186309943
769.5416666666665 24.687738801195444 22.244900154001446
770.0416666666666 24.689385864066637 22.24520691182214
770.5416666666666 24.691008752677423 22.245519009257624
771.0416666666665 24.692631530869523 22.24582457873487
771.5416666666666 24.694285394110288 22.246140263441685
772.0416666666666 24.6959387209738 22.24645305794651
772.5416666666665 24.697598026119508 22.246768538224014
773.0416666666666 24.69923839484646 22.24708838866613
773.5416666666666 24.70089483261447 22.247402222882087
774.0416666666665 24.702552234706587 22.247721614872397
774.5416666666666 24.70422367739942 22.24804130603549
775.0416666666666 24.705891222090656 22.24836508176808
775.5416666666665 24.707537980188427 22.248694530874616
776.0416666666666 24.709228510829657 22.249019306318946
776.5416666666666 24.710900517781592 22.24934471689767
777.0416666666665 24.712570336780185 22.249670243633727
777.5416666666666 24.714252933628728 22.2500025440941
778.0416666666666 24.715933253999264 22.250335149703556
778.5416666666665 24.71759808719181 22.250673630447217
779.0416666666666 24.71928420425213 22.251004886171938
779.5416666666666 24.720993671091108 22.25134075267592
780.0416666666665 24.722689059148454 22.25167659590944
780.5416666666666 24.72440124977432 22.25201659316543
781.0416666666666 24.726105704671472 22.25237003886307
781.5416666666665 24.72781579461317 22.252716344138012
782.0416666666666 24.729525605316297 22.253063053869568
782.5416666666666 24.731235989627407 22.253411994839233
783.0416666666665 24.732959561190874 22.25375726470737
783.5416666666666 24.734683278515234 22.25411333499136
784.0416666666666 24.736409160493018 22.254466118849997
784.5416666666665 24.738109166166605 22.254821192120144
785.0416666666666 24.739861679883546 22.255183536334684
785.5416666666666 24.7416053368582 22.25554085355534
786.0416666666665 24.743357454022895 22.25590149340026
786.5416666666666 24.745084124852333 22.256268239421118
787.0416666666666 24.746817341702876 22.25662559772246
787.5416666666665 24.748591566364247 22.256997971883923
788.0416666666666 24.750338299926256 22.257369258980717
788.5416666666666 24.75207879595672 22.257737084362567
789.0416666666665 24.75385933396458 22.25810843960624
789.5416666666666 24.755636159862032 22.258481454424647
790.0416666666666 24.7573763116432 22.258860365819384
790.5416666666665 24.759156342617345 22.259242408643935
791.0416666666666 24.760923925267626 22.259615428851408
791.5416666666666 24.76271218144912 22.260005215659117
792.0416666666665 24.764502379714983 22.260378670426377
792.5416666666666 24.766282194091897 22.260763750502083
793.0416666666666 24.768079248851038 22.26115447924547
793.5416666666665 24.769856195769023 22.26154137934895
794.0416666666666 24.771673655749026 22.261933144317744
794.5416666666666 24.77344645364525 22.26232102756056
795.0416666666665 24.775267402441983 22.262712637671843
795.5416666666666 24.77707343004408 22.263107811769416
796.0416666666666 24.778891079880502 22.263503336978072
796.5416666666665 24.780715249364572 22.26390450981484
797.0416666666666 24.782511636750645 22.264301200546583
797.5416666666666 24.784351022825973 22.264704789327276
798.0416666666665 24.786175207381596 22.265104386935253
798.5416666666666 24.78798815907702 22.265507275759294
799.0416666666666 24.789839075632194 22.265917667736286
799.5416666666665 24.7916795474073 22.266322896596282
800.0416666666666 24.79352701750178 22.266732433382078
800.5416666666666 24.79533957893423 22.267148959763357
801.0416666666665 24.797191123265513 22.267562658266968
801.5416666666666 24.79905470503883 22.267974488334108
802.0416666666666 24.800895073522064 22.268386880651143
802.5416666666665 24.80274915028791 22.268804062699488
803.0416666666666 24.804608831466904 22.26923067259537
803.5416666666666 24.806463202056435 22.269645150055815
804.0416666666665 24.80830870984835 22.270068253346828
804.5416666666666 24.810193724951176 22.27049411203045
805.0416666666666 24.812065509261245 22.27091698817569
805.5416666666665 24.813949482428068 22.271343499943605
806.0416666666666 24.815837268464847 22.271772067046513
806.5416666666666 24.817698095022926 22.272202086228184
807.0416666666665 24.81958868056921 22.27263180000721
807.5416666666666 24.821479122190357 22.273065266343256
808.0416666666666 24.823349132219583 22.273494678587436
808.5416666666665 24.825266438809848 22.273933652876675
809.0416666666666 24.82716180255426 22.27437756519204
809.5416666666666 24.829076027020154 22.274816246592533
810.0416666666665 24.830972321828785 22.275253262550887
810.5416666666666 24.832865599794268 22.275695646558177
811.0416666666666 24.834785959762318 22.27613993319936
811.5416666666665 24.83669567515618 22.276588170503807
812.0416666666666 24.83861858750619 22.277034847366526
812.5416666666666 24.840526743885817 22.277476537349187
813.0416666666665 24.842454248358937 22.27792960389671
813.5416666666666 24.8443980714146 22.27838517992251
814.0416666666666 24.846321367544398 22.278832230813155
814.5416666666665 24.848242434281048 22.2792917407776
815.0416666666666 24.850199102203337 22.27973891841924
815.5416666666666 24.85210593291008 22.2801972001751
816.0416666666665 24.854060054471724 22.280660126021417
816.5416666666666 24.856024238412708 22.281112821354615
817.0416666666666 24.85797313749334 22.281576600901786
817.5416666666665 24.859898327507324 22.28204110961038
818.0416666666666 24.861879753115865 22.282496833155033
818.5416666666666 24.86382540356242 22.282972803470376
819.0416666666665 24.865806198825258 22.28343462092381
819.5416666666666 24.86775058151806 22.28390459963287
820.0416666666666 24.869738604068218 22.284378146214916
820.5416666666665 24.871697903493065 22.284852092574802
821.0416666666666 24.873716227360735 22.285322557241205
821.5416666666666 24.87568958665517 22.28580205946389
822.0416666666665 24.87769106321562 22.28627974732424
822.5416666666666 24.879726675550934 22.28676023635377
823.0416666666666 24.881712213255764 22.28724641539565
823.5416666666665 24.883730194177133 22.28773242268425
824.0416666666666 24.885771223595082 22.288217919211
824.5416666666666 24.88781687011347 22.28870630787449
825.0416666666665 24.889862054722496 22.289199487201028
825.5416666666666 24.89189849194204 22.289692167582622
826.0416666666666 24.89395274506623 22.29019549790047
826.5416666666665 24.896014636395275 22.290686671894562
827.0416666666666 24.898072441491887 22.291191792864176
827.5416666666666 24.900142657590457 22.291692413650935
828.0416666666665 24.90222335214147 22.292192226866156
828.5416666666666 24.904308894743743 22.29270304770686
829.0416666666666 24.90635751115912 22.293202551461686
829.5416666666665 24.908447201895875 22.293716419210835
830.0416666666666 24.910554392197444 22.294225645064515
830.5416666666666 24.912662142183926 22.294742742561265
831.0416666666665 24.914774673876895 22.29525642986482
831.5416666666666 24.916868295861146 22.2957697592344
