FastTrWP/PhaseSpace/IAs/snIa_0.55_30.00_2.69_0.02.csv
# %ECSV 0.9
# ---
# datatype:
# - {name: time-rel, datatype: float64}
# - {name: g, datatype: float64}
# - {name: i, datatype: float64}
# schema: astropy-2.0
time-rel g i
[from data line 863]
488.0833333333333 23.461826941771243 22.3586638913039
488.5833333333333 23.46119873442534 22.358156882974306
489.0833333333333 23.460585496656616 22.357650342685847
489.5833333333333 23.45996611679866 22.35714729736708
490.0833333333333 23.459353903810833 22.3566605005966
490.5833333333333 23.458747405798796 22.356165367044078
491.0833333333333 23.45813909497695 22.355675530573013
491.5833333333333 23.457552353720654 22.355192577434245
492.0833333333333 23.45695784699014 22.354707499474365
492.5833333333333 23.456379521933485 22.354226222208982
493.0833333333333 23.455797303454766 22.353755043586364
493.5833333333333 23.455224917411325 22.353277326014577
494.0833333333333 23.45465240133073 22.35281920176265
494.5833333333333 23.454087467745612 22.352347651198997
495.0833333333333 23.453537721945438 22.35189164327576
495.5833333333333 23.452989061705196 22.35143442860249
496.0833333333333 23.452435239580353 22.350985092451428
496.5833333333333 23.4518991453995 22.350535261747222
497.0833333333333 23.451343576287723 22.350093188591508
497.5833333333333 23.450828714870294 22.349652901431654
498.0833333333333 23.450294424031046 22.349213957497483
498.5833333333333 23.449779606122554 22.348782301274706
499.0833333333333 23.44926673674494 22.348352368395258
499.5833333333333 23.44876281311596 22.347930164066057
500.0833333333333 23.448257975018755 22.347506629449825
500.5833333333333 23.447755332504947 22.347087857133303
501.0833333333333 23.44726457690075 22.346678073012214
501.5833333333333 23.44678901656753 22.34626679048608
502.0833333333333 23.44630227101615 22.345861393187676
502.5833333333333 23.445824089511916 22.34545574157707
503.0833333333333 23.44536032358021 22.345060737517322
503.5833333333333 23.444890132958616 22.34466892456302
504.0833333333333 23.44443841662514 22.344272444125707
504.5833333333333 23.44398743085805 22.343886595629442
505.0833333333333 23.44352567303451 22.34350506487802
505.5833333333333 23.443095466045015 22.343128588130973
506.0833333333333 23.442655979756157 22.342749517330812
506.5833333333333 23.442234332161036 22.342384987499617
507.0833333333333 23.44180125831954 22.342019467952298
507.5833333333333 23.441380193401695 22.341658456341772
508.0833333333333 23.440977565208108 22.341296889134167
508.5833333333333 23.44057433308749 22.340948871030744
509.0833333333333 23.440161660884456 22.340597084657677
509.5833333333333 23.439761964449943 22.340252359506728
510.0833333333333 23.439386932036562 22.33990899234396
510.5833333333333 23.438996087270183 22.33957393253002
511.0833333333333 23.43862936343845 22.33923912424286
511.5833333333333 23.438245465802524 22.3389112184992
512.0833333333334 23.43788498970039 22.338587349873574
512.5833333333334 23.437531964622224 22.33826282959115
513.0833333333334 23.437171725354293 22.33795376197724
513.5833333333334 23.436820052541712 22.337649600564635
514.0833333333334 23.436491356838832 22.33734423218026
514.5833333333334 23.43615142588506 22.337035155205058
515.0833333333334 23.43583087290758 22.336749316102637
515.5833333333334 23.435506007625094 22.33645737870905
516.0833333333334 23.435187881006986 22.33617089037793
516.5833333333334 23.434863763794883 22.33588188245801
517.0833333333334 23.434561432804163 22.33559884774605
517.5833333333334 23.4342634998742 22.33533293118793
518.0833333333334 23.43394665386956 22.335056645775854
518.5833333333334 23.433665201106727 22.334784446595894
519.0833333333334 23.433376983322706 22.334527195727528
519.5833333333334 23.433102439794347 22.33427180645669
520.0833333333334 23.432832064367062 22.334016217869454
520.5833333333334 23.432556935452716 22.33376410440718
521.0833333333334 23.432292461359797 22.33351834276857
521.5833333333334 23.432046483794814 22.33327500885291
522.0833333333334 23.431786219566963 22.33303121320062
522.5833333333334 23.43153926517111 22.33279176026675
523.0833333333334 23.431288407692993 22.332564139884468
523.5833333333334 23.431060839991567 22.332336598365426
524.0833333333334 23.43081824370572 22.332109821767556
524.5833333333334 23.430606770077137 22.331884969451444
525.0833333333334 23.430366727289133 22.331665287106347
525.5833333333334 23.430149301035215 22.331451022338356
526.0833333333334 23.429955164080663 22.331231664592703
526.5833333333334 23.429737266818016 22.33103500917646
527.0833333333334 23.429534658849434 22.330828164529258
527.5833333333334 23.429324356980796 22.330627111225574
528.0833333333334 23.429138651773673 22.330423254991146
528.5833333333334 23.42895721162889 22.330226463500473
529.0833333333334 23.428760934860698 22.33003232080828
529.5833333333334 23.4285870672066 22.32985517266782
530.0833333333334 23.428415730064355 22.329652396749946
530.5833333333334 23.42825493331989 22.32948068437559
531.0833333333334 23.42807961391226 22.329294762351537
531.5833333333334 23.4279202496857 22.329118192378907
532.0833333333334 23.42776515207553 22.328944330728465
532.5833333333334 23.427622156907756 22.32876758930272
533.0833333333334 23.427475536028723 22.328606667067245
533.5833333333334 23.427325892697883 22.328431454760413
534.0833333333334 23.42719068396054 22.32826101185866
534.5833333333334 23.427055907715403 22.328105414754617
535.0833333333334 23.426931379550208 22.327945898371738
535.5833333333334 23.426797633554575 22.327791104446916
536.0833333333334 23.42668290005654 22.327639704078237
536.5833333333334 23.426570839590276 22.327489866274483
537.0833333333334 23.426459401209712 22.327340540009153
537.5833333333334 23.426353487308134 22.32718409268034
538.0833333333334 23.426249329938884 22.327042007313906
538.5833333333334 23.426155415186898 22.326902496208476
539.0833333333334 23.42605855392943 22.32676528242208
539.5833333333334 23.42596416819392 22.32662047952796
540.0833333333334 23.425883544753102 22.32649085695854
540.5833333333334 23.425804350432795 22.326359333595022
541.0833333333334 23.425713237640263 22.32622018279203
541.5833333333334 23.425644987763476 22.32609198318837
542.0833333333334 23.425570783812113 22.325970412551932
542.5833333333334 23.425510156390892 22.32584168544166
543.0833333333334 23.42545039418253 22.325719688274415
543.5833333333334 23.425386686055663 22.325600995498004
544.0833333333334 23.425341944358514 22.325478259554018
544.5833333333334 23.42528509816654 22.325357812831097
545.0833333333334 23.42524564183346 22.325241597775104
545.5833333333334 23.425196908814176 22.325131753077795
546.0833333333334 23.42515771600301 22.325021203080343
546.5833333333334 23.425118578871633 22.324897941376566
547.0833333333334 23.42509680350512 22.324794327128746
547.5833333333334 23.425064052352287 22.3246859859016
548.0833333333334 23.425042549065644 22.32458877464548
548.5833333333334 23.425028484572476 22.324490604188544
549.0833333333334 23.425024075554028 22.324393550434408
549.5833333333334 23.425024649150828 22.32430058423425
550.0833333333334 23.42501852911486 22.324221876594606
550.5833333333334 23.425030985271107 22.324143298083495
551.0833333333334 23.425044031662317 22.32406391669872
551.5833333333334 23.42508012697493 22.32399915034857
552.0833333333334 23.425092178782023 22.32392537403654
552.5833333333334 23.42512399753793 22.323860423134963
553.0833333333334 23.425159269340952 22.323802637674028
553.5833333333334 23.4252014283293 22.323741236510436
554.0833333333334 23.42524277220582 22.323682856860664
554.5833333333334 23.42529825478246 22.323640675145068
555.0833333333334 23.42536513221042 22.32359563337308
555.5833333333334 23.42542084039382 22.32355762369078
556.0833333333334 23.42549499178563 22.323512339317663
556.5833333333334 23.425561321132623 22.323480724564533
557.0833333333334 23.425629645118544 22.323440204897746
557.5833333333334 23.425725363162094 22.323413328187037
558.0833333333334 23.425809039228767 22.32339466823198
558.5833333333334 23.42591250733619 22.323369280063158
559.0833333333334 23.425996203834785 22.323341748163863
559.5833333333334 23.4260997083943 22.32332046891682
560.0833333333334 23.426202755003413 22.323302994263543
560.5833333333334 23.42630921822459 22.323287211885123
561.0833333333334 23.426432049908982 22.323279703510238
561.5833333333334 23.426538813126434 22.323264247151823
562.0833333333334 23.426674137702 22.3232696448404
562.5833333333334 23.42678642410689 22.3232551958842
563.0833333333334 23.42692816315393 22.323257312326366
563.5833333333334 23.427054110189765 22.323255714385443
564.0833333333334 23.427194728183828 22.323250338516928
564.5833333333334 23.427339818372378 22.323252710578014
565.0833333333334 23.427472894677145 22.323258781952124
565.5833333333334 23.42762700720389 22.32325902930374
566.0833333333334 23.4277789692936 22.32327313929313
566.5833333333334 23.427938069060836 22.323272079316393
567.0833333333334 23.428085879130784 22.32328718088766
567.5833333333334 23.428264663483397 22.32330116552719
568.0833333333334 23.428422689217786 22.323306773447893
568.5833333333334 23.428581431556204 22.32332046830774
569.0833333333334 23.428760899698506 22.32333211281545
569.5833333333334 23.428940594055558 22.32335357772893
570.0833333333334 23.429113669248423 22.32336157133712
570.5833333333334 23.429290115170755 22.3233778852318
571.0833333333334 23.42948065852059 22.323392877617923
571.5833333333334 23.429656187744623 22.323415486189056
572.0833333333334 23.429849062123864 22.323422730274455
572.5833333333334 23.430044141489482 22.323446135924865
573.0833333333334 23.43022819303369 22.323466024299478
573.5833333333334 23.430429110946772 22.323478413956664
574.0833333333334 23.43062941164604 22.323502864387418
574.5833333333334 23.430829952340492 22.323515783953862
575.0833333333334 23.4310255390627 22.323531033046628
575.5833333333334 23.431237756456532 22.32354814601615
576.0833333333334 23.431437283067908 22.323566226996224
576.5833333333334 23.43165137526658 22.32358153019846
577.0833333333334 23.4318623808556 22.323595406200525
577.5833333333334 23.432060035880674 22.323612203620304
578.0833333333334 23.432287362207617 22.32362088289676
578.5833333333334 23.43250072301222 22.32363875508883
579.0833333333334 23.432721947051547 22.323650586795832
579.5833333333334 23.43294908262813 22.32366282584274
580.0833333333334 23.43316231117562 22.323670640774807
580.5833333333334 23.433381786192466 22.32367861429279
581.0833333333334 23.43360243565895 22.3236888047702
581.5833333333334 23.433826999199265 22.323698355438246
582.0833333333334 23.43404732276213 22.32370348790181
582.5833333333334 23.434273582622463 22.32370227025949
583.0833333333334 23.43450634326983 22.323708955133867
583.5833333333334 23.43473397161487 22.323707812808596
584.0833333333334 23.43496159255625 22.323705381169304
584.5833333333334 23.435190686628218 22.32370224802896
585.0833333333334 23.435418128896295 22.323698723135735
585.5833333333334 23.43565748414086 22.323695177229943
586.0833333333334 23.435884803445735 22.323693164153212
586.5833333333334 23.43612930696625 22.323688096844215
587.0833333333334 23.43636615148045 22.323688943726957
587.5833333333334 23.436611160980352 22.32368181666532
588.0833333333334 23.436867910563976 22.32368365951214
588.5833333333334 23.4371057432357 22.32369061183394
589.0833333333334 23.43736516754882 22.323683947227767
589.5833333333334 23.43762457458137 22.323681881044266
590.0833333333334 23.43787085016848 22.32368023688016
590.5833333333334 23.438128577875567 22.323685282288928
591.0833333333334 23.438388087997332 22.323679721268892
591.5833333333334 23.43864672405146 22.32367875151319
592.0833333333334 23.438930208860786 22.323676227687393
592.5833333333334 23.439183830969586 22.323685581808217
593.0833333333334 23.439464370797573 22.32367834245653
593.5833333333334 23.439740549529073 22.323686277460908
594.0833333333334 23.440009576235177 22.323695242148172
594.5833333333334 23.440299684910503 22.323686250428963
595.0833333333334 23.440566330044803 22.323688058315003
595.5833333333334 23.44086221089625 22.32369627436303
596.0833333333334 23.441159751971476 22.323697023538674
596.5833333333334 23.44143583430001 22.32369788146876
597.0833333333334 23.44173165436155 22.323702682899103
597.5833333333334 23.442023342776753 22.323705682402913
598.0833333333334 23.44232535610949 22.32370934730122
598.5833333333334 23.44261894857268 22.323715574060618
599.0833333333334 23.44292697250832 22.3237217722017
599.5833333333334 23.443241157332864 22.323726344082854
600.0833333333334 23.443541906178204 22.32373434945864
600.5833333333334 23.443835624946598 22.32374025705149
601.0833333333334 23.44415982383468 22.32373679654686
601.5833333333334 23.44448417386081 22.323748039880876
602.0833333333334 23.444798866563143 22.323755243643504
602.5833333333334 23.445121538778547 22.323762390046767
603.0833333333334 23.445445549241434 22.323774932906417
603.5833333333334 23.445781513071438 22.323774005825626
604.0833333333334 23.446103475539847 22.323777897608885
604.5833333333334 23.44644071321301 22.323790810309237
605.0833333333334 23.446767280603037 22.32380362171918
605.5833333333334 23.447114873009053 22.323809646382703
606.0833333333334 23.44745387651598 22.323818612996472
606.5833333333334 23.44779640061347 22.323821984335762
607.0833333333334 23.44812970427968 22.323836449483903
607.5833333333334 23.448483715970035 22.323840894909583
608.0833333333334 23.448846255354137 22.323852230442093
608.5833333333334 23.449199588949526 22.323865046941613
609.0833333333334 23.449558497104668 22.32387230401415
609.5833333333334 23.44992006378782 22.32387957258412
610.0833333333334 23.450281454245214 22.323892002768634
610.5833333333334 23.45065910483267 22.32390488223043
611.0833333333334 23.45101087319263 22.323913682070287
611.5833333333334 23.45139787282458 22.323926172104052
612.0833333333334 23.45177111999751 22.323945257628672
612.5833333333334 23.452150326185347 22.323960717623944
613.0833333333334 23.45252517858153 22.323966893967196
613.5833333333334 23.45290568182207 22.323978868534667
614.0833333333334 23.453296649454153 22.32399423151826
614.5833333333334 23.45368537027089 22.324013203528843
615.0833333333334 23.454084691652753 22.324019739985946
615.5833333333334 23.454478624154902 22.324033433956238
616.0833333333334 23.454875076328626 22.324054466436735
616.5833333333334 23.45528554180149 22.324067080295315
617.0833333333334 23.45569300909784 22.32407938405249
617.5833333333334 23.456086605475036 22.3240935759044
618.0833333333334 23.456497245544913 22.324107992556424
618.5833333333334 23.456907811105424 22.324128486401197
619.0833333333334 23.457339359175148 22.324140226368332
619.5833333333334 23.457743918672577 22.324156414441386
620.0833333333334 23.458178087374456 22.324168386302915
620.5833333333334 23.458619504270402 22.32419022311327
621.0833333333334 23.459030179160788 22.324210707745866
621.5833333333334 23.45946113167298 22.32422844320181
622.0833333333334 23.459900926433725 22.324238236414576
622.5833333333334 23.460334046527205 22.324265258140873
623.0833333333334 23.46077930207628 22.3242781953666
623.5833333333334 23.461215334569594 22.324291658942897
624.0833333333334 23.461669805573486 22.324311571379273
624.5833333333334 23.462120454160946 22.324332946375904
625.0833333333334 23.462575568289964 22.3243495537166
625.5833333333334 23.463038050708956 22.3243687151971
626.0833333333334 23.463479115226868 22.324386777358587
626.5833333333334 23.46395065061301 22.32441613623783
627.0833333333334 23.464411342954218 22.324425822079753
627.5833333333334 23.46486964224531 22.324445562370755
628.0833333333334 23.465353606342426 22.324466656417478
628.5833333333334 23.46581639273733 22.324487526458768
629.0833333333334 23.466300953307957 22.324511363087623
629.5833333333334 23.466771578295894 22.324528092494397
630.0833333333334 23.467257666699712 22.324558567328218
630.5833333333334 23.467742620933812 22.324576126099153
631.0833333333334 23.46822780085009 22.324597014554193
631.5833333333334 23.46871635031796 22.324620488381626
632.0833333333334 23.469218790586865 22.32464064304
