FastTrWP/PhaseSpace/IAs/snIa_0.55_30.00_0.17_0.10.csv
# %ECSV 0.9
# ---
# datatype:
# - {name: time-rel, datatype: float64}
# - {name: g, datatype: float64}
# - {name: i, datatype: float64}
# schema: astropy-2.0
time-rel g i
[from data line 363]
-214.0 24.597448831217413 23.130313765557403
-213.5 24.59344886874613 23.127586051604816
-213.0 24.58947506332499 23.124858567911794
-212.5 24.585492045803484 23.122136993774085
-212.0 24.58151473118091 23.11942985811379
-211.5 24.57757249028269 23.11671768298723
-211.0 24.573600434558802 23.114014645046485
-210.5 24.56964100707607 23.111315570471117
-210.0 24.565692302657148 23.108628821722426
-209.5 24.56177232476748 23.105928988458103
-209.0 24.557836114608634 23.103252779781492
-208.5 24.553902030505178 23.10056804496618
-208.0 24.549979674788247 23.09789718663359
-207.5 24.546066077855315 23.09521378494634
-207.0 24.542161708629155 23.092544039544922
-206.5 24.538256536528493 23.089883909310608
-206.0 24.534366102880906 23.087233734641295
-205.5 24.530471787173262 23.08457113890561
-205.0 24.526598013754892 23.081911128427702
-204.5 24.52271119770415 23.07926587128758
-204.0 24.518838752903186 23.07662523969421
-203.5 24.514966272246884 23.073987916535373
-203.0 24.5111174610562 23.07135285597353
-202.5 24.507257680159032 23.068712874120543
-202.0 24.503414286694817 23.06609352736039
-201.5 24.499565530874854 23.063474028430946
-201.0 24.495753491254085 23.060845298665424
-200.5 24.491905920254496 23.058230051770956
-200.0 24.48808376665164 23.055622444085472
-199.5 24.484266510394676 23.05301860459174
-199.0 24.480463784140806 23.05041381568515
-198.5 24.476664322976845 23.047817039766983
-198.0 24.472855482921744 23.045217473454688
-197.5 24.469060063567426 23.04262326863162
-197.0 24.46526334398287 23.04003171765998
-196.5 24.46146401372999 23.03745063604152
-196.0 24.457708341694435 23.03487800107655
-195.5 24.45392917540059 23.03229357655095
-195.0 24.450148064930172 23.0297319153183
-194.5 24.44639442285906 23.02714369459728
-194.0 24.44266005109001 23.02457756444634
-193.5 24.438895196282605 23.022019252450214
-193.0 24.435160212750535 23.019458356002417
-192.5 24.43141127954448 23.016905416894428
-192.0 24.427677057782326 23.01435953479507
-191.5 24.423952913511194 23.011805455218944
-191.0 24.42022324909113 23.009256107049787
-190.5 24.41650409283744 23.006719983519552
-190.0 24.412789335101653 23.004181368923913
-189.5 24.409087955628213 23.001646253571046
-189.0 24.405379006535437 22.999105740592437
-188.5 24.401691420431636 22.996582620694433
-188.0 24.39799195832309 22.994057754209983
-187.5 24.394304587811636 22.991543080347263
-187.0 24.390614497828693 22.989010628392407
-186.5 24.386955052357564 22.98650913220996
-186.0 24.383274146956886 22.983991764591917
-185.5 24.3796011592736 22.981479681012186
-185.0 24.375930070362703 22.978980411010706
-184.50000000000006 24.372279641001416 22.976470696834824
-184.0 24.36860674177246 22.97397047972297
-183.5 24.36496007467833 22.97146994129284
-183.00000000000006 24.361290052653967 22.968964468101674
-182.5 24.35761073169712 22.96646018066351
-182.0 24.353934716857758 22.963960017764794
-181.50000000000006 24.350250892196183 22.961456833292957
-181.0 24.34657283417542 22.958958648205993
-180.5 24.342884925059643 22.95645969055147
-180.00000000000006 24.33917343494146 22.953936413013608
-179.5 24.335481918456306 22.951453682876107
-179.0 24.331779478836943 22.94895218051648
-178.50000000000006 24.32808322887675 22.946450098295617
-178.0 24.324378247679263 22.943952608771365
-177.5 24.320681744870644 22.941463019323542
-177.00000000000006 24.316987881568576 22.938960072385633
-176.5 24.31329541481589 22.936464791616547
-176.0 24.30958626829763 22.93398432189494
-175.50000000000006 24.305892463212867 22.93150062003154
-175.0 24.302203857643654 22.929019115494732
-174.5 24.298514052411548 22.92652839599091
-174.00000000000006 24.294833956533015 22.924048428730348
-173.5 24.291180706569484 22.921570231313066
-173.0 24.287490801802175 22.919097095427485
-172.50000000000006 24.283810723791444 22.91662388430108
-172.0 24.280151288663518 22.914157418153735
-171.5 24.27650590395873 22.91168972167537
-171.00000000000006 24.27286705403823 22.909229409091147
-170.5 24.269208104494666 22.906769528247356
-170.0 24.265554827076613 22.90433032001949
-169.50000000000006 24.261939306918975 22.901872819106085
-169.0 24.258320826281818 22.899428345381622
-168.5 24.25470394222764 22.8969823931877
-168.00000000000006 24.251115303812433 22.89455234193923
-167.5 24.247513117178514 22.892115597548504
-167.0 24.243921519743648 22.889687097547217
-166.50000000000006 24.240359601227603 22.887269935769254
-166.0 24.2367886944173 22.884848459933856
-165.5 24.233226614776132 22.88244479480767
-165.00000000000006 24.22969557439325 22.880030781513334
-164.5 24.22616028051728 22.87763218294161
-164.0 24.22264968179357 22.875241352971404
-163.50000000000006 24.219144698728275 22.8728541753291
-163.0 24.215644286775223 22.870459877363814
-162.5 24.212181027554646 22.86808851224935
-162.00000000000006 24.208711628327073 22.865712400363808
-161.5 24.20525746683152 22.863346410813996
-161.0 24.20181486007127 22.86098269918867
-160.50000000000006 24.198381988684076 22.858634420466334
-160.0 24.19498510266727 22.856284141999165
-159.5 24.191585220499697 22.853949967583077
-159.00000000000006 24.18821914602047 22.85161049113357
-158.5 24.184843896829136 22.849287352455843
-158.0 24.181487671452558 22.846969917222864
-157.50000000000006 24.17815810088229 22.844663976018712
-157.0 24.17485045106055 22.84235532548241
-156.5 24.17157486919066 22.8400553249137
-156.00000000000006 24.16827645210177 22.837770894067543
-155.5 24.16501322897951 22.835492866646575
-155.0 24.161763412370888 22.83321555433103
-154.50000000000006 24.15854614077358 22.830949518813792
-154.0 24.155347230259686 22.828694033813505
-153.5 24.152146172777833 22.826442805753594
-153.00000000000006 24.148966168251466 22.824185004896812
-152.5 24.145821875472766 22.821962444733646
-152.0 24.14270247794667 22.819734708496572
-151.50000000000006 24.139585588132555 22.81751399781586
-151.0 24.136486030008555 22.815316734996756
-150.5 24.133430367597747 22.813112763522433
-150.00000000000006 24.130362246247657 22.8109207655393
-149.5 24.12733595877002 22.808741073860972
-149.0 24.124349760402012 22.80656669985901
-148.50000000000006 24.121335455903797 22.80440732669662
-148.0 24.11837688095694 22.80224645310053
-147.5 24.115430631024438 22.800106226771124
-147.00000000000006 24.112507417409645 22.79797309661799
-146.5 24.109595504602453 22.79583411695652
-146.0 24.106691198750983 22.79371038370701
-145.50000000000006 24.1037815606 22.791595323380562
-145.0 24.10088540497364 22.789469257491074
-144.5 24.098000375740504 22.787356699242814
-144.00000000000006 24.09513156473315 22.78524338595016
-143.5 24.09225448438345 22.783132905917405
-143.0 24.089394128667756 22.781035774035402
-142.50000000000006 24.08653848320277 22.778935422327784
-142.0 24.083694588854733 22.776845856292383
-141.5 24.080863836348 22.774758287161898
-141.00000000000006 24.078032003184845 22.772670529659088
-140.5 24.075222206090295 22.77058965771922
-140.0 24.07239303854201 22.7685159180946
-139.50000000000006 24.06960597765393 22.76644421907634
-139.0 24.06682056147875 22.76437780867106
-138.5 24.064031103672484 22.762319649531623
-138.00000000000006 24.061255356855796 22.760267795158406
-137.5 24.058504419168152 22.758221698918245
-137.0 24.0557521477181 22.75617007869808
-136.50000000000006 24.05301396216476 22.75412920372346
-136.0 24.050293311494585 22.75208749797177
-135.5 24.047569027606155 22.750066175693746
-135.00000000000006 24.044845536813337 22.748039998607076
-134.5 24.042153620043592 22.74602547583686
-134.0 24.039460963893262 22.744011845958916
-133.50000000000006 24.036778772064636 22.7420039898367
-133.0 24.034132240581517 22.739997086443
-132.5 24.031475181723273 22.7380053049176
-132.00000000000006 24.02883577789286 22.736014278001647
-131.5 24.026190631674922 22.734020851219427
-131.0 24.023583410363205 22.732045352489344
-130.50000000000006 24.02097181625717 22.73007024947478
-130.0 24.01837940090198 22.728100742417226
-129.5 24.015794075819198 22.726133153348368
-129.00000000000006 24.013221636232032 22.724179193785407
-128.5 24.010674471752115 22.72221913972503
-128.0 24.00812521036425 22.72028499920985
-127.50000000000006 24.00558718321136 22.718353469911566
-127.0 24.003060748208533 22.716412944871056
-126.5 24.000551409625224 22.714482820790725
-126.00000000000006 23.998055335232106 22.712559500760786
-125.5 23.99556347299835 22.710653975796504
-125.0 23.99310733549481 22.708742107548318
-124.50000000000006 23.99065576551617 22.70683224033917
-124.0 23.988205768482665 22.70494434489862
-123.5 23.98579264327711 22.70305748095982
-123.00000000000006 23.98337143892894 22.70117477122346
-122.5 23.980968313644947 22.699290243949655
-122.0 23.978576590419745 22.697425128863884
-121.50000000000006 23.97619037342247 22.69556194341645
-121.0 23.973840864223007 22.693704276371513
-120.5 23.971504355505203 22.691849223872637
-120.00000000000006 23.969174281442843 22.690012115020064
-119.5 23.966861070763123 22.68817555720978
-119.0 23.964546465808784 22.686341176276894
-118.50000000000006 23.962254202648374 22.68451725673969
-118.0 23.95998903642047 22.6827091505411
-117.5 23.957733346677564 22.680891476258953
-117.00000000000006 23.955486488134024 22.67908782757206
-116.5 23.953266628647654 22.677299947933452
-116.0 23.951055776026926 22.6755055821744
-115.50000000000006 23.94885561907862 22.673721700090933
-115.0 23.946668446442278 22.671944890100093
-114.5 23.944514179088046 22.670177423702214
-114.00000000000006 23.94236844453377 22.66841912472765
-113.5 23.940220915068146 22.666665070799734
-113.0 23.938091526870792 22.664932970007822
-112.50000000000006 23.935990876731253 22.663192444349885
-112.0 23.93391309476115 22.661453475896764
-111.5 23.931834441462847 22.659732336806037
-111.00000000000006 23.929782972713582 22.658014474508292
-110.5 23.927756779262623 22.65630024119147
-110.0 23.925717942146356 22.65460521229128
-109.50000000000006 23.923711235838816 22.6529064264096
-109.0 23.921708894354946 22.65122270173589
-108.5 23.919732149509056 22.649535228464327
-108.00000000000006 23.917760091964357 22.647855409051523
-107.5 23.915786845406267 22.646183953868075
-107.0 23.913836867633673 22.644522600542825
-106.50000000000006 23.911885762312654 22.642859758700947
-106.0 23.90995326066461 22.64119928327887
-105.5 23.90803758308976 22.63954102489312
-105.00000000000006 23.90612935632079 22.63789892810476
-104.5 23.904233251224262 22.636260160801317
-104.0 23.902334037484554 22.634628258404817
-103.50000000000006 23.900454504549057 22.632993683291794
-103.0 23.898584504346356 22.631379227104517
-102.5 23.896724639031525 22.62975348689951
-102.00000000000006 23.894888822551138 22.628132771469566
-101.5 23.893054685743678 22.6265191125766
-101.0 23.89122074057363 22.624925961571446
-100.50000000000006 23.889393467368293 22.623328479664497
-100.0 23.887603798775473 22.62173488777656
-99.5 23.885806547973928 22.620152322479086
-99.00000000000006 23.884035101138256 22.618569080186166
-98.5 23.882267760596587 22.61699235961497
-98.0 23.880490735189 22.615422023145126
-97.50000000000006 23.878743262827363 22.61385609248443
-97.0 23.877003081098643 22.612292679128878
-96.5 23.87529085192814 22.610737713936913
-96.00000000000006 23.8735645370461 22.609189892264837
-95.5 23.87185622219915 22.607648753185053
-95.0 23.870172445714587 22.60610947123088
-94.50000000000006 23.868487661671857 22.60457644575098
-94.0 23.86680619742284 22.60304804736166
-93.5 23.865147948323184 22.60151954134832
-93.00000000000006 23.863478741084236 22.60000207606586
-92.5 23.861842670943687 22.598485330496338
-92.0 23.860207826045045 22.596981050396522
-91.50000000000006 23.858592057573507 22.5954783943307
-91.0 23.856971604640137 22.593980021808157
-90.5 23.855380037755832 22.59248371648658
-90.00000000000006 23.853786557664595 22.591006253611535
-89.5 23.852199049530988 22.58951752623838
-89.0 23.850638382994752 22.588039261360827
-88.50000000000006 23.849070950559394 22.58657069753781
-88.0 23.847522839946844 22.585105300655552
-87.5 23.845978098395612 22.583638579353753
-87.00000000000006 23.844442557821072 22.58218408488903
-86.5 23.842950734697204 22.58073812728773
-86.0 23.841431925133065 22.579287003247217
-85.50000000000006 23.839941457856412 22.57784949789098
-85.0 23.83844165810181 22.576410614018304
-84.5 23.83696528164705 22.574980027016416
-84.00000000000006 23.835485423346082 22.57355502755464
-83.5 23.834042524135363 22.572136304892275
-83.0 23.83260318199582 22.570721783178172
-82.50000000000006 23.83116379252033 22.5693093432198
-82.0 23.829732067283523 22.56790274691914
-81.5 23.82833507996521 22.5665076080216
-81.00000000000006 23.826918547853005 22.56510228631223
-80.5 23.825529412512218 22.563721667845886
-80.0 23.824154194956307 22.562330402425367
-79.50000000000006 23.822784850651363 22.560956398330994
-79.0 23.821415453134215 22.559576240718147
-78.5 23.820074468140653 22.558217704244726
-78.00000000000006 23.818717116742008 22.556844826662864
-77.5 23.817397336717214 22.555486461551567
-77.0 23.81607082254627 22.55413191424816
-76.50000000000006 23.814752802195954 22.5527907820413
-76.0 23.81346169435026 22.551432593636047
-75.5 23.812160572650036 22.550094680566968
-75.00000000000006 23.81087812000532 22.54876069681004
-74.5 23.809609989327623 22.547425770110962
-74.0 23.808359408825677 22.546111543419563
-73.50000000000006 23.80709277283438 22.544793073935562
-73.0 23.805861664275287 22.54347162727739
-72.5 23.804623589326358 22.542157426256658
-72.00000000000006 23.803399999846782 22.540854914280306
-71.5 23.80220201845595 22.539550845087216
-71.0 23.80099790278628 22.53826341192225
-70.50000000000006 23.799805612885446 22.536965223594144
-70.0 23.798603484879198 22.535675194003375
-69.5 23.797437454449096 22.534386261995675
-69.00000000000006 23.79627421715602 22.533113714972504
-68.5 23.795104940477287 22.531837061505286
-68.0 23.793947429851507 22.53056268038002
-67.50000000000006 23.792811054260437 22.52928926724197
-67.0 23.79167015612657 22.528033015727175
-66.5 23.79055626708592 22.52677278833419
-66.00000000000006 23.789421368768068 22.525526477135177
-65.5 23.788322226280506 22.524273104830336
-65.0 23.787222492068857 22.523031900015017
-64.50000000000006 23.786132879107576 22.521785628984773
-64.0 23.78503985246276 22.52055071137239
-63.5 23.783964429703826 22.519317742227408
-63.00000000000006 23.7829077391008 22.51808529480991
-62.5 23.781847177401254 22.516863781308174
-62.0 23.780796345614498 22.51564654877432
-61.50000000000006 23.77975604752887 22.51443112712614
-61.0 23.778727306940798 22.513220236533375
-60.5 23.77771442218323 22.51200701151644
-60.00000000000006 23.77668290221707 22.510812750025448
-59.5 23.775692426214086 22.50961149056941
-59.0 23.774688485020754 22.50841815522929
-58.50000000000006 23.773708082762045 22.507227232316684
-58.0 23.772724054130805 22.506044130464904
-57.5 23.771754493727787 22.504869032678112
-57.0 23.770789991329995 22.503686268919125
-56.5 23.769844288969445 22.50251698503667
-56.0 23.768901333796535 22.5013477321113
-55.5 23.767961361579516 22.50019183803118
-55.0 23.76704110445464 22.499033748432847
-54.5 23.76612573459582 22.49787803182035
-54.0 23.76522158707129 22.496725792998113
-53.5 23.76432902065702 22.49557875902812
-53.0 23.763435838933354 22.494438563561935
-52.5 23.76255830237721 22.49330932297684
-52.0 23.76169029031975 22.49216638277973
-51.5 23.76083751855365 22.491044790845404
-51.0 23.75998670315822 22.489921655233047
-50.5 23.759134939985703 22.488805796271315
-50.0 23.758315126235633 22.48768635663562
-49.5 23.757482754088915 22.486584355663194
-49.0 23.756667563017146 22.485474725032198
-48.5 23.75585172422499 22.484372329260882
-48.0 23.755069475398738 22.483275783078437
-47.5 23.75426787668944 22.482186333488134
-47.0 23.753497386115072 22.481100433273646
-46.5 23.752735690006496 22.480016547224125
-46.0 23.751978455350798 22.47893543897905
-45.5 23.75123609411056 22.477857014072725
