FastTrWP/PhaseSpace/IAs/snIa_0.43_30.00_0.45_0.08.csv
# %ECSV 0.9
# ---
# datatype:
# - {name: time-rel, datatype: float64}
# - {name: g, datatype: float64}
# - {name: i, datatype: float64}
# schema: astropy-2.0
time-rel g i
-413.0 26.98226039960109 24.913455335266924
-412.5 26.959752506250226 24.904909229582483
-412.0 26.937615755277783 24.896379866297266
-411.5 26.915717290764793 24.887920484712822
-411.0 26.894191079884386 24.87945407378784
-410.5 26.872823336511928 24.8710512953544
-410.0 26.851757312822322 24.862650089111156
-409.5 26.830835925518247 24.854274242617315
-409.0 26.810207471289456 24.845930175083623
-408.5 26.789768696642057 24.837625274262763
-408.0 26.769502037625266 24.829301135618728
-407.5 26.74948700431242 24.82104478460044
-407.0 26.729693665774946 24.812772344056345
-406.5 26.71005820451143 24.804555053918694
-406.0 26.690675785506784 24.796371088063204
-405.5 26.671483323930772 24.788206676917515
-405.0 26.652471935400428 24.78005079582221
-404.5 26.63364220484658 24.77191873063881
-404.0 26.614990383163438 24.763852897786553
-403.5 26.596589157162104 24.75577915378429
-403.0 26.57830068945848 24.747730944289277
-402.5 26.560216914123554 24.739744735131843
-402.0 26.54233792099315 24.731750830618303
-401.5 26.524591530666783 24.723792216309597
-401.0 26.507018311108634 24.71587730391228
-400.5 26.489692380368986 24.707944086285913
-400.0 26.47242751770349 24.700097820679183
-399.5 26.45531927059477 24.692262309371035
-399.0 26.43848264014176 24.684437418486375
-398.5 26.421763438271043 24.676655631830194
-398.0 26.405169858447323 24.66888791147983
-397.5 26.38877782377099 24.66116051136149
-397.0 26.372485852108632 24.65346584111387
-396.5 26.356352888272934 24.645787110462642
-396.0 26.340409413987565 24.63812845652635
-395.5 26.3245863527344 24.630532626018816
-395.0 26.30893777466934 24.622924912795604
-394.5 26.293396592757876 24.615361424052388
-394.0 26.27799974297887 24.607830462850767
-393.5 26.262769348070144 24.600344592879665
-393.0 26.247660259418176 24.592859857323862
-392.5 26.23267014974923 24.585416141015607
-392.0 26.217834353802374 24.57799220442854
-391.5 26.20312760471354 24.570615165386414
-391.0 26.188550042396187 24.56326543069819
-390.5 26.174104110601487 24.555939075357784
-390.0 26.15975419623713 24.548648955253775
-389.5 26.145568277598915 24.541378795871406
-389.0 26.131461580598113 24.534143215678515
-388.5 26.11753497570725 24.526930318190473
-388.0 26.103649114542122 24.519756971896214
-387.5 26.089932847936414 24.512583750508334
-387.0 26.076363892657447 24.505470062608858
-386.5 26.062871280640593 24.498378306356567
-386.0 26.049483380318858 24.491333835774633
-385.5 26.036213970760134 24.484268596804533
-385.0 26.02305827187807 24.47727253148752
-384.5 26.010047224890236 24.47028536067522
-384.0 25.997112467987634 24.463326335545833
-383.5 25.984271293396418 24.45642034223138
-383.0 25.971565617517967 24.449525116739288
-382.5 25.958926570115644 24.442672297956417
-382.0 25.946470453635627 24.43583140277145
-381.5 25.933996532434623 24.42904250716053
-381.0 25.92172591162482 24.422249196753192
-380.5 25.909528167577275 24.415502404674264
-380.0 25.89742949741284 24.408779195335875
-379.5 25.88539671809209 24.402104928163062
-379.0 25.87349969031655 24.39543391460917
-378.5 25.861651296498138 24.388809212969473
-378.0 25.849950382374054 24.382198826974225
-377.5 25.8383125356614 24.375636895366334
-377.0 25.826756224810417 24.36908530433156
-376.5 25.81531023258695 24.36255205548099
-376.0 25.80388333654572 24.35605082883602
-375.5 25.792514201379504 24.34957377417487
-375.0 25.78121351790046 24.343079379015606
-374.5 25.769981869704488 24.336610622166575
-374.0 25.7587790058638 24.330166087549976
-373.5 25.747700463739008 24.323746960607213
-373.0 25.736631330638858 24.317334510122013
-372.5 25.725634140623953 24.310955046318107
-372.0 25.714695015985356 24.30458296587172
-371.5 25.703855565505794 24.298243132113633
-371.0 25.69300883153103 24.29189760469193
-370.5 25.682272073246683 24.285595177303044
-370.0 25.671566374737434 24.2793103816277
-369.5 25.660922379950915 24.27301881718892
-369.0 25.65034673179035 24.26677220065535
-368.5 25.639876289555822 24.26052325962136
-368.0 25.629405784589355 24.254301503525923
-367.5 25.619028060762354 24.248112914208978
-367.0 25.608691776463907 24.241938069959158
-366.5 25.598434245764068 24.23578146429633
-366.0 25.58818238617851 24.229639847267702
-365.5 25.57806480863137 24.2235323378693
-365.0 25.567984260569578 24.21743051813006
-364.5 25.557938836771662 24.21136199172937
-364.0 25.547982990961838 24.20530110292401
-363.5 25.538037453607366 24.199262129397468
-363.0 25.528204231399016 24.193247277244055
-362.5 25.518406115104245 24.18724453828478
-362.0 25.508617539116315 24.181290320000958
-361.5 25.498974545961566 24.175337656012665
-361.0 25.489376436584287 24.169401932913296
-360.5 25.479816638859067 24.16350693423315
-360.0 25.470278573290077 24.157617414656617
-359.5 25.460810423797092 24.151761106740224
-359.0 25.451416758211373 24.14589573232966
-358.5 25.442109112792327 24.140097780318918
-358.0 25.432858311527387 24.13428652076478
-357.5 25.423575026869386 24.128506561277625
-357.0 25.41442983556194 24.12275711428571
-356.5 25.40529040331773 24.11702120698
-356.0 25.396253730914342 24.11129140667811
-355.5 25.387239869279114 24.105605284314066
-355.0 25.378308387278338 24.09992541015622
-354.5 25.369401360951493 24.09428437399533
-354.0 25.360550569484552 24.088675005925154
-353.5 25.35176333991876 24.0830618555285
-353.0 25.343049041270458 24.07747163201954
-352.5 25.334386968260297 24.071913638458753
-352.0 25.325761972625955 24.066376652110854
-351.5 25.317208873028765 24.06085330418616
-351.0 25.30867008729409 24.055339020782526
-350.5 25.300220079881953 24.04988997034191
-350.0 25.291788205766665 24.044439819913634
-349.5 25.283427748917006 24.03901107956045
-349.0 25.275132395352692 24.03360509500864
-348.5 25.266886522966622 24.028208517141895
-348.0 25.258678648606818 24.02285852577556
-347.5 25.250515675833697 24.017524958067185
-347.0 25.24241530290594 24.0122033433073
-346.5 25.234404534905636 24.00691409504672
-346.0 25.22638730559906 24.00163542353585
-345.5 25.218425235484865 23.996385455550012
-345.0 25.210566663041412 23.991163048224934
-344.5 25.20268097211581 23.985949786148623
-344.0 25.194890386474814 23.98076981871499
-343.5 25.187156007645747 23.97562121008815
-343.0 25.179443462427187 23.970478213325936
-342.5 25.171793251780894 23.965346701411203
-342.0 25.16418034713277 23.960246595298
-341.5 25.156587494086562 23.955163769933723
-341.0 25.149024757692665 23.950077921224455
-340.5 25.141491462832185 23.9450147940712
-340.0 25.1339934919717 23.939973155189943
-339.5 25.12651701355852 23.934940092545883
-339.0 25.119131566009244 23.929897527063886
-338.5 25.111693908175713 23.924908622354675
-338.0 25.104311758476115 23.91990205624461
-337.5 25.096975217869968 23.914931354595627
-337.0 25.089691135098874 23.90998221717105
-336.5 25.082397542482045 23.90503394140287
-336.0 25.07516213291175 23.90008417475577
-335.5 25.067940693985086 23.89517140145275
-335.0 25.060761833315382 23.890278185569734
-334.5 25.053635434099768 23.88540218681777
-334.0 25.04651504233081 23.880514253587158
-333.5 25.03941941261647 23.875663904758376
-333.0 25.032376873519276 23.870816392245292
-332.5 25.025325621391566 23.865990310535565
-332.0 25.0183434289227 23.861173009734014
-331.5 25.011396890687124 23.85637060406914
-331.0 25.004450069785417 23.85160608239555
-330.5 24.997573848610593 23.846849151371593
-330.0 24.99071100393206 23.84207393403768
-329.5 24.98389207205143 23.83735337219072
-329.0 24.97709375834543 23.832627428390126
-328.5 24.970331898300667 23.827922579106982
-328.0 24.963568519057656 23.823230915646203
-327.5 24.956861912805838 23.818547123231667
-327.0 24.950211860609457 23.813888435871927
-326.5 24.94354998883212 23.809258092297778
-326.0 24.936953888108636 23.804626079531445
-325.5 24.930357982088594 23.80000799905677
-325.0 24.92381271964756 23.795433593032634
-324.5 24.91729595597997 23.79084425399514
-324.0 24.91078330505664 23.78627013849471
-323.5 24.90433941718733 23.78174131607084
-323.0 24.897940137096107 23.77720303267346
-322.5 24.89154663171017 23.772680504919506
-322.0 24.885176993139225 23.76816710331802
-321.5 24.878844751689936 23.76368625490963
-321.0 24.87255308054817 23.759210420400652
-320.5 24.86628192676639 23.75476442590971
-320.0 24.860011647390202 23.750326130487235
-319.5 24.85382293566434 23.745900384737336
-319.0 24.847638048395986 23.74149578852891
-318.5 24.841512055215023 23.737114355748282
-318.0 24.83538257367375 23.732741985255213
-317.5 24.82930713076257 23.72838186910605
-317.0 24.823260287239776 23.72403078542804
-316.5 24.817210898525705 23.719708364394773
-316.0 24.811235838314545 23.715407705274885
-315.5 24.805277452835043 23.711110758965148
-315.0 24.799331819990506 23.706832034843686
-314.5 24.793410544099128 23.70257241974832
-314.0 24.78755365526804 23.69831207159477
-313.5 24.781703664257734 23.69408188420167
-313.0 24.77587548642067 23.689878691495228
-312.5 24.770085858492816 23.685684393214387
-312.0 24.76433224333114 23.681494827114868
-311.5 24.75861807098741 23.677323101747238
-311.0 24.75291476671987 23.673181732322575
-310.5 24.74726137066524 23.66904680646149
-310.0 24.74162028053264 23.664933335361976
-309.5 24.73601399603413 23.66083157393028
-309.0 24.73041720662291 23.65673421081508
-308.5 24.724881807714976 23.65267291443615
-308.0 24.719352816205156 23.648606363003314
-307.5 24.71385057862348 23.64458264686508
-307.0 24.708380928101764 23.64054764121161
-306.5 24.702942685093213 23.636534625383202
-306.0 24.697494431556905 23.632542080078277
-305.5 24.692089498006304 23.628552365139917
-305.0 24.686706761894477 23.62457878523468
-304.5 24.68137224023192 23.620624461264825
-304.0 24.676020771884076 23.616681018112367
-303.5 24.67073093916152 23.612741334088263
-303.0 24.665415589963644 23.608811666171
-302.5 24.660169487304067 23.604922303490472
-302.0 24.65491673429969 23.601017930138042
-301.5 24.649684016713948 23.59713406564916
-301.0 24.644486133308202 23.593259756833305
-300.5 24.639299799393743 23.589409667133232
-300.0 24.634147574573714 23.585563483940973
-299.5 24.62900452161618 23.581729349941895
-299.0 24.62388551126988 23.577891893165422
-298.5 24.618792656432 23.5740908621956
-298.0 24.613708800468782 23.57029291849671
-297.5 24.6086490489863 23.56650742642
-297.0 24.603604752783728 23.5627219786689
-296.5 24.59857751714241 23.55896461493745
-296.0 24.59359321129177 23.555207403229048
-295.5 24.588601686393613 23.551464097771543
-295.0 24.583627285872083 23.547736257309822
-294.5 24.578708798290698 23.5440085337822
-294.0 24.573751999141994 23.540296622910297
-293.5 24.5688429365735 23.53660592041725
-293.0 24.563958987900676 23.532904534834515
-292.5 24.559091026841546 23.529234809798652
-292.0 24.554249396073622 23.525561467582662
-291.5 24.549376074346018 23.521903006394943
-291.0 24.544570466395697 23.518263788029365
-290.5 24.539769925787237 23.51462892166419
-290.0 24.534984320039626 23.510995607308658
-289.5 24.530216477509317 23.507367187262155
-289.0 24.525460514146644 23.50377390465566
-288.5 24.520736516623778 23.50016470865055
-288.0 24.515993437225045 23.496578720045424
-287.5 24.51128799620079 23.492996384228768
-287.0 24.506601346884867 23.48942688340344
-286.5 24.501943457722078 23.485860447526324
-286.0 24.49727242504324 23.482301735322682
-285.5 24.49263142655292 23.47876736175273
-285.0 24.48799893679325 23.47523324398196
-284.5 24.48337892145462 23.471705828669602
-284.0 24.4787944915501 23.4681943656727
-283.5 24.47420495375407 23.46468279678147
-283.0 24.46962650863311 23.46118218878464
-282.5 24.465081860936976 23.4576864858991
-282.0 24.460547169370294 23.454215971898797
-281.5 24.456009304120954 23.450739232168736
-281.0 24.451500396671825 23.44726058987193
-280.5 24.44701346841049 23.4438078347929
-280.0 24.44251943084847 23.440371382924173
-279.5 24.438040251504326 23.436924288328328
-279.0 24.433611679402965 23.43348510941478
-278.5 24.429154724844466 23.430073755019443
-278.0 24.42472876630804 23.426646239070816
-277.5 24.42028975702042 23.42324959698482
-277.0 24.415904603496585 23.41983617526676
-276.5 24.41150827528743 23.41643782571842
-276.0 24.407116549944604 23.413063259749833
-275.5 24.402775034969324 23.409675557651166
-275.0 24.39840802923608 23.406310351972035
-274.5 24.39406524856457 23.402943244546826
-274.0 24.389747789348036 23.399581180795202
-273.5 24.385423997688825 23.39624038792738
-273.0 24.381124407778515 23.392895291037085
-272.5 24.376835999516796 23.389576028711243
-272.0 24.372576567413027 23.386257667462374
-271.5 24.368305201643494 23.38293260233293
-271.0 24.364067171744992 23.379621877529893
-270.5 24.359837132456043 23.376336630701612
-270.0 24.355623370996753 23.3730435072423
-269.5 24.3513985957968 23.36976461451256
-269.0 24.347200664487065 23.366483512589916
-268.5 24.3430234426 23.363224951571414
-268.0 24.33885132741462 23.35996703843112
-267.5 24.334694990799672 23.356724009546955
-267.0 24.330559534838994 23.353478675957582
-266.5 24.326431048232116 23.350243346553206
-266.0 24.322290733458054 23.34702508240138
-265.5 24.318188834056006 23.34379909056255
-265.0 24.314091541535095 23.34059993456701
-264.5 24.310009818299626 23.33738674001191
-264.0 24.30595168648143 23.334187035543074
-263.5 24.3018921400691 23.33100099317701
-263.0 24.297827490261458 23.327812532451194
-262.5 24.293793566277557 23.324642318872858
-262.0 24.289767729212038 23.32147145867038
-261.5 24.28575072495448 23.3183232247462
-261.0 24.281750195121703 23.315160756946312
-260.5 24.277746559496688 23.31201278046599
-260.0 24.273760603619642 23.308885093308792
-259.5 24.26978548600609 23.30574225191034
-259.0 24.265821814570508 23.302615727557523
-258.5 24.26186652270485 23.29949614928119
-258.0 24.257931644906275 23.296387509722795
-257.5 24.253996273339983 23.293272181134043
-257.0 24.250071533832042 23.290171561719042
-256.5 24.246169239419547 23.287079198720328
-256.0 24.242252736968666 23.283998586708705
-255.5 24.238361525122496 23.280907680730515
-255.0 24.234490307491455 23.277838959953808
-254.5 24.230606456127553 23.274763246564504
-254.0 24.22674220056546 23.271696161602044
-253.5 24.22289588076852 23.26864487085876
-253.0 24.219049621812413 23.26559751980449
-252.5 24.215196425126145 23.262548875165812
-252.0 24.21138875629026 23.25949415383907
-251.5 24.207583180791982 23.25647252351171
-251.0 24.20378195723041 23.253441564389057
-250.5 24.19996561578592 23.250428091107583
-250.0 24.196182001677258 23.24740220193954
-249.5 24.192390293750158 23.24439868724926
-249.0 24.188615635791205 23.24138577828664
-248.5 24.18486828766085 23.23839145751982
-248.0 24.18110176292297 23.2353921404787
-247.5 24.177360410071287 23.23240728983169
-247.0 24.17363395175157 23.2294169582868
-246.5 24.169897446447504 23.226441527606895
-246.0 24.16617357357667 23.223460933973357
-245.5 24.162449727901084 23.22049739180222
-245.0 24.158756958737527 23.217531729276708
-244.5 24.15505941100421 23.21458039819692
-244.0 24.15135074026372 23.21162426818095
-243.5 24.147669550794678 23.20867400342996
-243.0 24.144006245636753 23.205728454029654
-242.5 24.1403417940484 23.20279002000248
-242.0 24.1366602034083 23.199847053659166
-241.5 24.133017911326316 23.19692743203966
-241.0 24.129383110483325 23.194000311096392
-240.5 24.125735263618786 23.191079566017905
-240.0 24.122115760030923 23.18816101202782
-239.5 24.11849578336977 23.185250446839895
-239.0 24.114884995781733 23.182342683994722
-238.5 24.11127485658455 23.17944933370788
-238.0 24.107671620599934 23.17655224794813
-237.5 24.104097635913906 23.173665822612506
-237.0 24.1005105569795 23.170788815956808
-236.5 24.09694837697224 23.167909050462253
-236.0 24.093374645568026 23.165043755309394
-235.5 24.089831649473954 23.162164722782883
-235.0 24.086282036468564 23.159313297502493
-234.5 24.08275066327096 23.156449256988623
-234.0 24.07922333148315 23.15359796552855
-233.5 24.075687727702682 23.150746346572628
-233.0 24.07217732417203 23.147916348590964
-232.5 24.0686728315955 23.145082674581484
