FastTrWP/PhaseSpace/IAs/snIa_0.34_30.00_-1.31_0.05.csv
# %ECSV 0.9
# ---
# datatype:
# - {name: time-rel, datatype: float64}
# - {name: g, datatype: float64}
# - {name: i, datatype: float64}
# schema: astropy-2.0
time-rel g i
[from data line 578]
537.5208333333334 23.063623055746273 22.694917631680703
538.0208333333334 23.062343287596626 22.693504637327266
538.5208333333334 23.06106925063684 22.692090985264834
539.0208333333334 23.059801524274746 22.6906790276289
539.5208333333334 23.058561542609883 22.68927635117347
540.0208333333334 23.05731872326394 22.68788525102091
540.5208333333334 23.05608650778662 22.686499636612428
541.0208333333334 23.0548688626601 22.685120230757544
541.5208333333334 23.053643230336903 22.68373996873414
542.0208333333334 23.052451498126235 22.682376325380105
542.5208333333334 23.05125978568572 22.681012705206605
543.0208333333334 23.05007320977005 22.67966498798978
543.5208333333334 23.048894435290737 22.678314491210557
544.0208333333334 23.04773014486669 22.676970578196787
544.5208333333334 23.04658576638541 22.675630944484645
545.0208333333334 23.04542220917288 22.674302234617215
545.5208333333334 23.044287779179847 22.672975069485318
546.0208333333334 23.04316176184896 22.671659531119502
546.5208333333334 23.04203074956551 22.67035000608166
547.0208333333334 23.040926885052244 22.6690407934047
547.5208333333334 23.039820947814743 22.66774229547829
548.0208333333334 23.038728563053695 22.6664436818446
548.5208333333334 23.037642763155848 22.66516489142915
549.0208333333334 23.036562010646637 22.663874924890855
549.5208333333334 23.035479579143434 22.66260090127634
550.0208333333334 23.034432013327233 22.661328885051034
550.5208333333334 23.033376251167525 22.660062163176143
551.0208333333334 23.032332283281246 22.65880305560912
551.5208333333334 23.031304696519037 22.657538842031624
552.0208333333334 23.03028105656328 22.656296919249176
552.5208333333334 23.029257122060322 22.655056398703024
553.0208333333334 23.028242279275357 22.65381053733417
553.5208333333334 23.02725454392902 22.65258522768725
554.0208333333334 23.02624940367909 22.65135951580421
554.5208333333334 23.025261099546693 22.650129024509937
555.0208333333334 23.02428859067855 22.64890974190434
555.5208333333334 23.023317814804237 22.647696798073472
556.0208333333334 23.02235176476266 22.646497967692937
556.5208333333334 23.021406330626462 22.64528965307619
557.0208333333334 23.020450949618482 22.644096315120663
557.5208333333334 23.019517860022848 22.642910553794273
558.0208333333334 23.01859323949511 22.64171936786802
558.5208333333334 23.017667933793554 22.640532343166324
559.0208333333334 23.016748105631418 22.6393653228386
559.5208333333334 23.015853548311686 22.63818870949408
560.0208333333334 23.014948351855264 22.637023602010757
560.5208333333334 23.014066051883212 22.635855275669314
561.0208333333334 23.01317804005658 22.63470381092329
561.5208333333334 23.01230211763398 22.63355234645381
562.0208333333334 23.011433880560965 22.63240307776406
562.5208333333334 23.010569206288242 22.631253966245957
563.0208333333334 23.009722146515518 22.630122723213745
563.5208333333334 23.008869634156763 22.628986374762597
564.0208333333334 23.008032183974315 22.627860792895827
564.5208333333334 23.007210010208986 22.62673430445574
565.0208333333334 23.006393186689913 22.625616809882366
565.5208333333334 23.005576312822654 22.624505415894326
566.0208333333334 23.004782644517363 22.62340009540703
566.5208333333334 23.00398317407304 22.62230532411019
567.0208333333334 23.00319629508321 22.621200676446918
567.5208333333334 23.002422372430317 22.620126138682586
568.0208333333334 23.001655888212518 22.619043516006208
568.5208333333334 23.000898708840772 22.617975559176205
569.0208333333334 23.000152354676587 22.61690170044604
569.5208333333334 22.99940790747934 22.615839290762008
570.0208333333334 22.998678464569196 22.61477939208776
570.5208333333334 22.99795907289917 22.613733102703357
571.0208333333334 22.997236030775472 22.61267731050902
571.5208333333334 22.996538785479146 22.611641926635244
572.0208333333334 22.995837462553737 22.610597659010494
572.5208333333334 22.995148823041546 22.609572196796236
573.0208333333334 22.99446115537247 22.608541352581643
573.5208333333334 22.99378651552253 22.60753366143713
574.0208333333334 22.993112953066156 22.606508392075725
574.5208333333334 22.992452502652764 22.605494223784383
575.0208333333334 22.991804705619387 22.604487223928885
575.5208333333334 22.991157043648162 22.603476288597385
576.0208333333334 22.990523488007938 22.602491100388235
576.5208333333334 22.98988291516272 22.601493984775445
577.0208333333334 22.989267910811076 22.600508420170577
577.5208333333334 22.98865272430422 22.59951854478269
578.0208333333334 22.988035419735166 22.598537304878686
578.5208333333334 22.98743543353078 22.597560633197485
579.0208333333334 22.986837312377535 22.596587421238127
579.5208333333334 22.986250267409037 22.595619885902565
580.0208333333334 22.985661300951893 22.594657310135304
580.5208333333334 22.985084229731815 22.593694325412606
581.0208333333334 22.98451262243382 22.592748267092304
581.5208333333334 22.98395353286824 22.591790606846644
582.0208333333334 22.983385384260156 22.59084552403683
582.5208333333334 22.982835097438908 22.58989672533864
583.0208333333334 22.982299169922833 22.588955134079576
583.5208333333334 22.98175810017981 22.58801545162314
584.0208333333334 22.98123046711514 22.58707976849747
584.5208333333334 22.980702921796443 22.58614805472725
585.0208333333334 22.980179057644033 22.58521967969157
585.5208333333334 22.97965944985746 22.584298914956523
586.0208333333334 22.97915304059353 22.583374695437918
586.5208333333334 22.978639294470874 22.58245528034198
587.0208333333334 22.978145614375475 22.58153845938707
587.5208333333334 22.977647700266502 22.58062429059084
588.0208333333334 22.97716469047338 22.579714055361393
588.5208333333334 22.976684962077623 22.578810421867836
589.0208333333334 22.97619912349966 22.57789916863068
589.5208333333334 22.975729926897678 22.57699928182504
590.0208333333334 22.975264414662572 22.57610108391228
590.5208333333334 22.97479860337125 22.575205622304505
591.0208333333334 22.97433705868581 22.574306253990464
591.5208333333334 22.97388654185097 22.573416626600675
592.0208333333334 22.97343152281609 22.57252715161549
592.5208333333334 22.972989016781966 22.571633226438536
593.0208333333334 22.9725417259141 22.57074554515
593.5208333333334 22.972109259528647 22.569859296484424
594.0208333333334 22.97167843469595 22.568984488823396
594.5208333333334 22.971249095563387 22.568104926465153
595.0208333333334 22.97082637963285 22.56722436108507
595.5208333333334 22.970412425762152 22.566351342564175
596.0208333333334 22.96998997478581 22.565477858493587
596.5208333333334 22.969578050082816 22.564599817293853
597.0208333333334 22.96917473740536 22.56372784212095
597.5208333333334 22.968775501743583 22.562860113519605
598.0208333333334 22.96838170192401 22.562000505737075
598.5208333333334 22.96798254201213 22.56112949119125
599.0208333333334 22.96760596422876 22.560276110949054
599.5208333333334 22.96721750820074 22.55941795819366
600.0208333333334 22.96684952929092 22.558557516897146
600.5208333333334 22.966473045584127 22.557706101987804
601.0208333333334 22.96610926078906 22.556860891905206
601.5208333333334 22.965751622954812 22.55601746212877
602.0208333333334 22.965394606838355 22.555176693079027
602.5208333333334 22.965048482426266 22.55433493860408
603.0208333333334 22.964697963482852 22.5534933514955
603.5208333333334 22.964361120381515 22.552663900305955
604.0208333333334 22.96402663346442 22.551831072066705
604.5208333333334 22.963693556675636 22.551002718522998
605.0208333333334 22.96337141066989 22.550178139308414
605.5208333333334 22.96305866438384 22.549355542763156
606.0208333333334 22.96274298858552 22.54853684246237
606.5208333333334 22.96243031195253 22.547712871770123
607.0208333333334 22.96213133284634 22.546902596232385
607.5208333333334 22.961844930462817 22.54608320149965
608.0208333333334 22.961550925695164 22.54528064562124
608.5208333333334 22.961254755605317 22.544470523104323
609.0208333333334 22.96098255426817 22.54366999756973
609.5208333333334 22.960707833317095 22.542873105808468
610.0208333333334 22.960432111419347 22.54207059817329
610.5208333333334 22.96017275210207 22.541280398920684
611.0208333333334 22.95992011557527 22.540490598194406
611.5208333333334 22.959658051577083 22.53969725158828
612.0208333333334 22.959413393174906 22.538905873809224
612.5208333333334 22.95917133037561 22.538133247137665
613.0208333333334 22.95893871300132 22.537346277183662
613.5208333333334 22.95870561663728 22.536572589642315
614.0208333333334 22.958485097022795 22.53580113626225
614.5208333333334 22.958259535594756 22.53502205603695
615.0208333333334 22.95804955793271 22.534256927885444
615.5208333333334 22.957828656203553 22.533496724941536
616.0208333333334 22.957640073520604 22.532732610087468
616.5208333333334 22.957447166128347 22.531978235350284
617.0208333333334 22.9572618142349 22.53121676125721
617.5208333333334 22.957067512917764 22.530466061446862
618.0208333333334 22.95689184410525 22.529718109915255
618.5208333333334 22.95672355949874 22.528967112402075
619.0208333333334 22.956550261197826 22.52822681928777
619.5208333333334 22.9563895245548 22.52748291049345
620.0208333333334 22.95623347587153 22.526754237435
620.5208333333334 22.95608510320212 22.526017188943463
621.0208333333334 22.955946175054983 22.525282766766473
621.5208333333334 22.955809023867634 22.52455753464181
622.0208333333334 22.95567436929499 22.523827821909546
622.5208333333334 22.955546173532923 22.52311086206131
623.0208333333334 22.955436995517587 22.5223911972005
623.5208333333334 22.955321332698603 22.521675737969634
624.0208333333334 22.955205781126185 22.52096774589948
624.5208333333334 22.955113601712775 22.52025522924059
625.0208333333334 22.95501960140208 22.51954757529996
625.5208333333334 22.95492303334194 22.518846433103725
626.0208333333334 22.954849747042104 22.518143478911092
626.5208333333334 22.95477071790673 22.517450691264173
627.0208333333334 22.95469625588632 22.516757212947375
627.5208333333334 22.95463145654946 22.51606401706884
628.0208333333334 22.954583121082663 22.515377760679293
628.5208333333334 22.954529052319735 22.51469063107439
629.0208333333334 22.954475754107992 22.51401990004902
629.5208333333334 22.954437165840545 22.513338533119995
630.0208333333334 22.954409574211965 22.512663725305
630.5208333333334 22.95437352327321 22.511987182138174
631.0208333333334 22.95434607861209 22.511315611663978
631.5208333333334 22.954326442494548 22.51065367018645
632.0208333333334 22.954310391407308 22.509982583165282
632.5208333333334 22.954313550901343 22.50932705842541
633.0208333333334 22.9543137044569 22.508669256585723
633.5208333333334 22.954314174632877 22.50801475759961
634.0208333333334 22.954322293353776 22.507359092746405
634.5208333333334 22.954336168964776 22.506705837832367
635.0208333333334 22.954352442750753 22.506054898297478
635.5208333333334 22.954384973501888 22.50541577053361
636.0208333333334 22.954420455745304 22.50476806846745
636.5208333333334 22.954458648520557 22.504130610089987
637.0208333333334 22.9544885364721 22.503488937549285
637.5208333333334 22.954541120053715 22.5028576785442
638.0208333333334 22.954596670738738 22.502225720604486
638.5208333333334 22.954658197048904 22.501600652031936
639.0208333333334 22.95472179289783 22.500971991338808
639.5208333333334 22.95480378173641 22.500344668330868
640.0208333333334 22.954874336184716 22.499728331460737
640.5208333333334 22.954958392142494 22.49912125845126
641.0208333333334 22.955051780252656 22.498498187575812
641.5208333333334 22.95514018691554 22.497885560977366
642.0208333333334 22.955238695488795 22.49727770124441
642.5208333333334 22.955356751537565 22.496668715879053
643.0208333333334 22.95547016180857 22.496068781723075
643.5208333333334 22.955587084736653 22.495466731256396
644.0208333333334 22.95571374082899 22.49487211488338
644.5208333333334 22.95583952141079 22.49427580773815
645.0208333333334 22.955971024290506 22.493684212590416
645.5208333333334 22.95612301071571 22.493094822949573
646.0208333333334 22.956272357480863 22.492510318119237
646.5208333333334 22.956424179580996 22.491919507323807
647.0208333333334 22.956587935742586 22.49134654223174
647.5208333333334 22.956756262049787 22.49077235835876
648.0208333333334 22.956923666946956 22.49019776216718
648.5208333333334 22.957102054505782 22.489632018562954
649.0208333333334 22.957287080105196 22.489060767556378
649.5208333333334 22.957482884135505 22.488494547028985
650.0208333333334 22.957679986633835 22.487929142739176
650.5208333333334 22.957886560386505 22.4873718351075
651.0208333333334 22.958089967779657 22.486812715900633
651.5208333333334 22.958312278073212 22.48625888109912
652.0208333333334 22.958534980876916 22.48570833389602
652.5208333333334 22.958754138672486 22.485165323356927
653.0208333333334 22.95899313109427 22.484619343976266
653.5208333333334 22.95923420777216 22.484083169559376
654.0208333333334 22.959480797600683 22.48354699071883
654.5208333333334 22.95973770604991 22.483010365180935
655.0208333333334 22.95999234407928 22.48248057101042
655.5208333333334 22.960257868946485 22.481953861297065
656.0208333333334 22.96053718973708 22.481426170310872
656.5208333333334 22.96081329656193 22.480904254639974
657.0208333333334 22.961096439116055 22.480387274321835
657.5208333333334 22.961394257077856 22.479873691806624
658.0208333333334 22.961683665210924 22.47935911239617
658.5208333333334 22.961990352421488 22.47884698311236
659.0208333333334 22.962314267269093 22.47833751693481
659.5208333333334 22.962620075715407 22.477838906904942
660.0208333333334 22.962948512778148 22.47733465335918
660.5208333333334 22.963284588234266 22.476841191455115
661.0208333333334 22.963614260247716 22.476351402813684
661.5208333333334 22.96396774884103 22.475857779274605
662.0208333333334 22.964321081857623 22.475367867916823
662.5208333333334 22.96467879632973 22.474880330808745
663.0208333333334 22.965057377632334 22.47439646724426
663.5208333333334 22.96543122578094 22.473916450868266
664.0208333333334 22.96581637347132 22.473437245024922
664.5208333333334 22.96621728563308 22.47295977636057
665.0208333333334 22.96661324025547 22.472488325010076
665.5208333333334 22.967029985774264 22.472013630359307
666.0208333333334 22.967448056921448 22.47154683392634
666.5208333333334 22.96786214191451 22.47108775865322
667.0208333333334 22.9683061150633 22.470615229089297
667.5208333333334 22.968743782077674 22.470159711466206
668.0208333333334 22.969189490248997 22.46969830213041
668.5208333333334 22.969640306190104 22.46924467751245
669.0208333333334 22.970110800599276 22.468795031815596
669.5208333333334 22.970573068407788 22.468344364482967
670.0208333333334 22.97104651848833 22.46789934250723
670.5208333333334 22.971518857707633 22.467466318339042
671.0208333333334 22.97201587783676 22.467018877173007
671.5208333333334 22.972510392724587 22.466576090703867
672.0208333333334 22.972999663763108 22.466141936867125
672.5208333333334 22.973513398432463 22.46571623291767
673.0208333333334 22.974025335486235 22.46528692483604
673.5208333333334 22.97453547446683 22.46485553954365
674.0208333333334 22.97506846632933 22.464435183930235
674.5208333333334 22.97560150371808 22.464013211075674
675.0208333333334 22.976129934605062 22.463593836616553
675.5208333333334 22.97667787609639 22.463184472384327
676.0208333333334 22.977214193434836 22.46276949223915
676.5208333333334 22.977761570850724 22.462358692074133
677.0208333333334 22.978331343998043 22.46195788959476
677.5208333333334 22.97888816666831 22.46155784335507
678.0208333333334 22.97945798875228 22.46115626352864
678.5208333333334 22.98003187064483 22.460757303569924
679.0208333333334 22.980609090278858 22.460366873718186
679.5208333333334 22.981199015510633 22.459975469342087
680.0208333333334 22.981793244586353 22.45958149936171
680.5208333333334 22.98238434224151 22.459200823145864
681.0208333333334 22.982974198651924 22.4588215285706
681.5208333333334 22.983580406719337 22.458443915771028
