FastTrWP/PhaseSpace/IAs/snIa_0.6_20_0.0_0.0.csv
# %ECSV 0.9
# ---
# datatype:
# - {name: time-rel, datatype: float64}
# - {name: g, datatype: float64}
# - {name: i, datatype: float64}
# schema: astropy-2.0
time-rel g i
[from data line 652]
312.3125 -26.30894439209761 -27.617454270915978
312.8125 -26.308964513841573 -27.61823738683427
313.3125 -26.308994416263275 -27.61901507008538
313.8125 -26.309013610877 -27.619792412634574
314.3125 -26.30901697379167 -27.62055529625259
314.8125 -26.30903426186231 -27.62132372202011
315.3125 -26.30901006490568 -27.62208691639541
315.8125 -26.308993561404925 -27.62284546318243
316.3125 -26.308966889742997 -27.6236054749695
316.8125 -26.30893499154187 -27.624358345086165
317.3125 -26.308879537523833 -27.625113669260845
317.8125 -26.30884407777487 -27.625856455164246
318.3125 -26.308773286246733 -27.62660290381892
318.8125 -26.30871351788946 -27.62733454955521
319.3125 -26.30862988394852 -27.628073151439978
319.8125 -26.308547741176717 -27.628812614484772
320.3125 -26.308455082621247 -27.62953596663842
320.8125 -26.308366725258242 -27.63026747792585
321.3125 -26.308259789890446 -27.63099507289762
321.8125 -26.30814138117031 -27.631708814786357
322.3125 -26.308024667011324 -27.632424586590165
322.8125 -26.30789240039345 -27.63313792687017
323.3125 -26.30775969107549 -27.63385403316775
323.8125 -26.307616405925543 -27.634553269742135
324.3125 -26.307461652193957 -27.63526616435534
324.8125 -26.30730794847734 -27.635958631309165
325.3125 -26.30713748205826 -27.63666138272295
325.8125 -26.306971604903204 -27.637358454786863
326.3125 -26.306793744981487 -27.63805829832798
326.8125 -26.306619515501342 -27.63874182336994
327.3125 -26.306431964149418 -27.639426997502735
327.8125 -26.306238973877466 -27.640105346503194
328.3125 -26.306038233432254 -27.6407925776234
328.8125 -26.305825039821315 -27.641466349032186
329.3125 -26.30560703372895 -27.642145284672107
329.8125 -26.30539914350662 -27.64281178914422
330.3125 -26.305176585066285 -27.643487316678815
330.8125 -26.304943554783836 -27.64415289128277
331.3125 -26.304724918075525 -27.64481217831019
331.8125 -26.3044838157165 -27.645473944836457
332.3125 -26.304230739070597 -27.6461279024404
332.8125 -26.303996336503648 -27.646780824340397
333.3125 -26.30374207954443 -27.647440403230753
333.8125 -26.303483890091037 -27.648086524662094
334.3125 -26.303221168310426 -27.64873162543192
334.8125 -26.302942930128694 -27.649378868847162
335.3125 -26.302666928853288 -27.650021033380426
335.8125 -26.30239964603524 -27.65065775419093
336.3125 -26.30211545463029 -27.651291310805078
336.8125 -26.301829171340103 -27.651924092596218
337.3125 -26.30154071252941 -27.652560169291093
337.8125 -26.3012565214477 -27.65318204534236
338.3125 -26.30095784954433 -27.653817291622325
338.8125 -26.300651273639044 -27.65442900972299
339.3125 -26.300361951664705 -27.655055866076165
339.8125 -26.3000636135828 -27.655671237314692
340.3125 -26.299750610399258 -27.656289153457617
340.8125 -26.299433636746397 -27.656900551082906
341.3125 -26.299121773438063 -27.657510473812895
341.8125 -26.298795266100065 -27.6581231474948
342.3125 -26.298483314732675 -27.65873128140631
342.8125 -26.29816443400533 -27.659330368149867
343.3125 -26.297842422843758 -27.659933203552068
343.8125 -26.297498217147357 -27.660530782062697
344.3125 -26.29718122311624 -27.661129650857514
344.8125 -26.296836883596626 -27.66172338153311
345.3125 -26.296503137787013 -27.662313717119247
345.8125 -26.296167417747544 -27.662899100531206
346.3125 -26.295825949633397 -27.663490377210533
346.8125 -26.295483579449026 -27.66407388680888
347.3125 -26.2951410077023 -27.664658893736934
347.8125 -26.294800841094844 -27.66523772782321
348.3125 -26.294462284407665 -27.665809179887408
348.8125 -26.294107348356608 -27.666392277685485
349.3125 -26.29375631555169 -27.666957125897795
349.8125 -26.293415157140142 -27.66753655936956
350.3125 -26.293058453856034 -27.668102602566652
350.8125 -26.292720091819852 -27.668669346747137
351.3125 -26.292377929009163 -27.66923772621515
351.8125 -26.292010043261914 -27.669795881035817
352.3125 -26.291654597805383 -27.67036215195835
352.8125 -26.29128723475116 -27.670920534412723
353.3125 -26.290921044900113 -27.671472440280237
353.8125 -26.29055881181545 -27.672032124982422
354.3125 -26.290190749261587 -27.672580589698978
354.8125 -26.2897982737099 -27.67313085145321
355.3125 -26.28942113800939 -27.67367856517786
355.8125 -26.289037247835676 -27.674227103605343
356.3125 -26.288649135535 -27.674763997910404
356.8125 -26.288272303306503 -27.675304304425605
357.3125 -26.28787309143838 -27.67584351484629
357.8125 -26.287477308571493 -27.67638159335016
358.3125 -26.287074227347972 -27.676914796030317
358.8125 -26.286674032694044 -27.677451715190816
359.3125 -26.286270769717998 -27.67797521796563
359.8125 -26.285848318152844 -27.67850067915444
360.3125 -26.28543819907423 -27.6790257046196
360.8125 -26.28502243155673 -27.679539987873287
361.3125 -26.284602285760418 -27.68006690085707
361.8125 -26.284175751785426 -27.680589338571046
362.3125 -26.283747047601217 -27.681095989566444
362.8125 -26.283308397076013 -27.68161510817574
363.3125 -26.28287018699269 -27.682127845788855
363.8125 -26.282436286782275 -27.682632084685448
364.3125 -26.281991450874198 -27.683136849527052
364.8125 -26.28152488173026 -27.683641075469374
365.3125 -26.28109110029431 -27.68413597971562
365.8125 -26.280630429669003 -27.68464043180291
366.3125 -26.280159618258857 -27.68513973028417
366.8125 -26.279715117794304 -27.68562826284322
367.3125 -26.279242263185154 -27.686122904492777
367.8125 -26.278776419767645 -27.686611088813056
368.3125 -26.278304429007346 -27.68710226363217
368.8125 -26.27781085914071 -27.687583517136744
369.3125 -26.277328407268243 -27.688066277601074
369.8125 -26.276848002445554 -27.68854342312039
370.3125 -26.276360364796524 -27.68902198393963
370.8125 -26.275859606758665 -27.68949724146284
371.31249999999994 -26.275370615371006 -27.68996241313253
371.8125 -26.274857513132893 -27.690436697386424
372.3125 -26.27436146222776 -27.690910399432134
372.81249999999994 -26.273845602406347 -27.691366794544106
373.3125 -26.27332989755526 -27.691829738309444
373.8125 -26.272826522640152 -27.69229098560452
374.31249999999994 -26.272287470344207 -27.692745270067324
374.8125 -26.271760179359788 -27.69320009818577
375.3125 -26.27123537629459 -27.693654338941865
375.81249999999994 -26.270698890048855 -27.69410810256589
376.3125 -26.270164855670682 -27.694554517337057
376.8125 -26.269617000671172 -27.694996218000835
377.31249999999994 -26.269072603853093 -27.69544225895992
377.8125 -26.268529774760914 -27.69587114017407
378.3125 -26.2679744044736 -27.69631338780604
378.81249999999994 -26.26739800480287 -27.696745633630847
379.3125 -26.266848935633295 -27.69718052276728
379.8125 -26.266273895657854 -27.69760087766825
380.31249999999994 -26.265702280403943 -27.698029093847335
380.8125 -26.265132487593522 -27.6984574452517
381.3125 -26.264560588437224 -27.698870175647023
381.81249999999994 -26.263972630501918 -27.699301601586868
382.3125 -26.263367235728097 -27.699708069090097
382.8125 -26.262787232786742 -27.70012600919973
383.31249999999994 -26.262199191732662 -27.700535480448277
383.8125 -26.26158723135756 -27.700946402002373
384.3125 -26.260983543742373 -27.701351166671493
384.81249999999994 -26.260373033726058 -27.70175741858997
385.3125 -26.259753329607612 -27.702145561116787
385.8125 -26.259139292786408 -27.702548606574716
386.31249999999994 -26.258510254904714 -27.702947569665845
386.8125 -26.257881739626665 -27.70333260182985
387.3125 -26.25725547785755 -27.70371896408678
387.81249999999994 -26.25661980224201 -27.70411288276071
388.3125 -26.255989832185765 -27.704492064438394
388.8125 -26.2553305250406 -27.70487646728272
389.31249999999994 -26.25468326676544 -27.705251875869195
389.8125 -26.25402989457588 -27.70563064573162
390.3125 -26.253369078267625 -27.70600235064481
390.81249999999994 -26.252706113828204 -27.706376543107986
391.3125 -26.25205618038087 -27.706749732873625
391.8125 -26.251360805317155 -27.70710429731168
392.31249999999994 -26.250705511479534 -27.707473193982814
392.8125 -26.2500175351936 -27.70783616677123
393.3125 -26.24934115434975 -27.708192434232572
393.81249999999994 -26.24865668525498 -27.708552299793144
394.3125 -26.247951829403156 -27.708905280301373
394.8125 -26.2472629695137 -27.70925348569715
395.31249999999994 -26.246557281216084 -27.70961055446147
395.8125 -26.245847545291255 -27.70995448398938
396.3125 -26.245142156219977 -27.710300236777137
396.81249999999994 -26.24443182926855 -27.71064995259861
397.3125 -26.243730625033308 -27.710982920961218
397.8125 -26.242987995028074 -27.71132602533595
398.31249999999994 -26.242269425938566 -27.71166283372787
398.8125 -26.241530906891928 -27.71199224438872
399.3125 -26.24079481570098 -27.712332544125307
399.81249999999994 -26.240064783885785 -27.712653076571602
400.3125 -26.239319984999042 -27.71298108304392
400.8125 -26.23856219170473 -27.713310019602048
401.31249999999994 -26.237805455356067 -27.71363364648733
401.8125 -26.23705726948474 -27.713947269692355
402.3125 -26.236295926088076 -27.714266445185416
402.81249999999994 -26.23552389940619 -27.714585181671975
403.3125 -26.23474133800011 -27.71488999776063
403.8125 -26.23397517662672 -27.71519661596848
404.31249999999994 -26.233198693793934 -27.715511209103944
404.8125 -26.232416320216608 -27.71581145482722
405.3125 -26.231622140179937 -27.71611800154374
405.81249999999994 -26.230827018959 -27.71641782568283
406.3125 -26.230032526336608 -27.71671694690489
406.8125 -26.229237484104356 -27.71700584146922
407.31249999999994 -26.228426055170026 -27.71730039871108
407.8125 -26.227624464687302 -27.717593344910814
408.3125 -26.226798385840322 -27.717882140370467
408.81249999999994 -26.225971708701742 -27.718167542451116
409.3125 -26.225141732621733 -27.718447532903994
409.8125 -26.224314265664212 -27.718723216819832
410.31249999999994 -26.22348309248455 -27.719007759003482
410.8125 -26.222638346570438 -27.71927503149199
411.3125 -26.221800887756544 -27.719547743738957
411.81249999999994 -26.220943899965306 -27.719821495597362
412.3125 -26.220092804165137 -27.720094520533497
412.8125 -26.219239163383527 -27.72035116856759
413.31249999999994 -26.21837317110868 -27.72061558960013
413.8125 -26.217504973312813 -27.720875989122863
414.3125 -26.216631312654947 -27.721134825747548
414.81249999999994 -26.215759013210732 -27.721394927926806
415.3125 -26.21487166976937 -27.72164528484483
415.8125 -26.213994849269582 -27.721889136421662
416.31249999999994 -26.213097779558183 -27.72213639413981
416.8125 -26.21219383950376 -27.722381582594558
417.3125 -26.211286177670864 -27.722627050598398
417.81249999999994 -26.21037468286483 -27.722863914624863
418.3125 -26.20946954698207 -27.723101670571918
418.8125 -26.2085508164899 -27.72333771030507
419.31249999999994 -26.207634519920916 -27.723567734661025
419.8125 -26.206712353804853 -27.72380029844152
420.3125 -26.205776852761062 -27.72402140832547
420.81249999999994 -26.204826103026065 -27.724245538593056
421.3125 -26.20389073392335 -27.724466165175855
421.8125 -26.20294810590814 -27.724685591207304
422.31249999999994 -26.20199723109916 -27.72490511561912
422.8125 -26.20103198915364 -27.725114662778388
423.3125 -26.20009067974638 -27.725326764955255
423.81249999999994 -26.1991108049757 -27.725536994202468
424.3125 -26.198126100068578 -27.72574165579975
424.8125 -26.19716176530885 -27.725939466523112
425.31249999999994 -26.19618926800239 -27.72614775925092
425.8125 -26.195189935689474 -27.72634420676625
426.3125 -26.19418338066266 -27.726535414119514
426.81249999999994 -26.193203904263733 -27.726724652388608
427.3125 -26.192200830825072 -27.726910241613556
427.8125 -26.19118602028099 -27.72709778745743
428.31249999999994 -26.19017622721874 -27.72728844837627
428.8125 -26.189145582796094 -27.727465447038814
429.3125 -26.18812318035639 -27.727644485156393
429.81249999999994 -26.18709003186822 -27.727823467063043
430.3125 -26.18603858786301 -27.727991927234502
430.8125 -26.184977805457944 -27.72816382869344
431.31249999999994 -26.18392508161582 -27.728326295077515
431.8125 -26.182863809679606 -27.728489134672646
432.3125 -26.181788951022725 -27.728647708826664
432.81249999999994 -26.18071062101423 -27.728806744118586
433.3125 -26.179615852131846 -27.72896350026695
433.8125 -26.178532276587507 -27.72911091145506
434.31249999999994 -26.17741602365564 -27.72926071484465
434.8125 -26.17632377657226 -27.729408854459933
435.3125 -26.175208479629866 -27.729546442167077
435.81249999999994 -26.17407972210923 -27.729696113526753
436.3125 -26.17297108434485 -27.729823755823098
436.8125 -26.17181600316611 -27.729960963471388
437.31249999999994 -26.17068834263961 -27.730100657228945
437.8125 -26.169537026637816 -27.730223926740937
438.3125 -26.168373254527566 -27.730360250052712
438.81249999999994 -26.167228111838817 -27.730482253045974
439.3125 -26.166068572273744 -27.730603129147294
439.8125 -26.164909061799754 -27.730726265124584
440.31249999999994 -26.16372050342036 -27.730843941561428
440.8125 -26.16254213541388 -27.730958283620648
441.3125 -26.161359388409153 -27.731067047334864
441.81249999999994 -26.16016212256529 -27.73117063719385
442.3125 -26.15897065373126 -27.73128006760541
442.8125 -26.157769824538693 -27.731386358777442
443.31249999999994 -26.156555830765026 -27.731489189521987
443.8125 -26.155341153519718 -27.731589332952503
444.3125 -26.154121580405544 -27.731687659932543
444.81249999999994 -26.15288841017317 -27.731780845124074
445.3125 -26.151687063044974 -27.731878345160716
445.8125 -26.15044342600619 -27.731964043048546
446.31249999999994 -26.149194297698777 -27.732054295125963
446.8125 -26.147963157616832 -27.732143817576564
447.3125 -26.14670779733395 -27.732223890427235
447.81249999999994 -26.145463463255247 -27.73230553620656
448.3125 -26.144201581843923 -27.73238091481446
448.8125 -26.14293950099704 -27.732462657932118
449.31249999999994 -26.141684567840215 -27.732535635494514
449.8125 -26.14041738366179 -27.73261052796194
450.3125 -26.139138757193475 -27.73267910524561
450.81249999999994 -26.13787001391897 -27.73275100841742
451.3125 -26.13659148279502 -27.73281937522709
451.8125 -26.135303521238477 -27.732886590492058
452.31249999999994 -26.13401454862079 -27.732950109423665
452.8125 -26.132718598243876 -27.7330056678826
453.3125 -26.131416766073077 -27.73306937365229
453.81249999999994 -26.130148488418385 -27.733122057639367
454.3125 -26.128829814119065 -27.733182992253937
454.8125 -26.127522760021517 -27.73322976026211
455.31249999999994 -26.126219570668137 -27.733280223725615
455.8125 -26.1249081848341 -27.73333238615126
456.3125 -26.123603137907438 -27.73337760340441
456.81249999999994 -26.122282735685264 -27.73342703212231
457.3125 -26.120962152872774 -27.73346932299633
457.8125 -26.119646105335782 -27.733505954301233
458.31249999999994 -26.118325002747262 -27.733555874869058
458.8125 -26.116992376026644 -27.73358810461008
459.3125 -26.115658062707436 -27.73363160953178
459.81249999999994 -26.114333529489137 -27.733667556631424
460.3125 -26.113001766344443 -27.733698363618373
460.8125 -26.111663614899584 -27.733732814024332
461.31249999999994 -26.110340525621332 -27.73375635223209
461.8125 -26.108995821983495 -27.73378662472536
462.3125 -26.107670669104177 -27.733818171593988
462.81249999999994 -26.10632468358201 -27.733843666925644
463.3125 -26.104974265984502 -27.733870700093295
463.8125 -26.10362491067439 -27.733893379486272
464.31249999999994 -26.102290764078354 -27.733907042947685
464.8125 -26.100937704880707 -27.73393367011331
465.3125 -26.09959193601233 -27.733954233524397
465.81249999999994 -26.098248433398176 -27.73396251636437
466.3125 -26.096884384271092 -27.733983157339715
466.8125 -26.095537048804136 -27.734001401011067
467.31249999999994 -26.094178569254534 -27.734011664819977
467.8125 -26.092813560860712 -27.734017764098944
468.3125 -26.091450603372728 -27.73402230928786
468.81249999999994 -26.09008557691906 -27.734033430635847
469.3125 -26.088707807612558 -27.734033178200796
469.8125 -26.087298183001298 -27.734032254460168
470.31249999999994 -26.08590558937497 -27.734034375997958
