FastTrWP/PhaseSpace/IAs/snIa_0.55_30.00_0.14_0.15.csv
# %ECSV 0.9
# ---
# datatype:
# - {name: time-rel, datatype: float64}
# - {name: g, datatype: float64}
# - {name: i, datatype: float64}
# schema: astropy-2.0
time-rel g i
156.33333333333334 26.988921929620815 24.683108637790937
156.83333333333334 26.976446689165847 24.675337588869862
157.33333333333334 26.964057853465366 24.667600056934127
157.83333333333334 26.951831046860843 24.6599044391677
158.33333333333334 26.939628689434436 24.652250620196824
158.83333333333334 26.92749917619161 24.644600226275394
159.33333333333334 26.915470620970492 24.636991572600458
159.83333333333334 26.90355840229969 24.629422434044347
160.33333333333334 26.89167886170203 24.6218653721482
160.83333333333334 26.87994910084752 24.61436242933334
161.33333333333334 26.86821590472413 24.60687137024201
161.83333333333334 26.856637422583592 24.599426242235964
162.33333333333334 26.845097190361827 24.59201587256114
162.83333333333334 26.83359350368371 24.584616946552934
163.33333333333334 26.822250684759897 24.5772580361727
163.83333333333334 26.810966211195716 24.56992325509155
164.33333333333334 26.79980195195311 24.562636066454072
164.83333333333334 26.788616803071726 24.55534962677951
165.33333333333334 26.77762288142574 24.548121235967805
165.83333333333334 26.76656068051841 24.54091047188799
166.33333333333334 26.755668977281204 24.533723774985262
166.83333333333334 26.7448233099274 24.52659136036829
167.33333333333334 26.734049641524145 24.51946682894804
167.83333333333334 26.72335069503005 24.512387895019202
168.33333333333334 26.71275954212153 24.505329357975167
168.83333333333331 26.70217847016866 24.498294867647825
169.33333333333334 26.69172133927458 24.491307334917778
169.83333333333334 26.681309998147654 24.48433934361695
170.33333333333331 26.67098830509932 24.477411845633014
170.83333333333334 26.66064459975179 24.47050152392974
171.33333333333334 26.650530107908224 24.463634562989004
171.83333333333331 26.640368076960677 24.456786354639565
172.33333333333334 26.63031949444286 24.44995659489986
172.83333333333334 26.620328524831088 24.44317686354229
173.33333333333331 26.610358794000714 24.43642436850238
173.83333333333334 26.600539255922317 24.429699474974193
174.33333333333334 26.59075139395138 24.423006831130625
174.83333333333331 26.581056831647537 24.416321802373872
175.33333333333334 26.571339108320014 24.409659701560436
175.83333333333334 26.561669564848582 24.403009631623597
176.33333333333331 26.552153902477844 24.396403311082864
176.83333333333334 26.54263311040967 24.389805769656057
177.33333333333334 26.533125656464517 24.38321892291433
177.83333333333331 26.523670340381504 24.376649179404282
178.33333333333334 26.51433943580241 24.370099524397784
178.83333333333334 26.505024368514892 24.363570582197287
179.33333333333331 26.495725280856316 24.35703922559774
179.83333333333334 26.48651759059071 24.350559156560255
180.33333333333334 26.47732623085542 24.344076411643233
180.83333333333331 26.468212593899946 24.337626397351503
181.33333333333334 26.459161874635345 24.331177127739522
181.83333333333334 26.450112497981536 24.324771508533555
182.33333333333331 26.44112487832599 24.31836358513229
182.83333333333334 26.432204007175557 24.312001923050776
183.33333333333334 26.42326857708607 24.305621822797583
183.83333333333331 26.41443511070335 24.299285125018763
184.33333333333334 26.40561271135153 24.29299939288161
184.83333333333334 26.396833704217343 24.286685271745107
185.33333333333331 26.388158231870452 24.280394758940716
185.83333333333334 26.379475663113116 24.2741530668275
186.33333333333334 26.370809893072998 24.267918406910578
186.83333333333331 26.36223605134312 24.261688263172747
187.33333333333334 26.3536249654393 24.25549107096764
187.83333333333334 26.34511132136967 24.249319445354732
188.33333333333331 26.336646992783095 24.243165231939688
188.83333333333334 26.32818675456324 24.237028207571605
189.33333333333334 26.31977816474189 24.230908251567115
189.83333333333331 26.311442687009503 24.22482159684932
190.33333333333334 26.30309725929282 24.218764682347647
190.83333333333334 26.294836315511727 24.212715159474985
191.33333333333331 26.28656352897536 24.206681742984237
191.83333333333334 26.278360669147446 24.200668735172435
192.33333333333334 26.270153953800456 24.194687690562482
192.83333333333331 26.262064481979262 24.188727642650193
193.33333333333334 26.253954688242388 24.18277382903119
193.83333333333334 26.24588521863615 24.176867585166086
194.33333333333331 26.237831341069633 24.170950000094646
194.83333333333334 26.229857786417156 24.16508020833856
195.33333333333334 26.22188828441444 24.15924292712152
195.83333333333331 26.213913316410157 24.153391293032428
196.33333333333334 26.206034247568564 24.14759755003881
196.83333333333334 26.198163832206358 24.14181181294221
197.33333333333331 26.19033459633441 24.13604622554761
197.83333333333334 26.182552897166573 24.130284903359566
198.33333333333334 26.174791164128965 24.12456261895832
198.83333333333331 26.16706621641496 24.11886775574846
199.33333333333334 26.159333613144106 24.113184501947934
199.83333333333334 26.151664816835037 24.107525281710444
200.33333333333331 26.144022448957234 24.101903412730806
200.83333333333334 26.136448262906534 24.096280134513034
201.33333333333334 26.128854442444336 24.09069286293071
201.83333333333331 26.121336679214735 24.08511999567232
202.33333333333334 26.11379394668127 24.079579433082905
202.83333333333334 26.106296444110434 24.074056659431562
203.33333333333331 26.098817777242452 24.068555733863292
203.83333333333334 26.091384324529727 24.06305727603003
204.33333333333334 26.08400623355085 24.057619539369057
204.83333333333331 26.07662934514439 24.052172573773042
205.33333333333334 26.069310448646977 24.046768744534788
205.83333333333334 26.062001843008915 24.041366910004957
206.33333333333331 26.054730057318668 24.035999093764858
206.83333333333334 26.04743998143352 24.03064089773835
207.33333333333334 26.04021056787653 24.025322651719602
207.83333333333331 26.03299775283446 24.020023504282598
208.33333333333334 26.02585136176387 24.014758541485094
208.83333333333334 26.018688756942765 24.009497240357355
209.33333333333331 26.01154709387147 24.004259915441686
209.83333333333334 26.004453484126472 23.999034563311177
210.33333333333334 25.997356634446174 23.99384498270515
210.83333333333331 25.99034792579396 23.9886753883632
211.33333333333334 25.983307257646544 23.983534695801193
211.83333333333334 25.976316062750637 23.978399946647148
212.33333333333331 25.969363495227135 23.97328771448429
212.83333333333334 25.96239574787916 23.968207670370795
213.33333333333334 25.955495219931464 23.963110715340363
213.83333333333331 25.948612369219944 23.95805957221295
214.33333333333334 25.941724058549653 23.953001930611826
214.83333333333334 25.93492797739359 23.947952392982934
215.33333333333331 25.928116780669317 23.9429396591212
215.83333333333334 25.921323401752048 23.93791895660819
216.33333333333334 25.914569517852918 23.93291728702402
216.83333333333331 25.907870727654526 23.9279366678257
217.33333333333334 25.90115030049631 23.92295258132116
217.83333333333334 25.894469306570592 23.917998403732202
218.33333333333331 25.887826612297253 23.913066152681974
218.83333333333334 25.88125865107854 23.90813330456474
219.33333333333334 25.874623853455027 23.90321855289732
219.83333333333331 25.868011475465472 23.898327748233918
220.33333333333334 25.86146314790128 23.893441283123046
220.83333333333334 25.854946948433323 23.888569093613796
221.33333333333331 25.8484367922637 23.883716100975278
221.83333333333334 25.841941796898883 23.878884930677792
222.33333333333334 25.835482610941305 23.874056454418596
222.83333333333331 25.82904911163115 23.869236875275202
223.33333333333334 25.82259967554134 23.864438944799954
223.83333333333334 25.8161986432047 23.859674787690093
224.33333333333331 25.80980996043926 23.85490603349033
224.83333333333334 25.803448594268268 23.850154757377968
225.33333333333334 25.79712721735794 23.845422001474677
225.83333333333331 25.790786931262385 23.840694338440155
226.33333333333334 25.784497829994596 23.835984112091367
226.83333333333334 25.77820902167392 23.831298881160507
227.33333333333331 25.771967856311928 23.82662378850025
227.83333333333334 25.76571209817996 23.82197342941525
228.33333333333334 25.75950789915804 23.81731989008474
228.83333333333331 25.75326107632696 23.812685239322782
229.33333333333334 25.74709711096218 23.80807663821399
229.83333333333334 25.740942738655015 23.80346669258975
230.33333333333331 25.734802025713407 23.7988911411907
230.83333333333334 25.728659659985542 23.79432745335919
231.33333333333334 25.72256435384522 23.789761024306895
231.83333333333331 25.716462602450353 23.785238514941828
232.33333333333334 25.710401411164522 23.78071437329031
232.83333333333334 25.70432170335848 23.776190574073578
233.33333333333334 25.69826758318107 23.771700341647414
233.83333333333334 25.69221787280522 23.767226429480516
234.33333333333334 25.68624245541255 23.76277096954171
234.83333333333334 25.680211593289073 23.758324236849916
235.33333333333334 25.674244924730548 23.7538972355599
235.83333333333334 25.668303325248928 23.749474944997466
236.33333333333334 25.662339503198872 23.745077570576814
236.83333333333334 25.656405907288278 23.74069539334958
237.33333333333334 25.650489884143735 23.736317841054095
237.83333333333334 25.644576569074353 23.73196361794577
238.33333333333334 25.638676838639217 23.727640513414194
238.83333333333334 25.632823218577524 23.723311175625533
239.33333333333334 25.62695357009693 23.719011262236517
239.83333333333334 25.621096959812135 23.71472911898237
240.33333333333334 25.61528537839415 23.710438027358496
240.83333333333334 25.60945671652231 23.706180144116335
241.33333333333334 25.603654656262297 23.701936691767852
241.83333333333334 25.59786493388255 23.697709806860562
242.33333333333334 25.592090765540455 23.693483895227736
242.83333333333334 25.58633882572236 23.689283012010378
243.33333333333334 25.580579600896044 23.685103610095837
243.83333333333334 25.57484305894154 23.68094089790346
244.33333333333334 25.569136834578785 23.676803885914232
244.83333333333334 25.563425704448544 23.67265124507523
245.33333333333334 25.557715282668777 23.668534568181443
245.83333333333334 25.55203951798535 23.66443380694352
246.33333333333334 25.54636016170511 23.66033078194926
246.83333333333334 25.54069723433794 23.656269887282573
247.33333333333334 25.53503562617252 23.652211751534473
247.83333333333334 25.529407299693723 23.648169045374416
248.33333333333334 25.523757016074526 23.644148830148318
248.83333333333334 25.51815789009853 23.640125965955438
249.33333333333334 25.51255429594289 23.636132817551506
249.83333333333334 25.506977540963028 23.632148472170655
250.33333333333334 25.501396589067113 23.628177501822528
250.83333333333334 25.4958490141815 23.62421660575594
251.33333333333334 25.49030319233305 23.620277266239647
251.83333333333334 25.484796323416337 23.61635119674942
252.33333333333334 25.479283626604566 23.612423730666965
252.83333333333334 25.473764189072586 23.608521240468583
253.33333333333334 25.468282214943958 23.604635693773428
253.83333333333334 25.46279656942165 23.600743491182662
254.33333333333334 25.45733002999224 23.596887427102576
254.83333333333334 25.451892181085974 23.593033850322414
255.33333333333334 25.446455257330175 23.58918321827037
255.83333333333334 25.441028321469524 23.58535360804359
256.3333333333333 25.435608109249582 23.58153587489894
256.8333333333333 25.430221703403724 23.577724474574005
257.3333333333333 25.424854419928067 23.573933241433473
257.8333333333333 25.41946388417298 23.57014881026384
258.3333333333333 25.41411701728891 23.566375110280234
258.8333333333333 25.408785107165684 23.562611752615688
259.3333333333333 25.403455741518375 23.558855961634563
259.8333333333333 25.398127273200256 23.55511205404151
260.3333333333333 25.392844114096206 23.551392740147584
260.8333333333333 25.387516137613396 23.5476755134196
261.3333333333333 25.382228935898496 23.543972496159626
261.8333333333333 25.376992107733866 23.540277698476267
262.3333333333333 25.371745820831933 23.53658061632611
262.8333333333333 25.366504746340887 23.532913259136855
263.3333333333333 25.361254073808492 23.529242644772363
263.8333333333333 25.35602569379602 23.525592937304527
264.3333333333333 25.350833766400783 23.521952453465254
264.8333333333333 25.34565970999362 23.518318384652908
265.3333333333333 25.340451645525285 23.514692633477175
265.8333333333333 25.33528651880583 23.51108863144494
266.3333333333333 25.330114660635687 23.50747336914882
266.8333333333333 25.324969840803607 23.50388795004934
267.3333333333333 25.319819575244622 23.500299118125092
267.8333333333333 25.314716533550122 23.49674150088211
268.3333333333333 25.309604814087603 23.493165753182662
268.8333333333333 25.304504476047494 23.489599745142783
269.3333333333333 25.29938083463336 23.486054359612204
269.8333333333333 25.29433093567168 23.482525522009503
270.3333333333333 25.289269726192394 23.478995939408172
270.8333333333333 25.284214117700188 23.47548158663944
271.3333333333333 25.279137885026422 23.471981814850423
271.8333333333333 25.274117234886297 23.468468119596167
272.3333333333333 25.269088499861233 23.464981159696414
272.8333333333333 25.264094092957734 23.4614938161104
273.3333333333333 25.259081270194894 23.45802605505184
273.8333333333333 25.254092906483827 23.454554188634038
274.3333333333333 25.24911146916167 23.451097271749653
274.8333333333333 25.24414816682896 23.447662799889123
275.3333333333333 25.239182624407267 23.444221390658868
275.8333333333333 25.234248266644833 23.440784569155205
276.3333333333333 25.229300171317274 23.437354810344214
276.8333333333333 25.224379676290667 23.43394805492562
277.3333333333333 25.21945005738266 23.430537254607255
277.8333333333333 25.214543631535655 23.42714277490106
278.3333333333333 25.20964746328253 23.423750962760334
278.8333333333333 25.204761699256892 23.420363784860672
279.3333333333333 25.199875363361592 23.41700063323514
279.8333333333333 25.19503526682979 23.41362808520983
280.3333333333333 25.190150478947302 23.41027525238342
280.8333333333333 25.185308010189416 23.406901295602836
281.3333333333333 25.18050417143048 23.403568205470044
281.8333333333333 25.175645947519563 23.40022306484545
282.3333333333333 25.17084327051808 23.396906009509788
282.8333333333333 25.166030873624898 23.39358658705566
283.3333333333333 25.161243211166124 23.39026395247422
283.8333333333333 25.1564385746128 23.386952604962193
284.3333333333333 25.151672393515554 23.383650879974226
284.8333333333333 25.146898735544934 23.38037010735661
285.3333333333333 25.14215990694336 23.377083918180453
285.8333333333333 25.137398216307453 23.3737976804789
286.3333333333333 25.132660791399964 23.370528621412817
286.8333333333333 25.127938691812165 23.36726466159253
287.3333333333333 25.123237848884372 23.364007175844424
287.8333333333333 25.118521602157994 23.360760081293492
288.3333333333333 25.113835103794294 23.35752053925896
288.8333333333333 25.10912258996155 23.354283407916817
289.3333333333333 25.104457518276043 23.351063128863846
289.8333333333333 25.099787464348893 23.347847888893615
290.3333333333333 25.095115540127466 23.344628638254832
290.8333333333333 25.090467782165526 23.341440406364043
291.3333333333333 25.085838831487575 23.338238346747428
291.8333333333333 25.081201627118453 23.335061198067343
292.3333333333333 25.076597553644277 23.331873646913152
292.8333333333333 25.07199407574007 23.32871146433776
293.3333333333333 25.067401263969195 23.325542459920882
293.8333333333333 25.0628131247909 23.32239321154973
294.3333333333333 25.058234623942 23.319235357612307
294.8333333333333 25.05367300099888 23.31610675412624
295.3333333333333 25.049099570476802 23.312961479119934
295.8333333333333 25.044551187002565 23.30983898773841
296.3333333333333 25.040025412781482 23.306729664880578
296.8333333333333 25.035488287027636 23.303611937746354
297.3333333333333 25.0309548383671 23.30050687023307
297.8333333333333 25.02644415721341 23.29740183603997
298.3333333333333 25.02194577702642 23.294317498071145
298.8333333333333 25.01743697373108 23.291215431355894
