FastTrWP/PhaseSpace/IAs/snIa_0.6_25_0.0_0.1.csv
# %ECSV 0.9
# ---
# datatype:
# - {name: time-rel, datatype: float64}
# - {name: g, datatype: float64}
# - {name: i, datatype: float64}
# schema: astropy-2.0
time-rel g i
[from data line 278]
120.22916666666667 -24.323232179514484 -26.323997335431756
120.72916666666667 -24.328645762750586 -26.32799428643718
121.22916666666667 -24.334054872417394 -26.331996464651603
121.72916666666667 -24.33945342726684 -26.33595827318418
122.22916666666667 -24.344828873147254 -26.339925638365504
122.72916666666667 -24.350204939652855 -26.34387055388681
123.22916666666667 -24.355588023668137 -26.347829009507638
123.72916666666667 -24.36092621742722 -26.351747804937766
124.22916666666667 -24.366211324073962 -26.355670274626082
124.72916666666667 -24.371536734531954 -26.359575384938655
125.22916666666667 -24.37686826071672 -26.36347480798967
125.72916666666667 -24.382145207493515 -26.367348710944785
126.22916666666667 -24.387443222071706 -26.371219923508473
126.72916666666667 -24.392693874608042 -26.3750706487749
127.22916666666667 -24.397938875686272 -26.378925026946387
127.72916666666667 -24.4031901000622 -26.38275968562775
128.22916666666666 -24.408404552501835 -26.38658836290004
128.72916666666666 -24.41360746015857 -26.390405026938804
129.22916666666666 -24.418814726992256 -26.394206863469847
129.72916666666666 -24.423984118636962 -26.397996942720038
130.22916666666666 -24.42915976079519 -26.401783226068993
130.72916666666666 -24.43433592017548 -26.405549352585137
131.22916666666666 -24.43947760414637 -26.409314762053153
131.72916666666666 -24.444603689985914 -26.413062034879154
132.22916666666666 -24.449714498241608 -26.41680870590413
132.72916666666666 -24.454849202025805 -26.420528170750025
133.22916666666666 -24.45996138949291 -26.42426486960485
133.72916666666666 -24.465034997829687 -26.427980217552044
134.22916666666666 -24.470103253179527 -26.431676291289858
134.72916666666666 -24.475178890078332 -26.43536474847007
135.22916666666666 -24.48024300850622 -26.439040791496492
135.72916666666666 -24.48528215069024 -26.442712626254675
136.22916666666666 -24.490321671504628 -26.446374921752117
136.72916666666666 -24.495325318699052 -26.45003238885597
137.22916666666666 -24.50035036355522 -26.45367961066064
137.72916666666666 -24.505315077639466 -26.4573119311992
138.22916666666666 -24.510283136706864 -26.460936329156404
138.72916666666666 -24.515264620992106 -26.464552664683815
139.22916666666666 -24.520249808944527 -26.468159741279816
139.72916666666666 -24.52520685736133 -26.471752642252945
140.22916666666666 -24.530112700647674 -26.475342485431028
140.72916666666666 -24.53506926057387 -26.478924388119506
141.22916666666666 -24.539978494639204 -26.482494366007188
141.72916666666666 -24.544895141557884 -26.486062105872243
142.22916666666666 -24.54976058601617 -26.489601457582893
142.72916666666666 -24.554648371035338 -26.49315649005032
143.22916666666666 -24.559517250206927 -26.496679104197458
143.72916666666666 -24.564386165539688 -26.50021960883575
144.22916666666666 -24.569260705679056 -26.503742819490235
144.72916666666666 -24.57407966488197 -26.507244480731195
145.22916666666666 -24.5789089393707 -26.51074530205729
145.72916666666666 -24.58374729411976 -26.514247568604237
146.22916666666666 -24.588550051157757 -26.51772903984778
146.72916666666666 -24.59335914863623 -26.521205933242243
147.22916666666666 -24.598120538068958 -26.524673660560616
147.72916666666666 -24.602903056893005 -26.528143297965133
148.22916666666666 -24.607678088714714 -26.531600509921233
148.72916666666666 -24.61243379531129 -26.53504126275232
149.22916666666666 -24.617160515635454 -26.538488161555378
149.72916666666666 -24.621923422341474 -26.541928332528197
150.22916666666666 -24.626654696182722 -26.54535261453079
150.72916666666666 -24.63138444325834 -26.548769478266195
151.22916666666666 -24.636110176623 -26.552178697273373
151.72916666666666 -24.64080244404329 -26.555582590156106
152.22916666666666 -24.64547860392639 -26.558976888583846
152.72916666666666 -24.6501425001866 -26.562357422381204
153.22916666666666 -24.654851833926426 -26.56574190775399
153.72916666666666 -24.659483586497718 -26.569110113473595
154.22916666666666 -24.664169829845143 -26.57247670469672
154.72916666666666 -24.66877691581043 -26.575844436167895
155.22916666666666 -24.673415280653433 -26.57919645014872
155.72916666666666 -24.67805298655965 -26.582542435862536
156.22916666666666 -24.682661045595125 -26.585874585194986
156.72916666666666 -24.687239019396795 -26.589208156351667
157.22916666666666 -24.691858134938425 -26.592537326288248
157.72916666666666 -24.696450970434775 -26.59584432304507
158.22916666666666 -24.701016030801473 -26.59916729067522
158.72916666666666 -24.705573441700732 -26.602469455786178
159.22916666666666 -24.710156714529987 -26.60575742053917
159.72916666666666 -24.714710317287842 -26.609055130948597
160.22916666666666 -24.719222204906718 -26.612337147730912
160.72916666666666 -24.72379512562853 -26.615596302413664
161.22916666666666 -24.72827149601543 -26.618882439943018
161.72916666666666 -24.732802324932095 -26.62213142620431
162.22916666666666 -24.737285430316934 -26.625394914015217
162.72916666666666 -24.7417855634748 -26.62864218002865
163.22916666666666 -24.746245771588832 -26.63186548947262
163.72916666666666 -24.750734799101032 -26.63510647023355
164.22916666666666 -24.755195245179973 -26.638323181688296
164.72916666666666 -24.759653010666412 -26.641539056328725
165.22916666666666 -24.76408283184176 -26.64475594644099
165.72916666666666 -24.768507247951735 -26.64794723514058
166.22916666666666 -24.772938731988127 -26.651160739427908
166.72916666666666 -24.777338604961837 -26.65434714963434
167.22916666666666 -24.781773360379177 -26.657529178660244
167.72916666666666 -24.786159734891278 -26.660697505042307
168.22916666666666 -24.790572940783896 -26.66386154967071
168.72916666666666 -24.794957803914816 -26.667023323623575
169.22916666666666 -24.799282398215205 -26.670172804985654
169.72916666666666 -24.803665696916802 -26.673331705464154
170.22916666666666 -24.808021785086567 -26.67647967794036
170.72916666666666 -24.812368478216268 -26.679608747992468
171.22916666666666 -24.81667323274038 -26.682741308865655
171.72916666666666 -24.821016414623042 -26.685865287566198
172.22916666666666 -24.8253516169159 -26.688984972734012
172.72916666666666 -24.829655555301045 -26.692080811617632
173.22916666666666 -24.833958823742822 -26.695191424486246
173.72916666666663 -24.83826677353537 -26.69828768878242
174.22916666666666 -24.84253543750941 -26.70138310854314
174.72916666666666 -24.846803774180156 -26.704471508346693
175.22916666666663 -24.851066126569616 -26.707556565612446
175.72916666666666 -24.855349713597086 -26.710623985775207
176.22916666666666 -24.859602398251393 -26.713685769170162
176.72916666666663 -24.863847830103857 -26.716757450419234
177.22916666666666 -24.868047866332805 -26.719809986280218
177.72916666666666 -24.8723131603642 -26.722869488284687
178.22916666666663 -24.876532688465687 -26.725915499124767
178.72916666666666 -24.88074619869871 -26.728947168789396
179.22916666666666 -24.884980783408718 -26.731982932769334
179.72916666666663 -24.889161031169046 -26.73501214528216
180.22916666666666 -24.89334778829115 -26.73803278279265
180.72916666666666 -24.897551357843536 -26.741055508480454
181.22916666666663 -24.901750247876514 -26.7440636446555
181.72916666666666 -24.905905231975773 -26.7470760943781
182.22916666666666 -24.91005002942749 -26.75007652764503
182.72916666666663 -24.914211881052047 -26.753067665825437
183.22916666666666 -24.918365907204866 -26.756061822671953
183.72916666666666 -24.922485300250727 -26.759057052415244
184.22916666666663 -24.926656192621778 -26.762029594880392
184.72916666666666 -24.930778916966588 -26.765018631230205
185.22916666666666 -24.934902243875715 -26.76798445009728
185.72916666666663 -24.938984722290503 -26.770942694185784
186.22916666666666 -24.94312380537078 -26.773907466980585
186.72916666666666 -24.947221411043195 -26.77686160713495
187.22916666666663 -24.951296617072654 -26.779811230844068
187.72916666666666 -24.955379285432468 -26.782765295102216
188.22916666666666 -24.95947434968327 -26.78570862801882
188.72916666666663 -24.963572298080543 -26.788639534778458
189.22916666666666 -24.967635015144587 -26.791572415841443
189.72916666666666 -24.971674037152262 -26.794493282902543
190.22916666666663 -24.97574877809099 -26.797422428864444
190.72916666666666 -24.97981679351873 -26.800341273170822
191.22916666666666 -24.983827497123574 -26.80325547065941
191.72916666666663 -24.987865882476715 -26.806167153595343
192.22916666666666 -24.991903889902403 -26.809069419306955
192.72916666666666 -24.99593843445041 -26.8119816656871
193.22916666666663 -24.999931486773754 -26.814874181593545
193.72916666666666 -25.003947561700095 -26.817760606268102
194.22916666666666 -25.00796110121293 -26.820649460519643
194.72916666666663 -25.011950750031975 -26.82353794558912
195.22916666666666 -25.015931241496652 -26.82641321384207
195.72916666666666 -25.019925127395922 -26.829289655714717
196.22916666666663 -25.023904306073753 -26.832152506842853
196.72916666666666 -25.02787794804812 -26.83502309395099
197.22916666666666 -25.031827380525048 -26.837882170731543
197.72916666666663 -25.03580868329599 -26.840748987254855
198.22916666666666 -25.03976269501218 -26.843591911817967
198.72916666666666 -25.04370507322311 -26.846441286166552
199.22916666666663 -25.04766452457484 -26.84927871750689
199.72916666666666 -25.05159354074194 -26.852127146226238
200.22916666666666 -25.055507911514148 -26.85496000601059
200.72916666666663 -25.05941554750723 -26.857791743539195
201.22916666666666 -25.06335443188892 -26.860612304752195
201.72916666666666 -25.06727367297053 -26.8634181273155
202.22916666666663 -25.071140888798972 -26.86624392953087
202.72916666666666 -25.075062047685435 -26.86904226617112
203.22916666666666 -25.078932727814227 -26.87185933099083
203.72916666666663 -25.082815963244652 -26.874641123212328
204.22916666666666 -25.08669280038127 -26.87745596317693
204.72916666666666 -25.09055733020546 -26.880239772631395
205.22916666666663 -25.0944191534682 -26.883028135515012
205.72916666666666 -25.09826012356722 -26.885805919431974
206.22916666666666 -25.102102807020206 -26.88858325781354
206.72916666666663 -25.105954511042675 -26.891362071786915
207.22916666666666 -25.109795376464742 -26.894129775364817
207.72916666666666 -25.11363430167609 -26.896892078436156
208.22916666666663 -25.11744573704219 -26.899651609186744
208.72916666666666 -25.121279667489958 -26.90240466548184
209.22916666666666 -25.125079392034717 -26.905153212822228
209.72916666666663 -25.128891319469098 -26.907896222668384
210.22916666666666 -25.132684796874383 -26.910653925529694
210.72916666666666 -25.13648472013708 -26.913395633301917
211.22916666666663 -25.14025872692493 -26.916120972281668
211.72916666666666 -25.144044387488904 -26.918850872072525
212.22916666666666 -25.1478272648575 -26.92158214912753
212.72916666666663 -25.151592798352503 -26.924293807132816
213.22916666666666 -25.15535929899999 -26.927021687237715
213.72916666666666 -25.159123239126604 -26.92972630551752
214.22916666666663 -25.162854927405935 -26.93244341483031
214.72916666666666 -25.166623977196835 -26.935149982082606
215.22916666666666 -25.170370246747467 -26.937846208521133
215.72916666666663 -25.174086435176704 -26.94055389264061
216.22916666666666 -25.177828921286757 -26.94323776965648
216.72916666666666 -25.181536895119674 -26.945929389364544
217.22916666666663 -25.18528620536796 -26.948620599599433
217.72916666666666 -25.188983582671604 -26.95130479810573
218.22916666666666 -25.192671626122806 -26.953981639351646
218.72916666666663 -25.19638159205824 -26.956655255224604
219.22916666666666 -25.200079382910626 -26.95932286496572
219.72916666666666 -25.203770951626897 -26.961995714963543
220.22916666666663 -25.207440285563404 -26.964651784231673
220.72916666666666 -25.211134523903983 -26.9673183749796
221.22916666666666 -25.214810093921372 -26.96997706977008
221.72916666666663 -25.218456224104912 -26.972636541932875
222.22916666666666 -25.222132819869046 -26.975283802737316
222.72916666666666 -25.2257758557708 -26.97792294796877
223.22916666666663 -25.229459657306784 -26.980567896679126
223.72916666666666 -25.233105345251403 -26.983204222773285
224.22916666666666 -25.2367411415269 -26.985844340116625
224.72916666666663 -25.240367551159572 -26.988477447005668
225.22916666666666 -25.244002080901048 -26.9910988093637
225.72916666666666 -25.247622205408216 -26.993728882737077
226.22916666666663 -25.251252945318264 -26.996342445735493
226.72916666666666 -25.254866498208365 -26.99896599800956
227.22916666666666 -25.258479781072474 -27.001577282020165
227.72916666666663 -25.262073936477364 -27.00419034181294
228.22916666666666 -25.2656915160742 -27.00679046899957
228.72916666666666 -25.26926461070474 -27.009397169275715
229.22916666666663 -25.272869216091607 -27.01200750186743
229.72916666666666 -25.276454599197343 -27.014601981915423
230.22916666666666 -25.28003324394065 -27.017192567191227
230.72916666666663 -25.283622484681022 -27.019801396677487
231.22916666666666 -25.287174224636434 -27.022385214541174
231.72916666666666 -25.290736407796423 -27.024974455549163
232.22916666666663 -25.29429562060718 -27.027554727212525
232.72916666666666 -25.297858009567236 -27.030130266723802
233.22916666666666 -25.301407466809643 -27.032702096218046
233.72916666666663 -25.3049664323687 -27.03527697698531
234.22916666666666 -25.308501943854242 -27.03785409281266
234.72916666666666 -25.312041683711936 -27.04041664753284
235.22916666666663 -25.315553357952606 -27.04298849922228
235.72916666666666 -25.319100337663084 -27.045540771727318
236.22916666666666 -25.322627471259462 -27.04810319852126
236.72916666666663 -25.32616094771788 -27.05066692207289
237.22916666666666 -25.32970141479291 -27.05322912315288
237.72916666666666 -25.333239845260124 -27.055794493304465
238.22916666666666 -25.336792800130095 -27.058357695585357
238.72916666666666 -25.34035228656874 -27.06091969129231
239.22916666666666 -25.343910333861576 -27.06347301132414
239.72916666666666 -25.34748312514557 -27.06604224817386
240.22916666666666 -25.351034297917998 -27.068604983436437
240.72916666666666 -25.354599489396996 -27.07116810826367
241.22916666666666 -25.35815954750003 -27.073731116525167
241.72916666666666 -25.36173283105853 -27.076294973234617
242.22916666666666 -25.36529258077749 -27.07884485302975
242.72916666666666 -25.368839321766494 -27.08140696690033
243.22916666666666 -25.37241862286084 -27.083963465973167
243.72916666666666 -25.37597329567642 -27.086517856349555
244.22916666666666 -25.37954081807742 -27.089065796741494
244.72916666666666 -25.383112324994443 -27.091619166661975
245.22916666666666 -25.38665572431814 -27.09416921673517
245.72916666666666 -25.390193257419188 -27.096702652846986
246.22916666666666 -25.39373977422651 -27.099247866648533
246.72916666666666 -25.397306350671695 -27.101797267605615
247.22916666666666 -25.400854696878696 -27.10433253487201
247.72916666666666 -25.404383443548618 -27.106858917428568
248.22916666666666 -25.407921873097692 -27.109395906997218
248.72916666666666 -25.411437918051316 -27.111922783655046
249.22916666666666 -25.414959477531553 -27.114448740981413
249.72916666666666 -25.418468292084082 -27.116964022243934
250.22916666666666 -25.421983796907625 -27.119489255692834
250.72916666666666 -25.425481435449754 -27.122013949568853
251.22916666666666 -25.42897676202255 -27.124513377514866
251.72916666666666 -25.432451482817513 -27.12701996452529
252.22916666666666 -25.435930339632332 -27.129518768198146
252.72916666666666 -25.43941340041624 -27.13201535936917
253.22916666666666 -25.442867368918364 -27.134515228908036
253.72916666666666 -25.446322609116617 -27.136992323425446
254.22916666666666 -25.44976428557618 -27.13948220044163
254.72916666666666 -25.453199346367366 -27.141955291174572
255.22916666666666 -25.456620350175356 -27.144430938985327
255.72916666666666 -25.460038312710616 -27.14690176837927
256.2291666666667 -25.463437213707138 -27.14935817818541
