FastTrWP/PhaseSpace/IAs/snIa_0.4_20_1_0.1.csv
# %ECSV 0.9
# ---
# datatype:
# - {name: time-rel, datatype: float64}
# - {name: g, datatype: float64}
# - {name: i, datatype: float64}
# schema: astropy-2.0
time-rel g i
[from data line 2501]
1235.2916666666667 -24.32892729044186 -26.791079195903222
1235.7916666666667 -24.32726215399496 -26.790527410166995
1236.2916666666667 -24.325641542478014 -26.78997062816334
1236.7916666666667 -24.323996822394832 -26.78940801266464
1237.2916666666667 -24.322346906172328 -26.788850235166247
1237.7916666666667 -24.320669726855 -26.788293642304467
1238.2916666666667 -24.31903582657109 -26.78773540485773
1238.7916666666667 -24.31738402399725 -26.787172051798244
1239.2916666666667 -24.315780062256763 -26.786616104913957
1239.7916666666667 -24.31413722578409 -26.786066058318852
1240.2916666666667 -24.31250177903271 -26.78550779831708
1240.7916666666667 -24.31087779510381 -26.78494844213471
1241.2916666666667 -24.30927453795014 -26.784393804372826
1241.7916666666667 -24.307616140062045 -26.783851301016615
1242.2916666666667 -24.305986581427934 -26.783292132877776
1242.7916666666667 -24.30436315134034 -26.78273793880741
1243.2916666666667 -24.302771563052175 -26.782180866891984
1243.7916666666667 -24.30112482238123 -26.781623334977283
1244.2916666666667 -24.299533713306843 -26.781074461514486
1244.7916666666667 -24.297871970088497 -26.78052452314273
1245.2916666666667 -24.296317649799754 -26.779974144295252
1245.7916666666667 -24.294693005126224 -26.779411763415446
1246.2916666666667 -24.293063174970356 -26.778859774351464
1246.7916666666667 -24.291464147146353 -26.778315406613345
1247.2916666666667 -24.289856179118377 -26.777764425734105
1247.7916666666667 -24.28823499390038 -26.777207551239325
1248.2916666666667 -24.286633214670765 -26.776656687899376
1248.7916666666667 -24.285044745081997 -26.77610554760205
1249.2916666666667 -24.283417434019057 -26.77555618569686
1249.7916666666667 -24.28183694461127 -26.77500567870437
1250.2916666666667 -24.280269654865837 -26.77444837399484
1250.7916666666667 -24.278671037771463 -26.773900299573043
1251.2916666666667 -24.277064588134007 -26.773352282395763
1251.7916666666667 -24.275466962260623 -26.772798599417026
1252.2916666666667 -24.273916895385494 -26.772247209915925
1252.7916666666667 -24.272309816994433 -26.771696927021328
1253.2916666666667 -24.27071809051281 -26.771141445277216
1253.7916666666667 -24.269145249075507 -26.770597990033757
1254.2916666666667 -24.267544350757188 -26.770048577086335
1254.7916666666667 -24.265970175343163 -26.76949777353662
1255.2916666666667 -24.26439796477531 -26.768950183350743
1255.7916666666667 -24.262817483647172 -26.76840067569411
1256.2916666666667 -24.26124333780813 -26.76785358275118
1256.7916666666667 -24.25971423576934 -26.767308416093464
1257.2916666666667 -24.258089310576484 -26.76675552472801
1257.7916666666667 -24.256538184149044 -26.766218856986306
1258.2916666666667 -24.25496640347859 -26.76565758776658
1258.7916666666667 -24.25341676439062 -26.765118792266097
1259.2916666666667 -24.25185594427987 -26.7645649069749
1259.7916666666667 -24.250267895504813 -26.764022074987444
1260.2916666666667 -24.24873163961 -26.763476165411568
1260.7916666666667 -24.24718261352264 -26.762929400899967
1261.2916666666667 -24.245617271011575 -26.762391326342975
1261.7916666666667 -24.24408067966352 -26.76184159132156
1262.2916666666667 -24.242498202383832 -26.76130206808307
1262.7916666666667 -24.240958157545403 -26.760755953006225
1263.2916666666667 -24.239410283103386 -26.760202931770614
1263.7916666666667 -24.23785567277666 -26.759664314550662
1264.2916666666667 -24.236314760051187 -26.759123660053103
1264.7916666666667 -24.234788482616842 -26.758578724080152
1265.2916666666667 -24.23320294520634 -26.758035566154213
1265.7916666666667 -24.231666460630564 -26.757494633324242
1266.2916666666667 -24.23015095277986 -26.756948222418625
1266.7916666666667 -24.228614644808264 -26.75641383189606
1267.2916666666667 -24.227083364422167 -26.755860655904936
1267.7916666666667 -24.225545920695694 -26.755323357973793
1268.2916666666667 -24.22402768341066 -26.75478478290598
1268.7916666666667 -24.222467752221696 -26.754240418783652
1269.2916666666667 -24.220977492755683 -26.753700411519468
1269.7916666666667 -24.219431004921894 -26.75315857856988
1270.2916666666667 -24.217903780028777 -26.752619740775874
1270.7916666666667 -24.21635563028341 -26.752075069791452
1271.2916666666667 -24.214866094561174 -26.751539669401076
1271.7916666666667 -24.213334517734253 -26.751001379034733
1272.2916666666667 -24.211843702332118 -26.750457830107365
1272.7916666666667 -24.210302964925265 -26.749921831451072
1273.2916666666667 -24.208795117648087 -26.74938418773589
1273.7916666666667 -24.207281251128485 -26.748851853159657
1274.2916666666667 -24.205793197942334 -26.748305123835596
1274.7916666666667 -24.204289812800912 -26.74778503768647
1275.2916666666667 -24.20276583714104 -26.74723737399512
1275.7916666666667 -24.201286476205617 -26.746706100149407
1276.2916666666667 -24.199783391660837 -26.746169465129086
1276.7916666666667 -24.19827123121344 -26.745633393444624
1277.2916666666667 -24.196772758648496 -26.745108770689573
1277.7916666666667 -24.195277210148895 -26.74456549188303
1278.2916666666667 -24.19382102137076 -26.744040177720905
1278.7916666666667 -24.192325524417768 -26.743509979474425
1279.2916666666667 -24.190818622729186 -26.742970479445468
1279.7916666666667 -24.189337281617664 -26.742448114378114
1280.2916666666667 -24.187874504337277 -26.74191800607757
1280.7916666666667 -24.186404856092242 -26.741390214529876
1281.2916666666667 -24.18492104041937 -26.740862568016727
1281.7916666666667 -24.18345100238245 -26.740321607647658
1282.2916666666667 -24.182021501377058 -26.73980371670317
1282.7916666666667 -24.180533702727164 -26.739275191338123
1283.2916666666667 -24.179070579885057 -26.73873857658648
1283.7916666666667 -24.177583466685952 -26.73821150820193
1284.2916666666667 -24.17613218934957 -26.73769316445418
1284.7916666666667 -24.17467334552977 -26.737153095494683
1285.2916666666667 -24.173206901441926 -26.73663882686914
1285.7916666666667 -24.171770169469625 -26.736106348798366
1286.2916666666667 -24.170319062405184 -26.735579583608864
1286.7916666666667 -24.168900329873523 -26.7350534790797
1287.2916666666667 -24.167433561078045 -26.734527831181936
1287.7916666666667 -24.165953692070076 -26.733997381430758
1288.2916666666667 -24.164538861474846 -26.733479237164758
1288.7916666666667 -24.163095860163605 -26.73294321216174
1289.2916666666667 -24.16167206155313 -26.732422516351917
1289.7916666666667 -24.160253846943004 -26.731892538645763
1290.2916666666667 -24.1588063184998 -26.731376812491337
1290.7916666666667 -24.157371423486047 -26.730837796514237
1291.2916666666667 -24.155953018701855 -26.730305670583448
1291.7916666666667 -24.15448959220402 -26.729786931658047
1292.2916666666667 -24.153060481666174 -26.729257642997226
1292.7916666666667 -24.151651547281418 -26.72874634340335
1293.2916666666667 -24.150231623777852 -26.728204962424304
1293.7916666666667 -24.148810417908507 -26.727676389285556
1294.2916666666667 -24.147399970402525 -26.727149185218448
1294.7916666666667 -24.14596298685227 -26.726636077321114
1295.2916666666667 -24.144548665925512 -26.726097473999086
1295.7916666666667 -24.143147101542574 -26.725580573664995
1296.2916666666667 -24.141733192326313 -26.72504643714969
1296.7916666666667 -24.140310716479554 -26.72451873726429
1297.2916666666667 -24.13893722978149 -26.723999272633957
1297.7916666666667 -24.13748984328103 -26.723465046411267
1298.2916666666667 -24.13608468407377 -26.7229299557227
1298.7916666666667 -24.134687466024896 -26.722417139380845
1299.2916666666667 -24.133286816832697 -26.721882391724556
1299.7916666666667 -24.131858504911186 -26.721353304670984
1300.2916666666667 -24.13049711293009 -26.720821159976282
1300.7916666666667 -24.12911014290608 -26.720286193380453
1301.2916666666667 -24.12766984444162 -26.719756873355127
1301.7916666666667 -24.12632248136951 -26.719237454038186
1302.2916666666667 -24.12493536742186 -26.71870120127228
1302.7916666666667 -24.123520432303664 -26.718161170016135
1303.2916666666667 -24.122115314882826 -26.717628221822736
1303.7916666666667 -24.12074721400097 -26.717109589185
1304.2916666666667 -24.119342712006514 -26.716577081701924
1304.7916666666667 -24.117953860537792 -26.71604199400221
1305.2916666666667 -24.116597104608047 -26.715505846930302
1305.7916666666667 -24.115191448438964 -26.71497921185814
1306.2916666666667 -24.113850346465895 -26.714446244492773
1306.7916666666667 -24.112461545146672 -26.713915845956016
1307.2916666666667 -24.111039419562562 -26.71338322067397
1307.7916666666667 -24.109678249796293 -26.712855619484053
1308.2916666666667 -24.1083164668302 -26.71232008094456
1308.7916666666667 -24.106958915957513 -26.71178173848755
1309.2916666666667 -24.10558829965993 -26.71126986282479
1309.7916666666667 -24.10425831868357 -26.71072710259316
1310.2916666666667 -24.102900692400908 -26.710214583436525
1310.7916666666667 -24.10156447940804 -26.70968456796324
1311.2916666666667 -24.100216906952948 -26.70915768720624
1311.7916666666667 -24.09887059696375 -26.708627803438908
1312.2916666666667 -24.0974604661435 -26.708103794118927
1312.7916666666667 -24.096141393764015 -26.70757728216152
1313.2916666666667 -24.094792991170703 -26.707048862813924
1313.7916666666667 -24.093463940308958 -26.706517430937357
1314.2916666666667 -24.09211592391975 -26.705992287428614
1314.7916666666667 -24.09082159188374 -26.7054593333821
1315.2916666666667 -24.089447181612314 -26.704938988727132
1315.7916666666667 -24.08812951103894 -26.704409429038872
1316.2916666666667 -24.086812687148083 -26.7038706926731
1316.7916666666667 -24.085498111294598 -26.703353328221574
1317.2916666666667 -24.084170097423844 -26.70282158166816
1317.7916666666667 -24.082835023164545 -26.702297503557094
1318.2916666666667 -24.081527160155588 -26.701777330477697
1318.7916666666667 -24.080229813934896 -26.701244144393495
1319.2916666666667 -24.078920832585652 -26.700708209745017
1319.7916666666667 -24.07759127417052 -26.700172079103336
1320.2916666666667 -24.076258088209876 -26.699661045903866
1320.7916666666667 -24.07498165092083 -26.699121870751124
1321.2916666666667 -24.07365743364437 -26.698595565003842
1321.7916666666667 -24.07236714546119 -26.698063929172328
1322.2916666666667 -24.07106452287296 -26.697537904489586
1322.7916666666667 -24.069753474499112 -26.697002079358466
1323.2916666666667 -24.068452840294174 -26.696469148263716
1323.7916666666667 -24.067153954746058 -26.695945375948618
1324.2916666666667 -24.065872808389173 -26.695411434818567
1324.7916666666667 -24.064572327769113 -26.694868978021976
1325.2916666666667 -24.063274610645852 -26.694340425233236
1325.7916666666667 -24.061991288323064 -26.69380370894678
1326.2916666666667 -24.060716364349336 -26.693272755193888
1326.7916666666667 -24.059432017175695 -26.692741989081682
1327.2916666666667 -24.058155875519773 -26.69218703533112
1327.7916666666667 -24.056857100298053 -26.691659345400865
1328.2916666666667 -24.055577622856074 -26.69110985780078
1328.7916666666667 -24.054316920602034 -26.690584692559053
1329.2916666666667 -24.053045399063567 -26.69003635230217
1329.7916666666667 -24.051737083100328 -26.689493924908536
1330.2916666666667 -24.050454949175233 -26.688946994523064
1330.7916666666667 -24.04918081692253 -26.688399670918322
1331.2916666666667 -24.0479360319774 -26.687864151991995
1331.7916666666667 -24.046668357081252 -26.687310471896154
1332.2916666666667 -24.045377323586237 -26.686760395845724
1332.7916666666667 -24.044131126585754 -26.68621009650424
1333.2916666666667 -24.042842823321983 -26.68565830715599
1333.7916666666667 -24.041571517379715 -26.685109060724304
1334.2916666666667 -24.040320806919674 -26.684558590838428
1334.7916666666667 -24.039039492406463 -26.68400065254677
1335.2916666666667 -24.037775120207023 -26.683455147124793
1335.7916666666667 -24.03652618966057 -26.682898550278125
1336.2916666666667 -24.035294547763165 -26.68232796863224
1336.7916666666667 -24.0339959690938 -26.681769384057873
1337.2916666666667 -24.032763654318746 -26.681210957674793
1337.7916666666667 -24.031509796658547 -26.680653207006678
1338.2916666666667 -24.030258257970267 -26.68008714419301
1338.7916666666667 -24.028979034314112 -26.679513108532866
1339.2916666666667 -24.02775393441983 -26.67895278464995
1339.7916666666667 -24.026485696531964 -26.678380764848942
1340.2916666666667 -24.025247025291414 -26.677813253967592
1340.7916666666667 -24.024047303591765 -26.67723877290372
1341.2916666666667 -24.022776872715394 -26.676681872732317
1341.7916666666667 -24.02151730835684 -26.676097013919915
1342.2916666666667 -24.020272486799893 -26.675529097607495
1342.7916666666667 -24.01901119968474 -26.674953327459097
1343.2916666666667 -24.017817187824978 -26.674380894304264
1343.7916666666667 -24.016573959919008 -26.673801938017967
1344.2916666666667 -24.01533394977266 -26.67321664296952
1344.7916666666667 -24.01409119243197 -26.67264143946319
1345.2916666666667 -24.01290589356154 -26.67207030656295
1345.7916666666667 -24.011660466292334 -26.67149247758688
1346.2916666666667 -24.010441913148423 -26.67090715502486
1346.7916666666667 -24.009214398865574 -26.670320844856995
1347.2916666666667 -24.007975045951145 -26.669740195702055
1347.7916666666667 -24.00678615817787 -26.66915418102192
1348.2916666666667 -24.005542144099135 -26.668573911775162
1348.7916666666667 -24.004360697857066 -26.667984805656815
1349.2916666666667 -24.003129877016043 -26.667407508804178
1349.7916666666667 -24.00197671650421 -26.666811622120825
1350.2916666666667 -24.000725316164257 -26.666225075546773
1350.7916666666667 -23.999539976028732 -26.665630192081004
1351.2916666666667 -23.998313625738167 -26.665047880002195
1351.7916666666667 -23.99712700164098 -26.664454545817332
1352.2916666666667 -23.995925422470883 -26.66386437119808
1352.7916666666667 -23.994698682746105 -26.663273579137595
1353.2916666666667 -23.993500796256274 -26.662670450683756
1353.7916666666667 -23.992306591026082 -26.662084214528996
1354.2916666666667 -23.99113548214639 -26.66147456710263
1354.7916666666667 -23.98994222434296 -26.66088632291714
1355.2916666666667 -23.98874620388532 -26.660290832152285
1355.7916666666667 -23.98754303592289 -26.659693525743094
1356.2916666666667 -23.98638578011257 -26.659095161544386
1356.7916666666667 -23.985222990580077 -26.65849433196614
1357.2916666666667 -23.984041117868152 -26.657896602561806
1357.7916666666667 -23.98282452993889 -26.6573000785392
1358.2916666666667 -23.9816582824516 -26.656693897511698
1358.7916666666667 -23.980455371983727 -26.65608418039821
1359.2916666666667 -23.979301820317463 -26.655480597550266
1359.7916666666667 -23.97813662197198 -26.65487694358508
1360.2916666666667 -23.976934999360036 -26.654276683319146
1360.7916666666667 -23.975812724685714 -26.65366365373401
1361.2916666666667 -23.97460381479624 -26.653056420617038
1361.7916666666667 -23.973498520173315 -26.652443224509135
1362.2916666666667 -23.972300692539154 -26.65183230648887
1362.7916666666667 -23.97112489705227 -26.651228733485205
1363.2916666666667 -23.96994397701141 -26.650621065703284
1363.7916666666667 -23.96880341132693 -26.650003525213716
1364.2916666666667 -23.967640256410256 -26.649386399605785
1364.7916666666667 -23.966487912407686 -26.64876508301993
1365.2916666666667 -23.96532627755726 -26.64815474459241
1365.7916666666667 -23.964185273463215 -26.647538771339406
1366.2916666666667 -23.963052197858474 -26.64692983507556
1366.7916666666667 -23.96189204871686 -26.64632068995155
1367.2916666666667 -23.96072216180157 -26.645697490840945
1367.7916666666667 -23.959577129788943 -26.645084383040214
1368.2916666666667 -23.958417430796587 -26.644457726704026
1368.7916666666667 -23.957275751662458 -26.643834345141183
1369.2916666666667 -23.956152015820734 -26.643213998157584
1369.7916666666667 -23.955016139452173 -26.64259595591409
1370.2916666666667 -23.95386252160399 -26.641971927712515
1370.7916666666667 -23.952731785206936 -26.641358667984143
1371.2916666666667 -23.951596055715335 -26.6407229130648
1371.7916666666667 -23.950469434320034 -26.640104281257983
