FastTrWP/PhaseSpace/IAs/snIa_0.4_20_-1_0.1.csv
# %ECSV 0.9
# ---
# datatype:
# - {name: time-rel, datatype: float64}
# - {name: g, datatype: float64}
# - {name: i, datatype: float64}
# schema: astropy-2.0
time-rel g i
[from data line 1668]
817.0833333333334 -25.54260866853792 -27.28979183351089
817.5833333333333 -25.54050637905272 -27.288792507071346
818.0833333333334 -25.538434409171124 -27.287794359772604
818.5833333333334 -25.536326484099703 -27.286795866205598
819.0833333333333 -25.534224545581395 -27.285788361211804
819.5833333333334 -25.532115282823753 -27.284802953282146
820.0833333333334 -25.5300195711327 -27.283785427903386
820.5833333333333 -25.52791451157686 -27.28279449951467
821.0833333333334 -25.52580631784305 -27.28179166818024
821.5833333333334 -25.523693832424016 -27.280793494496578
822.0833333333333 -25.52157234875265 -27.27979865772681
822.5833333333334 -25.51947466640543 -27.278793828564485
823.0833333333334 -25.517341660038866 -27.277794308375228
823.5833333333333 -25.515239248721574 -27.276791480841474
824.0833333333334 -25.51311687620484 -27.27580356540114
824.5833333333334 -25.511009630117233 -27.274805082390913
825.0833333333333 -25.50887961733646 -27.273814044413136
825.5833333333334 -25.50674903487518 -27.27280199921358
826.0833333333334 -25.504636478335012 -27.271808008908998
826.5833333333333 -25.50250325546292 -27.270801821862275
827.0833333333334 -25.50038825953615 -27.26981080338035
827.5833333333334 -25.49825857921588 -27.26881114501204
828.0833333333333 -25.49612335832208 -27.26781556432848
828.5833333333334 -25.493993204784587 -27.26680957769255
829.0833333333334 -25.491864440002374 -27.265813445851972
829.5833333333333 -25.489722931785494 -27.264819195713187
830.0833333333334 -25.487573536984655 -27.263816352195125
830.5833333333334 -25.485422635346183 -27.262823048065986
831.0833333333333 -25.483277933859764 -27.26182495606448
831.5833333333334 -25.481145029609337 -27.260831668970727
832.0833333333334 -25.478986575866628 -27.259831205325867
832.5833333333333 -25.476854445819814 -27.258832985945688
833.0833333333334 -25.474681054681056 -27.257837808671162
833.5833333333334 -25.47254240647147 -27.25684649288545
834.0833333333333 -25.47038851763556 -27.25584199980699
834.5833333333334 -25.468238818701895 -27.25484914202568
835.0833333333334 -25.46608965290542 -27.253850837498863
835.5833333333333 -25.463915588943454 -27.252861837203525
836.0833333333334 -25.461759797624044 -27.25186009935328
836.5833333333334 -25.459609859234913 -27.25086028230645
837.0833333333333 -25.457419974563656 -27.24986603893157
837.5833333333334 -25.45526208626989 -27.248864712414814
838.0833333333334 -25.453081293661235 -27.24786795965777
838.5833333333333 -25.450932281148866 -27.2468828111254
839.0833333333334 -25.448752943771797 -27.24589273708817
839.5833333333334 -25.446578033724364 -27.244888491040115
840.0833333333333 -25.444397778330966 -27.243892435639037
840.5833333333334 -25.44222577139574 -27.242892389767842
841.0833333333334 -25.44006166274725 -27.24190310446354
841.5833333333333 -25.437869711676726 -27.24091932394939
842.0833333333334 -25.43568347509469 -27.239922344563446
842.5833333333334 -25.433497495548536 -27.238938919140097
843.0833333333333 -25.43131898080874 -27.237935327398418
843.5833333333334 -25.429124653369044 -27.236942310198874
844.0833333333334 -25.426929649956 -27.235955244795164
844.5833333333333 -25.424751392100443 -27.234960423932403
845.0833333333334 -25.422560931867594 -27.233962616451816
845.5833333333334 -25.420358991782024 -27.23297133613063
846.0833333333333 -25.418172548062646 -27.2319759952582
846.5833333333334 -25.41596001667962 -27.230991583141424
847.0833333333334 -25.41375884809257 -27.23000379707663
847.5833333333333 -25.411561533734538 -27.22900193397483
848.0833333333334 -25.40935638755061 -27.228016120163563
848.5833333333334 -25.407122412992635 -27.227019369700667
849.0833333333333 -25.40493929628273 -27.2260339783957
849.5833333333334 -25.40274059979446 -27.22503604643157
850.0833333333334 -25.400521073360697 -27.22404469613554
850.5833333333333 -25.398312922503543 -27.223061141764042
851.0833333333334 -25.396108377071123 -27.22206914304578
851.5833333333334 -25.393864486247118 -27.221072644456818
852.0833333333333 -25.391661418621197 -27.220084807032137
852.5833333333334 -25.389433868089434 -27.219098779723424
853.0833333333334 -25.387219441841495 -27.218109327214552
853.5833333333333 -25.38500051210668 -27.21711651797537
854.0833333333334 -25.38276182703569 -27.216127472806946
854.5833333333334 -25.380551081204025 -27.215143613263578
855.0833333333333 -25.37832867904624 -27.214156172854125
855.5833333333334 -25.376109181279006 -27.21316568125694
856.0833333333334 -25.37385035100723 -27.212180220766975
856.5833333333333 -25.371624846546116 -27.211187148908365
857.0833333333334 -25.36936659041586 -27.210197096603817
857.5833333333334 -25.36714648915703 -27.20920580373917
858.0833333333333 -25.364898099805938 -27.20821728877675
858.5833333333334 -25.362657634566737 -27.207231646543477
859.0833333333334 -25.360400885761397 -27.206247438017165
859.5833333333333 -25.35816276885837 -27.205258241596702
860.0833333333334 -25.355907734400528 -27.204273165963315
860.5833333333334 -25.353679462271014 -27.2032837389928
861.0833333333333 -25.351399474942458 -27.202296860610264
861.5833333333334 -25.34914774752375 -27.201309657033637
862.0833333333334 -25.346882264790693 -27.200318922246367
862.5833333333333 -25.34464693950685 -27.199329432831334
863.0833333333334 -25.34238291850633 -27.198348388181238
863.5833333333334 -25.34012635148464 -27.197364720208483
864.0833333333333 -25.337856309923424 -27.196372234238616
864.5833333333334 -25.33559074401905 -27.195382287283284
865.0833333333334 -25.333302098328506 -27.19440249572886
865.5833333333333 -25.331028045297423 -27.193416991671704
866.0833333333334 -25.328776585209575 -27.192428644851994
866.5833333333334 -25.32650656720147 -27.191444128673833
867.0833333333333 -25.324215797656926 -27.190459013369367
867.5833333333334 -25.32193963474637 -27.189472501831496
868.0833333333334 -25.31963779033399 -27.188487040878133
868.5833333333333 -25.317368633648158 -27.187499966419843
869.0833333333334 -25.315106283951177 -27.186515708159078
869.5833333333334 -25.312794896335788 -27.185533084750432
870.0833333333333 -25.31050128525104 -27.184544402246303
870.5833333333334 -25.308184858194103 -27.183554090964645
871.0833333333334 -25.305888346032855 -27.182573391150342
871.5833333333333 -25.30359387451559 -27.181587511145956
872.0833333333334 -25.301286753717605 -27.18060200233788
872.5833333333334 -25.298981685954228 -27.179611768457377
873.0833333333333 -25.2966758163588 -27.178631282056884
873.5833333333334 -25.294379435715435 -27.177643215728953
874.0833333333334 -25.292041450399772 -27.176661528808722
874.5833333333333 -25.28973810991463 -27.175673861309747
875.0833333333334 -25.28742122900337 -27.174687702537106
875.5833333333334 -25.285091216858962 -27.173704235593053
876.0833333333333 -25.282783715530087 -27.172721995738925
876.5833333333334 -25.28045003090901 -27.171738086467695
877.0833333333334 -25.278135318391072 -27.170755445738205
877.5833333333333 -25.275802909380477 -27.169764238520045
878.0833333333334 -25.27346379003582 -27.168786623328778
878.5833333333334 -25.271115795352806 -27.16779998594341
879.0833333333333 -25.26879137465282 -27.166816042877354
879.5833333333334 -25.266454730239808 -27.165835361148858
880.0833333333334 -25.26412525525274 -27.16485196214216
880.5833333333333 -25.261769708762657 -27.163874885664974
881.0833333333334 -25.259409631122224 -27.162891037640552
881.5833333333334 -25.25709125258059 -27.16190615503094
882.0833333333333 -25.254731109565935 -27.160929138865036
882.5833333333334 -25.252370469462555 -27.1599460050231
883.0833333333334 -25.250044471911313 -27.158963585008497
883.5833333333333 -25.247707385262945 -27.157985020673493
884.0833333333334 -25.24531204657721 -27.156998511903367
884.5833333333334 -25.243002398832914 -27.156022593711615
885.0833333333333 -25.240621407392258 -27.155039487439513
885.5833333333334 -25.23826380220725 -27.15406522602507
886.0833333333334 -25.235902768548133 -27.1530858742301
886.5833333333333 -25.233547647609264 -27.152099472093756
887.0833333333334 -25.23118726732525 -27.15112888253202
887.5833333333334 -25.228838516180364 -27.150155584307058
888.0833333333333 -25.22645700408969 -27.14916918682054
888.5833333333334 -25.224122025019753 -27.148200622218567
889.0833333333334 -25.22172571915785 -27.14722273019509
889.5833333333333 -25.21936038909042 -27.14625040534647
890.0833333333334 -25.217009281541394 -27.145273141917393
890.5833333333334 -25.21463682070752 -27.14430203553095
891.0833333333333 -25.212275091891932 -27.1433221018259
891.5833333333334 -25.209895295521065 -27.142345092353647
892.0833333333334 -25.207521357306028 -27.14137149289975
892.5833333333333 -25.205158831299734 -27.140398971802053
893.0833333333334 -25.20278815587101 -27.1394291551052
893.5833333333334 -25.200398001822215 -27.138455743452624
894.0833333333333 -25.198030963914828 -27.137491501166554
894.5833333333334 -25.195654043635017 -27.136518558832265
895.0833333333334 -25.193269293489394 -27.135547277239095
895.5833333333333 -25.190927339306782 -27.1345749594984
896.0833333333334 -25.18853756702425 -27.13360631724084
896.5833333333334 -25.18614421737181 -27.132641358316793
897.0833333333333 -25.183793614405356 -27.13167107866001
897.5833333333334 -25.181425223303698 -27.130717103490195
898.0833333333334 -25.179041658744783 -27.12974633710154
898.5833333333333 -25.176662288136665 -27.1287783336267
899.0833333333334 -25.17429036932819 -27.127811907314445
899.5833333333334 -25.171906644167613 -27.126849390320086
900.0833333333333 -25.169525049157624 -27.12588078308739
900.5833333333334 -25.167151690356878 -27.124919324790934
901.0833333333334 -25.16476543530375 -27.123968616716464
901.5833333333333 -25.16239397842859 -27.12299774174653
902.0833333333334 -25.160016191700656 -27.122032726169213
902.5833333333334 -25.157662498023075 -27.121064866985808
903.0833333333333 -25.155255514091728 -27.120118318900378
903.5833333333334 -25.152854986054997 -27.11915225639413
904.0833333333334 -25.150493903695352 -27.118203402580207
904.5833333333333 -25.14809883570485 -27.11724008256041
905.0833333333334 -25.145693822292166 -27.116284927639636
905.5833333333334 -25.143347185207258 -27.115326919202328
906.0833333333333 -25.140941750045613 -27.114361937448276
906.5833333333334 -25.138557462478804 -27.113410589302077
907.0833333333334 -25.136153944065846 -27.112450990475505
907.5833333333333 -25.133765635053287 -27.111491638034035
908.0833333333334 -25.13136223321823 -27.110539961547
908.5833333333334 -25.128983772797827 -27.109585921163102
909.0833333333333 -25.126577643650805 -27.108626451342396
909.5833333333334 -25.12418169291891 -27.10767363684002
910.0833333333334 -25.1217946916104 -27.106725725473847
910.5833333333333 -25.11941623645715 -27.1057673000837
911.0833333333334 -25.117004626108013 -27.10481263174629
911.5833333333334 -25.11458629331959 -27.103860735880065
912.0833333333333 -25.11219762745389 -27.102912173385914
912.5833333333334 -25.109803860058367 -27.10195782963921
913.0833333333334 -25.10739203821368 -27.101010565251997
913.5833333333333 -25.105009149282367 -27.100064600262872
914.0833333333334 -25.102589403324686 -27.099118582456768
914.5833333333334 -25.100201511492894 -27.098162962972165
915.0833333333333 -25.097797609008197 -27.097218106807762
915.5833333333334 -25.095390353979177 -27.096277903994277
916.0833333333334 -25.092983453775943 -27.095327469421242
916.5833333333333 -25.090580909480785 -27.094383947967277
917.0833333333334 -25.088173638086218 -27.093434845764182
917.5833333333334 -25.085754812845984 -27.092486606566517
918.0833333333333 -25.083349888212496 -27.09154724539003
918.5833333333334 -25.0809562402331 -27.090604651391615
919.0833333333334 -25.078545396678237 -27.089657503340014
919.5833333333333 -25.076142915289633 -27.0887154002286
920.0833333333334 -25.073717254527207 -27.087774173762046
920.5833333333334 -25.07131199567549 -27.086835670640205
921.0833333333333 -25.068924434563215 -27.08590295059974
921.5833333333334 -25.066497523646408 -27.08495391975053
922.0833333333334 -25.064093930933083 -27.084012129554115
922.5833333333333 -25.061714374900774 -27.08307925989692
923.0833333333334 -25.059303777189257 -27.082141164111707
923.5833333333334 -25.05688096402974 -27.081194305091003
924.0833333333333 -25.054468757253613 -27.080271901356916
924.5833333333334 -25.052048173501134 -27.079332880839843
925.0833333333334 -25.049644449372526 -27.078399835353476
925.5833333333333 -25.047242882967723 -27.07746591577279
926.0833333333334 -25.044813543348848 -27.07653138907971
926.5833333333334 -25.04242045241194 -27.075599978635076
927.0833333333333 -25.040013300068008 -27.07466614251832
927.5833333333334 -25.03758137433141 -27.073744754590653
928.0833333333334 -25.035201136775175 -27.07280994667425
928.5833333333333 -25.032784749560044 -27.071880845629074
929.0833333333334 -25.030369852176758 -27.070956758876275
929.5833333333334 -25.027963550582992 -27.070024188055896
930.0833333333333 -25.025553180074755 -27.069094399720296
930.5833333333334 -25.023166018432306 -27.068168490869013
931.0833333333334 -25.020753705815267 -27.067245630063486
931.5833333333333 -25.01833770395485 -27.0663196292611
932.0833333333334 -25.01590880291112 -27.065396727342623
932.5833333333334 -25.013525916559626 -27.064473697358995
933.0833333333333 -25.01110456136275 -27.063548196892967
933.5833333333334 -25.008689640668585 -27.06262825114125
934.0833333333334 -25.006289313003705 -27.061706772357276
934.5833333333333 -25.0038754521919 -27.060787680360004
935.0833333333334 -25.001477493018193 -27.059867721782783
935.5833333333334 -24.9990798143033 -27.058950837069577
936.0833333333333 -24.996675318945126 -27.05803592407772
936.5833333333334 -24.99425570392809 -27.05712032626147
937.0833333333334 -24.991862042739143 -27.05620036420688
937.5833333333333 -24.98945740626577 -27.05527976051843
938.0833333333334 -24.987061463543622 -27.05436735359905
938.5833333333334 -24.98462740075651 -27.053453997536998
939.0833333333333 -24.98221355463339 -27.052536448847547
939.5833333333334 -24.97982431691154 -27.051619558881903
940.0833333333334 -24.977402579409414 -27.050712837466875
940.5833333333333 -24.974998017588565 -27.04980969489004
941.0833333333334 -24.972573505014214 -27.048890303650218
941.5833333333334 -24.970192681744972 -27.04798837929204
942.0833333333333 -24.967784383080204 -27.047078115286695
942.5833333333334 -24.965381637608452 -27.04616610984456
943.0833333333334 -24.963004988867333 -27.045252522450518
943.5833333333333 -24.960574278861905 -27.04435000993786
944.0833333333334 -24.95817826747533 -27.0434365408219
944.5833333333334 -24.95574544251388 -27.042537094710003
945.0833333333333 -24.95336056635839 -27.041638618112568
945.5833333333334 -24.950941590626048 -27.040735191539035
946.0833333333334 -24.948540056560496 -27.039829855081866
946.5833333333333 -24.94613826328858 -27.038928121532564
947.0833333333334 -24.94373784848222 -27.038020542837522
947.5833333333334 -24.94133451612747 -27.037125124788204
948.0833333333333 -24.93894129371382 -27.036221320339497
948.5833333333334 -24.936535009767034 -27.03531730237108
949.0833333333334 -24.934134452540988 -27.034424254172688
949.5833333333333 -24.931732544342744 -27.033532469612226
950.0833333333334 -24.92932798235058 -27.032635189530883
950.5833333333334 -24.92691897206242 -27.031738400716165
951.0833333333333 -24.924536679887584 -27.0308532021936
951.5833333333334 -24.92212568951163 -27.02995156102071
952.0833333333334 -24.91973885912978 -27.02906157924248
952.5833333333333 -24.9173499458235 -27.028169138485154
953.0833333333334 -24.914942197494735 -27.02728573484412
953.5833333333334 -24.912556853520496 -27.02638107409787
954.0833333333333 -24.910143409419785 -27.025506212809518
954.5833333333334 -24.90778604024964 -27.02461723194816
955.0833333333334 -24.90537455157365 -27.023724773993145
955.5833333333333 -24.90298325573644 -27.02284567168069
956.0833333333334 -24.900606090629314 -27.021955348343944
