FastTrWP/PhaseSpace/IAs/snIa_0.69_30.00_-0.15_0.05.csv
# %ECSV 0.9
# ---
# datatype:
# - {name: time-rel, datatype: float64}
# - {name: g, datatype: float64}
# - {name: i, datatype: float64}
# schema: astropy-2.0
time-rel g i
-417.0 26.994584211244042 24.89677849171295
-416.5 26.98669136147524 24.888441915937637
-416.0 26.978762998791606 24.880123677730555
-415.5 26.970913560203023 24.871866883765126
-415.0 26.963087487978168 24.863624194092996
-414.5 26.955319570281556 24.85543590582964
-414.0 26.947598932163615 24.84725377178966
-413.5 26.93984682439236 24.839138645866356
-413.0 26.93211732884248 24.831026309433266
-412.5 26.924449035847235 24.822989951115378
-412.0 26.91683517411558 24.814969352026747
-411.5 26.909256219781412 24.807003170202716
-411.0 26.90168623288136 24.79905542844567
-410.5 26.89413463816273 24.791143047472616
-410.0 26.886666768985958 24.783283888885762
-409.5 26.879181631803895 24.77546602324848
-409.0 26.871668966700838 24.767646521908873
-408.5 26.86431671330603 24.759887074934856
-408.0 26.856974113059987 24.7521502467861
-407.5 26.84962374936868 24.744454501888477
-407.0 26.842344165559883 24.736782516659378
-406.5 26.835039503556995 24.729152978399547
-406.0 26.827810318577377 24.72156970617284
-405.5 26.82056835386399 24.714024503062614
-405.0 26.813357789371025 24.7064834423556
-404.5 26.80623300599333 24.699005043546833
-404.0 26.79916000477164 24.691572368983884
-403.5 26.792059744075694 24.6841356375433
-403.0 26.784958236943844 24.676769132655334
-402.5 26.777958355342186 24.669426133050997
-402.0 26.771012489586283 24.66211541748408
-401.5 26.764012823078716 24.654842279414247
-401.0 26.757095144309805 24.64759352759806
-400.5 26.750149321151838 24.64038090028003
-400.0 26.74331683747286 24.633196501113076
-399.5 26.736486555180946 24.62605662213147
-399.0 26.729661362553806 24.61895694273815
-398.5 26.72286270125165 24.611864671211453
-398.0 26.71613495894064 24.60479744221918
-397.5 26.70942992307156 24.59776455282701
-397.0 26.702727884339538 24.590751745296117
-396.5 26.696078675034695 24.583754251123736
-396.0 26.689419186062075 24.576769657379987
-395.5 26.682820543262867 24.569811298800538
-395.0 26.676155905828445 24.562886079710253
-394.5 26.669594571554008 24.555997771170425
-394.0 26.663104464510518 24.549116003383574
-393.5 26.656576067710752 24.542235111697526
-393.0 26.650068743436588 24.53538941788905
-392.5 26.643633277780097 24.5285655254607
-392.0 26.637236482878922 24.521765243509765
-391.5 26.630797907794943 24.514987688354704
-391.0 26.624341721390028 24.508204148474597
-390.5 26.617992729546533 24.501495545837283
-390.0 26.611637548531046 24.494784158893307
-389.5 26.605297509465025 24.488086280534894
-389.0 26.598995570838856 24.48141326776699
-388.5 26.592683666138917 24.474782482566702
-388.0 26.586466872704307 24.46814863900601
-387.5 26.580216723149643 24.46153498922793
-387.0 26.57403832843191 24.45496614287512
-386.5 26.56783250678484 24.448409283412452
-386.0 26.561592175232846 24.441880623929872
-385.5 26.555480794324843 24.435371717627387
-385.0 26.549332201365175 24.428873856653595
-384.5 26.5431947196296 24.422426077809188
-384.0 26.53707587843849 24.415975544736796
-383.5 26.53104916999574 24.409554578604265
-383.0 26.52493347045544 24.403145678850805
-382.5 26.518939216446537 24.396768977409433
-382.0 26.51287154695765 24.39043396180835
-381.5 26.506943825027424 24.38409671846939
-381.0 26.500925357001197 24.377779715189952
-380.5 26.49493123010201 24.37151167074432
-380.0 26.488987235535014 24.365236726238425
-379.5 26.48308565898535 24.359012099995105
-379.0 26.477165553551313 24.35279945771649
-378.5 26.4712529319038 24.34659996239567
-378.0 26.465346043070426 24.34043896838976
-377.5 26.459501480901512 24.334305747042706
-377.0 26.453610385919365 24.328168574328103
-376.5 26.447799261497668 24.32207046857574
-376.0 26.441971245328943 24.315996445444867
-375.5 26.436145609536155 24.309930777632882
-375.0 26.43037288944647 24.30389663623783
-374.5 26.42461644112617 24.29788249356902
-374.0 26.418841952049753 24.291899735615864
-373.5 26.413058429232485 24.285941064446494
-373.0 26.4073227933925 24.279987196205738
-372.5 26.401642736175383 24.274086279832684
-372.0 26.395958491057947 24.26818291128722
-371.5 26.390205570206547 24.262318414710712
-371.0 26.38459198039947 24.256464477962837
-370.5 26.37888469607452 24.250638186021444
-370.0 26.373271592319654 24.24485766760336
-369.5 26.367638967676804 24.239072838148424
-369.0 26.362057960140493 24.233289057941086
-368.5 26.356438466063917 24.227545763132667
-368.0 26.3507929448688 24.221840365322123
-367.5 26.345275399177556 24.21613687086435
-367.0 26.339716580859047 24.210485585758683
-366.5 26.334128443541154 24.204831561835775
-366.0 26.328589178662746 24.199210804968164
-365.5 26.32304206957749 24.193607380446945
-365.0 26.317539986958217 24.18802914500116
-364.5 26.31202891413675 24.182461817510816
-364.0 26.30655115190283 24.176934339662463
-363.5 26.301062752535664 24.17141770371792
-363.0 26.29560724005659 24.16593399923789
-362.5 26.29015936516322 24.160464550358753
-362.0 26.284679761856623 24.15502452113017
-361.5 26.27926203361195 24.149588279714497
-361.0 26.273831540915765 24.14418884149979
-360.5 26.268441911375554 24.13880666398157
-360.0 26.263036881170333 24.133440782197653
-359.5 26.25762835528919 24.128102051519456
-359.0 26.252231338224764 24.12278372313338
-358.5 26.24687647469593 24.117508429331927
-358.0 26.24151250217508 24.112226739635187
-357.5 26.23616360557007 24.106972210337048
-357.0 26.23083624252107 24.10172021358987
-356.5 26.225540618389584 24.09650816493175
-356.0 26.220250272712903 24.09129302051141
-355.5 26.214968026432466 24.08608508709319
-355.0 26.209742027968176 24.08089866843392
-354.5 26.204480495966664 24.075729241867606
-354.0 26.199258022737006 24.0705877822365
-353.5 26.194055293664356 24.065449578197622
-353.0 26.18882728213758 24.06032792696061
-352.5 26.183644268678083 24.055210047282674
-352.0 26.178471636452116 24.050116218755303
-351.5 26.173329068625723 24.045053779609912
-351.0 26.16819837753315 24.03997417062682
-350.5 26.163036218185386 24.034938232174706
-350.0 26.15791015818282 24.029889200083968
-349.5 26.15280152701552 24.02487441805215
-349.0 26.147738352557973 24.019873539201164
-348.5 26.14266592880973 24.014876760914625
-348.0 26.13761143603673 24.009901169097816
-347.5 26.132547769004645 24.00494795397102
-347.0 26.127508219365545 23.99999818056386
-346.5 26.12249666611727 23.99506686499052
-346.0 26.117467545498428 23.990151499542385
-345.5 26.112478524747953 23.98524848373914
-345.0 26.10748416085754 23.980366118904193
-344.5 26.102458393383372 23.975486696135707
-344.0 26.097496820432077 23.970635882238756
-343.5 26.092543103336126 23.96578810994542
-343.0 26.087606595807017 23.960960174647745
-342.5 26.08265330770747 23.956165113634555
-342.0 26.077732613782896 23.95135580886788
-341.5 26.072811786011307 23.94657972281557
-341.0 26.06791170191661 23.941802229746102
-340.5 26.062978757095514 23.9370534791359
-340.0 26.058089988846433 23.932321042986878
-339.5 26.053238972769964 23.927592771122743
-339.0 26.048317739515518 23.922898599770903
-338.5 26.043476958323602 23.918190776166114
-338.0 26.038587169936097 23.91351964275245
-337.5 26.03376599675476 23.908851843004108
-337.0 26.02890153278541 23.904185631565884
-336.5 26.02409649349998 23.899569048077332
-336.0 26.01928465283057 23.894941331044418
-335.5 26.014461886969244 23.89034024529853
-335.0 26.009655513279295 23.88573886574521
-334.5 26.004828356666657 23.881167375749392
-334.0 26.000045687925976 23.876622389610876
-333.5 25.995301694186388 23.87207001612471
-333.0 25.990503808016467 23.867534550119952
-332.5 25.985715268189008 23.863019745839814
-332.0 25.98092687764968 23.858518365403004
-331.5 25.976203952570064 23.8540230140322
-331.0 25.971424141817295 23.849565095907902
-330.5 25.9666647662967 23.84510476745667
-330.0 25.96197387968615 23.840657955988544
-329.5 25.957214977195797 23.83623042310305
-329.0 25.952466092817016 23.83182222304226
-328.5 25.947785150248166 23.82742074785448
-328.0 25.943031047441067 23.823031121756422
-327.5 25.93834717270624 23.81867040363931
-327.0 25.93365422202443 23.81431719999368
-326.5 25.928900065491277 23.809973214362998
-326.0 25.924234476091033 23.80563767163327
-325.5 25.919536502514084 23.801322133480582
-325.0 25.914860244340456 23.79703395969583
-324.5 25.91021026471401 23.79274505629151
-324.0 25.90547396579861 23.78848222425838
-323.5 25.900861684553746 23.78422490898901
-323.0 25.896192416778597 23.779977866292473
-322.5 25.891505861447598 23.775757356833957
-322.0 25.886867775010263 23.771544867099145
-321.5 25.882195391019106 23.76734995616466
-321.0 25.877577134488362 23.763165674749892
-320.5 25.872944083835435 23.75899875509578
-320.0 25.868287057911708 23.754839769666592
-319.5 25.86362869632704 23.75070729413004
-319.0 25.859034879652413 23.7465644456326
-318.5 25.854394411857076 23.742464178804813
-318.0 25.849813122711453 23.738365934382102
-317.5 25.845168812120576 23.73427478614012
-317.0 25.840553917350707 23.730213007462957
-316.5 25.8359293854445 23.726149666377736
-316.0 25.831362779098352 23.722106277856362
-315.5 25.826763432467885 23.718082954532687
-315.0 25.822173896922287 23.714048364991037
-314.5 25.817597003239303 23.71004947103134
-314.0 25.813026279094068 23.70604696170515
-313.5 25.808460223626266 23.702060806876872
-313.0 25.803912883819066 23.698095881159517
-312.5 25.79934777125689 23.694130650403423
-312.0 25.794804703601454 23.690187161762477
-311.5 25.790283108173146 23.68623263014147
-311.0 25.78576660945307 23.682299480842058
-310.5 25.781262784914528 23.678393946825654
-310.0 25.776689277688725 23.6744874154792
-309.5 25.772219284008962 23.670593238012508
-309.0 25.767688796372997 23.66671254082984
-308.5 25.7632063997478 23.662842616379592
-308.0 25.75872613084536 23.65897149899618
-307.5 25.754252600194203 23.65512709860999
-307.0 25.749764334876172 23.651283288902462
-306.5 25.745333153866426 23.64745881800186
-306.0 25.740861230563624 23.643649693642608
-305.5 25.736404563576084 23.639834854220247
-305.0 25.731953441958176 23.636036147311614
-304.5 25.727505230139315 23.632244991717336
-304.0 25.723091546778804 23.628467671943042
-303.5 25.7186628092872 23.624710502922657
-303.0 25.714226468598266 23.62094049028436
-302.5 25.709829560051084 23.617196519957318
-302.0 25.705426446501587 23.613453254312855
-301.5 25.701031984864247 23.609728260505577
-301.0 25.696622817457385 23.60600672355346
-300.5 25.692234474417752 23.60230205712934
-300.0 25.687855642103507 23.598598182216005
-299.5 25.683495798324163 23.5949134610481
-299.0 25.679132759712303 23.591222922616897
-298.5 25.67474191891965 23.587553365038367
-298.0 25.670414623594837 23.58388492315026
-297.5 25.666082892594805 23.580240861178975
-297.0 25.661739921186197 23.576600116945112
-296.5 25.65739455763461 23.572962510085492
-296.0 25.65308697063925 23.569324766706295
-295.5 25.648755136329356 23.565708171058652
-295.0 25.644434078196564 23.562100079404075
-294.5 25.64015737607514 23.558499692638804
-294.0 25.635804250036657 23.554915473151404
-293.5 25.631532814747196 23.551320824088585
-293.0 25.627259192965536 23.547754814586412
-292.5 25.62298931132464 23.544181568749593
-292.0 25.618686320061368 23.540624216626604
-291.5 25.614415579920543 23.53707703103701
-291.0 25.610175937212766 23.53353709590484
-290.5 25.60590567670678 23.530009822166495
-290.0 25.60163459701438 23.526481628781863
-289.5 25.59741508710384 23.522973562548387
-289.0 25.593175522519527 23.51946158507429
-288.5 25.588951286000935 23.515939462789888
-288.0 25.584679453974335 23.512456130883848
-287.5 25.58045661873095 23.508960834487887
-287.0 25.576279592349266 23.50548229896248
-286.5 25.57208160401521 23.502011540617445
-286.0 25.56786805801839 23.49855523440562
-285.5 25.563646686837384 23.495090347538014
-285.0 25.559506529101785 23.491647728468344
-284.5 25.555317232665775 23.48820135249433
-284.0 25.551094731316034 23.484771900228104
-283.5 25.54694844737388 23.481332620604675
-283.0 25.542767845784358 23.477915753625922
-282.5 25.538643823368684 23.474517233803148
-282.0 25.53447967754781 23.47110292415482
-281.5 25.530306650713456 23.467704834751686
-281.0 25.526193506250443 23.46431808074594
-280.5 25.522032181160945 23.46093792617422
-280.0 25.51789863192228 23.457547580991083
-279.5 25.51378344724627 23.454181636441803
-279.0 25.509679375086797 23.450826361199386
-278.5 25.50556761842016 23.447469782754805
-278.0 25.50141749243408 23.4441138913091
-277.5 25.49737385784256 23.440765482908482
-277.0 25.49325761341474 23.437439247947168
-276.5 25.489181641188097 23.43410584675741
-276.0 25.48508094210405 23.430782155472293
-275.5 25.481003138529804 23.427460738118846
-275.0 25.476932101912734 23.424165278698098
-274.5 25.47287656440662 23.42087939947678
-274.0 25.468810107819433 23.41758286010768
-273.5 25.46476985289081 23.414287438414604
-273.0 25.460718006470437 23.41100980991994
-272.5 25.456692777926712 23.407745568668318
-272.0 25.452676123033662 23.404469934664842
-271.5 25.44867726945523 23.4012312881384
-271.0 25.444643925718044 23.39799064729975
-270.5 25.440625701085416 23.39474474707807
-270.0 25.436622211607464 23.391509810153146
-269.5 25.432613896696893 23.388276355296153
-269.0 25.428617645481232 23.385042798283443
-268.5 25.424667067065712 23.38184866505153
-268.0 25.42066277196392 23.378636740242204
-267.5 25.416702576653357 23.375442357233865
-267.0 25.41274053825402 23.372242290749313
-266.5 25.408742085211777 23.36906949508418
-266.0 25.40480246882821 23.365886487575686
-265.5 25.40085801594263 23.362710218342585
-265.0 25.39691343525648 23.35954275746144
-264.5 25.392955174077013 23.356381503252535
-264.0 25.389068618990688 23.35322325858951
-263.5 25.38511063118066 23.350073882372413
-263.0 25.381196589932618 23.346929266697938
-262.5 25.3772805221757 23.343788495500366
-262.0 25.37335580294867 23.34067577096745
-261.5 25.369452206757405 23.337544041775548
-261.0 25.36557268719075 23.33442579484099
-260.5 25.3616650050837 23.33131292262124
-260.0 25.35776578356873 23.32820843641466
-259.5 25.353899281229914 23.32511047991195
-259.0 25.35001855885248 23.322001091241404
-258.5 25.346142259192575 23.318925906780038
-258.0 25.342286918673118 23.315838486958448
-257.5 25.338447214254852 23.31276389332232
-257.0 25.334568140955867 23.30969732417063
-256.5 25.330717400827144 23.30663020275899
-256.0 25.32685304364685 23.30356756663829
-255.5 25.323042088514125 23.30052557299892
-255.0 25.31920579541898 23.29746541563359
-254.5 25.3153650436686 23.29441701097849
-254.0 25.311528529910376 23.291386500984963
-253.5 25.307716393191704 23.288347777926756
-253.0 25.303908739998885 23.28532407225108
-252.5 25.300082566989893 23.282305044868036
-252.0 25.29627579011167 23.27928616956752
-251.5 25.292492402846477 23.276269168197757
-251.0 25.28870684088432 23.273267604296816
-250.5 25.284923097275048 23.27025677648713
-250.0 25.28113060263874 23.2672615873984
-249.5 25.277349614714897 23.264263785725024
-249.0 25.273562639557376 23.26128437328229
-248.5 25.269799478250082 23.258302506322615
-248.0 25.266032000207097 23.25532804258748
-247.5 25.262272181257472 23.252354957746107
-247.0 25.258527783720552 23.249386874768952
-246.5 25.254756667951952 23.246429118265603
-246.0 25.250991743810523 23.243473700784936
-245.5 25.247290908822976 23.240511002084972
-245.0 25.24354065688346 23.237573341905193
-244.5 25.23980782034231 23.234622505594555
-244.0 25.23606500582 23.23168443833966
-243.5 25.232365399561544 23.22875968512466
-243.0 25.228629054572146 23.225830092257283
-242.5 25.22491534250017 23.22289829671387
-242.0 25.22119261996318 23.219979061993566
-241.5 25.2174863548564 23.217068192621277
-241.0 25.213787234074022 23.214147324790503
-240.5 25.210102025689686 23.211240041261284
-240.0 25.206414647712666 23.208335150881677
-239.5 25.202698451468805 23.20543421053784
-239.0 25.199032025317916 23.202534736574087
-238.5 25.195353073032614 23.199649613796716
-238.0 25.191682319643398 23.19676454164368
-237.5 25.188003356212146 23.193881196977838
-237.0 25.184321091160065 23.19100818045303
