FastTrWP/PhaseSpace/IAs/snIa_0.40_30.00_-1.03_0.01.csv
# %ECSV 0.9
# ---
# datatype:
# - {name: time-rel, datatype: float64}
# - {name: g, datatype: float64}
# - {name: i, datatype: float64}
# schema: astropy-2.0
time-rel g i
[from data line 1074]
144.5 23.332988037443968 22.414821029459002
144.9999999999999 23.33424032511229 22.41492781084585
145.5 23.335494828200872 22.415041876341913
146.0 23.33674508114855 22.415163291762145
146.4999999999999 23.33800226675939 22.41527024326507
147.0 23.33926768632089 22.4153861966608
147.5 23.34052602416946 22.4155199784524
147.9999999999999 23.341800719086663 22.41564194324414
148.5 23.343065469682223 22.415770765065695
149.0 23.3443448008232 22.415896827445284
149.4999999999999 23.345624175915624 22.416031009175462
150.0 23.346906421590795 22.416173494179965
150.5 23.348183137627924 22.416311220955002
150.9999999999999 23.34946015677483 22.416451018011657
151.5 23.350755387189395 22.41659658917261
152.0 23.35205655574478 22.416732482308387
152.4999999999999 23.353347833742934 22.416886295313304
153.0 23.35464590737184 22.4170379399548
153.5 23.355942836884793 22.417186937177984
153.9999999999999 23.357247066677836 22.41734959218659
154.5 23.358559897363133 22.417506904351118
155.0 23.359865419985585 22.417676875030416
155.4999999999999 23.36117945729572 22.417833920426304
156.0 23.362496007659026 22.417995403464314
156.5 23.36381466749964 22.41816847244124
156.9999999999999 23.36513060541867 22.418346842138416
157.5 23.366451185164784 22.41851464397096
158.0 23.36777782096142 22.418691850314538
158.4999999999999 23.369100347872873 22.418872930326145
159.0 23.370442916876893 22.419047985480304
159.5 23.371766365476404 22.41923618277103
159.9999999999999 23.373102813293162 22.41942723629057
160.5 23.37444572029935 22.41962041928895
161.0 23.37578536146932 22.419815108233134
161.4999999999999 23.37713885557431 22.41999582833751
162.0 23.378481505328633 22.420194535054293
162.5 23.37983544302137 22.42038901595343
162.9999999999999 23.381193827523227 22.420596197964645
163.5 23.382542535834745 22.420801354953213
164.0 23.38390893169183 22.421001876052365
164.4999999999999 23.385268528683646 22.421209678646754
165.0 23.386627620917967 22.421426793205733
165.5 23.3879997561842 22.42163567466963
165.9999999999999 23.389358135743326 22.42185390379627
166.5 23.390740034707477 22.422072280571403
167.0 23.3921067810962 22.422292376247178
167.4999999999999 23.393483138305395 22.422512038298066
168.0 23.394863573682105 22.42273453605131
168.5 23.396259596290516 22.422961465222908
168.9999999999999 23.397624568656287 22.423189663039995
169.5 23.399009880802424 22.42342252714966
170.0 23.40040884038311 22.4236595415725
170.4999999999999 23.401801769003058 22.4238840950962
171.0 23.40318411800854 22.424135028100505
171.5 23.40458420084365 22.42436989304748
171.9999999999999 23.40599925063333 22.424616305341818
172.5 23.407395518546593 22.424863377210798
173.0 23.40880118985183 22.42510768373294
173.4999999999999 23.41021043522547 22.425353593456524
174.0 23.411620357843184 22.425609775728084
174.5 23.413018843470695 22.425862182967112
174.9999999999999 23.4144371130002 22.426120875513853
175.5 23.415850946434198 22.426369672054577
176.0 23.417279107897386 22.42663800368254
176.4999999999999 23.41869321250144 22.426907111424338
177.0 23.420122220889827 22.42717119848387
177.5 23.42155317133756 22.42742856457786
177.9999999999999 23.42298419702166 22.42770387865557
178.5 23.424437847625153 22.427972529803746
179.0 23.42586982662665 22.428249365153974
179.4999999999999 23.427314317161105 22.42853605500569
180.0 23.428770723660875 22.428819047095235
180.5 23.430229491129616 22.42909034879006
180.9999999999999 23.43168482373673 22.429381232760424
181.5 23.433155198413118 22.42966946270293
182.0 23.434623927813067 22.42995667508705
182.4999999999999 23.436088321743757 22.43025164144893
183.0 23.43757446429582 22.430551240948354
183.5 23.43904898355627 22.430856998470254
183.9999999999999 23.44052623727857 22.431147128977265
184.5 23.44201197364449 22.4314571405641
185.0 23.443503230659687 22.43176013434163
185.4999999999999 23.445003661858625 22.432070534561547
186.0 23.446495779476706 22.432382209285628
186.5 23.447997985695803 22.43268964888965
186.9999999999999 23.449495799064273 22.433014523987115
187.5 23.450997198124767 22.43333501905932
188.0 23.452507732644612 22.433646992033434
188.4999999999999 23.454025343083455 22.433971605086185
189.0 23.455536921613987 22.434305271910937
189.5 23.457056304907354 22.434625215206644
189.9999999999999 23.458574250142597 22.43496037198227
190.5 23.460101858512772 22.435287953282355
191.0 23.46163746190487 22.43563583406398
191.4999999999999 23.463151707691704 22.435964926390454
192.0 23.464680953415883 22.436302630702688
192.5 23.466215364586613 22.43664626428025
192.9999999999999 23.467751820499675 22.43699036004472
193.5 23.469290250682306 22.437341896895482
194.0 23.470822370618546 22.43768639447231
194.4999999999999 23.472366818891643 22.438037070747402
195.0 23.473912511014028 22.438387974395336
195.5 23.475453964953044 22.438752898790526
195.9999999999999 23.477008600089043 22.439100166733958
196.5 23.47854838626732 22.43946867848304
197.0 23.480109298296146 22.439829286375584
197.4999999999999 23.481652164154553 22.440194293714665
198.0 23.483200580082336 22.440560214606826
198.5 23.484757821453577 22.440929340850563
198.9999999999999 23.486313478815454 22.44130584026764
199.5 23.487872629154324 22.44167247233927
200.0 23.489429012607705 22.44205666009254
200.4999999999999 23.490994597661405 22.442425765439665
201.0 23.492550874542673 22.442812403937303
201.5 23.494111450080794 22.443197516237152
201.9999999999999 23.495676567088644 22.443584205140294
202.5 23.497244075636242 22.443967313887065
203.0 23.498795143206795 22.444362471139698
203.4999999999999 23.50036570221279 22.44475045262049
204.0 23.5019281329633 22.445141696677595
204.5 23.503486285276157 22.445546981159236
204.9999999999999 23.505053036099127 22.445937171886683
205.5 23.50662169854616 22.44634226239848
206.0 23.50819212121349 22.44674074533348
206.4999999999999 23.50974911046034 22.447141368680114
207.0 23.51131199518903 22.447554040028997
207.5 23.51288622401949 22.44796856377947
207.9999999999999 23.51444230699373 22.448371710845166
208.5 23.516015158807026 22.448780049215515
209.0 23.51757254666237 22.44919713491639
209.4999999999999 23.51913849012363 22.44961364499411
210.0 23.52069139012062 22.45003512280654
210.5 23.522267166504033 22.450455065891575
210.9999999999999 23.523835185955576 22.450883881864442
211.5 23.525396992866238 22.45130306042916
212.0 23.526975930432545 22.451738234077418
212.4999999999999 23.528540889597295 22.45217179986578
213.0 23.530112449532613 22.452608859119874
213.5 23.531691173476244 22.453035405464632
213.9999999999999 23.533275317495548 22.453478933129286
214.5 23.534841939591026 22.45391838223314
215.0 23.53643085477724 22.454360341127398
215.4999999999999 23.5380080212069 22.45481413398825
216.0 23.539595941531953 22.455257750951443
216.5 23.541175507752477 22.455713592850614
216.9999999999999 23.542758134297827 22.456170274067265
217.5 23.544348742805376 22.456623212364356
218.0 23.545940760325696 22.457080743595817
218.4999999999999 23.54751809068688 22.457540831468098
219.0 23.549119257995898 22.458002630958415
219.5 23.550713068472334 22.45846952443145
219.9999999999999 23.55230949981629 22.458932878762997
220.5 23.55390888080737 22.45940972633492
221.0 23.555501683222193 22.459879586121396
221.4999999999999 23.557096448334555 22.460358295561917
222.0 23.55869821964212 22.460832533080616
222.5 23.560302949096364 22.46131752175534
222.9999999999999 23.561909646379092 22.461795360380204
223.5 23.563519399715844 22.46227626580703
224.0 23.565115064333536 22.46276697180173
224.4999999999999 23.56672472562838 22.46325491909134
225.0 23.568332272488025 22.46374762793062
225.5 23.56994320052666 22.464239855664015
225.9999999999999 23.571553666227324 22.464731739118378
226.5 23.573174697503315 22.465234737863796
227.0 23.574785165341297 22.465744594657018
227.4999999999999 23.576397816871083 22.46623777745735
228.0 23.578002064862446 22.46673737760218
228.5 23.57963026071079 22.467251121051476
228.9999999999999 23.58124681342643 22.467762016619087
229.5 23.582864550032404 22.46827232567505
230.0 23.584472509122083 22.468786761600335
230.4999999999999 23.586100274573845 22.46930374283734
231.0 23.587729725491087 22.469824733227092
231.5 23.589355942559397 22.470336151304284
231.9999999999999 23.59096796901045 22.470861726222644
232.5 23.59259828811357 22.47139257075005
233.0 23.594235104799594 22.471918980966738
233.4999999999999 23.595850835715773 22.47244676999265
234.0 23.597482633165306 22.472975882955723
234.5 23.599110876187922 22.473511649519754
234.9999999999999 23.60074050551018 22.474048048415504
235.5 23.602366549914745 22.47458524719079
236.0 23.603993294407665 22.475122136784904
236.4999999999999 23.60563089227651 22.475669988143387
237.0 23.607260679818193 22.476210921611276
237.5 23.60889801806772 22.47675282575905
237.9999999999999 23.610526333516088 22.47731275675903
238.5 23.61216911071618 22.477852051972235
239.0 23.61380267944942 22.478406745192764
239.4999999999999 23.61543902768016 22.478964484278357
240.0 23.617080284612527 22.479517909089665
240.5 23.618714774531533 22.480076993020994
240.9999999999999 23.6203507867998 22.48063480783919
241.5 23.62199088110338 22.481202008557325
242.0 23.623626847089376 22.481757323602526
242.4999999999999 23.625272468618896 22.482326784875998
243.0 23.626910705877087 22.482898907516763
243.5 23.628554018894057 22.4834695509514
243.9999999999999 23.63018145095363 22.484045147981302
244.5 23.63182156673353 22.48461915215152
245.0 23.63347165600747 22.48519476782156
245.4999999999999 23.63511915656465 22.485781714043714
246.0 23.636766161127905 22.486360115126217
246.5 23.638404664466115 22.486950939438188
246.9999999999999 23.640060530381728 22.487539513365803
247.5 23.64170203217877 22.488123559072754
248.0 23.643347891641106 22.48871524757497
248.4999999999999 23.64499665297441 22.48931066557946
249.0 23.64663879579424 22.489912386929944
249.5 23.648295254423243 22.490513419327556
249.9999999999999 23.649945102050715 22.491110808463894
250.5 23.65159778384286 22.491717207455757
251.0 23.653252192028496 22.492324529881525
251.4999999999999 23.65491529864513 22.492939228308025
252.0 23.656562690564122 22.493549063585334
252.5 23.658221256436747 22.494159498948633
252.9999999999999 23.659876527358804 22.494782765643635
253.5 23.66153600209206 22.495392745138005
254.0 23.66319836452061 22.496012620924162
254.4999999999999 23.664864728949667 22.49664001963709
255.0 23.66650547069238 22.49726636259318
255.5 23.66817933669833 22.497893408436482
255.9999999999999 23.669848717521262 22.49852076543901
256.5 23.671505301253735 22.499159587938284
257.0 23.673173734703465 22.499786130415895
257.4999999999999 23.674843633447242 22.500427494517055
258.0 23.676513455168976 22.501070667949648
258.5 23.678174586827645 22.501708967579567
258.9999999999999 23.679836752238668 22.502359180440422
259.5 23.681504501743493 22.50299917097587
260.0 23.683189910059518 22.503652271056815
260.4999999999999 23.684850086009362 22.50430317112802
261.0 23.686527436370373 22.504952211405772
261.5 23.688198781241354 22.50560904068938
261.9999999999999 23.68987512686733 22.506268327971508
262.5 23.691553552452763 22.506923295862748
263.0 23.69323431012935 22.50759218112174
263.4999999999999 23.69490004121184 22.508259276649312
264.0 23.696583715950524 22.508917671148552
264.5 23.698275356953147 22.5095857739068
264.9999999999999 23.699943820836417 22.510259060553558
265.5 23.70162621497589 22.510931939328053
266.0 23.70332557442847 22.51161163750926
266.4999999999999 23.704994000443982 22.512291553711865
267.0 23.706695046989395 22.512963816667874
267.5 23.708378935999278 22.513642507641407
267.9999999999999 23.710058484460195 22.514331745679893
268.5 23.711753002145443 22.515019359744038
269.0 23.71345882428658 22.515707749583306
269.4999999999999 23.715137158982017 22.516405868124956
270.0 23.716832881667955 22.517089443724156
270.5 23.71852521515399 22.51778487458469
270.9999999999999 23.72022678679351 22.51848356153377
271.5 23.721928483682003 22.519186219958037
272.0 23.723629383962507 22.519890928081857
272.4999999999999 23.725321256399766 22.520589816129238
273.0 23.72703400611746 22.521297110277704
273.5 23.728735920019837 22.522004981528383
273.9999999999999 23.73043655638403 22.522712924146234
274.5 23.732139975580488 22.523431533065946
275.0 23.733842563468865 22.524146263420754
275.4999999999999 23.735554801979877 22.52486456617205
276.0 23.73725317051141 22.52558027312478
276.5 23.73897180648012 22.5262981959926
276.9999999999999 23.74067870890695 22.527017559253892
277.5 23.742403209792773 22.52774931754906
278.0 23.744117373571747 22.528480530027885
278.4999999999999 23.74582745033336 22.52921142439942
279.0 23.747546956766787 22.529938888654797
279.5 23.74926947430508 22.530674680844367
279.9999999999999 23.750973080008198 22.531407219728923
280.5 23.75271391660222 22.532150653503706
281.0 23.75441489189403 22.5328947806309
281.4999999999999 23.756142588060627 22.53364288344585
282.0 23.7578724451847 22.53439557309795
282.5 23.759576875732485 22.535136694445438
282.9999999999999 23.761320744562944 22.535890048630137
283.5 23.763042837531216 22.536647154041646
284.0 23.764765326028257 22.537402431660894
284.4999999999999 23.76649898132216 22.53816153746093
285.0 23.768239385804172 22.538921019144954
285.5 23.769958705797606 22.539696111213775
285.9999999999999 23.771691761489492 22.540458742773364
286.5 23.773429874983943 22.54122237633797
287.0 23.775159982974987 22.542001085600198
287.4999999999999 23.776875081854474 22.542763769073645
288.0 23.77862093838925 22.54354620467781
288.5 23.7803599060673 22.544329120830714
288.9999999999999 23.782099215473313 22.54510429104622
289.5 23.783846313628274 22.545888142848302
290.0 23.785581379728878 22.546683502506134
290.4999999999999 23.78732663769054 22.54746825821554
291.0 23.789059154950692 22.54826459488696
291.5 23.79080930403215 22.549049622891488
291.9999999999999 23.79256186420909 22.549847768023067
292.5 23.794306578354004 22.550642545299663
293.0 23.79606333785242 22.55144784431049
293.4999999999999 23.79780051349799 22.552247237210832
294.0 23.799555496026574 22.55305530537754
294.5 23.801315561491908 22.553862382116613
294.9999999999999 23.803063620226336 22.55467079965677
295.5 23.804815511504547 22.555490910793587
296.0 23.806580462624673 22.556302329342785
296.4999999999999 23.80832857849557 22.55711645180511
297.0 23.810099033612907 22.5579349998577
297.5 23.811861503926547 22.55875560208437
297.9999999999999 23.813619510661667 22.559581463282893
298.5 23.815389293717523 22.560414809635066
299.0 23.817144943832517 22.561239676872674
299.4999999999999 23.818930754388845 22.562071521039133
300.0 23.82068689167604 22.56290742207858
300.5 23.822457151068356 22.56373693596099
300.9999999999999 23.824227528887082 22.564571982807994
301.5 23.826012277525493 22.565415813578873
302.0 23.827788333689814 22.5662666098269
302.4999999999999 23.82957197447452 22.56710973667427
303.0 23.83133172590094 22.567956162079014
303.5 23.833114657282373 22.568807448537047
303.9999999999999 23.83490239972252 22.569661184575978
304.5 23.836679909294325 22.5705106150037
305.0 23.83847022425288 22.571370563740963
305.4999999999999 23.84024593216502 22.57222904001172
306.0 23.842039822510127 22.573091746028283
306.5 23.84382215166338 22.57395771271318
306.9999999999999 23.845621025526285 22.574819891739033
307.5 23.84740584775237 22.575696575942864
308.0 23.849208608869713 22.576558457644623
308.4999999999999 23.851003928913354 22.5774318149197
309.0 23.85280653120366 22.578314410058866
309.5 23.854601810962883 22.579197768856037
309.9999999999999 23.856402373176362 22.580078389325205
310.5 23.858203942274805 22.58096063416003
311.0 23.860018665314747 22.581840837284552
311.4999999999999 23.861814711849533 22.582731958845187
312.0 23.86362621861081 22.58362946478067
312.5 23.865445588914763 22.58453361743006
312.9999999999999 23.8672531457755 22.585432498698278
