FastTrWP/PhaseSpace/IAs/snIa_0.6_20_-1_0.1.csv
# %ECSV 0.9
# ---
# datatype:
# - {name: time-rel, datatype: float64}
# - {name: g, datatype: float64}
# - {name: i, datatype: float64}
# schema: astropy-2.0
time-rel g i
[from data line 1937]
954.8125 -23.646851953372146 -27.149566186971672
955.3125 -23.643227149460518 -27.1483455060226
955.8124999999999 -23.63967021244318 -27.147125540453146
956.3125 -23.6361083221626 -27.145900465200185
956.8125 -23.632505458468643 -27.14467933898564
957.3124999999999 -23.62891403045628 -27.143452180462845
957.8125 -23.62543833586561 -27.142225661701417
958.3125 -23.6218225632876 -27.141004100447958
958.8124999999999 -23.618311240057665 -27.139773023719563
959.3125 -23.6148045120579 -27.13855798788794
959.8125 -23.611249060838272 -27.13732241422514
960.3124999999999 -23.607762591243112 -27.136093230951136
960.8125 -23.604255980186114 -27.134861641555368
961.3125 -23.600770427161493 -27.13363685415812
961.8124999999999 -23.597294397181436 -27.132413158304992
962.3125 -23.593822415265922 -27.131181518110807
962.8125 -23.590394467253578 -27.12994766876431
963.3124999999999 -23.58692748620783 -27.1287239332965
963.8125 -23.583537689634678 -27.127495547444536
964.3125 -23.580143342329222 -27.12626734564923
964.8124999999999 -23.57671249113018 -27.12503797168076
965.3125 -23.57339436664416 -27.1238036000832
965.8125 -23.57005831100178 -27.12257100525391
966.3124999999999 -23.566702731456868 -27.121338284769333
966.8125 -23.563327184331257 -27.12010104030204
967.3125 -23.56001779101684 -27.118872498218593
967.8124999999999 -23.55668233716227 -27.11763285005683
968.3125 -23.55339600480979 -27.116403604297943
968.8125 -23.549983164228795 -27.115163382981574
969.3124999999999 -23.546655791855628 -27.113926346062843
969.8125 -23.543345513035206 -27.112691991457556
970.3125 -23.539998615281252 -27.111447568570842
970.8124999999999 -23.53666624069321 -27.110200946587184
971.3125 -23.533321399947305 -27.108969306695407
971.8125 -23.53002659236347 -27.107723772243858
972.3124999999999 -23.526715490411494 -27.106480000847284
972.8125 -23.52338817374388 -27.105232651915987
973.3125 -23.520110435966288 -27.103981860660006
973.8124999999999 -23.516777216118836 -27.10273795297583
974.3125 -23.513440444357485 -27.101494777190837
974.8125 -23.51014964727494 -27.100248800155832
975.3124999999999 -23.506878855336847 -27.098980620494277
975.8125 -23.50356100211939 -27.09774098867609
976.3125 -23.500262630105237 -27.096481545697777
976.8124999999999 -23.497007253282614 -27.095237973450846
977.3125 -23.4937432572757 -27.09397756353878
977.8125 -23.490439932715752 -27.092731527219126
978.3124999999999 -23.487157499562787 -27.091466777540067
978.8125 -23.48394564045293 -27.090214012328705
979.3125 -23.480666179893905 -27.088948952835455
979.8124999999999 -23.47744248321701 -27.0876913034879
980.3125 -23.474169065855897 -27.086436298533428
980.8125 -23.470964646336398 -27.08516767499691
981.3124999999999 -23.467728206526356 -27.08390765705328
981.8125 -23.464529910213656 -27.082642842779094
982.3125 -23.461281076504818 -27.081388805710883
982.8124999999999 -23.45810133406347 -27.080120203992028
983.3125 -23.454936259487262 -27.078856190030542
983.8125 -23.451720195998437 -27.07758795442612
984.3124999999999 -23.44855650710676 -27.076329712324675
984.8125 -23.445402197044707 -27.07504976512564
985.3125 -23.442196718379698 -27.073781132448822
985.8124999999999 -23.43905821711457 -27.072506956696518
986.3125 -23.43592370328256 -27.071242029745083
986.8125 -23.432803501079697 -27.069969149392556
987.3124999999999 -23.429680338288858 -27.068694944779924
987.8125 -23.426581638738767 -27.06742894876072
988.3125 -23.42351130905156 -27.066153999754835
988.8124999999999 -23.420458668484592 -27.064874636082106
989.3125 -23.417373647459108 -27.06359665720602
989.8125 -23.414297049354346 -27.062311872723626
990.3124999999999 -23.411248913680765 -27.061040406407315
990.8125 -23.408183708597146 -27.059762932215587
991.3125 -23.40520888820614 -27.058476895008052
991.8124999999999 -23.402171704165696 -27.057195851952763
992.3125 -23.39917566027242 -27.055912980448426
992.8125 -23.396235998994225 -27.054635995459382
993.3124999999999 -23.393276519242722 -27.05334347058704
993.8125 -23.390320649142243 -27.052066483478733
994.3125 -23.387344464703034 -27.05078496464733
994.8124999999999 -23.3843839313827 -27.049500420847608
995.3125 -23.381538500492457 -27.048209790914214
995.8125 -23.378624342337027 -27.046917224034736
996.3124999999999 -23.37575530864474 -27.045641168800586
996.8125 -23.372884764832026 -27.044349727418997
997.3125 -23.37008285913264 -27.043052734062027
997.8124999999999 -23.367201785723598 -27.0417585154131
998.3125 -23.364444988629778 -27.040473261998667
998.8125 -23.361653761796507 -27.039179452991895
999.3124999999999 -23.358892958558755 -27.037881145742304
999.8125 -23.356154521379267 -27.03659891381731
1000.3125 -23.35339757470617 -27.035294351320797
1000.8124999999999 -23.350673454072716 -27.033999598044577
1001.3125 -23.348000085008028 -27.032702389621104
1001.8125 -23.345315187932737 -27.031411633203636
1002.3124999999999 -23.34265928155746 -27.030112904640212
1002.8125 -23.340049050178116 -27.02880879633312
1003.3125 -23.337411262033353 -27.02750924573692
1003.8124999999999 -23.33486569788356 -27.026208967159
1004.3125 -23.33222002982874 -27.02490626064987
1004.8125 -23.329691918232953 -27.023601648289336
1005.3124999999999 -23.327129566961915 -27.022313289266226
1005.8125 -23.324658510655603 -27.02100897715624
1006.3125 -23.322093446413895 -27.01969800976952
1006.8124999999999 -23.31960573585618 -27.018389843332265
1007.3125 -23.317135914064217 -27.01707539001145
1007.8125 -23.314689591979807 -27.015778178872406
1008.3124999999999 -23.31226592062975 -27.014474615120577
1008.8125 -23.30981924506162 -27.01315762395353
1009.3125 -23.307392695311346 -27.011848523117248
1009.8124999999999 -23.304989274106347 -27.010545537286752
1010.3125 -23.302628713560047 -27.009219811082442
1010.8125 -23.30028624490234 -27.007908455102644
1011.3125 -23.29792591494657 -27.00660403360693
1011.8125 -23.295600445791163 -27.005277199738998
1012.3125 -23.293260564375945 -27.003967590405523
1012.8125 -23.291019927554466 -27.002655678704713
1013.3125 -23.288726458615624 -27.001334952517176
1013.8125 -23.286451351239865 -27.000019816180338
1014.3125 -23.28426379301611 -26.998702974998416
1014.8125 -23.28199819638424 -26.997380022537047
1015.3125 -23.279820411144364 -26.996056626719295
1015.8125 -23.277688450761865 -26.99473364619663
1016.3125 -23.275516976497343 -26.99340974749232
1016.8125 -23.273359678860487 -26.99210217303451
1017.3125 -23.271245811942748 -26.990766418036
1017.8125 -23.269169683316044 -26.989438803171815
1018.3125 -23.267085473440765 -26.988116763993077
1018.8125 -23.265084014761108 -26.986784224579623
1019.3125 -23.263063915040767 -26.985466365187733
1019.8125 -23.260975602961928 -26.98412325134524
1020.3125 -23.259030923356796 -26.982792016389382
1020.8125 -23.257039698507462 -26.981459636413305
1021.3125 -23.255155228686082 -26.980136991223684
1021.8125 -23.253208496398067 -26.978792867284525
1022.3125 -23.2512709550192 -26.9774608589227
1022.8125 -23.249424630219742 -26.976130316959363
1023.3125 -23.247569336907013 -26.974801270327433
1023.8125 -23.245721621977246 -26.973458517009988
1024.3125 -23.2439220409972 -26.97212298085661
1024.8125 -23.242143551347382 -26.97079271270826
1025.3125 -23.24040302275797 -26.969452155535002
1025.8125 -23.23869989319973 -26.96810308425428
1026.3125 -23.23691497298288 -26.966757052092674
1026.8125 -23.23519376541403 -26.965410131956276
1027.3125 -23.233614806765566 -26.964073223320494
1027.8125 -23.231929349965288 -26.962728977445785
1028.3125 -23.230316277693102 -26.961379781208542
1028.8125 -23.228709575763126 -26.96003516642297
1029.3125 -23.22719874183006 -26.95869116967622
1029.8125 -23.22561314186732 -26.9573361883172
1030.3125 -23.224121186126574 -26.95599417458295
1030.8125 -23.222599735663493 -26.954636733477386
1031.3125 -23.22115386097158 -26.953287379968266
1031.8125 -23.219717891190513 -26.951944001146472
1032.3125 -23.218309553051096 -26.950583509033915
1032.8125 -23.216945864300055 -26.94923417925518
1033.3125 -23.215563111621094 -26.94788009224999
1033.8125 -23.214294669143563 -26.9465114709906
1034.3125 -23.212927902193844 -26.945160148454
1034.8125 -23.211645780732177 -26.943805927319396
1035.3125 -23.210418583705753 -26.942446220042395
1035.8125 -23.209182967406857 -26.941088718181703
1036.3125 -23.20801304175529 -26.939729685848327
1036.8125 -23.206847353112508 -26.938364537339993
1037.3125 -23.20572564327962 -26.93700581882361
1037.8125 -23.204551217184736 -26.935641945586674
1038.3125 -23.203529498959625 -26.934276590395164
1038.8125 -23.202452444954 -26.932916806817868
1039.3125 -23.20144725001072 -26.931548999410104
1039.8125 -23.200457446116634 -26.930184601020756
1040.3125 -23.199492763639906 -26.92880432382786
1040.8125 -23.198534718197962 -26.927435053004288
1041.3125 -23.1976437927828 -26.92606923256745
1041.8125 -23.196753431007334 -26.924702661631073
1042.3125 -23.195975875354158 -26.923328339858994
1042.8125 -23.195100617751354 -26.92195226089808
1043.3125 -23.194300933212784 -26.920592453614127
1043.8125 -23.19360663609876 -26.91919877568759
1044.3125 -23.192830824454788 -26.917832097862355
1044.8125 -23.192097459094686 -26.91646004909559
1045.3125 -23.191428667810175 -26.91508363394288
1045.8125 -23.190716413764104 -26.913698267697576
1046.3125 -23.19012275631753 -26.91230935394752
1046.8125 -23.18953306122904 -26.91093507807389
1047.3125 -23.188969811072887 -26.90954707052256
1047.8125 -23.188413372836084 -26.908167527782574
1048.3125 -23.18785133473332 -26.90678432005804
1048.8125 -23.187393460464875 -26.90539573905206
1049.3125 -23.18687516891047 -26.90401034272729
1049.8125 -23.18643988305415 -26.902627039836066
1050.3125 -23.186029268273863 -26.90124334224123
1050.8125 -23.185618042688226 -26.89983863548436
1051.3125 -23.18529746432272 -26.898455516088312
1051.8125 -23.184969162001412 -26.89706198581112
1052.3125 -23.184609194977238 -26.895668213212915
1052.8125 -23.184340805051388 -26.89427997101212
1053.3125 -23.18412389315588 -26.89288357176384
1053.8125 -23.183906711636556 -26.89148717520157
1054.3125 -23.183712138520246 -26.890087831350698
1054.8125 -23.183518886981744 -26.888685945792552
1055.3125 -23.183394641841424 -26.887294485802535
1055.8125 -23.183264256235823 -26.885882135937326
1056.3125 -23.183194527424128 -26.88449442688265
1056.8125 -23.183141682908325 -26.883085853995322
1057.3125 -23.183159066503116 -26.881685513461754
1057.8125 -23.18312573214781 -26.880281332303944
1058.3125 -23.183164477894778 -26.878866941699005
1058.8125 -23.183263292329425 -26.87747053597018
1059.3125 -23.183380824739448 -26.87606535829865
1059.8125 -23.183478342505772 -26.87465029844297
1060.3125 -23.183639596328455 -26.87324655154459
1060.8125 -23.18377612664658 -26.871829947719014
1061.3125 -23.184082211457454 -26.870421749549138
1061.8125 -23.184290555950213 -26.869025624887144
1062.3125 -23.184542055126567 -26.86759826761586
1062.8125 -23.18492599379903 -26.86618520468731
1063.3125 -23.185194408899225 -26.86476664835577
1063.8125 -23.185556195531852 -26.863354873284393
1064.3125 -23.185975871614136 -26.861933061467674
1064.8125 -23.186394517043905 -26.860520872740373
1065.3125 -23.186877069451384 -26.859095680498804
1065.8125 -23.187341618985116 -26.85767979950247
1066.3125 -23.18784441621615 -26.856259007083615
1066.8125 -23.18838628680244 -26.854844250714983
1067.3125 -23.188925898055913 -26.853415303421663
1067.8125 -23.189564602377946 -26.851996159218604
1068.3125 -23.19021345484634 -26.850570380851796
1068.8125 -23.19091409810358 -26.849140116971828
1069.3125 -23.191573015560458 -26.84771326039689
1069.8125 -23.192316249872636 -26.84629023375994
1070.3125 -23.193079743548182 -26.84486271500731
1070.8125 -23.19386212491993 -26.84343734281482
1071.3125 -23.194663491543892 -26.842006834306883
1071.8125 -23.195560870427574 -26.84056508308388
1072.3125 -23.19644115867503 -26.839137119793573
1072.8125 -23.19734157229024 -26.837700400072016
1073.3125 -23.198318639624397 -26.83627635593425
1073.8125 -23.19929498183946 -26.83483378942253
1074.3125 -23.200285779492656 -26.833405162540963
1074.8125 -23.20129835760932 -26.831960590115752
1075.3125 -23.202387733184885 -26.830531810379263
1075.8125 -23.203456559200628 -26.829083627627828
1076.3125 -23.204580231748785 -26.827652679267327
1076.8125 -23.205756063954208 -26.826214050968623
1077.3125 -23.20698530528416 -26.824770850435
1077.8125 -23.208198576462568 -26.823327844592754
1078.3125 -23.20939257846827 -26.821884213101043
1078.8125 -23.210719981057622 -26.820437741686153
1079.3125 -23.212017781970452 -26.818999968889322
1079.8125 -23.213356977564338 -26.81755477817304
1080.3125 -23.21472559441482 -26.81610470465127
1080.8125 -23.216093096815662 -26.81465600825677
1081.3125 -23.217606938554095 -26.813209894684075
1081.8125 -23.219097118805077 -26.811758356399146
1082.3125 -23.220692901915765 -26.81031818813552
1082.8125 -23.222298310944005 -26.808853177668613
1083.3125 -23.22397768532685 -26.807401639986573
1083.8125 -23.225718927677498 -26.805944706437156
1084.3125 -23.227528389695138 -26.80449139616426
1084.8125 -23.229369456603195 -26.80302678108574
1085.3125 -23.231257746496212 -26.801567893266963
1085.8125 -23.233213056437076 -26.800109355731138
1086.3125 -23.23518138207161 -26.798649884724682
1086.8125 -23.23722083846802 -26.79718218055138
1087.3125 -23.23928469073188 -26.795722168755223
1087.8125 -23.24138628257423 -26.79425299730312
1088.3125 -23.243503091688574 -26.792780444205153
1088.8125 -23.245706941839927 -26.791299707107097
1089.3125 -23.247952841070965 -26.789843878144623
1089.8125 -23.25015604587799 -26.78836166482565
1090.3125 -23.252460345998514 -26.786895051632644
1090.8125 -23.25478276661326 -26.785421117984
1091.3125 -23.257183930564345 -26.783941709748802
1091.8125 -23.259536561617175 -26.782475307182906
1092.3125 -23.261995568535916 -26.78098958175586
1092.8125 -23.26442396224207 -26.779505367756663
1093.3125 -23.266866288222644 -26.778034763057885
1093.8125 -23.269329221225075 -26.776557428203716
1094.3125 -23.27186240977546 -26.77507522633181
1094.8125 -23.274372286712808 -26.77358736011529
1095.3125 -23.27688011671618 -26.77210829236909
1095.8125 -23.279537223806415 -26.770624227792503
1096.3125 -23.282061384381127 -26.769136180565688
1096.8125 -23.28468160211877 -26.76764849930834
1097.3125 -23.287308873048815 -26.766157128354322
1097.8125 -23.28994457119738 -26.764667562972704
1098.3125 -23.292537888257318 -26.763191114655495
1098.8125 -23.29521812651511 -26.761701157787176
1099.3125 -23.29786574391687 -26.76020874232099
1099.8125 -23.300547810641078 -26.758713817289642
1100.3125 -23.303263131402776 -26.75722514673619
1100.8125 -23.305890701386346 -26.7557226428497
1101.3125 -23.308589662938772 -26.75423224293285
1101.8125 -23.311223545585996 -26.752745566476634
1102.3125 -23.313891230842486 -26.751245733434686
1102.8125 -23.316594794654844 -26.749754085919747
1103.3125 -23.31929961528017 -26.748251748666338
1103.8125 -23.321950093436566 -26.746763031653067
1104.3125 -23.32462458986364 -26.745256331992152
1104.8125 -23.327346661529326 -26.743763425395755
1105.3125 -23.330001083558027 -26.74227069904706
1105.8125 -23.332638858623895 -26.740773536384587
1106.3125 -23.33531841607407 -26.739275151128254
1106.8125 -23.33794736447342 -26.737771750143224
1107.3125 -23.340594992815156 -26.736275944823728
1107.8125 -23.343176386337632 -26.734776537603363
1108.3125 -23.345848557649717 -26.733267730105773
1108.8125 -23.34839976139068 -26.73177579880548
1109.3125 -23.35099173750485 -26.730275375717692
1109.8125 -23.353540249554907 -26.72876699203649
1110.3125 -23.35607523158133 -26.727269698576762
1110.8125 -23.358604486781537 -26.72577123338567
1111.3125 -23.361171473798947 -26.72426554291988
1111.8125 -23.363613388457157 -26.722775748746898
1112.3125 -23.366120348475803 -26.7212665972613
1112.8125 -23.368590287240142 -26.719758324640424
1113.3125 -23.371025518256495 -26.718255273493785
1113.8125 -23.37337025328533 -26.716762336341127
