FastTrWP/PhaseSpace/IAs/snIa_0.66_30.00_1.05_0.02.csv
# %ECSV 0.9
# ---
# datatype:
# - {name: time-rel, datatype: float64}
# - {name: g, datatype: float64}
# - {name: i, datatype: float64}
# schema: astropy-2.0
time-rel g i
[from data line 1074]
78.5 23.990603609247234 22.22776349795798
79.0 23.99138559358105 22.227616066801474
79.5 23.992198638016355 22.227468930730264
80.0 23.99298995139571 22.22732484981008
80.5 23.993797408283694 22.227177529421915
81.0 23.994604539637837 22.22703659465671
81.5 23.995435882250476 22.226895002303635
82.0 23.99624863708802 22.226750579213363
82.5 23.9970824074857 22.2266131318688
83.0 23.997911634786043 22.226476207837127
83.5 23.998763081573742 22.226341372721848
84.0 23.999611504730467 22.226203328181974
84.5 24.000470416795608 22.226070339396156
85.0 24.001316972575893 22.22594191697572
85.5 24.00218301144129 22.225806706631523
86.0 24.003067174943933 22.225687672686803
86.5 24.00394147061871 22.22556717789788
87.0 24.004818110260516 22.225435106787348
87.5 24.00571185567213 22.225307710447883
88.0 24.00661521245127 22.22519292526386
88.5 24.007520525173923 22.2250684177494
89.0 24.008421770463745 22.224952548174098
89.5 24.009351918612282 22.224834243824255
90.0 24.01026575516476 22.22471694270258
90.5 24.011204431489283 22.22460697944372
91.0 24.012128013337577 22.22449593916516
91.5 24.01306547187375 22.224386284103367
92.0 24.014038937479064 22.224279514330057
92.5 24.014970941694983 22.22417131221333
93.0 24.015935549245047 22.22406159406787
93.5 24.01689597395474 22.223958123336644
94.0 24.01786906591797 22.22386091624641
94.5 24.01884998148757 22.223760009151793
95.0 24.019838163440205 22.22366164279514
95.5 24.02082787265391 22.223559479105845
96.0 24.021832872045486 22.2234651853479
96.5 24.02282674787248 22.223378574879384
97.0 24.02385621946138 22.22328370911459
97.5 24.02487101991835 22.223190409805255
98.0 24.0258950281078 22.22310173193119
98.5 24.02690917630415 22.22301702071061
99.0 24.02797092746678 22.22292887760656
99.5 24.02900893351363 22.22284559370639
100.0 24.030074252745095 22.222762801335016
100.5 24.03111045406281 22.222688940313343
101.0 24.032201871447405 22.222599186155918
101.5 24.03326185436817 22.222523779977866
102.0 24.034363733679896 22.222454294142665
102.5 24.035465391026136 22.22237791099172
103.0 24.036575912448974 22.22229867383828
103.5 24.037687921828613 22.22223300991143
104.0 24.038840081188752 22.222157992924604
104.5 24.039982425080552 22.222089934556962
105.0 24.041126095479427 22.222027116888313
105.5 24.04227032711053 22.221956796582482
106.0 24.0434518710582 22.221898844990168
106.5 24.044646406059186 22.221832668599845
107.0 24.045821468528334 22.221774537699837
107.5 24.04702166199283 22.221711473605275
108.0 24.04824931157774 22.221659711750164
108.5 24.049472034698802 22.221599463328722
109.0 24.050695224255037 22.221545681913852
109.5 24.051947107310095 22.221499653597707
110.0 24.053189915130723 22.221435423580836
110.5 24.05443327351016 22.221392482290113
111.0 24.05569625326632 22.221346839469476
111.5 24.056967558819643 22.22129760469262
112.0 24.058256236072996 22.22125086904726
112.5 24.05953721326799 22.221210002764856
113.0 24.060845643226155 22.221165324550807
113.5 24.062149453862997 22.22112653848107
114.0 24.06346606992214 22.221085858828786
114.5 24.06478101637731 22.221048089643773
115.0 24.06610002970051 22.221013948635143
115.5 24.067441368405813 22.220986223297736
116.0 24.06876830973324 22.220945052973555
116.5 24.070113074510093 22.22091574840868
117.0 24.071489412896987 22.22088832391004
117.5 24.072836231121425 22.2208587141874
118.0 24.074211565950755 22.22083383783831
118.5 24.07556267494828 22.22080661455582
119.0 24.07695477020575 22.220787930564832
119.5 24.07832884457413 22.220764111130983
120.0 24.079719589311274 22.22074180917837
120.5 24.08111891232617 22.22072579309677
121.0 24.082510382071366 22.22070413119223
121.5 24.08391360330083 22.220690886156646
122.0 24.085336640788903 22.220680109553726
122.5 24.086757108011202 22.220670444776808
123.0 24.088158302420073 22.22065794292711
123.5 24.089592679348883 22.220640911233097
124.0 24.091000815507748 22.220641318109312
124.5 24.09244965874088 22.220628243715375
125.0 24.093888611939526 22.220632166081412
125.5 24.09532364872058 22.220624512070827
126.0 24.096771455975077 22.220624261069595
126.5 24.09820421655239 22.220628346525846
127.0 24.09966359206935 22.22063341990016
127.5 24.101115673864655 22.22063102092003
128.0 24.10255468958465 22.22064331004105
128.5 24.104016973802658 22.22064746705612
129.0 24.10547859664135 22.22065364782663
129.5 24.10694227686164 22.22066652266349
130.0 24.108405385493853 22.22067613912053
130.5 24.10987120530933 22.220694369971554
131.0 24.11132434960041 22.220708979578255
131.5 24.112798634429847 22.220717532255627
132.0 24.11427263457931 22.220743606346467
132.5 24.11573005181991 22.22076081125738
133.0 24.11721542338478 22.22078132430279
133.5 24.11868533887075 22.220805224351565
134.0 24.12015577647121 22.22083421233039
134.5 24.12163043566177 22.220858491854962
135.0 24.12309273525896 22.22088073832373
135.5 24.124561674260107 22.220909855697776
136.0 24.126039893396523 22.22094332859382
136.5 24.12751302050088 22.220982418642432
137.0 24.128977113280282 22.221014595613788
137.5 24.130447394445017 22.221049396711248
138.0 24.13191510193061 22.221083811860755
138.5 24.133378578181556 22.22112718179112
139.0 24.134856024678832 22.221170902098958
139.5 24.13632857115775 22.221207341230908
140.0 24.137780632016014 22.221252021055324
140.5 24.13925113904459 22.22129868771058
141.0 24.140722139732546 22.221351204130805
141.5 24.142176343202472 22.221398874187066
142.0 24.14365439169439 22.221448302790485
142.5 24.14512542014593 22.221505648066607
143.0 24.146631130717576 22.221565026098787
143.5 24.148108532083555 22.221611260342776
144.0 24.149622426832828 22.221670229987225
144.5 24.151114753248248 22.22173277220293
145.0 24.152624495551244 22.22179253629626
145.5 24.15415485276837 22.221853832630497
146.0 24.155660471043735 22.221919909508806
146.5 24.157194318498835 22.221990429285018
147.0 24.15873054072928 22.222049835664613
147.5 24.160272934564638 22.22212238238609
148.0 24.16180789398675 22.222198826833306
148.5 24.163363116550123 22.22226135752276
149.0 24.164916103777397 22.222337101994466
149.5 24.16647429327248 22.222408119520736
150.0 24.168039660335758 22.222494802395005
150.5 24.169620572500076 22.22257057616811
151.0 24.171173775432703 22.22264973049117
151.5 24.17274797752105 22.222733100757708
152.0 24.174332041158163 22.2228162137783
152.5 24.17590729854988 22.222900399490214
153.0 24.1774929889348 22.222988575539908
153.5 24.179088543756766 22.223075852046932
154.0 24.18068136412312 22.223166270954707
154.5 24.18227886063374 22.223259666918764
155.0 24.183872574455517 22.223351367923094
155.5 24.185469238022964 22.223452562521807
156.0 24.187083558347968 22.223543800117483
156.5 24.188689977318734 22.223640401644307
157.0 24.190286112935166 22.223742299057562
157.5 24.191908676556274 22.22385070432432
158.0 24.193517300497007 22.223949057460075
158.5 24.195146052572852 22.224053778948686
159.0 24.196747314886082 22.224155228406982
159.5 24.19837676929214 22.2242657987665
160.0 24.200005586983075 22.224375879368207
160.5 24.201619824122066 22.22448868015032
161.0 24.203262457189226 22.224593082526063
161.5 24.20487332213454 22.22471169906743
162.0 24.20648960938503 22.22483383594737
162.5 24.208133855484142 22.22494784581737
163.0 24.20975499130952 22.225062663226602
163.5 24.211400552146664 22.22518941556691
164.0 24.21304374424858 22.225309602214168
164.5 24.214653240461423 22.225426753769483
165.0 24.216293098319603 22.22555863465709
165.5 24.21790764770804 22.225691626477172
166.0 24.219553245981107 22.225815183916158
166.5 24.221181024514795 22.225948017149307
167.0 24.222802961471075 22.226084135736738
167.5 24.22443598682468 22.22621213016494
168.0 24.22607297550783 22.226348034767234
168.5 24.227696450675925 22.226486629866407
169.0 24.229328042152353 22.22663100275463
169.5 24.23094246229794 22.2267600074301
170.0 24.232579970744247 22.226904007227954
170.5 24.234189421979863 22.22705054970172
171.0 24.235810366275953 22.22718745686717
171.5 24.23743330871217 22.227334723773396
172.0 24.239048069493442 22.227486940413016
172.5 24.24066672329606 22.227637461948895
173.0 24.24227132347875 22.227787855385106
173.5 24.243878846280417 22.22793746423705
174.0 24.245488533986656 22.22809500971044
174.5 24.247090352339633 22.228246128352154
175.0 24.248701835557984 22.22839913455166
175.5 24.250300968488293 22.22856489529919
176.0 24.251895288894964 22.22872769013078
176.5 24.253491367931908 22.228884749386076
177.0 24.25507422458797 22.22905218537999
177.5 24.25665680109523 22.22921346206614
178.0 24.25823368208283 22.22938708977937
178.5 24.25981223727898 22.229556341832225
179.0 24.26137190244246 22.229719938142733
179.5 24.26293226829072 22.229892311312163
180.0 24.264492816069808 22.230068362731764
180.5 24.266051806137266 22.23023587059108
181.0 24.267597116801156 22.230415254447806
181.5 24.269156764391493 22.230593475961204
182.0 24.27070781694658 22.230766886021655
182.5 24.272257562429278 22.230953695625132
183.0 24.273797031117844 22.23113698425017
183.5 24.27534496088274 22.23132231005004
184.0 24.27690063964149 22.231504914841793
184.5 24.27843392841934 22.23170099701456
185.0 24.27998001439013 22.23188418160167
185.5 24.281535470831077 22.232073681223476
186.0 24.283074748721546 22.23227495234932
186.5 24.28460782512543 22.2324650646095
187.0 24.286147045438426 22.232659580285535
187.5 24.28768731991409 22.232857230081343
188.0 24.289216676574913 22.233061506658842
188.5 24.290762792233615 22.23325704918455
188.9999999999999 24.292320806860822 22.233458234625402
189.5 24.29384060061399 22.233672624360402
190.0 24.295370903583006 22.233876652882017
190.4999999999999 24.296917026437306 22.234082280431462
191.0 24.298442152504936 22.234288440183676
191.5 24.299974835725425 22.234504464237812
191.9999999999999 24.301511518037763 22.234722161585566
192.5 24.303032676408428 22.234937409433478
193.0 24.304556572232677 22.235157729312988
193.4999999999999 24.30607831427372 22.23536278974986
194.0 24.307609014238075 22.235594139447738
194.5 24.309137543740434 22.235811180971552
194.9999999999999 24.31065940185413 22.236035330868603
195.5 24.312190973018524 22.236257902929704
196.0 24.31370039821845 22.236483101429087
196.4999999999999 24.315224651726236 22.236711414356115
197.0 24.3167358025398 22.236940727158164
197.5 24.31825789312036 22.23716746392782
197.9999999999999 24.319769261574514 22.237405459942636
198.5 24.3212818358421 22.237635823311148
199.0 24.322787866785752 22.23787558096516
199.4999999999999 24.32430697548479 22.23811041929998
200.0 24.32582445136739 22.238349801915934
200.5 24.327318786940953 22.238591256296715
200.9999999999999 24.328836790034984 22.2388311131926
201.5 24.330324983173163 22.23907656633226
202.0 24.33182417231471 22.23932223486402
202.4999999999999 24.333343989915864 22.2395766089709
203.0 24.334833269617008 22.23981768312647
203.5 24.33634366233679 22.240063552430314
203.9999999999999 24.337858776852297 22.240317848942396
204.5 24.339337357521565 22.240567963386646
205.0 24.340832158030018 22.240827699295277
205.4999999999999 24.342323890791885 22.24108153781009
206.0 24.34383702380024 22.241341431698586
206.5 24.345320078120423 22.241598272432434
206.9999999999999 24.346802973847346 22.24185481127321
207.5 24.348320674852843 22.24212257783637
208.0 24.34977901623637 22.242388492887592
208.4999999999999 24.351268298845948 22.242649276981822
209.0 24.352754669940158 22.242924203685384
209.5 24.35425839549149 22.243181739686456
209.9999999999999 24.355724615548397 22.243457754648194
210.5 24.357206440598528 22.243728107942907
211.0 24.3586760203716 22.244004049835837
211.4999999999999 24.360159047044156 22.24427961304137
212.0 24.361629775343108 22.244557756826616
212.5 24.363116287253987 22.24482756200971
212.9999999999999 24.36459196269532 22.24510510302009
213.5 24.36605596708008 22.245393687888782
214.0 24.367518056680453 22.245669588146313
214.4999999999999 24.368993337945938 22.24595628127379
215.0 24.37046309823504 22.246241589049056
215.5 24.371925439405004 22.24652065106379
215.9999999999999 24.373396443024113 22.246810831881078
216.5 24.374843237171277 22.24709950644239
217.0 24.37632733841468 22.2473950300286
217.4999999999999 24.377773881003893 22.247684417172717
218.0 24.379231545332402 22.24798160814308
218.5 24.380675332666733 22.248280057360716
218.9999999999999 24.382131969320426 22.248570369590418
219.5 24.383585287898622 22.24887632673714
220.0 24.385041614754044 22.24916755661038
220.4999999999999 24.38647975139872 22.249471461440855
221.0 24.387929872123703 22.249776122400043
221.5 24.38938171145912 22.250079521812506
221.9999999999999 24.390802438567604 22.250386631937683
222.5 24.39224319042651 22.250693181341727
223.0 24.39369778021648 22.25100353796997
223.4999999999999 24.395132574345595 22.251316295117356
224.0 24.396560142058558 22.251631807002795
224.5 24.397973579097982 22.251942366800407
224.9999999999999 24.399407764506726 22.25226043327308
225.5 24.400854236087845 22.25258032613496
226.0 24.40225925569731 22.252895644381088
226.4999999999999 24.403704661849638 22.25322764296343
227.0 24.405121315316922 22.253538003947064
227.5 24.40654410811249 22.253873239995396
227.9999999999999 24.407929026620366 22.25419661834152
228.5 24.40937160862007 22.25452694036145
229.0 24.41077125972367 22.25485561581074
229.4999999999999 24.41217841365402 22.255188695964563
230.0 24.41360135062396 22.255521957507263
230.5 24.415015847251077 22.255855458682067
230.9999999999999 24.416395418174005 22.256189461433962
231.5 24.41782215434256 22.256536308277347
232.0 24.419222753057017 22.256874495900867
232.4999999999999 24.42062401952103 22.257222021573423
233.0 24.422003363470857 22.25755838441602
233.5 24.423412695784 22.25790823756526
233.9999999999999 24.42478426887828 22.258252827361083
234.5 24.426177483925162 22.258592018043437
235.0 24.427592956449786 22.258948065514495
235.4999999999999 24.428973770912958 22.259296631511706
236.0 24.430345254752353 22.259649267133057
236.5 24.431739652813192 22.260000270782196
236.9999999999999 24.433126149582872 22.260364538966392
237.5 24.434494181082016 22.26071195433684
238.0 24.435879610382102 22.261078042396065
238.4999999999999 24.43726042675692 22.261441131618042
239.0 24.438608912143657 22.261804760637418
239.5 24.440003131263445 22.26216822260597
239.9999999999999 24.4413587090185 22.26253592249549
240.5 24.44273346620024 22.26289980882592
241.0 24.44410062735821 22.263266292036256
241.4999999999999 24.445465061187758 22.263633718067638
242.0 24.44683403708753 22.264013255352822
242.5 24.448184336805387 22.26437680710919
242.9999999999999 24.44953667778634 22.26475335109365
243.5 24.450903520948856 22.265136593448915
244.0 24.45226898100259 22.265516221623333
244.4999999999999 24.453608291857428 22.265893520822054
245.0 24.454959862692398 22.2662640598538
245.5 24.456314840351915 22.266650478842962
245.9999999999999 24.457667621047882 22.26703611659579
246.5 24.45901071361171 22.26742303474267
247.0 24.46034568714561 22.26780106899023
247.4999999999999 24.461693529820543 22.26818859054687
248.0 24.46303308558354 22.268577693801838
248.5 24.46435176588262 22.268975232817677
248.9999999999999 24.465701063203053 22.269364920099832
249.5 24.467051303657776 22.269755173728
250.0 24.46838136490626 22.270158651168977
250.4999999999999 24.46972051403617 22.27054435912128
251.0 24.47104099304172 22.270945449936104
251.5 24.472346822103027 22.27134613930616
251.9999999999999 24.473694031072938 22.271742129599822
252.5 24.475004766090347 22.27214461691196
253.0 24.476345170465088 22.27254951697839
253.4999999999999 24.477672259100196 22.272954001228843
254.0 24.47899489320956 22.273353848795274
254.5 24.48029898221226 22.27376379705781
254.9999999999999 24.481602514939595 22.274175442250204
255.5 24.48295040562362 22.27457685999844
256.0 24.48425305867254 22.274991900127695
256.4999999999999 24.48555934510406 22.275402122881417
257.0 24.4868749604073 22.275818679094044
