FastTrWP/PhaseSpace/IAs/snIa_0.45_30.00_-0.04_-0.14.csv
# %ECSV 0.9
# ---
# datatype:
# - {name: time-rel, datatype: float64}
# - {name: g, datatype: float64}
# - {name: i, datatype: float64}
# schema: astropy-2.0
time-rel g i
-417.5 26.99425083840631 25.221076549124838
-417.0 26.967114627910913 25.212239544800283
-416.5 26.94036881189419 25.203399247238323
-416.0 26.914145865508168 25.194633492355326
-415.5 26.88832520743238 25.185866067697265
-415.0 26.862899011979987 25.17715861884646
-414.5 26.83782204160193 25.168456806466786
-414.0 26.813159630925874 25.15978006356381
-413.5 26.78894862364291 25.151125458664133
-413.0 26.764932957483396 25.14254610694573
-412.5 26.7413778087356 25.13394579373621
-412.0 26.71819144785566 25.125425256428933
-411.5 26.6952537947364 25.116894549543257
-411.0 26.672692348785844 25.108417756182178
-410.5 26.650408300433668 25.099983227178416
-410.0 26.628446328270826 25.091560713021433
-409.5 26.60678501264059 25.083181828734553
-409.0 26.585479477538524 25.07485043467053
-408.5 26.564387771190106 25.066497654962276
-408.0 26.543556357429626 25.058211580102125
-407.5 26.523003264572218 25.04996986777951
-407.0 26.50274726595804 25.041749539020138
-406.5 26.482719071942128 25.033570876599462
-406.0 26.46291164701978 25.025413000968975
-405.5 26.443376314424224 25.017293509430864
-405.0 26.424167029179788 25.00919232769677
-404.5 26.405101883648697 25.001140207797302
-404.0 26.386245023899168 24.993129265209685
-403.5 26.367609663519914 24.98511167914102
-403.0 26.349247663274824 24.977177608183485
-402.5 26.331122005508636 24.96923701173586
-402.0 26.313151322744094 24.96133372700841
-401.5 26.295397728117443 24.953486793537827
-401.0 26.2778101404521 24.945644854531682
-400.5 26.260468767336334 24.937870783641415
-400.0 26.24330520882349 24.93010195727439
-399.5 26.226367415701908 24.922370334910177
-399.0 26.209592866655722 24.914679838852166
-398.5 26.1929935393561 24.90701076292146
-398.0 26.176558017614898 24.899401505965958
-397.5 26.160317251565004 24.89178372793855
-397.0 26.144230818307843 24.88421717081839
-396.5 26.12838198806298 24.876707835752224
-396.0 26.112625908084816 24.8691946065011
-395.5 26.09704043283628 24.861706940885018
-395.0 26.081633968685143 24.854301389859643
-394.5 26.066355041837568 24.846892561973178
-394.0 26.051319096204505 24.83951822513162
-393.5 26.03633825221849 24.832195061299068
-393.0 26.02154250300359 24.824888874376168
-392.5 26.006902059057595 24.81759749184495
-392.0 25.992410131739263 24.81037392552619
-391.5 25.97802928323108 24.803171622167916
-391.0 25.9638194035306 24.796000689977102
-390.5 25.949777022220694 24.788861682694225
-390.0 25.935802942870943 24.78175372051443
-389.5 25.92202622426376 24.774680856794692
-389.0 25.908337451799245 24.767630529686144
-388.5 25.89477045381196 24.76062055343575
-388.0 25.881360296126942 24.75363063730184
-387.5 25.868061085780436 24.74670222158783
-387.0 25.854897774658564 24.739778411302595
-386.5 25.84179323521267 24.732856147064865
-386.0 25.828790383442673 24.72596949645354
-385.5 25.815890366841117 24.719115663808072
-385.0 25.80306037907564 24.71225529512956
-384.5 25.790359889635614 24.70542637795147
-384.0 25.777720926376013 24.698644554845007
-383.5 25.765187752082795 24.69184625213567
-383.0 25.75274057936277 24.685078195856622
-382.5 25.740361396717187 24.678345420794933
-382.0 25.72809078485996 24.671615254259905
-381.5 25.715919671444105 24.664908000536443
-381.0 25.703827014511624 24.65825163690463
-380.5 25.69181861107927 24.651592801531265
-380.0 25.679870028001798 24.644957496040046
-379.5 25.668018972620903 24.638331003371245
-379.0 25.656246987589736 24.631746816652846
-378.5 25.644548056748782 24.62518592087236
-378.0 25.632948491049987 24.618631813051664
-377.5 25.62141539678695 24.612115624413214
-377.0 25.60995696281617 24.605606671268774
-376.5 25.59856004158911 24.59912227055517
-376.0 25.587300317993908 24.592655322595963
-375.5 25.576020187687188 24.586230462379632
-375.0 25.56487407608319 24.57980547826636
-374.5 25.55381347411631 24.57341892875816
-374.0 25.54279549145104 24.567057254158225
-373.5 25.531899703986983 24.560722363664475
-373.0 25.521005074923004 24.55438752955244
-372.5 25.5101984318 24.548088736715115
-372.0 25.499481943970327 24.54181134564322
-371.5 25.48885619786637 24.535549101503488
-371.0 25.478259550869595 24.52933713295335
-370.5 25.46773667042986 24.523121285177428
-370.0 25.457281624100663 24.516930605028517
-369.5 25.446885208808627 24.510771913232965
-369.0 25.436575040153635 24.504595870793622
-368.5 25.42633168107937 24.498503019899868
-368.0 25.41612714982353 24.492407745691377
-367.5 25.406016084044495 24.48633370395553
-367.0 25.395945302244233 24.480292412366666
-366.5 25.38593485479449 24.47426156151867
-366.0 25.376010807542126 24.46826635521912
-365.5 25.36612920465968 24.462274790764308
-365.0 25.35629715442704 24.456308560819245
-364.5 25.346532332864516 24.450376675683863
-364.0 25.336867861163896 24.444460201322965
-363.5 25.327195123990357 24.438574079241327
-363.0 25.31761548682313 24.43271276069511
-362.5 25.308099450732588 24.426876040950283
-362.0 25.298635149284262 24.42103345524787
-361.5 25.289237919569135 24.41525999968601
-361.0 25.279877044168707 24.40947934933376
-360.5 25.270579587524264 24.403730713667848
-360.0 25.261327729788388 24.398004518023562
-359.5 25.252144158015458 24.392291711966365
-359.0 25.242979061526224 24.386600400317207
-358.5 25.233944165801127 24.380947590588548
-358.0 25.224906443706928 24.375316398836013
-357.5 25.215953765516822 24.36969778937458
-357.0 25.207001542162114 24.36409981379169
-356.5 25.198131066128767 24.35852146009729
-356.0 25.18932619585427 24.352995279638744
-355.5 25.180527182118944 24.347463817148135
-355.0 25.171797010924056 24.341966028553145
-354.5 25.163139220594402 24.33650021521156
-354.0 25.154520191265554 24.33104341596553
-353.5 25.14598880425055 24.32560003250957
-353.0 25.13743770142876 24.320206495737207
-352.5 25.128979246741935 24.314808691187846
-352.0 25.120533307776263 24.309429947831063
-351.5 25.11215370390516 24.304088458381365
-351.0 25.103796794710437 24.29874214646585
-350.5 25.095477667139757 24.29340431553072
-350.0 25.087191424188543 24.288087963405083
-349.5 25.078977092179095 24.282803069954753
-349.0 25.070779536326793 24.27751778778554
-348.5 25.06262620412897 24.272244802483538
-348.0 25.054521676870767 24.267008143659957
-347.5 25.046429294287307 24.261771576697186
-347.0 25.038398573572216 24.256550522174393
-346.5 25.030418266060313 24.2513534093162
-346.0 25.02243752457993 24.246167205955146
-345.5 25.014524885240462 24.24099994781127
-345.0 25.00662930380409 24.23583331588648
-344.5 24.99877330881242 24.23071581282567
-344.0 24.990955965862813 24.225584006731857
-343.5 24.983187971699778 24.22048597153569
-343.0 24.975415410446715 24.215377899862375
-342.5 24.96771654610287 24.21031927664344
-342.0 24.960055899907616 24.205246582252986
-341.5 24.95240098670113 24.200192167697573
-341.0 24.94479244568309 24.19516354918015
-340.5 24.93722047101165 24.190172587445783
-340.0 24.929680339633407 24.185172176199533
-339.5 24.922178964796622 24.18019302044458
-339.0 24.914718255925553 24.175216725751763
-338.5 24.907260695412123 24.17027820773192
-338.0 24.899848101460137 24.165352064760818
-337.5 24.892494026103446 24.160437229603545
-337.0 24.885133471872468 24.155522583495372
-336.5 24.87783522772759 24.15063645171156
-336.0 24.870549514235734 24.145777665888705
-335.5 24.863291665643295 24.140922927969743
-335.0 24.85607339808428 24.136084436750007
-334.5 24.84889839465579 24.131254991638574
-334.0 24.84173714886741 24.126467656157597
-333.5 24.8346095031032 24.121675374492433
-333.0 24.827512078213122 24.116885151740117
-332.5 24.820459705269194 24.112142209089477
-332.0 24.813415763653367 24.107401527139768
-331.5 24.80639751616218 24.10267798463078
-331.0 24.799416265197788 24.097958459981946
-330.5 24.79246587861283 24.09327966264209
-330.0 24.7855503612214 24.088588813697058
-329.5 24.778671491982514 24.08391366384081
-329.0 24.77178073037855 24.079285500408808
-328.5 24.76494981189028 24.07464781618576
-328.0 24.758155380650358 24.070035220900543
-327.5 24.751366480418397 24.065442624257862
-327.0 24.74462091672624 24.060852861668913
-326.5 24.737884363547003 24.056280120221647
-326.0 24.731171721384918 24.051734330784384
-325.5 24.72451642121916 24.047191026315694
-325.0 24.717858826169255 24.042673892504197
-324.5 24.71124981582981 24.03816192974212
-324.0 24.704668352669458 24.033690162301063
-323.5 24.69809372297523 24.029200230584156
-323.0 24.691535509345826 24.02475084413371
-322.5 24.685027004624548 24.020304687847187
-322.0 24.67853404306142 24.01588458755317
-321.5 24.67207774191898 24.01146093947512
-321.0 24.66562551918213 24.007071093583043
-320.5 24.659211768769715 24.002688897239125
-320.0 24.652817819034087 23.998328400308683
-319.5 24.646462351761112 23.99395166069166
-319.0 24.640115425401593 23.989636590816342
-318.5 24.633787835999836 23.985321996772186
-318.0 24.627488294790233 23.9810046658383
-317.5 24.62123270169812 23.97671222281604
-317.0 24.61497627051905 23.972455835407533
-316.5 24.60875805986596 23.968181984624607
-316.0 24.60254610280996 23.96393107499176
-315.5 24.596369868121833 23.95969137578829
-315.0 24.590214504248785 23.955474266387043
-314.5 24.584089945436386 23.95126006107015
-314.0 24.577969123311625 23.947066556670134
-313.5 24.571902163446232 23.942903220792203
-313.0 24.5658206896999 23.93872154206948
-312.5 24.559789477501994 23.93457186661084
-312.0 24.553750880451584 23.930406526834158
-311.5 24.547754047872992 23.926288558917758
-311.0 24.541766524421167 23.92216084345967
-310.5 24.5358088840278 23.91804984587096
-310.0 24.52988441687453 23.91395578972991
-309.5 24.523956020237048 23.909862678143725
-309.0 24.518046881332918 23.905809140129357
-308.5 24.512171490615266 23.90174608944698
-308.0 24.506295193074642 23.897690066345127
-307.5 24.500453102710082 23.893663669605054
-307.0 24.494645555607523 23.889632700959464
-306.5 24.488857837504675 23.885629496777373
-306.0 24.483056710399037 23.88162155121911
-305.5 24.477299670898812 23.877625294127576
-305.0 24.47157063458129 23.873662985270855
-304.5 24.465830530987397 23.86967374255296
-304.0 24.46012711389165 23.86572638607359
-303.5 24.454427449671606 23.861763867726005
-303.0 24.448752015546155 23.857830705105478
-302.5 24.443114123649814 23.85390995119625
-302.0 24.437463096386356 23.850003250227946
-301.5 24.431849357972382 23.846094267538795
-301.0 24.42624488194722 23.84218648211027
-300.5 24.420659145345567 23.83829895500123
-300.0 24.415097833669364 23.83442977374077
-299.5 24.409548230464857 23.830567758881806
-299.0 24.404013101570662 23.826700585220234
-298.5 24.398503696393256 23.82285677274766
-298.0 24.392993212824294 23.819015263030746
-297.5 24.38750955190958 23.815188676810834
-297.0 24.382054297217408 23.81137379960919
-296.5 24.376607632348048 23.807558219019704
-296.0 24.371157150958066 23.803765283217807
-295.5 24.365750208232235 23.799978387215003
-295.0 24.360343063698465 23.796199050892163
-294.5 24.354946880437076 23.79242475949097
-294.0 24.349598306303314 23.78865658795593
-293.5 24.344223652960046 23.78490836587783
-293.0 24.338877352969142 23.781170373998584
-292.5 24.333554372792555 23.77743591601569
-292.0 24.32823791324404 23.773708309776072
-291.5 24.32294354070934 23.769980420075854
-291.0 24.317688589598234 23.76626493108112
-290.5 24.31241443171597 23.76258097568884
-290.0 24.30714365554216 23.758879215240746
-289.5 24.301907244143873 23.755200472833153
-289.0 24.296680448851873 23.75152642649401
-288.5 24.291476685812412 23.74784703425204
-288.0 24.28631390631018 23.74419742465101
-287.5 24.28110993454538 23.74054526936549
-287.0 24.275946732961813 23.7368953208627
-286.5 24.270776923333493 23.733263534563083
-286.0 24.26564379452482 23.72963527023468
-285.5 24.260538676184915 23.726015422937014
-285.0 24.2554084690944 23.722397073285315
-284.5 24.250304491546736 23.718790896826928
-284.0 24.24522504598137 23.715188111850996
-283.5 24.24014627853254 23.711600214732616
-283.0 24.235098671708467 23.708026693745463
-282.5 24.23004754139172 23.704448227529056
-282.0 24.225031868378963 23.70088947467977
-281.5 24.220029340142325 23.697318687582943
-281.0 24.21500634984033 23.69378410488212
-280.5 24.21002574680387 23.69022925504991
-280.0 24.205061052129192 23.686709537886426
-279.5 24.20009993845899 23.68318805237335
-279.0 24.19516021880526 23.6796752058345
-278.5 24.190212726603292 23.6761691050155
-278.0 24.185290733658103 23.672666033254522
-277.5 24.18039480900124 23.669180166044704
-277.0 24.175503388387952 23.665691328407394
-276.5 24.170620226181452 23.662233526770788
-276.0 24.16574954063988 23.658762496784757
-275.5 24.160891953736776 23.655301246694034
-275.0 24.156060876636403 23.65185600000259
-274.5 24.151235040967066 23.648417499828078
-274.0 24.146421299241464 23.644977923517807
-273.5 24.14161455886097 23.641542328858467
-273.0 24.136824064201882 23.63812501645255
-272.5 24.13204515627431 23.634721477811524
-272.0 24.127290316902545 23.63131170185566
-271.5 24.122528275484022 23.627923119028083
-271.0 24.117771902247767 23.624516086716643
-270.5 24.11305141335837 23.621137341872544
-270.0 24.10832640395465 23.6177661526347
-269.5 24.103636045760453 23.61438994673748
-269.0 24.098926827422893 23.61102759062995
-268.5 24.09423743646031 23.607667230374545
-268.0 24.089576003369185 23.60432254049714
-267.5 24.084928229157256 23.60097556161366
-267.0 24.080249370890666 23.5976327250756
-266.5 24.075609269411004 23.59430466206335
-266.0 24.070978298869203 23.590990850564882
-265.5 24.06635701154823 23.58766778757205
-265.0 24.061736567718878 23.58437091462318
-264.5 24.057148950348104 23.581050890689138
-264.0 24.052561651472715 23.57773452889621
-263.5 24.047987988429416 23.574460327859637
-263.0 24.04341417686917 23.571162909021297
-262.5 24.03885692327545 23.567887627899346
-262.0 24.034316801453485 23.564617941340565
-261.5 24.029785454209357 23.561345228240235
-261.0 24.0252485538944 23.55808923016763
-260.5 24.020719290774206 23.554837140801723
-260.0 24.016215744998014 23.551580988127085
-259.5 24.011715989604067 23.548331214931476
-259.0 24.007237846075313 23.545095893714254
-258.5 24.002746265842624 23.541857712426598
-258.0 23.998284118529064 23.5386316171844
-257.5 23.993816669241976 23.535415411584793
-257.0 23.989367588819945 23.532194234239103
-256.5 23.984917313870447 23.528978587138802
-256.0 23.980483748108693 23.52578374166712
-255.5 23.97607107508517 23.522580480633994
-255.0 23.971645642617652 23.519392514139348
-254.5 23.96725241992889 23.516196957200624
-254.0 23.962846194469442 23.513001686647158
-253.5 23.958458370631064 23.509826324858892
-253.0 23.95407581339765 23.506652629174344
-252.5 23.949698967241098 23.50347901057723
-252.0 23.945341260556965 23.500311996373725
-251.5 23.94098276905926 23.497161439175656
-251.0 23.936632526656638 23.4940006744441
-250.5 23.93230738417108 23.490856740621176
-250.0 23.927967923584987 23.487716005376114
-249.5 23.923651963335843 23.484571225688462
-249.0 23.91932619573724 23.481443755152306
-248.5 23.91502626128013 23.47830372687351
-248.0 23.91072662464991 23.475177571698786
-247.5 23.906434110435892 23.47205192073138
-247.0 23.902164535813938 23.468946523876912
-246.5 23.897899617916572 23.4658359593762
-246.0 23.89363186549463 23.46274347677285
-245.5 23.889382561543332 23.459641772640254
-245.0 23.885141887018953 23.456542977164084
-244.5 23.880905957385274 23.453471549782865
-244.0 23.876671206655775 23.450389800997126
-243.5 23.87246090205217 23.447313669803368
-243.0 23.868261105580043 23.44423152328565
-242.5 23.864063032552195 23.441175354895492
-242.0 23.859874530016455 23.438119393805668
-241.5 23.85569826569046 23.43506264740766
-241.0 23.85153099630482 23.432019638047684
-240.5 23.847356869954965 23.428967211077417
-240.0 23.843210331209775 23.42592901386861
-239.5 23.83905004091199 23.422897880984056
-239.0 23.834930997757056 23.41987931237485
-238.5 23.83080600752461 23.416853460279754
-238.0 23.826658823519722 23.41384016239636
-237.5 23.822552959391466 23.41082256622334
