FastTrWP/PhaseSpace/IAs/snIa_0.66_30.00_-0.87_0.00.csv
# %ECSV 0.9
# ---
# datatype:
# - {name: time-rel, datatype: float64}
# - {name: g, datatype: float64}
# - {name: i, datatype: float64}
# schema: astropy-2.0
time-rel g i
[from data line 2011]
1135.8125 25.81665291152011 22.885638881560478
1136.3125 25.81883941737164 22.886831847756092
1136.8125 25.82105366181257 22.88802465577648
1137.3125 25.823280168385992 22.88921779641305
1137.8125 25.82551667553242 22.890405301266398
1138.3125 25.82776367100135 22.891603821605425
1138.8125 25.830028914506254 22.89279883291332
1139.3125 25.832306212425852 22.8939933845715
1139.8125 25.834593397770355 22.89518754700123
1140.3125 25.836870642255327 22.896385760525213
1140.8125 25.83919020641076 22.897582338040145
1141.3125 25.84155208114867 22.89878418441162
1141.8125 25.843867067069432 22.89998483969217
1142.3125 25.846211605383886 22.901190029949554
1142.8125 25.84861462658663 22.90238931982391
1143.3125 25.850985611969527 22.90359182695113
1143.8125 25.853368224885898 22.904800166230093
1144.3125 25.8557729986114 22.906000904652444
1144.8125 25.858190016084425 22.90720612654073
1145.3125 25.860630608770492 22.908407501322053
1145.8125 25.863063998394175 22.90962634069778
1146.3125 25.865549098527456 22.910837695597724
1146.8125 25.86801896991045 22.912039029096345
1147.3125 25.870480574896547 22.913250990346732
1147.8125 25.872984103373945 22.914465348976364
1148.3125 25.875544109080437 22.91567401707223
1148.8125 25.87804468294916 22.916898347713435
1149.3125 25.880574523277605 22.91810809581349
1149.8125 25.883143293788194 22.919320953639115
1150.3125 25.88569875593107 22.920538778732418
1150.8125 25.888263897572696 22.921747858411177
1151.3125 25.890860179020482 22.922964823706003
1151.8125 25.893467168899846 22.92419334910873
1152.3125 25.89611736658402 22.925416775315952
1152.8125 25.898708237409092 22.926639507432878
1153.3125 25.901404308225814 22.927853646816068
1153.8125 25.904014025943724 22.9290818809257
1154.3125 25.906669726480878 22.930306081849906
1154.8125 25.909381351430664 22.931533838341455
1155.3125 25.9120868329113 22.93277120826226
1155.8125 25.914771906801086 22.933979971103287
1156.3125 25.917470978313503 22.93522073460729
1156.8125 25.920228785236237 22.936447841448164
1157.3125 25.922972924255497 22.937679675787695
1157.8125 25.925737536236095 22.938905818821
1158.3125 25.92848757844388 22.9401394518432
1158.8125 25.93128856921233 22.941373454359105
1159.3125 25.934086802243186 22.942615034717022
1159.8125 25.93686852830684 22.943836197470105
1160.3125 25.939700453751136 22.94508057552853
1160.8125 25.94254329883427 22.946323631078553
1161.3125 25.945415389623477 22.94756124764553
1161.8125 25.948273789841984 22.94880780649057
1162.3125 25.95115672292679 22.950047356028968
1162.8125 25.954032342718342 22.951280381752284
1163.3125 25.95693999868451 22.95252973349099
1163.8125 25.959850918456667 22.953774848822505
1164.3125 25.962797693970536 22.95502163951472
1164.8125 25.965730042546937 22.95626251237564
1165.3125 25.968690133245826 22.95751182542984
1165.8125 25.97164525739315 22.95874949879294
1166.3125 25.974600464426896 22.96000131162396
1166.8125 25.9776134123468 22.961256866059955
1167.3125 25.980622322182295 22.962509705201736
1167.8125 25.983613154529728 22.963767056115994
1168.3125 25.986648043086188 22.965022962975695
1168.8125 25.989696257882716 22.966274898250884
1169.3125 25.992720225098758 22.967525175586307
1169.8125 25.99581438946309 22.968784449306412
1170.3125 25.998874554437187 22.970033732936894
1170.8125 26.001963347372726 22.971301276858345
1171.3125 26.005101624607242 22.97256541897042
1171.8125 26.008228797017882 22.973826163473774
1172.3125 26.01138373976486 22.97509463868622
1172.8125 26.014493729023105 22.976350065794552
1173.3125 26.017628349411382 22.97761018337333
1173.8125 26.020836994023465 22.97888118305323
1174.3125 26.023984898808724 22.980148427109725
1174.8125 26.02718704920961 22.98141730446918
1175.3125 26.030391946560144 22.982684886831382
1175.8125 26.033638950330335 22.98395537090906
1176.3125 26.03694303046918 22.98523131696978
1176.8125 26.040256496525043 22.98650139813818
1177.3125 26.04360880256158 22.98777695693304
1177.8125 26.04699128326637 22.98906262503426
1178.3125 26.05041612751065 22.990339630242183
1178.8125 26.05385904091832 22.99161179265809
1179.3125 26.057349613386172 22.992897727014462
1179.8125 26.060887071309086 22.99418428957488
1180.3125 26.06442136384961 22.995467990339872
1180.8125 26.068010665869394 22.996751748576557
1181.3125 26.07160418053388 22.998048758286682
1181.8125 26.075242549642603 22.99933744285328
1182.3125 26.07890599553132 23.000617516463766
1182.8125 26.082599228442707 23.00192062955
1183.3125 26.08629878500915 23.00321521315422
1183.8125 26.09008320613402 23.00451143250624
1184.3125 26.093840248134903 23.00580839398541
1184.8125 26.097651771372096 23.007103561084964
1185.3125 26.101500635773633 23.008396720758874
1185.8125 26.10529609249623 23.009707224374875
1186.3125 26.109176279422236 23.011009680511762
1186.8125 26.113086067499278 23.0123185289119
1187.3125 26.117009693168058 23.01361489651587
1187.8125 26.120947102065465 23.0149329232235
1188.3125 26.12488257975937 23.01622779286655
1188.8125 26.128885363226274 23.017541469511016
1189.3125 26.132869382478532 23.018852032926883
1189.8125 26.136917201311952 23.020161221675526
1190.3125 26.14098487715697 23.021466328074407
1190.8125 26.144999558766976 23.022783077344936
1191.3125 26.149092329401505 23.024094717642676
1191.8125 26.153195102688805 23.025414724990796
1192.3125 26.15724940805763 23.026728543147776
1192.8125 26.161380656324443 23.028044397434222
1193.3125 26.165558768753638 23.029365233106027
1193.8125 26.16970344297161 23.030686350652996
1194.3125 26.17384194487224 23.032001018506975
1194.8125 26.177986937494403 23.0333199859427
1195.3125 26.182184922172098 23.034649702934445
1195.8125 26.186360123484768 23.035969376518782
1196.3125 26.19057143310259 23.037288476078984
1196.8125 26.194772667702253 23.038608073161797
1197.3125 26.19900500582283 23.039932592868702
1197.8125 26.203202925143806 23.04126332950405
1198.3125 26.207439935424432 23.042582079627174
1198.8125 26.211689785196704 23.04391702449593
1199.3125 26.21591546258093 23.045247968279035
1199.8125 26.220128955690146 23.04657430717381
1200.3125 26.224371781409697 23.0479016787547
1200.8125 26.228630805866274 23.049229793827454
1201.3125 26.232905399656477 23.050566044831395
1201.8125 26.23709050226916 23.05190068603673
1202.3125 26.241365885601084 23.05322238333329
1202.8125 26.245557147884156 23.054559051866804
1203.3125 26.249788643175926 23.055885165721545
1203.8125 26.254057832298617 23.05721362459874
1204.3125 26.258217559824992 23.05855504715527
1204.8125 26.26240355942265 23.05988039573089
1205.3125 26.266647493390014 23.061217886855452
1205.8125 26.270802103383332 23.062557692813655
1206.3125 26.275025637826236 23.063885672702682
1206.8125 26.279155835607995 23.06521681060137
1207.3125 26.283328402861844 23.066552582864112
1207.8125 26.287439475621962 23.06788899570638
1208.3125 26.291533298351503 23.069220432581933
1208.8125 26.295650068442992 23.070559928360158
1209.3125 26.29974625305746 23.07189956421951
1209.8125 26.3038027389767 23.073238991282494
1210.3125 26.307808869999143 23.07456758256461
1210.8125 26.31183752054247 23.0758959763093
1211.3125 26.31585485260871 23.077236882765657
1211.8125 26.319782564837123 23.07857158544558
1212.3125 26.323781182336447 23.079909782728784
1212.8125 26.327666095425258 23.08124631331242
1213.3125 26.3315731510008 23.082570386029246
1213.8125 26.33539208284009 23.083919929907985
1214.3125 26.339253289712545 23.085253315594926
1214.8125 26.343028976636667 23.086587671919233
1215.3125 26.346801167181706 23.087921860953045
1215.8125 26.35061315814816 23.08926376906362
1216.3125 26.354374103374795 23.090600506044318
1216.8125 26.358175759452624 23.09192560477849
1217.3125 26.361904029650397 23.093264287394348
1217.8125 26.36568615445047 23.094617297248167
1218.3125 26.369457179292088 23.095948034503433
1218.8125 26.373217744933044 23.097285886353248
1219.3125 26.376981729492552 23.09862893804801
1219.8125 26.380763721688666 23.099961032946126
1220.3125 26.38454385118778 23.101301461624317
1220.8125 26.38829913488797 23.102648008868112
1221.3125 26.392017106945286 23.103986555155632
1221.8125 26.39578369656059 23.105333778252664
1222.3125 26.399476015040744 23.10668247348516
1222.8125 26.40323605107765 23.10803289748715
1223.3125 26.406938623020935 23.10937562421917
1223.8125 26.410697633179694 23.110709619809423
1224.3125 26.41440831140589 23.1120634552526
1224.8125 26.418136046091703 23.11340778348996
1225.3125 26.42186789737037 23.11475581788434
1225.8125 26.425526333419683 23.116114006992593
1226.3125 26.429248243654854 23.117448987178378
1226.8125 26.43289344492789 23.118802634761416
1227.3125 26.436594808580672 23.120152015769293
1227.8125 26.440200202626837 23.12150349117227
1228.3125 26.443884956843565 23.122852594355983
1228.8125 26.447472803320903 23.124202759697987
1229.3125 26.45115735433546 23.125555277609703
1229.8125 26.45478136826138 23.126904570509446
1230.3125 26.458408824701554 23.128263189530838
1230.8125 26.462013941168678 23.129610753482805
1231.3125 26.465556652544294 23.13095894723906
1231.8125 26.46913194233013 23.13232279337781
1232.3125 26.472711801054484 23.13367480038461
1232.8125 26.476257244582932 23.13503170010378
1233.3125 26.479776069714752 23.13638700056812
1233.8125 26.483290246667366 23.137737705285915
1234.3125 26.486822200055432 23.13910648437515
1234.8125 26.490268326243196 23.14045321776151
1235.3125 26.493759644970506 23.141809807200204
1235.8125 26.497180804493095 23.14316008219687
1236.3125 26.500656618132304 23.14453616726084
1236.8125 26.504073664693234 23.145885848897017
1237.3125 26.507501746033896 23.147245088715117
1237.8125 26.510859229969817 23.148606439506153
1238.3125 26.514211964324797 23.14996361659041
1238.8125 26.51757744644167 23.15132376746314
1239.3125 26.52088831060199 23.152676038439473
1239.8125 26.524170150495916 23.154041985507252
1240.3125 26.52747618691345 23.155405350036695
1240.8125 26.530733330160835 23.156763301311724
1241.3125 26.533971503620087 23.158135319423188
1241.8125 26.53719914068382 23.15948189092039
1242.3125 26.540345709228355 23.16085010369067
1242.8125 26.543532473583312 23.162214633799376
1243.3125 26.546735243577267 23.163567426033758
1243.8125 26.549841809364615 23.16493677114559
1244.3125 26.5529004747439 23.16629875584188
1244.8125 26.556007630410875 23.16766716560113
1245.3125 26.55905638248024 23.169027046955634
1245.8125 26.562061716784253 23.17039136550487
1246.3125 26.565030065133875 23.17174901772201
1246.8125 26.568023678758586 23.173124709897298
1247.3125 26.570968036348468 23.174486249621012
1247.8125 26.573859844958566 23.175847670949906
1248.3125 26.576711812462715 23.17721622716318
1248.8125 26.579559039346865 23.178575040748704
1249.3125 26.582381743200592 23.179947938867972
1249.8125 26.58516263001531 23.18131059598104
1250.3125 26.587941125172655 23.18267765994731
1250.8125 26.590637839155725 23.184045805793673
1251.3125 26.59330330402154 23.185412157861553
1251.8125 26.595978320569017 23.186789110789483
1252.3125 26.59859774039495 23.18814701409934
1252.8125 26.601214007247364 23.18951070403687
1253.3125 26.603743644092972 23.190871524306772
1253.8125 26.606262986303225 23.192248415072466
1254.3125 26.60870465955185 23.1936151501033
1254.8125 26.611123963993577 23.194983029148418
1255.3125 26.61355464556452 23.19635530930762
1255.8125 26.61596623691103 23.197712750253054
1256.3125 26.61834395554971 23.199096424145015
1256.8125 26.620602609756126 23.20044767941244
1257.3125 26.62296465502036 23.20182748440288
1257.8125 26.625266142203778 23.2031957000871
1258.3125 26.627531882960234 23.204561037617417
1258.8125 26.629719171855086 23.205942156137375
1259.3125 26.631935287549048 23.207314002019068
1259.8125 26.634062531184103 23.20867194487759
1260.3125 26.636230393813545 23.21005501888742
1260.8125 26.638262456346375 23.21142695434952
1261.3125 26.640384698094202 23.212782531661297
1261.8125 26.64247063793471 23.21416940355927
1262.3125 26.644486031417195 23.215547131803433
1262.8125 26.64649821040067 23.216922108987646
1263.3125 26.64841569763002 23.218291226829106
1263.8125 26.6503797425817 23.21965840278684
1264.3125 26.652227194668185 23.221042362210156
1264.8125 26.65409345659052 23.222411230741038
1265.3125 26.655953812631708 23.22378284442129
1265.8125 26.657711270637535 23.225164857184257
1266.3125 26.659484517064215 23.22654125080346
1266.8125 26.661219791728513 23.227915594287275
1267.3125 26.662925385571278 23.22928810155303
1267.8125 26.664624846325218 23.230667032747462
1268.3125 26.666210031574053 23.23203049889267
1268.8125 26.667765259701927 23.233429341233784
1269.3125 26.66938186956486 23.23479316502308
1269.8125 26.6709383119492 23.236177641687327
1270.3125 26.672421874602144 23.2375541906005
1270.8125 26.67390227780634 23.23893154155876
1271.3125 26.675320617551186 23.240311317709683
1271.8125 26.676664208571992 23.241698465603378
1272.3125 26.678035575631036 23.243069881898577
1272.8125 26.679370654699603 23.24444489310701
1273.3125 26.680651438760584 23.245820650115
1273.8125 26.68186152549152 23.2472048810768
1274.3125 26.683102488847034 23.24858254419611
1274.8125 26.684253246513983 23.249957722021005
1275.3125 26.68539518603373 23.25133689598819
1275.8125 26.68649276422897 23.252728489056665
1276.3125 26.687558588443558 23.25410056130865
1276.8125 26.688603911044368 23.255483341731086
1277.3125 26.68956857673026 23.256868091782344
1277.8125 26.69050868900071 23.25824303202845
1278.3125 26.691403328266627 23.259624058444437
1278.8125 26.692256255799265 23.261010040132525
1279.3125 26.69307142664248 23.26239190200644
1279.8125 26.69388922493595 23.263768608871974
1280.3125 26.6945940228046 23.265149557579058
1280.8125 26.695331844429152 23.26653962655557
1281.3125 26.696006524931626 23.26792085153547
1281.8125 26.69658890956152 23.269303706404592
1282.3125 26.697259080206287 23.270686448013166
1282.8125 26.697786497433192 23.27205866620453
1283.3125 26.698262366831642 23.273449381290057
1283.8125 26.69871485628026 23.274832260173657
1284.3125 26.699212854797686 23.2762057536575
1284.8125 26.699549225811165 23.277590586732337
1285.3125 26.699857251621026 23.27897374485859
1285.8125 26.700156400936134 23.28036318424228
1286.3125 26.70041820737685 23.281745710519278
1286.8125 26.700647952990458 23.283119797731064
1287.3125 26.700826183684345 23.28452100600796
1287.8125 26.700976956249786 23.285896189121015
1288.3125 26.701056539817365 23.287274671055087
1288.8125 26.70111987671881 23.28865397592352
1289.3125 26.7011477262908 23.290041503522353
1289.8125 26.70109547948418 23.29142023990384
1290.3125 26.7010285606254 23.292811502662186
1290.8125 26.70086802720716 23.29419597935616
1291.3125 26.70069180088738 23.295579517090367
1291.8125 26.70056012688168 23.29695795576541
1292.3125 26.700232088613326 23.298348152529424
1292.8125 26.699943364432617 23.299720511787516
1293.3125 26.69962204980328 23.30111656072652
1293.8125 26.69922780116993 23.302484230400495
1294.3125 26.698807046982942 23.30387487428046
1294.8125 26.698376479923578 23.305253090867005
1295.3125 26.69779283389646 23.306651623061022
1295.8125 26.697312601449088 23.308025824557213
1296.3125 26.696688493407265 23.30941275316697
1296.8125 26.69611698110099 23.31080299334708
1297.3125 26.695413550257214 23.312187088663094
1297.8125 26.694793436958896 23.31357164338222
1298.3125 26.69403943419187 23.314955642453175
1298.8125 26.69324361874846 23.31634067932268
1299.3125 26.692455685177997 23.317726996261715
1299.8125 26.691598079189053 23.319117873764807
1300.3125 26.69075755254482 23.320492963610633
1300.8125 26.689831735911437 23.32188993944232
1301.3125 26.68889009722234 23.32327346157338
1301.8125 26.68789036295604 23.324662542606312
1302.3125 26.686852343524414 23.326051801329317
1302.8125 26.68572952238096 23.327424176109105
1303.3125 26.68466583312824 23.328809148847153
1303.8125 26.683500243693178 23.33021290690506
1304.3125 26.682312620581378 23.331594947032382
1304.8125 26.681144923843455 23.33298537721852
