FastTrWP/PhaseSpace/IAs/snIa_0.70_30.00_0.88_-0.22.csv
# %ECSV 0.9
# ---
# datatype:
# - {name: time-rel, datatype: float64}
# - {name: g, datatype: float64}
# - {name: i, datatype: float64}
# schema: astropy-2.0
time-rel g i
[from data line 724]
-199.5 23.52910395728573 22.8089034589793
-199.0 23.52523575426954 22.806911802891786
-198.5 23.521377151994912 22.804942072310446
-198.0 23.517518174656793 22.80295470170881
-197.5 23.513656638982017 22.800977260919222
-197.0 23.50979324163073 22.799008630322536
-196.5 23.50594413147317 22.797042116676913
-196.0 23.50208551671741 22.795067286528226
-195.5 23.49823509704068 22.79310063113002
-195.0 23.494392703818843 22.79113798443022
-194.5 23.490561784886232 22.789176057867074
-194.0 23.486718862463263 22.78720971911161
-193.5 23.482894920667388 22.78526208569765
-193.0 23.47907288532255 22.783307386264156
-192.5 23.47525143292135 22.78135702512904
-192.0 23.47144222019192 22.77941758162131
-191.5 23.467640034241995 22.777469682995356
-191.0 23.463849878341463 22.775534244129908
-190.5 23.46004649921522 22.77359094305822
-190.0 23.456275992814465 22.77166520765477
-189.5 23.452511805549975 22.769731031298225
-189.0 23.448747336396906 22.76780191164058
-188.5 23.444998605999167 22.765885733216066
-188.0 23.4412667378087 22.76396793402143
-187.5 23.437529708536328 22.762054280853622
-187.0 23.43381367984072 22.76014352601583
-186.5 23.430114704332322 22.758231645456558
-186.0 23.42640178780169 22.75633394363862
-185.5 23.422715710917643 22.754425595045053
-185.0 23.419058863111495 22.752534270304977
-184.5 23.41539427309291 22.750648164198427
-184.0 23.41173760463552 22.74875414546092
-183.5 23.40811470049119 22.746874676362655
-183.0 23.404495337965045 22.74500410786267
-182.5 23.400889412177058 22.743126926963328
-182.0 23.397297681912423 22.74126303994908
-181.5 23.393720420477347 22.739392952284483
-181.0 23.390156910867546 22.73754278252865
-180.5 23.386609889291993 22.735690621688978
-180.0 23.38307910790009 22.733832970624306
-179.5 23.37956285009126 22.732000324617726
-179.0 23.376071756635714 22.730162491278612
-178.5 23.372582045279962 22.728330774877314
-178.0 23.369120510040638 22.726504641336874
-177.5 23.365672075885456 22.724675344486126
-177.0 23.362237758331915 22.72285915620364
-176.50000000000006 23.35882811285554 22.721049163239748
-176.0 23.355426655700505 22.719239683936724
-175.5 23.35206003601823 22.717434382089525
-175.00000000000006 23.348697312449932 22.715641018998667
-174.5 23.34535188443649 22.7138549921197
-174.0 23.342032342576687 22.71206827251005
-173.50000000000006 23.33873576579788 22.710291167931906
-173.0 23.335449291411706 22.708512761912367
-172.5 23.332192445863022 22.706751702318897
-172.00000000000006 23.32893597672523 22.704998313002363
-171.5 23.325718769323313 22.703240083792032
-171.0 23.32251659410616 22.701484126575764
-170.50000000000006 23.319340170225335 22.699742395106426
-170.0 23.316170425775926 22.698010994304752
-169.5 23.31304327382348 22.696281996584755
-169.00000000000006 23.30991791388756 22.69455984372627
-168.5 23.306833755568537 22.692839333429514
-168.0 23.30375052321466 22.6911292920523
-167.50000000000006 23.30069882919348 22.68942408886682
-167.0 23.297661938374464 22.6877255298768
-166.5 23.294606591943623 22.686032144750406
-166.00000000000006 23.29158639763073 22.68433299297888
-165.5 23.28857206768744 22.682647526002476
-165.0 23.285547999723125 22.68095381726148
-164.50000000000006 23.282537439938654 22.679263439073573
-164.0 23.27954160311507 22.677586675752988
-163.5 23.27654694922643 22.67590727455241
-163.00000000000006 23.273553764125744 22.674219176374685
-162.5 23.270574402861293 22.672554125282872
-162.0 23.267602868415498 22.670888939924488
-161.50000000000006 23.264631243857288 22.669217609868582
-161.0 23.261686870163803 22.667559697037255
-160.5 23.25873423480948 22.6659046508928
-160.00000000000006 23.25580656574636 22.66424921709755
-159.5 23.252868604979525 22.662596828326134
-159.0 23.24994843503758 22.660946316093217
-158.50000000000006 23.24703967752958 22.659303945235298
-158.0 23.244133713134495 22.657666038816853
-157.5 23.24123178463897 22.656024696779994
-157.00000000000006 23.23835734874529 22.65438909219379
-156.5 23.23546323765132 22.65276258212092
-156.0 23.232608758905023 22.651139072320944
-155.50000000000006 23.229750801056262 22.649518871717156
-155.0 23.226907897371095 22.647901827625002
-154.5 23.2240695954434 22.646282768358677
-154.00000000000006 23.221245088770253 22.644667879750212
-153.5 23.218421254176732 22.64305182278486
-153.0 23.215626408990495 22.64145653236629
-152.50000000000006 23.212829728633437 22.639858849193445
-152.0 23.21004499967236 22.638267937654135
-151.5 23.20727454612482 22.6366742225752
-151.00000000000006 23.204510068881234 22.635087186590162
-150.5 23.201742900511523 22.63351025699563
-150.0 23.199020655590964 22.631924592671588
-149.50000000000006 23.196293546143817 22.630349366135455
-149.0 23.19357466746436 22.62878115906283
-148.5 23.190862004319555 22.627228771930422
-148.00000000000006 23.18816353730925 22.625645614766015
-147.5 23.185489930049958 22.62410121123282
-147.0 23.182818356398364 22.622542304690768
-146.50000000000006 23.18015643273016 22.620989987899215
-146.0 23.17750830132162 22.619450274557458
-145.5 23.174870373464195 22.61791030871406
-145.00000000000006 23.172253108693923 22.616371192990037
-144.5 23.169643025070496 22.614839698255388
-144.0 23.16705160258404 22.613309038678892
-143.50000000000006 23.16446197687406 22.61179198133888
-143.0 23.16188329313814 22.610266706262703
-142.5 23.159324863440695 22.608757339604445
-142.00000000000006 23.156795546752846 22.60724691043523
-141.5 23.154247894703047 22.60574219020244
-141.0 23.151731555165025 22.604243667779347
-140.50000000000006 23.149224054251384 22.602743761083133
-140.0 23.14672902347498 22.60126232822301
-139.5 23.144256747219927 22.599770719928912
-139.00000000000006 23.14178791711287 22.598292871671937
-138.5 23.139341035662966 22.596811039799505
-138.0 23.136882977986627 22.59533745961439
-137.50000000000006 23.13447867582815 22.593874863500737
-137.0 23.1320571005978 22.592408538511926
-136.5 23.12966888588534 22.590957003952678
-136.00000000000006 23.127278542999456 22.589505833055195
-135.5 23.124921768911175 22.58806161382762
-135.0 23.12256042090859 22.58660993814239
-134.50000000000006 23.120213250937724 22.58518335327189
-134.0 23.11789771200492 22.5837434477252
-133.5 23.115589727480334 22.58230948266523
-133.00000000000006 23.11328834481187 22.580892830059653
-132.5 23.111011782857958 22.579479491981658
-132.0 23.10874674746666 22.57806584649206
-131.50000000000006 23.10649078645868 22.57665744838693
-131.0 23.10425894323832 22.575245659818787
-130.5 23.102037866451774 22.57385223496206
-130.00000000000006 23.099825157609025 22.572461739794846
-129.5 23.097639923737624 22.571074064915052
-129.0 23.095464674611836 22.569695031940643
-128.50000000000006 23.09331859292631 22.568322280149342
-128.0 23.09116135899074 22.566942614340135
-127.5 23.089043457548016 22.565590042912028
-127.00000000000006 23.086924966902988 22.56422170112606
-126.5 23.084829201232292 22.562868934252684
-126.0 23.082737284909435 22.56151625250377
-125.50000000000006 23.08066225868002 22.5601659379019
-125.0 23.07860266038989 22.55882088989982
-124.5 23.076543515546643 22.557480891240242
-124.00000000000006 23.074508240877314 22.556151715443985
-123.5 23.072468035486065 22.554818220842016
-123.0 23.07044241532121 22.553486958712746
-122.50000000000006 23.06842271773773 22.552167430156885
-122.0 23.06642156569157 22.55083440012826
-121.5 23.06442688412599 22.549526529565775
-121.00000000000006 23.062441493341005 22.548216218638256
-120.5 23.06047346246235 22.546907382889792
-120.0 23.058507418976873 22.545601294828455
-119.50000000000006 23.056559701861957 22.54430000339692
-119.0 23.05461318376734 22.543009350610337
-118.5 23.05267887591123 22.541713139135023
-118.00000000000006 23.05076002229539 22.54042035794182
-117.5 23.048845980026805 22.53913890948642
-117.0 23.046940047558046 22.53785978559852
-116.50000000000006 23.045055477776295 22.536578679717255
-116.0 23.04317358208896 22.53531208887523
-115.5 23.041295029489262 22.534045611938282
-115.00000000000006 23.039432593530137 22.532776520527026
-114.5 23.0375778870524 22.531512980175776
-114.0 23.035746712888354 22.530253388462647
-113.50000000000006 23.033908941459913 22.529006294211523
-113.0 23.032090940675136 22.52775299456164
-112.5 23.030277812422902 22.526506979306525
-112.00000000000006 23.02848431336583 22.52527032761894
-111.5 23.026682442127164 22.524026668759415
-111.0 23.02489242234655 22.522787144559018
-110.50000000000006 23.023126982485323 22.521564578742144
-110.0 23.02135452816359 22.520339240457123
-109.5 23.01961291138717 22.519114715759866
-109.00000000000006 23.01786687060617 22.517900373634326
-108.5 23.016137311904856 22.516686421787924
-108.0 23.0144097917025 22.51546219549943
-107.50000000000006 23.0126949455967 22.5142653503582
-107.0 23.011000497028267 22.513056963885006
-106.5 23.00929350964848 22.511860327523017
-106.00000000000006 23.007613058107946 22.510664532699558
-105.5 23.005940443809262 22.509469673372188
-105.0 23.004275612372048 22.50828820498342
-104.50000000000006 23.00261230871594 22.50709871086609
-104.0 23.000971116499738 22.505918783253197
-103.5 22.99932786915266 22.5047439616584
-103.00000000000006 22.997705373485985 22.503567279723104
-102.5 22.99608113671834 22.50240742035459
-102.0 22.994474858626305 22.50123764864248
-101.50000000000006 22.992880418323004 22.500071448757506
-101.0 22.991298105249335 22.498927284822862
-100.5 22.98971089716806 22.49776744864162
-100.00000000000006 22.988141976969068 22.496614691860167
-99.5 22.986584113487133 22.49546848134035
-99.0 22.98503649436389 22.494326413330814
-98.50000000000006 22.983491689920573 22.493188363888486
-98.0 22.981958588437863 22.49205334560816
-97.5 22.980441284540877 22.490927607975912
-97.00000000000006 22.97892627591399 22.4897960028433
-96.5 22.97741367183811 22.48867172186427
-96.0 22.97593343995743 22.487552861368858
-95.50000000000006 22.97443024026887 22.486439052628594
-95.0 22.972973204789014 22.4853305242964
-94.5 22.971503907556613 22.484221818417826
-94.00000000000006 22.970048194378737 22.483112900911067
-93.5 22.968597025368904 22.482012256272856
-93.0 22.96715740414382 22.480914435342065
-92.50000000000006 22.965725638244457 22.47982464895012
-92.0 22.9643179144878 22.478735552725816
-91.5 22.962906183567497 22.477650304725504
-91.00000000000006 22.961505393121175 22.47656689984687
-90.5 22.96010674968869 22.47549180440364
-90.0 22.958738772892314 22.474414560225814
-89.50000000000006 22.957360397375965 22.473348714685795
-89.0 22.955993149157404 22.472282543229017
-88.5 22.9546406140028 22.471212655700764
-88.00000000000006 22.953304029167896 22.470160314874583
-87.5 22.951955031954633 22.46910278923916
-87.0 22.950632823311548 22.468049436021257
-86.50000000000006 22.949324049239944 22.46700215871845
-86.0 22.948017991212474 22.46595252936733
-85.5 22.946717886624302 22.46491854631127
-85.00000000000006 22.945411818855224 22.46388117154109
-84.5 22.944136403121295 22.4628476792093
-84.0 22.94285993341071 22.46180798523802
-83.50000000000006 22.94159003448179 22.460778195511715
-83.0 22.940324530646386 22.45975472120496
-82.5 22.93907452590922 22.45873742515529
-82.00000000000006 22.937825992172304 22.457723092457883
-81.5 22.93659604491694 22.456697030545236
-81.0 22.93536279805062 22.45569438081793
-80.50000000000006 22.934140880051324 22.454680856962128
-80.0 22.9329263704549 22.453669807120757
-79.5 22.9317127750059 22.452676179908508
-79.00000000000006 22.930518213413954 22.45167827046611
-78.5 22.929334537761896 22.450676310097123
-78.0 22.928142955080283 22.449684635680185
-77.50000000000006 22.92697374899607 22.448700969257178
-77.0 22.925799068803563 22.447713142712193
-76.5 22.924639379319686 22.44672880131457
-76.00000000000006 22.92349774789561 22.445755205483472
-75.5 22.92235263522944 22.444771035906065
-75.0 22.921205675390212 22.44380343088572
-74.50000000000006 22.920083798844754 22.44283047166602
-74.0 22.91896205143314 22.441863652597064
-73.5 22.917848636386232 22.440904402884048
-73.00000000000006 22.916744117099658 22.439947305630184
-72.5 22.915645078034387 22.438990099542785
-72.0 22.91456195549071 22.438038262061013
-71.50000000000006 22.913476838459907 22.437086660829163
-71.0 22.912396615199043 22.436145286508488
-70.5 22.911332202397535 22.435192529444148
-70.00000000000006 22.910277785306636 22.43425715670767
-69.5 22.9092296505693 22.43332092136692
-69.0 22.908190658661567 22.432390949333506
-68.50000000000006 22.90715973898424 22.431460581299447
-68.0 22.90613015981263 22.430530042219118
-67.5 22.905105386885218 22.42960590213229
-67.00000000000006 22.904105005276577 22.42869089844044
-66.5 22.903099244936822 22.427767671506956
-66.0 22.902112217690906 22.42685799847568
-65.50000000000006 22.901123384237422 22.42594963495467
-65.0 22.900145857061844 22.425038665317363
-64.5 22.899178842570258 22.424139812222748
-64.00000000000006 22.89821272281148 22.42323911249016
-63.5 22.897257453001124 22.42234460759445
-63.0 22.896318313674122 22.421448505034128
-62.50000000000006 22.895376103472643 22.42056607605167
-62.0 22.89444919266101 22.419669290966784
-61.5 22.893531908770058 22.41878291853707
-61.00000000000006 22.892614472981553 22.41790521407442
-60.5 22.89170973206806 22.41702855368559
-60.0 22.8908034412138 22.41616365504243
-59.50000000000006 22.88992423793175 22.41529021056488
-59.0 22.889041072801938 22.41442582130963
-58.5 22.888179579643086 22.4135667275322
-58.00000000000006 22.887314046634764 22.41270330504305
-57.5 22.88645526554683 22.4118531060455
-57.0 22.88560253046846 22.41099522399186
-56.50000000000006 22.88476578381337 22.410142604749524
-56.0 22.883933721073 22.40930510821508
-55.5 22.883112098387457 22.408462019603043
-55.00000000000006 22.88230094710022 22.40762608581011
-54.5 22.88148558666592 22.40678927272728
-54.0 22.880693563419964 22.405949204338476
-53.50000000000006 22.879912607180298 22.405125498822947
-53.0 22.879118144908603 22.404305212269968
-52.5 22.878350714169514 22.403478107776507
-52.00000000000006 22.877585314632274 22.40266380865
-51.5 22.876834618399208 22.401850531253963
-51.0 22.87608473029428 22.401039106857112
-50.50000000000006 22.8753432481001 22.400235547818408
-50.0 22.87461535974181 22.399426357793764
-49.5 22.8738922610053 22.39861617088032
-49.0 22.873173365281545 22.397827649365283
-48.5 22.872465768223105 22.39703636575318
-48.0 22.871772148697346 22.396240747037872
-47.5 22.87108064875875 22.395456333046724
-47.0 22.87040707569059 22.394678276795446
-46.5 22.869731977212084 22.393893315447997
-46.0 22.86906654604322 22.39311529373802
-45.5 22.868408114436974 22.392348422994345
-45.0 22.867766945708915 22.391581566863174
-44.5 22.867133161070488 22.390809843105913
-44.0 22.86649898671744 22.390048702681803
-43.5 22.86588032968206 22.38928473514177
-43.0 22.865261178955286 22.388535030694186
-42.5 22.864663417897884 22.387781262224408
-42.0 22.864060546648638 22.3870335330573
-41.5 22.86347067484138 22.386284673250948
-41.0 22.862892075161106 22.385543212194893
-40.5 22.86231567990704 22.384804284767522
-40.0 22.86174943339581 22.384070303993077
-39.5 22.861200980263625 22.38333975160803
-39.0 22.860644968395363 22.382607969469333
-38.5 22.860106709842203 22.38187543638434
-38.0 22.859581684964535 22.38116364141701
-37.5 22.859051360556677 22.38044403815815
-37.0 22.858528895385383 22.379724981771012
-36.5 22.85802933515209 22.37900781349214
-36.0 22.85752540555179 22.37830015296901
-35.5 22.857023858880137 22.37758765784684
-35.0 22.85653513873422 22.376889192253195
-34.5 22.856060302883115 22.376185990042934
-34.0 22.855591547276003 22.37549395692669
-33.5 22.855127480387477 22.37480205891572
-33.0 22.854670489911427 22.374106450804504
-32.5 22.854221206930994 22.37341537583336
-32.0 22.853767724248225 22.372731414353375
-31.5 22.853341922027273 22.372048524510127
-31.0 22.852912310993993 22.371367551353774
-30.5 22.852493018426323 22.37069517767789
-30.0 22.85208659923638 22.370023290003104
