FastTrWP/PhaseSpace/IAs/snIa_0.52_30.00_-0.51_0.06.csv
# %ECSV 0.9
# ---
# datatype:
# - {name: time-rel, datatype: float64}
# - {name: g, datatype: float64}
# - {name: i, datatype: float64}
# schema: astropy-2.0
time-rel g i
184.25 26.99428340002147 24.829825841429507
184.74999999999997 26.978930506142426 24.822193108273204
185.25 26.963779908343426 24.814594357115453
185.75 26.948686641077284 24.807011557373993
186.24999999999997 26.933834735082826 24.79948807669163
186.75 26.919155898024833 24.791936791834942
187.25 26.904580653448953 24.78444930316092
187.74999999999997 26.89025058822962 24.776995873552483
188.25 26.87594863307034 24.76954785312577
188.75 26.861809895151097 24.762124998423722
189.24999999999997 26.84782403737244 24.75473028063995
189.75 26.833991410826187 24.747381192205353
190.25 26.82027231451523 24.740033480253047
190.74999999999997 26.806634629004378 24.732727507104105
191.25 26.793147014773922 24.725410170827985
191.75 26.779854913506227 24.718170349886588
192.24999999999997 26.766596373730287 24.710916224563228
192.75 26.753475688999956 24.70373263888942
193.25 26.740479746271333 24.696568641379738
193.74999999999997 26.727576232193606 24.689370327215805
194.25 26.71474319065675 24.68225005110736
194.75 26.702074848134014 24.675143551401163
195.24999999999997 26.689452916335682 24.668069564767997
195.75 26.6769651401845 24.66100926698051
196.25 26.664600029480347 24.65399530017873
196.74999999999997 26.652224543534665 24.64699590332172
197.25 26.640036849834114 24.640024540212803
197.75 26.62791616185986 24.633081835813165
198.24999999999997 26.615922272988982 24.6261503908054
198.75 26.603903856834023 24.61926330171131
199.25 26.592030915408653 24.61238339092144
199.74999999999997 26.580248771299605 24.60555421795899
200.25 26.568561076402105 24.598735098261724
200.75 26.556883108146543 24.59193837960648
201.24999999999997 26.54535817880579 24.585171988858136
201.75 26.533917725723718 24.57843449745301
202.25 26.522494513217666 24.571727326613072
202.74999999999997 26.511187287277068 24.56504144813584
203.25 26.49985002573206 24.558378592801965
203.75 26.488670201111834 24.551741598483652
204.24999999999997 26.477547266943724 24.545133363279234
204.75 26.466518977280113 24.538532695387453
205.25 26.455498007444827 24.531976417352155
205.74999999999997 26.444540836398463 24.525446398647603
206.25 26.433668028732946 24.518950409086187
206.75 26.422856318314636 24.512444679356896
207.24999999999997 26.412104054874188 24.50599307938837
207.75 26.40141170648997 24.49956567626033
208.25 26.39080303401255 24.493140619858572
208.74999999999997 26.38016946174048 24.48678082522764
209.25 26.369625633806496 24.480417922233514
209.75 26.359177411934652 24.47410013417699
210.24999999999997 26.34874999009618 24.467784528318823
210.75 26.338371784173788 24.46151154661285
211.25 26.328037697283875 24.455252694462995
211.74999999999997 26.31777186976955 24.44902745696345
212.25 26.307520561960565 24.442795378706734
212.75 26.29740095901237 24.43661162782918
213.24999999999997 26.287232051923162 24.430454153077367
213.75 26.277222043109262 24.424328758457413
214.25 26.267158476392677 24.418215507160422
214.74999999999997 26.257153666832668 24.41213087365608
215.25 26.24721677720922 24.406069303430606
215.75 26.237286026277037 24.400018156557838
216.24999999999997 26.22745534626805 24.394009951371977
216.75 26.2176418027704 24.38801635950474
217.25 26.207860284237352 24.382055323593
217.74999999999997 26.19813734910988 24.37612573130394
218.25 26.188410143389778 24.370215963745583
218.75 26.178761893252563 24.364307181462994
219.24999999999997 26.16916607930422 24.35843948258965
219.75 26.15955972163581 24.352597572595812
220.25 26.15001618211342 24.346786553353734
220.74999999999997 26.14052813400867 24.34098174203905
221.25 26.131000984508862 24.335186304056293
221.75 26.121587116870863 24.329428654700898
222.24999999999997 26.11225224970898 24.323699225870232
222.75 26.102910522581297 24.317980378095648
223.25 26.093695478973558 24.312266620893027
223.74999999999997 26.084484823266564 24.306602177486447
224.25 26.075326109885143 24.300933738912278
224.75 26.066259759294987 24.29528920185747
225.24999999999997 26.05725732180416 24.289647859927577
225.75 26.04824376902056 24.28403408925645
226.25 26.039276558269254 24.27844043298217
226.74999999999997 26.030359756425323 24.272865181025995
227.25 26.021548519624325 24.267306240811926
227.75 26.012717260350993 24.261753421518527
228.24999999999997 26.00398077767972 24.25623615089805
228.75 25.995238703928525 24.25072234226004
229.25 25.986549019518215 24.24524044010679
229.74999999999997 25.977927457885947 24.23976307858971
230.25 25.969337314299743 24.23430101651185
230.75 25.96077230242697 24.228859553417536
231.24999999999997 25.95223216338056 24.223444215542923
231.75 25.94372755377504 24.218038022633714
232.25 25.93527439505243 24.212655722691565
232.75 25.92683745190343 24.207283202783024
233.25 25.91844387198245 24.20191916391763
233.75 25.910099972779136 24.196573174736557
234.25 25.901792080295184 24.191255263220466
234.75 25.893536543880906 24.185965216451883
235.25 25.885315196086545 24.180675289177014
235.75 25.876976557382726 24.17539569984344
236.25 25.868837901825053 24.17015694563304
236.75 25.86065750258018 24.16489320449173
237.25 25.852488606588825 24.159677549360406
237.75 25.844409356168633 24.154491890094633
238.25 25.836316522595162 24.14929442929224
238.75 25.828242659428845 24.144124831329655
239.25 25.820233793879424 24.138968645372685
239.75 25.812201208989293 24.133825313028332
240.25 25.804254007311926 24.12870565693186
240.75 25.796253350900354 24.12361230627658
241.25 25.78829912668759 24.118526493087632
241.75 25.7803912546277 24.11342578799481
242.25 25.772507182423688 24.108383326363473
242.75 25.76463876382347 24.103339930136034
243.25 25.75679878542466 24.098308378557434
243.75 25.748949804558595 24.093297890978455
244.25 25.74115392109097 24.088312730577396
244.75 25.73335867126067 24.083323649621335
245.25 25.725586465063127 24.07835720573994
245.75 25.717822246113204 24.073417037086607
246.25 25.71009425463235 24.06848117080395
246.75 25.702354553759914 24.063582690648175
247.25 25.694667636362105 24.058677688489762
247.75 25.68697295995047 24.053779468320748
248.25 25.679307541341913 24.048914330370845
248.75 25.671680528653603 24.044061989275217
249.25 25.664035103762956 24.03922039909165
249.75 25.65638733086129 24.034405639151508
250.25 25.648825841158896 24.029596847429644
250.75 25.641188664725508 24.024806938991077
251.25 25.633647266054393 24.020025508464144
251.75 25.626103292903952 24.015271616560526
252.25 25.61852774787407 24.010504748255407
252.75 25.611008403758433 24.005780636488183
253.25 25.60351974331848 24.001076672713157
253.75 25.59598695349735 23.996366318164757
254.25 25.58847445542849 23.991688683694786
254.75 25.580965450009355 23.987012065262775
255.25 25.57350919319657 23.982354810749968
255.75 25.566070440097004 23.977703037082566
256.25 25.558609221930762 23.97309317015218
256.75 25.55120233909292 23.968481263829435
257.25 25.54375069344069 23.96387640161845
257.75 25.536345521770688 23.95928342247142
258.25 25.528941009591346 23.95471152131556
258.75 25.521562504382477 23.950166956750234
259.25 25.51422698452439 23.945634986067166
259.75 25.506907995395093 23.941097775867703
260.25 25.4995593137731 23.936578695326574
260.75 25.492264489726875 23.93207382235001
261.25 25.4849815444488 23.927594864512937
261.75 25.477716426376254 23.923122986920976
262.25 25.470481525307804 23.9186594599176
262.75 25.46325002161138 23.914195329538956
263.25 25.456070031221127 23.90976670458164
263.75 25.448863723869565 23.90533946862533
264.25 25.441692970487022 23.900937443117883
264.75 25.43455214696561 23.89652928057977
265.25 25.427415389195556 23.89214745507639
265.75 25.420300476101122 23.887766131314457
266.25 25.413208191607396 23.883407924159044
266.75 25.406128676490887 23.879040840543404
267.25 25.399064394230454 23.874714770490193
267.75 25.392045497006357 23.870374849621243
268.25 25.385020105543262 23.86607624837074
268.75 25.378015837352518 23.86177593588798
269.25 25.37102914948357 23.85746103632576
269.75 25.36406759192319 23.853198270331152
270.25 25.35713813347933 23.84892554608916
270.75 25.35019869442621 23.84466118776286
271.25 25.343288580462378 23.840415658342366
271.75 25.336375658265307 23.836178924932078
272.25 25.329505762932982 23.831950502878946
272.75 25.322670706849966 23.827728277128823
273.25 25.315831237014464 23.823532759786602
273.75 25.309020105766354 23.819330761431267
274.25 25.30221289598527 23.815154614618464
274.75 25.295459050006123 23.810985462300025
275.25 25.288681297023192 23.806824252816128
275.75 25.281917281031333 23.802673643487825
276.25 25.275177013757244 23.798535336117688
276.75 25.268456487873866 23.794385772896614
277.25 25.261741572507212 23.790273198730745
277.75 25.255083551512925 23.786157359365756
278.25 25.24840855440821 23.782057520933403
278.75 25.241759467629347 23.77796055271698
279.25 25.235143926078916 23.77388767207664
279.75 25.228533699103362 23.769811807634955
280.25 25.22192422341524 23.76574931206671
280.75 25.215370378825344 23.76168182444367
281.25 25.20878255332955 23.75765610439515
281.75 25.20222442976253 23.753605548419895
282.25 25.195709982236064 23.74959928702264
282.75 25.189204551350176 23.745569779317734
283.25 25.182695509792975 23.7415604297874
283.75 25.176215987988705 23.73755874301304
284.25 25.16973820701576 23.73357307822717
284.75 25.163289451550035 23.72959241220871
285.25 25.156870392962013 23.725613144599066
285.75 25.150466027466095 23.721652225718426
286.25 25.144073458164705 23.717705055694346
286.75 25.137683067459918 23.713752231461424
287.25 25.13130414018974 23.709820505811145
287.75 25.124963360745216 23.70588831371075
288.25 25.11860685405374 23.701970678573907
288.75 25.112288051422958 23.69805823310688
289.25 25.106005128938715 23.694142572575736
289.75 25.09971688677478 23.690254678252455
290.25 25.09344536994874 23.6863756722771
290.75 25.087155041884934 23.682482721227945
291.25 25.080918276370898 23.6786262730323
291.75 25.074698743652995 23.6747398189032
292.25 25.068501348170287 23.67089517095332
292.75 25.062304423493934 23.667047637931915
293.25 25.056137513405655 23.66320449829598
293.75 25.049958337177372 23.65937296854263
294.25 25.04379345821495 23.655551708111684
294.75 25.037664054056354 23.65173537581611
295.25 25.03155276334728 23.647924379031902
295.75 25.025477029776063 23.64413313672791
296.25 25.019381015857945 23.640337005938118
296.75 25.01331136487107 23.63656877949216
297.25 25.00724024705303 23.632787351642286
297.75 25.001208298087306 23.62902598393452
298.25 24.99519027832868 23.625264710618985
298.75 24.989178067406726 23.62151341688925
299.25 24.98318451476703 23.617783924653697
299.75 24.97721383723895 23.61405217426638
300.25 24.971240041149343 23.61032838791653
300.75 24.965298232633053 23.606613122109824
301.25 24.95935852550796 23.602914949978675
301.75 24.9534448315736 23.599210298860193
302.25 24.947537883991693 23.595526190071713
302.75 24.941648727699434 23.59184170111302
303.25 24.935780423972012 23.58816747267362
303.75 24.929921156445328 23.584498565332566
304.25 24.924060519200125 23.58083538225663
304.75 24.918246232375154 23.577183470725046
305.25 24.91243176610353 23.573539263949446
305.75 24.906602398878146 23.56991699997978
306.25 24.900823933506718 23.566277693829264
306.75 24.895044423763352 23.562654621504194
307.25 24.889278144858025 23.5590385001277
307.75 24.883538977403965 23.555438487530324
308.25 24.877772644037176 23.55184337950716
308.75 24.87205218128524 23.548242874227533
309.25 24.866353571544654 23.544648087556364
309.75 24.86066819243371 23.541065779728967
310.25 24.85497997604017 23.537504559956247
310.75 24.849290738537174 23.5339344480737
311.25 24.84362362922298 23.5303849701944
311.75 24.83799710845412 23.5268216903737
312.25 24.83233333189725 23.523271686664174
312.75 24.826734457023562 23.519742319959963
313.25 24.821126508364554 23.516210424246935
313.75 24.81550776651921 23.512679264640823
314.25 24.809919729468668 23.50916138239445
314.75 24.80436504731272 23.50562856870227
315.25 24.798819115125596 23.502139616038257
315.75 24.79325836653016 23.49864439601031
316.25 24.78771713010652 23.495145366750997
316.75 24.78217747288479 23.491654237968262
317.25 24.776662841885756 23.488169665769405
317.75 24.771192778448935 23.48469357874515
318.25 24.76568878161379 23.481221339286826
318.75 24.760217594323173 23.477759643590193
319.25 24.75475373692553 23.47430128271896
319.75 24.74928335083927 23.47083518296887
320.25 24.743832966865128 23.467395329202127
320.75 24.738401442771 23.463957538116183
321.25 24.73298556526909 23.460512302342682
321.75 24.72757963218684 23.457092054527784
322.25 24.72218750117195 23.453676291165234
322.75 24.716792857309073 23.45025457151591
323.25 24.71141354902457 23.446832851302254
323.75 24.706045811843644 23.443419471714705
324.25 24.70068851950205 23.440023653642736
324.75 24.69534648635073 23.4366277614124
325.25 24.690006288010796 23.43324198240763
325.75 24.684675428820594 23.42984321007147
326.25 24.6793621678864 23.426461979899177
326.75 24.67407911109835 23.423093404091254
327.25 24.668791308467327 23.419714992876152
327.75 24.663505325103156 23.416349730553065
328.25 24.65823046063784 23.412985879585197
328.75 24.652966915453867 23.409629152418994
329.25 24.647726210208788 23.406274630830186
329.75 24.642460250730814 23.402943404740405
330.25 24.637259757994592 23.39959678766965
330.75 24.632029446832618 23.39625560074201
331.25 24.626818090405486 23.392930782352984
331.75 24.621615240899825 23.389602136335448
332.25 24.61642490665276 23.386273703359194
332.75 24.611239199720956 23.382966668564613
333.25 24.60609504786858 23.379657118089696
333.75 24.600938631746622 23.376355733042562
334.25 24.59579949113085 23.3730622369044
334.75 24.59065419282531 23.369772573739755
335.25 24.58552097887551 23.36648732372292
335.75 24.580430818289347 23.3632071896657
336.25 24.575349457490113 23.359936917682916
336.75 24.57024737410134 23.356670450996106
337.25 24.565190125106735 23.353408604904182
337.75 24.560090816921768 23.350153552235685
338.25 24.55506037381665 23.346899951340813
338.75 24.54999557851389 23.34364552760999
339.25 24.544963779121144 23.340402357821674
339.75 24.53993528527875 23.337168967677528
340.25 24.534918415262315 23.333941954163965
340.75 24.529915215871647 23.33072024356236
341.25 24.52492373949854 23.327493252861345
341.75 24.519930207013594 23.32427906757517
342.25 24.514951999486414 23.321072050942785
342.75 24.509988041444494 23.317871201445627
343.25 24.505033934417867 23.314663734318103
343.75 24.500092959635566 23.311477725257124
344.25 24.49515881565407 23.308277346236643
344.75 24.490237213018226 23.30509607063945
345.25 24.485317628416126 23.301918241518166
345.75 24.48041612619314 23.2987457221247
346.25 24.475494889699544 23.295573494893645
346.75 24.47061825477414 23.29240354820662
347.25 24.465742379210987 23.289242611050508
347.75 24.460876412981776 23.28609093658492
348.25 24.456010919043038 23.282937824334972
348.75 24.451158739224073 23.279790186247887
349.25 24.446311782453133 23.276642606550567
349.75 24.441497491395484 23.27350963999627
350.25 24.43667449173352 23.270376527710184
350.75 24.431863488982763 23.267238234515037
351.25 24.42705091206275 23.26411743522403
351.75 24.422267934792032 23.261003400580336
352.25 24.417466721422556 23.25788183914584
352.75 24.412694648043804 23.25477036332628
353.25 24.40793483030614 23.251673375481356
353.75 24.40318929952422 23.248562966749716
354.25 24.39843469548476 23.245463995742274
354.75 24.39367094954529 23.242371414576517
355.25 24.388948749880868 23.239287974977103
355.75 24.384244040180615 23.23618990771035
356.25 24.379518017666992 23.233115328459995
356.75 24.374804575711995 23.230036308271686
357.25 24.370094442941262 23.22696592130449
357.75 24.365415079144835 23.223889531612997
358.25 24.360734255166033 23.220831598119375
358.75 24.356056116117344 23.217776088768105
359.25 24.35138732839761 23.214715600157085
359.75 24.346743738235173 23.21166025181098
360.25 24.342087606448317 23.208615344714755
