FastTrWP/PhaseSpace/IAs/snIa_0.39_30.00_-0.48_-0.25.csv
# %ECSV 0.9
# ---
# datatype:
# - {name: time-rel, datatype: float64}
# - {name: g, datatype: float64}
# - {name: i, datatype: float64}
# schema: astropy-2.0
time-rel g i
[from data line 359]
-230.5 23.593199693752904 23.739371518217993
-230.0 23.588485772995757 23.7359071123636
-229.50000000000006 23.583790009821843 23.73243914076104
-229.0 23.579095001923484 23.728991456725414
-228.5 23.57442518475593 23.725538959798133
-228.00000000000006 23.56975433418498 23.72209050159213
-227.5 23.56508341483338 23.718655889850687
-227.0 23.560426368813204 23.715215099289146
-226.50000000000006 23.555786592065616 23.71178559554326
-226.0 23.551141774036104 23.70835607912186
-225.5 23.546528815522553 23.70494080848092
-225.00000000000006 23.541905776628514 23.701520088723704
-224.5 23.537292248810353 23.698112315751132
-224.0 23.532673836217647 23.69471989308257
-223.50000000000006 23.52808506161343 23.691321966054062
-223.0 23.523503592583804 23.687930346506285
-222.5 23.518925833327827 23.684534008982165
-222.00000000000006 23.51436802976053 23.68113981334644
-221.5 23.509793517972533 23.677765026979124
-221.0 23.505237389116694 23.674397190684715
-220.50000000000006 23.50070453922797 23.67102630665647
-220.0 23.496163228833474 23.667655887309543
-219.5 23.49163919308434 23.66429628456818
-219.00000000000006 23.487107343226697 23.66093393836533
-218.5 23.482600036324868 23.657586751546276
-218.0 23.47809323802481 23.65423916151272
-217.50000000000006 23.47358609755804 23.650895612839857
-217.0 23.469099600280877 23.64754579402771
-216.5 23.464614258167025 23.644227063003687
-216.00000000000006 23.4601515762278 23.640890165023784
-215.5 23.45568433102313 23.637570480398693
-215.0 23.451211295773767 23.634254089265404
-214.50000000000006 23.446762635747895 23.630941121309007
-214.0 23.442319042691388 23.6276266245067
-213.5 23.437888371325432 23.624314693216412
-213.00000000000006 23.43345415671728 23.62101101920045
-212.5 23.42903756935906 23.617704464082717
-212.0 23.42461911200936 23.614418537083836
-211.50000000000006 23.420206243036365 23.611135752995963
-211.0 23.41581353154716 23.607845743983788
-210.5 23.411407719091997 23.60455024804012
-210.00000000000006 23.40701522370244 23.601284884187944
-209.5 23.402616311258857 23.597984784460287
-209.0 23.39820716841691 23.594697573544956
-208.50000000000006 23.393797323631436 23.591417165708243
-208.0 23.389382225531104 23.588135776339577
-207.5 23.38495560282859 23.58485483151359
-207.00000000000006 23.380551943597254 23.581562699097347
-206.5 23.376121121924132 23.578262404493078
-206.0 23.371694420211398 23.574973242246582
-205.50000000000006 23.367264420079678 23.571690584773886
-205.0 23.362850504108504 23.56838648644945
-204.5 23.358427992168757 23.565111510608396
-204.00000000000006 23.354004459368145 23.56183139280337
-203.5 23.349578174191205 23.55854716947091
-203.0 23.3451652709466 23.5552733823154
-202.50000000000006 23.34075580648014 23.551978105531738
-202.0 23.33634263192408 23.548722236513505
-201.5 23.33194948254811 23.545441059871077
-201.00000000000006 23.327553393442454 23.542189636475022
-200.5 23.32315386113368 23.538923342747804
-200.0 23.318782902519608 23.535664094035212
-199.50000000000006 23.31440593735918 23.532402561131658
-199.0 23.31003870358709 23.529154535652136
-198.5 23.305696604867823 23.525908335430955
-198.00000000000006 23.30134348953262 23.52266525713214
-197.5 23.297012063279233 23.5194361172193
-197.0 23.292679086011006 23.516202439222653
-196.50000000000006 23.28835772494168 23.512982269084397
-196.0 23.284055532519364 23.509774346351335
-195.5 23.279761460540044 23.506553126476177
-195.00000000000006 23.27548969770327 23.50335707074567
-194.5 23.271223368322485 23.50015358295446
-194.0 23.266970491635895 23.496963937759684
-193.50000000000006 23.26272794936301 23.49379172203959
-193.0 23.258504356708166 23.490614868384462
-192.5 23.25429747077271 23.487449074699693
-192.00000000000006 23.250106020793133 23.484297996328248
-191.5 23.24593186330491 23.481148733564122
-191.0 23.24177832306864 23.47801274023849
-190.50000000000006 23.237630702634316 23.474880999834973
-190.0 23.233512486532536 23.47176788769049
-189.5 23.229403401306374 23.468650785750235
-189.00000000000006 23.225312241239884 23.465547205305512
-188.5 23.221235101645732 23.462460470890232
-188.0 23.217187891844297 23.459369007738
-187.50000000000006 23.21315982456355 23.456296991247797
-187.0 23.209145104221136 23.453241294435255
-186.5 23.20516332734066 23.45019016006328
-186.00000000000006 23.20119076476424 23.447149607326317
-185.5 23.197243867345865 23.44412078240569
-185.0 23.193318720068202 23.441104400641457
-184.50000000000006 23.18941302082404 23.438106821245125
-184.0 23.18554184384689 23.435116118211603
-183.5 23.181675963994657 23.432124191928065
-183.00000000000006 23.177846886019505 23.429175226769722
-182.5 23.174027003755008 23.42621663506566
-182.0 23.170238741933396 23.423272372293866
-181.50000000000006 23.166466322380085 23.42033154577248
-181.0 23.162738930253816 23.417417415516013
-180.5 23.159017088835366 23.414511393781588
-180.00000000000006 23.155325339807533 23.411625061501727
-179.5 23.151667388812793 23.40873683131884
-179.0 23.148027405694997 23.405882809839902
-178.50000000000006 23.144411362552177 23.40304015513282
-178.0 23.14082275411583 23.400185453325115
-177.5 23.137270688197408 23.397379853165468
-177.00000000000006 23.13372963872576 23.39455805414851
-176.5 23.130204537267534 23.39176103934731
-176.0 23.126697001335792 23.388961996749362
-175.50000000000006 23.123198862406127 23.386170218183917
-175.0 23.11969358183148 23.383392959846457
-174.5 23.1162115600449 23.38061201589963
-174.00000000000006 23.11273050771957 23.37783622455251
-173.5 23.1092668768374 23.37506994440289
-173.0 23.10582182663481 23.37230836420328
-172.50000000000006 23.102376617961976 23.369569597235518
-172.0 23.098939833504403 23.366815719408066
-171.5 23.095526477275037 23.364069252831563
-171.00000000000006 23.092122252875736 23.36133924214883
-170.5 23.088720802596324 23.358615191700558
-170.0 23.08534025582768 23.355900210923505
-169.50000000000006 23.08196967928431 23.35318637726224
-169.0 23.078620611480858 23.350479190214987
-168.5 23.07526005296458 23.347790539443338
-168.00000000000006 23.071932005411323 23.345096146516475
-167.5 23.068605322956603 23.342413868428494
-167.0 23.065297409221216 23.339733610157598
-166.50000000000006 23.06200652605626 23.337070393754253
-166.0 23.058730055490678 23.33440287621349
-165.5 23.055459275124758 23.33176144433533
-165.00000000000006 23.052194678708222 23.329106675588235
-164.5 23.048969205438755 23.326471963516262
-164.0 23.045730040097343 23.32384414323634
-163.50000000000006 23.042524977440834 23.321231210965273
-163.0 23.039328869852444 23.318611429719887
-162.5 23.036146030314132 23.316018924538653
-162.00000000000006 23.032975051490734 23.313411438426957
-161.5 23.029832642338704 23.310835220224067
-161.0 23.026684924363103 23.308256402650052
-160.50000000000006 23.023562919059092 23.305690539818173
-160.0 23.020453584244027 23.303134887446394
-159.5 23.017371060579883 23.300586939540256
-159.00000000000006 23.014293260875327 23.298035333876097
-158.5 23.01122995201618 23.29550659114879
-158.0 23.008187344146357 23.29297538841327
-157.50000000000006 23.00515529580615 23.290459349927502
-157.0 23.002136813084025 23.28796268139246
-156.5 22.999153834201522 23.28545495493147
-156.00000000000006 22.996175457019948 23.282969562937218
-155.5 22.993193776138536 23.280497971847325
-155.0 22.990258357163817 23.278020538441183
-154.50000000000006 22.987318306137077 23.27557131391218
-154.0 22.984419323698745 23.273122700507006
-153.5 22.981522864308957 23.270675144146683
-153.00000000000006 22.978639242562906 23.268246419008957
-152.5 22.975782280601358 23.26583578801297
-152.0 22.972945149987602 23.26341944785149
-151.50000000000006 22.97011192552543 23.26102699228578
-151.0 22.96729934027496 23.25862957064903
-150.5 22.964514337207977 23.256251951710844
-150.00000000000006 22.961747080641622 23.253889329172285
-149.5 22.958987289850707 23.251520721608316
-149.0 22.956252034594 23.249170127004337
-148.50000000000006 22.9535317891669 23.246835430356082
-148.0 22.950841917612795 23.244497503668594
-147.5 22.948162490201657 23.242184880813248
-147.00000000000006 22.945502795175756 23.239875714977586
-146.5 22.942852952967318 23.23757651311158
-146.0 22.940230227254574 23.235295899682452
-145.50000000000006 22.93762626571107 23.23302033724267
-145.0 22.935037506427427 23.23075433349223
-144.5 22.932469121879365 23.228505115378248
-144.00000000000006 22.92992734865582 23.226263186290588
-143.5 22.92739545462908 23.22402817840942
-143.0 22.924883481048447 23.221796362258942
-142.50000000000006 22.922371374977168 23.219574634855892
-142.0 22.919885138352605 23.217371007163155
-141.5 22.91741124847067 23.215165035220235
-141.00000000000006 22.91494680405691 23.212983916657773
-140.5 22.912486447062776 23.210793102835904
-140.0 22.910058604741742 23.20861064307753
-139.50000000000006 22.907634710645503 23.20643858163001
-139.0 22.905228814731608 23.204286743615775
-138.5 22.90282941343311 23.202123951137832
-138.00000000000006 22.900444529909233 23.19998090166754
-137.5 22.898072384153668 23.197843199983033
-137.0 22.895714955850842 23.19571862283002
-136.50000000000006 22.893367867353795 23.193592700350113
-136.0 22.891034012916034 23.1914681892887
-135.5 22.888715923828155 23.189359453980614
-135.00000000000006 22.88640519836077 23.18726051624902
-134.5 22.88411901111524 23.1851674359118
-134.0 22.881835678272104 23.183085650276844
-133.50000000000006 22.879559841219628 23.180998341466953
-133.0 22.87730451161641 23.178940214985882
-132.5 22.875065102781967 23.176874340256948
-132.00000000000006 22.87283325361686 23.174818844724694
-131.5 22.870614676198805 23.172775488703937
-131.0 22.868413307332773 23.1707353554209
-130.50000000000006 22.86621733422187 23.168699324736785
-130.0 22.86403283390559 23.166670546057606
-129.5 22.86186560965351 23.164658929291186
-129.00000000000006 22.85971350878644 23.162652143126646
-128.5 22.857565548461864 23.160630628507857
-128.0 22.855431349066638 23.158644713611103
-127.50000000000006 22.853322635329405 23.156664433428684
-127.0 22.851209129053338 23.15467617192871
-126.5 22.849119680511407 23.152708189446262
-126.00000000000006 22.847033672659116 23.150732690654205
-125.5 22.844972989303493 23.148785143558595
-125.0 22.842919368584944 23.14683106177625
-124.50000000000006 22.840861145296174 23.144886835068196
-124.0 22.838827818713973 23.142940247543965
-123.5 22.836810024585063 23.14101184544593
-123.00000000000006 22.834804430224537 23.13908976826263
-122.5 22.832799223601626 23.137180403733197
-122.0 22.83081562384073 23.13525972679473
-121.50000000000006 22.82884483841414 23.133367245104548
-121.0 22.826887330199398 23.131463065779872
-120.5 22.824947231775813 23.129578573575294
-120.00000000000006 22.823001702345724 23.127696524834278
-119.5 22.821071778090708 23.125828743540477
-119.0 22.819155068679898 23.123950226343656
-118.5 22.817264001970123 23.122088464282825
-118.0 22.815374963663327 23.120244859612566
-117.5 22.81349690675496 23.118399674346506
-117.0 22.811630225030836 23.11656526161539
-116.5 22.80977581748065 23.114726904500063
-116.0 22.807938094591833 23.11289623136224
-115.5 22.806101742316947 23.111075361601362
-115.0 22.80428326503457 23.109276640939612
-114.5 22.8024777216929 23.107468563408574
-114.0 22.800682272434383 23.10568215135195
-113.5 22.79889848573284 23.10388689722481
-113.0 22.79713096373107 23.102093884678606
-112.5 22.79537035998539 23.100322261615787
-112.0 22.79362092247091 23.098549705436888
-111.5 22.791881218624216 23.096793232594163
-111.0 22.790163563934453 23.09503224152406
-110.5 22.788448059067537 23.093283843088702
-110.0 22.786744210260967 23.091543909691858
-109.5 22.785052353235386 23.089795168897965
-109.0 22.783366177072537 23.08806965695772
-108.5 22.781691140697692 23.08635173596134
-108.0 22.780019374418995 23.084623638489056
-107.5 22.778375037814456 23.08290159602192
-107.0 22.776736312663243 23.081196664699117
-106.5 22.775097547971207 23.07949618273433
-106.0 22.773463457998947 23.077798650153255
-105.5 22.771858398578125 23.076105163808144
-105.0 22.770249095942468 23.07442866806108
-104.5 22.768652370819666 23.072746188582613
-104.0 22.767063162585206 23.071068919079885
-103.5 22.765491439771836 23.069414574329574
-103.0 22.76392565557213 23.067745432860505
-102.5 22.762373815980986 23.06609585142091
-102.0 22.760824657352792 23.064446762042586
-101.5 22.75929213721635 23.062800742483425
-101.0 22.757758028786085 23.061175807963078
-100.5 22.756246100509788 23.05953388767106
-100.0 22.75473693048891 23.057904464138286
-99.5 22.75324611990985 23.056288678339563
-99.0 22.751763263750775 23.054674084575066
-98.5 22.7502799536693 23.053066910884098
-98.0 22.748801970295514 23.05146753516312
-97.5 22.74735261049009 23.049879492356517
-97.0 22.7459138696238 23.04828297707274
-96.5 22.744474291004305 23.046698930486382
-96.0 22.743049352136598 23.045114967705413
-95.5 22.74163004239666 23.043546337846173
-95.0 22.74022797873261 23.041987351379408
-94.5 22.738825149888964 23.04041576530838
-94.0 22.737436936238797 23.038871206540463
-93.5 22.73606092524605 23.03732286397498
-93.0 22.734694734744565 23.035772585248182
-92.5 22.733335404617954 23.03424745294018
-92.0 22.7319934020114 23.03270608029916
-91.5 22.730647262957177 23.03118802488676
-91.0 22.729332419371985 23.029674113769705
-90.5 22.72800507168377 23.028147675684725
-90.0 22.72670436738871 23.026640017832936
-89.5 22.725403707632324 23.025143143652937
-89.0 22.72411871245939 23.02365245976361
-88.5 22.72283638373308 23.022167472216474
-88.0 22.721573560346936 23.02068159596161
-87.5 22.720325551390378 23.019199102922663
-87.0 22.719073078463374 23.017726689304734
-86.5 22.717838397729437 23.016259094672517
-86.0 22.71660704212089 23.014791990920042
-85.5 22.715385792847442 23.013346505342113
-85.0 22.714195467949114 23.011900609107876
-84.5 22.71299387039295 23.010451343743462
-84.0 22.711807971339827 23.009015485091172
-83.5 22.710630783522618 23.00757419274096
-83.0 22.7094694894938 23.006160896162303
-82.5 22.70830738828416 23.00473631647861
-82.0 22.707179179256485 23.003328410280073
-81.5 22.70603807172984 23.00191917508251
-81.0 22.704918429138065 23.00052136012458
-80.5 22.70379704665924 22.999124281261693
-80.0 22.702692351906308 22.997737372150866
-79.5 22.701600187768246 22.996349017514433
-79.0 22.700528478077864 22.99497767631766
-78.5 22.69944200900133 22.993604990912594
-78.0 22.698389723494135 22.99223933930621
-77.5 22.697336309362306 22.990873168140624
-77.0 22.696297839906965 22.98952043004494
-76.5 22.695262563338773 22.98816316542866
-76.0 22.694243038986023 22.98683049399321
-75.5 22.693238003498415 22.98548773317777
-75.0 22.692234477686732 22.984150030946203
-74.5 22.691248594496404 22.98282942941598
-74.0 22.690278107615264 22.981514108277324
-73.5 22.689298606427855 22.980188931687366
-73.0 22.68833203320076 22.97888348484412
-72.5 22.687379275857786 22.977571101188712
-72.0 22.686439937511263 22.976280424065664
-71.5 22.685513018409218 22.974985386490616
-71.0 22.68458489702222 22.973700176003117
-70.5 22.683670644713125 22.972409365782404
-70.0 22.682768908232646 22.971135156873288
-69.5 22.681876636144626 22.969865845214752
-69.0 22.680996420415003 22.96859345071955
-68.5 22.680119440237277 22.967330746534724
-68.0 22.67925107310335 22.966078726639747
-67.5 22.67839611344797 22.96482249713273
-67.0 22.677547270190416 22.963577250909132
-66.5 22.676709349259717 22.962334719368485
-66.0 22.67587667582019 22.961098010800384
-65.5 22.67505427477758 22.959868839172387
-65.0 22.67424015209197 22.958645432774066
-64.5 22.673440547523846 22.95741527931877
-64.0 22.672652064630636 22.95619753167214
-63.5 22.671859057238702 22.954985816898038
-63.0 22.671075619716365 22.953776031683457
-62.5 22.670308508512065 22.9525873097468
-62.0 22.669549324442247 22.951384506652992
-61.5 22.668794307672812 22.95019160132061
-61.0 22.668056473294847 22.949001617857895
