FastTrWP/PhaseSpace/IAs/snIa_0.6_25_1_0.0.csv
# %ECSV 0.9
# ---
# datatype:
# - {name: time-rel, datatype: float64}
# - {name: g, datatype: float64}
# - {name: i, datatype: float64}
# schema: astropy-2.0
time-rel g i
[from data line 986]
474.12499999999994 -26.333576240053375 -27.69749045818409
474.625 -26.33325119641622 -27.69782024456255
475.125 -26.33292735327624 -27.698153669814612
475.62499999999994 -26.33260278782589 -27.698479434346947
476.125 -26.332261495410904 -27.69881808427467
476.625 -26.331917978662027 -27.699136681146083
477.12499999999994 -26.3315684731638 -27.699468349496662
477.625 -26.331234973005692 -27.69979003471098
478.125 -26.330890321591774 -27.700113946217108
478.62499999999994 -26.33053551279138 -27.700433759467668
479.125 -26.330177603227277 -27.70074934204889
479.625 -26.329803331860703 -27.701069691717276
480.12499999999994 -26.329444122578213 -27.701385357669672
480.625 -26.32907741451679 -27.701694460180235
481.125 -26.328715351522977 -27.702018503379982
481.62499999999994 -26.328324703284057 -27.70232375755227
482.125 -26.327954888914146 -27.702636361094072
482.625 -26.327568300209908 -27.70295138592878
483.12499999999994 -26.327173320736286 -27.70325722741883
483.625 -26.32678710960622 -27.7035619865039
484.125 -26.32638904899884 -27.70385778323602
484.62499999999994 -26.325990373406807 -27.704166685774155
485.125 -26.32557894244115 -27.704465799457402
485.625 -26.32518285256331 -27.70476317550974
486.12499999999994 -26.324763628591413 -27.7050668401842
486.625 -26.32435332443724 -27.70536311460955
487.125 -26.323930659460014 -27.70565037394128
487.62499999999994 -26.323514595582584 -27.70594484354385
488.125 -26.32307459462925 -27.706241082093236
488.625 -26.322657745157358 -27.706529148768027
489.12499999999994 -26.322215962265176 -27.706815751761194
489.625 -26.321777752562717 -27.707102405544983
490.125 -26.32132675716372 -27.70738793790645
490.62499999999994 -26.320881062675227 -27.707680293187117
491.125 -26.32042837200826 -27.70795431938817
491.625 -26.319979265280523 -27.70823539745916
492.12499999999994 -26.319508956516305 -27.708518196553953
492.625 -26.319041453353694 -27.708796665324307
493.125 -26.318582246627685 -27.709069719914204
493.625 -26.318112488392117 -27.709345532541537
494.125 -26.317630149719914 -27.709615434910468
494.625 -26.31714789945478 -27.709883307111653
495.125 -26.316666704244067 -27.710155831656657
495.625 -26.316174368188946 -27.71042011804228
496.125 -26.31567823549443 -27.710690580077667
496.625 -26.315179145140366 -27.71095094489811
497.125 -26.314680957683528 -27.711210830271288
497.625 -26.314167636676427 -27.711477967854016
498.125 -26.313659797704396 -27.711740017965948
498.625 -26.313150284589884 -27.711989827354483
499.125 -26.312618609787602 -27.712249114948317
499.625 -26.31209720767003 -27.712502763942005
500.125 -26.311568865751816 -27.712755220512612
500.625 -26.311038099007842 -27.71300926467637
501.125 -26.310494666436995 -27.71325119067054
501.625 -26.309953599920654 -27.713499731354677
502.125 -26.309413952875804 -27.71375190300329
502.625 -26.308845085335413 -27.71399218860275
503.125 -26.308306526152123 -27.714233139847796
503.625 -26.307745652977875 -27.714469888631974
504.125 -26.307170526175263 -27.71470974920108
504.625 -26.306606378710388 -27.71495155263632
505.125 -26.306037184107666 -27.715182091384825
505.625 -26.305460148014838 -27.71541986834038
506.125 -26.304883944165006 -27.715650050030547
506.625 -26.304286153696008 -27.715883566289502
507.125 -26.30369982944383 -27.71610871196072
507.625 -26.30310331636725 -27.71634098405132
508.125 -26.30251742533162 -27.716565803560638
508.625 -26.301905693569545 -27.716790087335085
509.125 -26.301288130224187 -27.717008744589705
509.625 -26.30068805491978 -27.71723176385602
510.125 -26.300067303318905 -27.71746061977531
510.625 -26.299449552040528 -27.71766750379608
511.125 -26.298833687097222 -27.717890699066544
511.625 -26.298207101346676 -27.718106692822534
512.125 -26.29755957913336 -27.71832051796482
512.625 -26.29692517440551 -27.718532236499662
513.125 -26.296285563403885 -27.718744616091556
513.625 -26.29562642119121 -27.718955680082562
514.125 -26.29498217311189 -27.719163730982515
514.625 -26.294331892274073 -27.719368342721577
515.125 -26.293668841236027 -27.71957906081932
515.625 -26.293008769636113 -27.719778832372807
516.125 -26.292330400578162 -27.719986808188303
516.625 -26.291664829447804 -27.72018486832915
517.125 -26.290993915860206 -27.720382164243276
517.625 -26.290302950240395 -27.72058268993092
518.125 -26.289619972142813 -27.720776404210095
518.625 -26.288928382452607 -27.720970681223328
519.125 -26.288235841406483 -27.721161155499566
519.625 -26.28753482160309 -27.721356672036404
520.125 -26.286829335712504 -27.72154200364719
520.625 -26.28611359128818 -27.721728851451005
521.125 -26.285417193018827 -27.72191017628775
521.625 -26.28468691979011 -27.722106418021465
522.125 -26.283956032602816 -27.72228794052168
522.625 -26.283233808629845 -27.722465872138294
523.125 -26.282495429177665 -27.722649294989743
523.625 -26.281772466022595 -27.7228263494592
524.125 -26.281028841038324 -27.722997816510883
524.625 -26.280274587353798 -27.723175075538524
525.125 -26.279533974351615 -27.723353191815228
525.625 -26.278780513288215 -27.723526292439423
526.125 -26.278013001415815 -27.72368484639638
526.625 -26.277252563341634 -27.72386216968097
527.125 -26.276476215155267 -27.724027762059382
527.625 -26.27571131614635 -27.724194711751828
528.125 -26.274922128085947 -27.724349042877712
528.625 -26.274145827281732 -27.72451957456111
529.125 -26.273343704495637 -27.724679092676645
529.625 -26.272556471361884 -27.724836530287252
530.125 -26.271773046656183 -27.724994158306547
530.625 -26.27096541304895 -27.725150216137276
531.125 -26.270152350689578 -27.72530270024946
531.625 -26.269341359058128 -27.725460275943597
532.125 -26.26850667320591 -27.725607752045608
532.625 -26.2676990474497 -27.72575728365377
533.125 -26.26686497259582 -27.725897691831065
533.625 -26.266038887391197 -27.72604825100234
534.125 -26.2651946013198 -27.726192579530327
534.625 -26.264348598122147 -27.72633947786913
535.125 -26.26351509925305 -27.72647222389132
535.625 -26.262646935185828 -27.726611066044097
536.125 -26.261804110560476 -27.726744523348753
536.625 -26.260945333149365 -27.72688252560876
537.125 -26.260069968868436 -27.727014294410836
537.625 -26.25920502356244 -27.727151791130158
538.125 -26.25831882218412 -27.727273983426826
538.625 -26.257443182023405 -27.727405928151953
539.125 -26.2565506668306 -27.72752893456026
539.625 -26.255660424579375 -27.727654690683927
540.125 -26.254761844069463 -27.727777516100005
540.625 -26.2538546165251 -27.727902298812282
541.125 -26.252950044270857 -27.72801650947382
541.625 -26.25202833372628 -27.728137313716005
542.125 -26.25112368798166 -27.728252054647626
542.625 -26.25019673572158 -27.72836883080472
543.125 -26.249263838063076 -27.728479415155853
543.625 -26.248331289693713 -27.72858623299608
544.125 -26.247378299629474 -27.728699488383285
544.625 -26.246432007937862 -27.728807013074707
545.125 -26.245466310651373 -27.728904446097744
545.625 -26.244501344417625 -27.729010263380044
546.125 -26.243527003806722 -27.729115037308443
546.625 -26.24254384341265 -27.729204700550714
547.125 -26.241551843065153 -27.72930849909907
547.625 -26.240536259627405 -27.72940169601599
548.125 -26.239541716708317 -27.729501189552188
548.625 -26.238540579820334 -27.729589911973736
549.125 -26.237514004564922 -27.72967778235422
549.625 -26.23648074705605 -27.729764390263952
550.125 -26.235455535095422 -27.729852835261187
550.625 -26.234419034270328 -27.729943460872107
551.125 -26.233367311284606 -27.730026715439784
551.625 -26.232321590500057 -27.7300999609314
552.125 -26.231258375608128 -27.730189536982724
552.625 -26.230202852848553 -27.73026249740557
553.125 -26.22911701803936 -27.730341923339278
553.625 -26.228048300628476 -27.730417699701736
554.125 -26.226961317886015 -27.730482247156676
554.625 -26.225879455384664 -27.730561131778156
555.125 -26.2247854678048 -27.73062794550214
555.625 -26.223692808134267 -27.73069473739874
556.125 -26.22256337058246 -27.730761794926156
556.625 -26.221460502575994 -27.730828332361163
557.125 -26.220351530763537 -27.730895364635565
557.625 -26.219241512543604 -27.730953609496282
558.125 -26.218108771386852 -27.73101174931151
558.625 -26.216974944603734 -27.73107079199842
559.125 -26.21584009602517 -27.731127735777395
559.625 -26.214699159514904 -27.73118485209562
560.125 -26.2135541239952 -27.73123218293022
560.625 -26.21239481216933 -27.73128640347968
561.125 -26.21123742537008 -27.731337706325327
561.625 -26.210093806447535 -27.7313859494768
562.125 -26.208937907787174 -27.731436111994125
562.625 -26.20776087837975 -27.731485150178898
563.125 -26.2065988712557 -27.731528731377153
563.625 -26.205404313578082 -27.73157170818819
564.125 -26.204233592653623 -27.73160745893264
564.625 -26.203054354929325 -27.73164603214163
565.125 -26.201865077556292 -27.731691925004057
565.625 -26.200676415530737 -27.731730478054093
566.125 -26.199477259426263 -27.731759671341884
566.625 -26.198277677615334 -27.73179509600899
567.125 -26.19707377587812 -27.731828049588376
567.625 -26.195870657430792 -27.73185807145042
568.125 -26.194657495624618 -27.731894978420392
568.625 -26.193455346829428 -27.73191645914798
569.125 -26.192245957385516 -27.731948108021378
569.625 -26.191026716633118 -27.731972501023506
570.125 -26.189801788664845 -27.7319984573947
570.625 -26.188585574969675 -27.732016318607098
571.125 -26.18736590568457 -27.732043417739057
571.625 -26.186145788296926 -27.73206551846647
572.125 -26.184900758878214 -27.73208326095687
572.625 -26.183678165758323 -27.73209754449509
573.125 -26.18244939930961 -27.73212228702804
573.625 -26.181214648397763 -27.732128791040548
574.125 -26.1799882716692 -27.732141911459593
574.625 -26.178746709545926 -27.73215726901104
575.125 -26.17751450168083 -27.732170195880702
575.625 -26.176274240599078 -27.732175178723672
576.125 -26.17503182283146 -27.732184225042232
576.625 -26.17379130275632 -27.732193779367385
577.125 -26.172546237210508 -27.73220281419396
577.625 -26.17128896117739 -27.73220346952117
578.125 -26.170062769892304 -27.732210108903846
578.625 -26.168812824117794 -27.73221381397446
579.125 -26.167562811341973 -27.732212076263444
579.625 -26.16632490872824 -27.732219715303682
580.125 -26.165081279503156 -27.732213886979693
580.625 -26.163829817376595 -27.732212449818732
581.125 -26.162591784950045 -27.732208857752116
581.625 -26.161351345340798 -27.732205424984695
582.125 -26.160096053737846 -27.73219493855501
582.625 -26.158827623813078 -27.7321907264226
583.125 -26.15756708922337 -27.73218123482218
583.625 -26.156292007894223 -27.73216753807452
584.125 -26.155016114929857 -27.73215084877428
584.625 -26.153738725842437 -27.732142794397383
585.125 -26.152452904999393 -27.73213621023221
585.625 -26.151167375128747 -27.732111391311975
586.125 -26.149875250842335 -27.732090043751114
586.625 -26.148579322720465 -27.73206788735886
587.125 -26.14726943785179 -27.732052731489386
587.625 -26.145963566039498 -27.73202441677323
588.125 -26.14465125672858 -27.731997184720637
588.625 -26.14333061574267 -27.73197595147701
589.125 -26.142025393946618 -27.73194540523739
589.625 -26.14069055426637 -27.731914542711852
590.125 -26.139361787870456 -27.73188474398657
590.625 -26.13803588452857 -27.731854841585534
591.125 -26.136711488476685 -27.731817947113854
591.625 -26.135357709448627 -27.7317790592106
592.125 -26.134017451581563 -27.731748749005693
592.625 -26.132679900795466 -27.731712868791053
593.125 -26.13133922510119 -27.731669387094968
593.625 -26.12997220653319 -27.73162975872406
594.125 -26.128616520982497 -27.73158550669068
594.625 -26.127253648810335 -27.731540965080033
595.125 -26.125891785920427 -27.73149835097263
595.625 -26.12451948391023 -27.731452419859664
596.125 -26.123147206978704 -27.73140457137638
596.625 -26.121792591932696 -27.731348396775406
597.125 -26.120411511528356 -27.731301177403076
597.625 -26.119027664508362 -27.73125764381767
598.125 -26.117645791486154 -27.731197508683273
598.625 -26.116258283601844 -27.73114072446973
599.125 -26.11488552142996 -27.73108850316129
599.625 -26.113496294666305 -27.73103045181
600.125 -26.11209237752003 -27.73097027783082
600.625 -26.110721721065193 -27.730908312140304
601.125 -26.109314477855342 -27.730847183752726
601.625 -26.107925613705653 -27.73078972463825
602.125 -26.106518607469443 -27.730724800865893
602.625 -26.10511724631397 -27.73066144715212
603.125 -26.103717564742603 -27.730596200040182
603.625 -26.10231086209476 -27.73052533011487
604.125 -26.100904375757615 -27.730456329110517
604.625 -26.099496036826814 -27.730393586657996
605.125 -26.098072155383527 -27.73031104235326
605.625 -26.096668784911458 -27.73024032162654
606.125 -26.095261433636306 -27.73017812940723
606.625 -26.093846531388657 -27.730094543419227
607.125 -26.092443747976496 -27.730025009669305
607.625 -26.09102941175337 -27.72994514382516
608.125 -26.089607894116575 -27.72986730589908
608.625 -26.088182980271423 -27.729790555719358
609.125 -26.08677621745709 -27.729708377455363
609.625 -26.085353167181594 -27.729623996681752
610.125 -26.08393614866419 -27.729544887139582
610.625 -26.082516203277166 -27.72946260039393
611.125 -26.081096818726355 -27.72937184151788
611.625 -26.079684665027678 -27.729288032226073
612.125 -26.078254618454885 -27.729206971701377
612.625 -26.07683911599498 -27.72911812793675
613.125 -26.075410643367473 -27.729029679709374
613.625 -26.07399041832005 -27.728941544878158
614.125 -26.072587406136094 -27.728845463254682
614.625 -26.071161274914406 -27.728753231283587
615.125 -26.069737044789115 -27.728663970076113
615.625 -26.068329830924924 -27.728570636142933
616.125 -26.066907191036826 -27.72846870200196
616.625 -26.065492663336446 -27.728375250459514
617.125 -26.064068128959693 -27.72827571208682
617.625 -26.06266174269073 -27.728183330821725
618.125 -26.06125164568652 -27.72808197031065
618.625 -26.05983346723139 -27.727980834338123
619.125 -26.058414424863265 -27.727874480206154
619.625 -26.057026901818638 -27.72777906423608
620.125 -26.05559909120433 -27.727676405499867
620.625 -26.0542057909553 -27.72756949333852
621.125 -26.05278999774915 -27.727465008314557
621.625 -26.05136936256919 -27.72735691032682
622.125 -26.04997135366994 -27.727241598682518
622.625 -26.048550334759707 -27.72714026060813
623.125 -26.04713752981287 -27.72702993699848
623.625 -26.045721959283238 -27.726918804939583
624.125 -26.044289832035894 -27.726800568111805
624.625 -26.04287920104426 -27.726691681133055
625.125 -26.041453141916108 -27.726574185427417
625.625 -26.04002571539152 -27.726461004573277
626.125 -26.038608988395197 -27.726343106215182
626.625 -26.037186678683625 -27.72622333896839
627.125 -26.03576927965998 -27.726100359214882
627.625 -26.034330810405972 -27.725982764629688
628.125 -26.03290560318228 -27.725859240172525
628.625 -26.03147519437902 -27.72572933014901
629.125 -26.03003904333262 -27.725612528920767
629.625 -26.02861744327999 -27.72548183210531
630.125 -26.02717940117858 -27.725349570988076
630.625 -26.025759504642878 -27.72522062410648
631.125 -26.02432436109565 -27.725091152731363
631.625 -26.022888104206103 -27.72496520419778
632.125 -26.021449290030013 -27.724827524952698
632.625 -26.020006338561544 -27.724699165000914
633.125 -26.018580105899076 -27.724562695637893
633.625 -26.017124026370368 -27.724431032792637
634.125 -26.015692756979032 -27.724289411041273
634.625 -26.014254061934388 -27.724150418267037
635.125 -26.01281922292943 -27.724012696224175
635.625 -26.011365252434583 -27.723873557880864
636.125 -26.009927257217754 -27.72372826182285
636.625 -26.00846179687228 -27.72358793172575
637.125 -26.007025666954014 -27.723444886745927
637.625 -26.005590237531464 -27.723296868813804
638.125 -26.004141256771657 -27.723144937759656
638.625 -26.002684453199677 -27.7229980117922
639.125 -26.001237303707292 -27.72285550777051
639.625 -25.99978028969144 -27.722702065564278
640.125 -25.998322304065212 -27.722554261075082
640.625 -25.99688334722108 -27.722403535734873
641.125 -25.9954207186318 -27.722244727255735
