FastTrWP/PhaseSpace/IAs/snIa_0.66_30.00_-0.87_0.00.csv
# %ECSV 0.9
# ---
# datatype:
# - {name: time-rel, datatype: float64}
# - {name: g, datatype: float64}
# - {name: i, datatype: float64}
# schema: astropy-2.0
time-rel g i
[from data line 1676]
968.3125 25.44227835224346 22.52838238045782
968.8125 25.443730455524015 22.529281443308303
969.3124999999999 25.445215049211377 22.530188297852703
969.8125 25.446662885762468 22.53110029794407
970.3125 25.448096317808492 22.532002779593682
970.8124999999999 25.449525610232993 22.532907523825322
971.3125 25.450983065379944 22.533817773275505
971.8125 25.452403610554427 22.534724455154592
972.3124999999999 25.453792429380037 22.535642745804804
972.8125 25.455167861599925 22.536552463383583
973.3125 25.456577223972165 22.53747287628274
973.8124999999999 25.45794572610593 22.53838606611727
974.3125 25.459317836624553 22.539310218885788
974.8125 25.460682544358036 22.540222655041763
975.3124999999999 25.462001929473544 22.54114248778785
975.8125 25.46333964803724 22.54206177201658
976.3125 25.464668576254947 22.54299007363374
976.8124999999999 25.465978717577734 22.54391800937551
977.3125 25.467223545968203 22.54483692339023
977.8125 25.468456535737044 22.545777417134076
978.3124999999999 25.469716146240913 22.54670528607678
978.8125 25.470911329172893 22.54763313528326
979.3125 25.472071842540327 22.548574715529973
979.8124999999999 25.473253036227646 22.549517080248815
980.3125 25.474408754538874 22.55045030648596
980.8125 25.4755231188376 22.55140543293466
981.3124999999999 25.476602268471808 22.552344191812278
981.8125 25.477707909163 22.553290301263647
982.3125 25.478755380582285 22.554239666133782
982.8124999999999 25.47978864267761 22.555192996111387
983.3125 25.480828762898447 22.556143949139276
983.8125 25.481824492841326 22.557096348184466
984.3124999999999 25.482822316998778 22.558052498811687
984.8125 25.48377902505115 22.55901552939918
985.3125 25.48476464628895 22.55997330921459
985.8124999999999 25.485683887537178 22.560936809998694
986.3125 25.486589341291314 22.561893502607056
986.8125 25.487516629939808 22.562867079765233
987.3124999999999 25.488411008035246 22.563831939491944
987.8125 25.489249776625677 22.564795880527466
988.3125 25.49013554207312 22.565767674743498
988.8124999999999 25.49096862714736 22.56674077726149
989.3125 25.491831129983456 22.567718575287238
989.8125 25.492641775686174 22.568689669001202
990.3124999999999 25.493451377062925 22.56967397880984
990.8125 25.494220090760656 22.570638913877445
991.3125 25.494992168356493 22.5716271923042
991.8124999999999 25.49578226092749 22.57260478276274
992.3125 25.496521857761863 22.573591192152787
992.8125 25.497292042248468 22.574580606400737
993.3124999999999 25.49804308468721 22.575563491836963
993.8125 25.4987632900472 22.576551102040856
994.3125 25.49947713312153 22.57753052437511
994.8124999999999 25.500182632055303 22.57852747402559
995.3125 25.500867453563416 22.579519436416632
995.8125 25.501605089265375 22.58051466270251
996.3124999999999 25.502260296752873 22.581504719032854
996.8125 25.5029556539591 22.58250276459353
997.3125 25.50361046733538 22.583493290493063
997.8124999999999 25.504298981824626 22.584488400291008
998.3125 25.504949236338913 22.58549579010632
998.8125 25.505589798117626 22.586486221724734
999.3124999999999 25.506229761345228 22.587487032854018
999.8125 25.506902768290047 22.588484956232083
1000.3125 25.5075270059763 22.589497207900454
1000.8124999999999 25.508185270700032 22.590499284415905
1001.3125 25.508796416933528 22.591502814982857
1001.8125 25.509434116024586 22.59250610351681
1002.3125 25.51008300841122 22.593515827683262
1002.8125 25.51069046053794 22.594518096183805
1003.3125 25.511326600875694 22.59552255655613
1003.8125 25.511940077410994 22.596536144513397
1004.3125 25.512546411447467 22.59754684676711
1004.8125 25.51317101278325 22.598556715428906
1005.3125 25.5138074962127 22.599561845182635
1005.8125 25.514449075231852 22.600570432145446
1006.3125 25.515050569793726 22.601591736689898
1006.8125 25.515692199787843 22.602604794789627
1007.3125 25.516301999989718 22.603619875332328
1007.8125 25.516941182598693 22.60463374980157
1008.3125 25.517571623793415 22.605648614881314
1008.8125 25.518183556384137 22.60666446766305
1009.3125 25.51882967188915 22.607680195098556
1009.8125 25.519466042660497 22.608700031307976
1010.3125 25.520136321183145 22.60971223125352
1010.8125 25.520761257375725 22.610719054958857
1011.3125 25.521459775471218 22.61174458098694
1011.8125 25.522128636195998 22.61277021493356
1012.3125 25.52278359399226 22.61378349413992
1012.8125 25.523485651529842 22.614802594235247
1013.3125 25.52416566259794 22.615818120310813
1013.8125 25.52487660181481 22.616839297790754
1014.3125 25.525569025048913 22.617856861362895
1014.8125 25.526279327307776 22.618882612390635
1015.3125 25.52701567775334 22.619893487330096
1015.8125 25.527718594112283 22.620910058253543
1016.3125 25.528463838224237 22.621940574448644
1016.8125 25.52917310068242 22.622956304854434
1017.3125 25.529910399212103 22.62398408485851
1017.8125 25.530607885246035 22.62500364197461
1018.3125 25.531308424555306 22.626027526983847
1018.8125 25.53200388681808 22.627057386428135
1019.3125 25.532689487737397 22.628080381168658
1019.8125 25.533344790281557 22.629114842858797
1020.3125 25.53400887196235 22.630140390102525
1020.8125 25.534657659494748 22.631172341374423
1021.3125 25.53532304791176 22.63221139995419
1021.8125 25.53595280509194 22.6332468742488
1022.3125 25.53659103816554 22.634277337726786
1022.8125 25.537280056484434 22.63531554143338
1023.3125 25.537892794213807 22.636354031976893
1023.8125 25.53850328881601 22.637399751690594
1024.3125 25.5391266495235 22.6384388969662
1024.8125 25.539757117927824 22.63947507291633
1025.3125 25.540343491820373 22.640516823470357
1025.8125 25.540958886902455 22.64155959945783
1026.3125 25.54154107874777 22.64260715762851
1026.8125 25.542147461730735 22.643648031442506
1027.3125 25.54273047075744 22.644692871060975
1027.8125 25.543387219685737 22.645743146325405
1028.3125 25.5439648951093 22.646797631672623
1028.8125 25.544499731345507 22.647834458942878
1029.3125 25.545128618443968 22.648896086522544
1029.8125 25.545708905735673 22.64993826578769
1030.3125 25.54629672521452 22.65099306329315
1030.8125 25.546862557952768 22.652044858494726
1031.3125 25.547455712393045 22.65310073915999
1031.8125 25.548051849614424 22.654147565562504
1032.3125 25.548639101760994 22.65520779924424
1032.8125 25.54920467999289 22.656262033446197
1033.3125 25.54974386813244 22.65732519194229
1033.8125 25.550350929482914 22.658375686263522
1034.3125 25.55091562790605 22.659442924075414
1034.8125 25.55152108779175 22.660502421999098
1035.3125 25.552094595457262 22.661557015206498
1035.8125 25.552668087564783 22.6626225204937
1036.3125 25.55328484881798 22.663685462492463
1036.8125 25.55386200144008 22.664747837312188
1037.3125 25.554475914881138 22.665808153851867
1037.8125 25.555032526101847 22.666874485457704
1038.3125 25.55564684524857 22.667937737262548
1038.8125 25.556227687091443 22.669004624563446
1039.3125 25.556857915259926 22.670071263513908
1039.8125 25.55745706286775 22.671136750678265
1040.3125 25.558065409567234 22.67220345064566
1040.8125 25.558688920242552 22.673267804129544
1041.3125 25.559318262604116 22.67433781799943
1041.8125 25.55994001479673 22.67540293769258
1042.3125 25.560594204891686 22.67647120737919
1042.8125 25.561207172840945 22.677543006619576
1043.3125 25.561831672626823 22.678618121791576
1043.8125 25.56251059140077 22.67967994024594
1044.3125 25.563168985010535 22.680758764240153
1044.8125 25.563843247670555 22.681829038631488
1045.3125 25.564483673676204 22.682897317469145
1045.8125 25.565179025358965 22.68396811667516
1046.3125 25.565888905621236 22.685049445398867
1046.8125 25.566590117238025 22.686116111492765
1047.3125 25.56728457437975 22.6871926509697
1047.8125 25.5679879766867 22.688264910500475
1048.3125 25.568689611273427 22.689338010782116
1048.8125 25.569417462695952 22.69040960042676
1049.3125 25.57016897123512 22.69149180325939
1049.8125 25.570943627817755 22.692563101213597
1050.3125 25.571674059245098 22.69363766861922
1050.8125 25.57245138127792 22.694713033635303
1051.3125 25.573228138199106 22.695796591120505
1051.8125 25.574021263124934 22.696867880403417
1052.3125 25.574831752013345 22.697944664418003
1052.8125 25.575631273600308 22.69901968981197
1053.3125 25.576462272494737 22.700091742435212
1053.8125 25.57730196859339 22.701174911858992
1054.3125 25.578152156720325 22.702247438427392
1054.8125 25.579041947143907 22.703322769986364
1055.3125 25.57989047628329 22.704397863967248
1055.8125 25.58080131050111 22.705474020656467
1056.3125 25.581705876464703 22.70655203591111
1056.8125 25.582600289478354 22.707627687206575
1057.3125 25.583518458293625 22.708706851737315
1057.8125 25.584460900887755 22.70979368790632
1058.3125 25.585341964062227 22.71086216805106
1058.8125 25.586278257882338 22.711945363816092
1059.3125 25.587215873006578 22.713026683468435
1059.8125 25.58816895767594 22.71410613765488
1060.3125 25.589119050172805 22.715192474609704
1060.8125 25.590075482064808 22.71626150301241
1061.3125 25.591057696469104 22.717350027805196
1061.8125 25.59199975243959 22.71842780264172
1062.3125 25.59299478754731 22.71951789251592
1062.8125 25.593970585711723 22.720587284421438
1063.3125 25.594934678019058 22.7216783553613
1063.8125 25.595945466438927 22.722756920866978
1064.3125 25.59694420000541 22.723841257031996
1064.8125 25.59794717265751 22.724933398825446
1065.3125 25.598947798104156 22.72601230495166
1065.8125 25.599991696379064 22.727098774595085
1066.3125 25.60099794557919 22.728177875611664
1066.8125 25.602024943174616 22.729268325777387
1067.3125 25.603063659297156 22.730357596725675
1067.8125 25.60412336028873 22.731442971941078
1068.3125 25.60515671602542 22.732533522340468
1068.8125 25.606214834875438 22.733624238174027
1069.3125 25.607270562408463 22.73470715724541
1069.8125 25.608351271441208 22.73579969261207
1070.3125 25.6094180884558 22.736893752880807
1070.8125 25.61053358258473 22.737978238650065
1071.3125 25.611608023273938 22.739067719952995
1071.8125 25.612718376208825 22.740156155540756
1072.3125 25.61380151257181 22.741257002646314
1072.8125 25.61491292044632 22.74234575976959
1073.3125 25.616027965715308 22.743439539408584
1073.8125 25.617184638631144 22.74453131936097
1074.3125 25.618286884609276 22.745625315776646
1074.8125 25.619450946656347 22.746716250700025
1075.3125 25.620564049473824 22.747814738990794
1075.8125 25.621717178904554 22.748912644797272
1076.3125 25.622877391373105 22.750010026620163
1076.8125 25.624029764247837 22.751103377153324
1077.3125 25.625229970945902 22.752204110368407
1077.8125 25.626412355624314 22.753304833847373
1078.3125 25.627568862102347 22.754405610624513
1078.8125 25.628760163250654 22.755502100442797
1079.3125 25.629972460607252 22.756591442608524
1079.8125 25.631161560346392 22.7577031468746
1080.3125 25.632376302029144 22.758803964067376
1080.8125 25.633584745611884 22.759909896584652
1081.3125 25.634822973724845 22.76101627945372
1081.8125 25.636052421543354 22.762113349121993
1082.3125 25.63731217669954 22.763221956544477
1082.8125 25.638570976854137 22.76432687979854
1083.3125 25.63982675276826 22.76543361280899
1083.8125 25.64105355124131 22.76653154441266
1084.3125 25.642338516631295 22.767645343455072
1084.8125 25.643599939477845 22.768759071141428
1085.3125 25.644896606612164 22.769866444062718
1085.8125 25.646185464596517 22.770964872063995
1086.3125 25.64746531699265 22.772079862419233
1086.8125 25.648754950593343 22.77318104931301
1087.3125 25.650109507992255 22.77430378141866
1087.8125 25.651399168394896 22.775411187990304
1088.3125 25.652752064904046 22.776528404415252
1088.8125 25.654095428181392 22.777633529207876
1089.3125 25.65542100182391 22.778751080848384
1089.8125 25.6567638642844 22.779869944480573
1090.3125 25.65813868350014 22.780985252177565
1090.8125 25.659497158529646 22.782095957042344
1091.3125 25.660870911735735 22.783218061671352
1091.8125 25.662229732383352 22.784341010775563
1092.3125 25.66360971548771 22.78545302468073
1092.8125 25.66500636224424 22.786581564543834
1093.3125 25.66642253772583 22.787702195305826
1093.8125 25.66782738655991 22.78881341998065
1094.3125 25.669235714761868 22.789940280931923
1094.8125 25.670674276616378 22.791058662215192
1095.3125 25.67210843103347 22.79218083661241
1095.8125 25.673556348179105 22.79330916424999
1096.3125 25.674986418317648 22.794433932717
1096.8125 25.676426496333107 22.79555911941024
1097.3125 25.677873930944696 22.796695188474896
1097.8125 25.67937335033041 22.79781719070904
1098.3125 25.6808310906162 22.79894170644425
1098.8125 25.68232314022128 22.800066774536113
1099.3125 25.68381473016505 22.80119951109662
1099.8125 25.68532219455686 22.802329510719012
1100.3125 25.686813603749222 22.803462544913238
1100.8125 25.68834179935977 22.80459665615892
1101.3125 25.689856613080487 22.805714686453552
1101.8125 25.691411185903256 22.80685390159416
1102.3125 25.692959856802112 22.80799404493291
1102.8125 25.694467036313974 22.809117254740606
1103.3125 25.696037266726165 22.81025304785024
1103.8125 25.697615875984976 22.81138035190068
1104.3125 25.699182332260587 22.812522478698337
1104.8125 25.700771920546618 22.813659412905047
1105.3125 25.702340860222257 22.814791248664218
1105.8125 25.70394364578723 22.815931653472965
1106.3125 25.70556842359221 22.817071067146074
1106.8125 25.70715195356759 22.818201582563997
1107.3125 25.708795572238063 22.819345361640448
1107.8125 25.71039570488393 22.820483782695902
1108.3125 25.71207534994072 22.821628024316905
1108.8125 25.713731946377457 22.822761869922147
1109.3125 25.715363156642784 22.82390644398398
1109.8125 25.717041065328466 22.82505542074346
1110.3125 25.71871410089194 22.8261897791246
1110.8125 25.720374993268614 22.827345260256713
1111.3125 25.722086648940802 22.828483295637213
1111.8125 25.723758076758607 22.82962970348361
1112.3125 25.725485642311263 22.83077926401927
1112.8125 25.72718914745643 22.831936089968345
1113.3125 25.728936284906652 22.83307038387511
1113.8125 25.73064599499608 22.834217623577086
1114.3125 25.7324192333138 22.83537002449453
1114.8125 25.734158387908607 22.836523773380108
1115.3125 25.73590145187866 22.837670137611173
1115.8125 25.73770896349908 22.838828724685616
1116.3125 25.739478822864843 22.8399812922865
1116.8125 25.741275088810823 22.841134848282305
1117.3125 25.743089210454603 22.842290026659317
1117.8125 25.744868385222482 22.843442746906675
1118.3125 25.74667831907993 22.84460040950126
1118.8125 25.748490448826644 22.845753223508027
1119.3125 25.750361611205577 22.84691740546912
1119.8125 25.752196433529797 22.848068471880975
1120.3125 25.754045619639385 22.849237524649055
1120.8125 25.755936647504186 22.850395138846757
1121.3125 25.757780457198116 22.851549021856222
1121.8125 25.75968568422431 22.852714236972172
1122.3125 25.761596468866607 22.853875422826825
1122.8125 25.763478557708485 22.855051785452044
1123.3125 25.765401095555532 22.85620845186347
1123.8125 25.767331503932738 22.857376144191175
1124.3125 25.769237162567773 22.858543679889777
1124.8125 25.771190441294372 22.859713681320205
1125.3125 25.773183969203117 22.860884002276507
1125.8125 25.77512093831229 22.862047308296546
1126.3125 25.77709668801363 22.863222873968727
1126.8125 25.77910555771489 22.8643897960958
1127.3125 25.781081385562004 22.865557215631476
1127.8125 25.78306873537438 22.86673849290843
1128.3125 25.78511035978321 22.86790590139791
1128.8125 25.78716722944295 22.86908068698844
1129.3125 25.789142614459514 22.870260193264073
1129.8125 25.791247010799744 22.87143343573222
1130.3125 25.793261738772348 22.872617057073303
1130.8125 25.795329791376325 22.873788965302584
1131.3125 25.79742190347182 22.874973364055972
1131.8125 25.799517197082828 22.876156115569337
1132.3125 25.801633563458086 22.87733373576984
1132.8125 25.803725457101358 22.878522498608586
1133.3125 25.80585975767198 22.879707311598544
1133.8125 25.808019414380187 22.88088507646462
1134.3125 25.810151253644587 22.882078842602507
1134.8125 25.812293806355783 22.883267928558215
