FastTrWP/PhaseSpace/IAs/snIa_0.61_30.00_-0.15_0.03.csv
# %ECSV 0.9
# ---
# datatype:
# - {name: time-rel, datatype: float64}
# - {name: g, datatype: float64}
# - {name: i, datatype: float64}
# schema: astropy-2.0
time-rel g i
[from data line 363]
-224.5 24.749324212273272 23.154992365617716
-224.0 24.745464411925354 23.15217194575189
-223.5 24.74163791138158 23.149360686685334
-223.0 24.73775979670497 23.146533077409796
-222.5 24.733927836676877 23.143720305423283
-222.0 24.73009440429069 23.140914187419522
-221.5 24.726249413812194 23.1381125849008
-221.0 24.722430603710546 23.135313214988237
-220.5 24.718614327696287 23.132525440349077
-220.0 24.71480966810287 23.12972880471303
-219.5 24.710996650278684 23.12694339673213
-219.0 24.707208474057687 23.124157925615954
-218.5 24.703429863966765 23.121378285779265
-218.0 24.699617506374565 23.11860920163966
-217.5 24.695827539827533 23.115832211087003
-217.0 24.69203393530882 23.11306658034276
-216.5 24.688278851496865 23.11030707047779
-216.0 24.684523441815593 23.107547501903728
-215.5 24.680751909886688 23.10478177894582
-215.0 24.67701811519841 23.102037672602627
-214.5 24.673264781207628 23.0992854138483
-214.0 24.669520993304825 23.096543444082215
-213.5 24.665766125995763 23.093800949720347
-213.0 24.66203761991907 23.09106776211228
-212.5 24.658325988282243 23.088339429773907
-212.0 24.65461788788479 23.085613034546427
-211.5 24.65088591838967 23.082869700906507
-211.0 24.647185706461244 23.08015327752145
-210.5 24.643459250700577 23.07743403723841
-210.0 24.639775382184816 23.074715896097004
-209.5 24.636074061914822 23.072015170358636
-209.0 24.632405354643975 23.069299019278432
-208.5 24.628703804285475 23.066600221335868
-208.0 24.625015419605024 23.06389452239511
-207.5 24.621340104620558 23.061201959381062
-207.0 24.61768552904484 23.05850949131657
-206.5 24.614040178763755 23.055817061459493
-206.0 24.61036769835589 23.05312390066423
-205.5 24.606721373521957 23.050433680605966
-205.0 24.603084739327898 23.04776134595352
-204.5 24.59943316539348 23.045077547609985
-204.0 24.595801089335843 23.042405296052642
-203.5 24.59217063253499 23.03973008253207
-203.0 24.588551029423765 23.037064607873837
-202.5 24.584930928694092 23.034405033242592
-202.0 24.581313782777357 23.031744358304266
-201.5 24.57770739413786 23.02907654916675
-201.0 24.574106945493238 23.02642613531333
-200.5 24.570487542888145 23.023780516642436
-200.0 24.566904916680432 23.02112351948881
-199.5 24.56330407461453 23.018481149192375
-199.0 24.559725474625257 23.01584411749657
-198.5 24.556144760741027 23.013201701612523
-198.0 24.552566868816772 23.0105648256675
-197.5 24.549017223597147 23.007927599115497
-197.0 24.54543052326576 23.005298689787356
-196.5 24.54187360525666 23.002669308112086
-196.0 24.53829140381266 23.000042816635542
-195.5 24.534740845989514 22.99741704856174
-195.0 24.531153888381496 22.994782033368665
-194.5 24.527577189539677 22.99215388145697
-194.0 24.52397580130302 22.98952065199231
-193.5 24.520402771765788 22.986895017982864
-193.0 24.516782444766733 22.98426654760716
-192.5 24.513201027381136 22.98163266223925
-192.0 24.509619259200647 22.979008999091324
-191.5 24.506018434679024 22.976370074493705
-191.0 24.50241201526744 22.973747158670406
-190.5 24.498815060869642 22.971123870947636
-190.0 24.495223013440935 22.968496656753562
-189.5 24.491625366824003 22.965867532985847
-189.0 24.48801006273401 22.963243551478154
-188.5 24.484422538947218 22.96062497853545
-188.0 24.480819636877122 22.958004177152418
-187.5 24.477229854581953 22.95539095984873
-187.0 24.473654332909945 22.952778368271808
-186.5 24.470063725733656 22.950154268403065
-186.0 24.466472941005783 22.947556612352752
-185.5 24.462871354879812 22.944943969575007
-185.0 24.459299857269738 22.942332015361405
-184.5 24.4557343910906 22.93972907248221
-184.0 24.452170349769663 22.937136323930343
-183.5 24.448617284996452 22.934525787610802
-183.00000000000006 24.445056596980752 22.931941719615313
-182.5 24.441497415267783 22.9293555223746
-182.0 24.43794770998865 22.926760210154487
-181.50000000000006 24.43442883036706 22.924190972325317
-181.0 24.43086964430464 22.921608921724342
-180.5 24.427370686648587 22.91903777038221
-180.00000000000006 24.423860498397577 22.916466151541943
-179.5 24.420345777380025 22.913904747374282
-179.0 24.416852332258763 22.911330578212883
-178.50000000000006 24.413373416918624 22.908782851273244
-178.0 24.409879656622646 22.906234122999333
-177.5 24.406422973822043 22.903689586574487
-177.00000000000006 24.40296677844206 22.901151269903558
-176.5 24.39950887522761 22.89861345349553
-176.0 24.396101166341758 22.896084225190066
-175.50000000000006 24.39266844044907 22.893564328570903
-175.0 24.389244888916682 22.891037380629456
-174.5 24.385840946484212 22.888523425346218
-174.00000000000006 24.382447717173683 22.886019035133252
-173.5 24.379064750883018 22.88351679701418
-173.0 24.37571741209597 22.881029176326344
-172.50000000000006 24.372361449819735 22.878534825063824
-172.0 24.369016937119948 22.87605686479678
-171.5 24.365684117558203 22.87358209563424
-171.00000000000006 24.362375703229418 22.871113019854818
-170.5 24.35909333675093 22.86864310226406
-170.0 24.355786626190266 22.866194273108945
-169.50000000000006 24.352531360750636 22.86374658078339
-169.0 24.349277084419434 22.86130782330046
-168.5 24.346029984610944 22.85887814788562
-168.00000000000006 24.342811259367462 22.856449410477865
-167.5 24.339611873354126 22.854025387445102
-167.0 24.336428579909576 22.85161763071305
-166.50000000000006 24.333246726651957 22.8492077624734
-166.0 24.330089235856107 22.84681460978223
-165.5 24.326943850839857 22.844425807111975
-165.00000000000006 24.323817272086377 22.842050570575974
-164.5 24.320723645692375 22.839679461575393
-164.0 24.317610938420174 22.83731855497041
-163.50000000000006 24.314538230550887 22.834953678460884
-163.0 24.311502378946276 22.832612320970938
-162.5 24.30845478303439 22.830275038336396
-162.00000000000006 24.3054219324757 22.82794114230618
-161.5 24.30244924125425 22.825622942843076
-161.0 24.299447210829427 22.823313453922985
-160.50000000000006 24.296492688374368 22.82100762873044
-160.0 24.29355472102447 22.818713375568716
-159.5 24.29063392741776 22.81643066241005
-159.00000000000006 24.287737321156712 22.814142788549642
-158.5 24.28485230407282 22.811879977180208
-158.0 24.281973889420637 22.809636317231462
-157.50000000000006 24.279116316994216 22.80737861867268
-157.0 24.27628947263944 22.805131022179623
-156.5 24.273452097798618 22.802892423128654
-156.00000000000006 24.270626781856386 22.80065676214136
-155.5 24.26780817011615 22.798421819835365
-155.0 24.264997275554197 22.796181580467927
-154.50000000000006 24.262181829785888 22.793968319836615
-154.0 24.259388713213568 22.791742353980137
-153.5 24.256612942030632 22.789525270133517
-153.00000000000006 24.25382650611808 22.787316554623963
-152.5 24.251046739347075 22.785110107065776
-152.0 24.248285758621098 22.782907490348766
-151.50000000000006 24.245524637375407 22.780704333704158
-151.0 24.24276737116343 22.778505861960756
-150.5 24.24003922442995 22.776323800204988
-150.00000000000006 24.23729659637717 22.77413984790006
-149.5 24.23456762890821 22.771956372798723
-149.0 24.23185671450829 22.769787461607535
-148.50000000000006 24.229152543059833 22.767618040151476
-148.0 24.226431710057312 22.765447763497875
-147.5 24.223773431328716 22.76328602904004
-147.00000000000006 24.22107656448261 22.76112844415835
-146.5 24.218406750054772 22.758980721589637
-146.0 24.21575176625524 22.756842420744924
-145.50000000000006 24.213102008222865 22.75470125100157
-145.0 24.210458504603615 22.752559104231885
-144.5 24.207823922605527 22.750437377004275
-144.00000000000006 24.205202219189733 22.748307785254816
-143.5 24.20259070750893 22.74618776738389
-143.0 24.20000347367 22.74408207018436
-142.50000000000006 24.197398442799983 22.741971332568404
-142.0 24.194826380806767 22.739869398044306
-141.5 24.192261261791952 22.737775709806357
-141.00000000000006 24.189702713415663 22.735683302228388
-140.5 24.187155372110333 22.73358853017192
-140.0 24.184622128531288 22.731512060123205
-139.50000000000006 24.182098718649367 22.729451550479286
-139.0 24.179590065170615 22.727373616853377
-138.5 24.17709801759961 22.725303929219443
-138.00000000000006 24.174604188910568 22.72325583634906
-137.5 24.17212334476988 22.72120352512193
-137.0 24.16964469716028 22.71915925789701
-136.50000000000006 24.167195526663324 22.717122252240202
-136.0 24.16475468972665 22.715087905889092
-135.5 24.16232885619082 22.71306157059449
-135.00000000000006 24.15990561023408 22.711048031085728
-134.5 24.157506060853887 22.709031483171017
-134.0 24.155102972306448 22.707021793438408
-133.50000000000006 24.15272724293387 22.705025290421254
-133.0 24.15034820682228 22.703026880316727
-132.5 24.14798959199572 22.701037318336716
-132.00000000000006 24.145658990120914 22.699052252181403
-131.5 24.14333125172323 22.69707832104907
-131.0 24.1410022586398 22.69510527629743
-130.50000000000006 24.138700688759293 22.69314281518719
-130.0 24.13639195263233 22.691182306118293
-129.5 24.134125746631764 22.68924157927063
-129.00000000000006 24.131840753854647 22.687293088778773
-128.5 24.12960476436375 22.685358817708938
-128.0 24.12735569518853 22.68342970873022
-127.50000000000006 24.12514349897795 22.681512799054463
-127.0 24.122931989515834 22.67958854237516
-126.5 24.120733480545248 22.677677389202465
-126.00000000000006 24.11854624770971 22.675784195337464
-125.5 24.116378171111986 22.673876044241666
-125.0 24.11420874250366 22.671992773841716
-124.50000000000006 24.11208231107862 22.670108623031332
-124.0 24.109934061841408 22.668231992003744
-123.5 24.10784182062946 22.66637040357594
-123.00000000000006 24.10572049115018 22.66450064941047
-122.5 24.10365170934363 22.662648643446886
-122.0 24.10157424257852 22.660805871079926
-121.50000000000006 24.099514973012766 22.658964702499603
-121.0 24.09747018742411 22.657134440470333
-120.5 24.095432492388632 22.6553098657611
-120.00000000000006 24.093435732702485 22.653491087567748
-119.5 24.091446872946815 22.651679857145346
-119.0 24.089442305215695 22.64987044964162
-118.50000000000006 24.087478108374274 22.648078736738878
-118.0 24.085497871494454 22.64627865255724
-117.5 24.083558265414098 22.64450286468819
-117.00000000000006 24.081623628816523 22.6427102936543
-116.5 24.079676050063515 22.640943021452806
-116.0 24.077762677412167 22.639167725010378
-115.50000000000006 24.075844915213334 22.637404778704845
-115.0 24.07393772270656 22.63564609625563
-114.5 24.072064117248534 22.633894489005655
-114.00000000000006 24.07017451924261 22.632148764060442
-113.5 24.06829643678549 22.63039667035542
-113.0 24.06644348518107 22.628663601871345
-112.50000000000006 24.064584631251364 22.62692228862744
-112.0 24.06272961534547 22.625198897346856
-111.5 24.060914607145065 22.623479713656046
-111.00000000000006 24.05909274399729 22.62175872730653
-110.5 24.057275626349927 22.620043745431502
-110.0 24.055485496815937 22.61833735062982
-109.50000000000006 24.05368330012076 22.616636829576624
-109.0 24.051892277446797 22.614940469964626
-108.5 24.05013079271068 22.61325133904935
-108.00000000000006 24.04836740984863 22.611567787585315
-107.5 24.046603809310408 22.60988709525143
-107.0 24.04485446905394 22.60819200982873
-106.50000000000006 24.0431330298411 22.60653252276798
-106.0 24.041409497470127 22.60486902058007
-105.5 24.039692848665904 22.6032019329091
-105.00000000000006 24.03798547502084 22.60155022761644
-104.5 24.036289395799592 22.599905227394444
-104.0 24.034614644305883 22.59826165928006
-103.50000000000006 24.032928355879676 22.596607264249144
-103.0 24.031270938302907 22.594973871593858
-102.5 24.029611596505937 22.5933483296156
-102.00000000000006 24.027957122459913 22.59172783574178
-101.5 24.026327999046202 22.59010494314373
-101.0 24.024699228654637 22.5884856997131
-100.50000000000006 24.023067837472087 22.586884091075135
-100.0 24.021480701620845 22.585267223940875
-99.5 24.019873090691185 22.583665364961693
-99.00000000000006 24.018273497894143 22.582075882627272
-98.5 24.016715843526764 22.580484546522573
-98.0 24.01514062743853 22.5789064767711
-97.50000000000006 24.01357683636965 22.57732359461471
-97.0 24.012023013573547 22.575737921262323
-96.5 24.010478442081386 22.5741732800372
-96.00000000000006 24.00895220529618 22.572612014437063
-95.5 24.00741442711954 22.571049301934213
-95.0 24.00591818080056 22.56950108677756
-94.50000000000006 24.004423133232113 22.567945134474606
-94.0 24.002906696494716 22.566403903605007
-93.5 24.001428558395546 22.56485747616475
-93.00000000000006 23.99994887074524 22.56332381962619
-92.5 23.998488510565128 22.561794919255682
-92.0 23.99702942307002 22.560257137923237
-91.50000000000006 23.99560773598804 22.55874195003209
-91.0 23.994138708006822 22.557225210917643
-90.5 23.99272151559094 22.555723273723906
-90.00000000000006 23.991295225064256 22.554207182429963
-89.5 23.989897877772556 22.552702213366736
-89.0 23.988481575779304 22.55120953318867
-88.50000000000006 23.987097302681146 22.549724070104112
-88.0 23.985729779958483 22.548228694769232
-87.5 23.984343697127336 22.54674242489176
-87.00000000000006 23.98298493512649 22.545269787128987
-86.5 23.981630594935805 22.54379495843367
-86.0 23.98029579025596 22.542322718235344
-85.50000000000006 23.978951528822876 22.54086320336565
-85.0 23.97762711824791 22.539410282201068
-84.5 23.97630499459883 22.537951193335722
-84.00000000000006 23.97499985473756 22.53649535654108
-83.5 23.973702421779034 22.53505016492959
-83.0 23.972424135962985 22.53360822240159
-82.50000000000006 23.97114027245168 22.53217814472672
-82.0 23.96987108737715 22.5307442662669
-81.5 23.96861194168796 22.529324914716845
-81.00000000000006 23.96735696446239 22.527903122440666
-80.5 23.96612040862216 22.526482847488406
-80.0 23.964890807689212 22.525067298447382
-79.50000000000006 23.96367213413207 22.523652459863406
-79.0 23.96244192413716 22.522254210841652
-78.5 23.96123288006711 22.520861764599324
-78.00000000000006 23.9600440054043 22.51945944207766
-77.5 23.95884344051852 22.51807251044873
-77.0 23.957664663011865 22.516675552826083
-76.50000000000006 23.956472850476636 22.51529206124492
-76.0 23.955312274099484 22.51392298635451
-75.5 23.954156643084765 22.512537287800647
-75.00000000000006 23.95298400595678 22.511169437143316
-74.5 23.951836442364428 22.50980186486874
-74.0 23.95070728467033 22.508440677537852
-73.50000000000006 23.949577601624604 22.507083826660377
-73.0 23.94844632848581 22.505722114512615
-72.5 23.947341404414445 22.504378069639962
-72.00000000000006 23.946214004959124 22.50302698842451
-71.5 23.94512399363817 22.50168735407781
-71.0 23.944024520765353 22.50034607332499
-70.50000000000006 23.942937880602564 22.499011511619468
-70.0 23.941871573855025 22.49768508391222
-69.5 23.94079534944281 22.496353875184386
-69.00000000000006 23.93973551937811 22.49503143095076
-68.5 23.938697951736252 22.493720196507027
-68.0 23.937649776849636 22.492396373557316
-67.50000000000006 23.936611805878538 22.4910940307973
-67.0 23.9355831014814 22.489785045854465
-66.5 23.9345525580023 22.488487460105738
-66.00000000000006 23.93354533993342 22.48718899186167
-65.5 23.932533242530106 22.485886595151822
-65.0 23.931534056184777 22.48459917133324
-64.50000000000006 23.930554848028258 22.483318728879006
-64.0 23.92957104366133 22.482033212283213
-63.5 23.92860777347387 22.480761916924084
-63.00000000000006 23.927618855150065 22.47948457392429
-62.5 23.926677165913613 22.478215174064196
-62.0 23.925725779783487 22.476958051004118
-61.50000000000006 23.92478424914726 22.475692191050285
-61.0 23.92387168654477 22.47443162386041
-60.5 23.922940578819084 22.473174079484835
-60.00000000000006 23.92202995374349 22.47193964425229
-59.5 23.92110573100547 22.4706864554075
-59.0 23.92021164813734 22.4694469854035
-58.50000000000006 23.9193240189393 22.468214435962615
-58.0 23.918428563348577 22.46697930250104
-57.5 23.91757765302764 22.4657563819354
-57.00000000000006 23.916705866928165 22.46451976728087
-56.5 23.915846123914655 22.463312162429926
-56.0 23.914988835118862 22.462098500329645
