FastTrWP/PhaseSpace/IAs/snIa_0.66_30.00_-0.87_0.00.csv
# %ECSV 0.9
# ---
# datatype:
# - {name: time-rel, datatype: float64}
# - {name: g, datatype: float64}
# - {name: i, datatype: float64}
# schema: astropy-2.0
time-rel g i
130.3125 26.99535721001918 25.21671226549082
130.8125 26.98670321830091 25.207332101122258
131.3125 26.978049031312594 25.198020121872272
131.8125 26.969407055001845 25.18872024775728
132.3125 26.960861491938864 25.17953166269198
132.8125 26.952320455459304 25.170394887075936
133.3125 26.94382252792337 25.16124462294906
133.8125 26.935347253103878 25.152187216375612
134.3125 26.926939973190546 25.14318034701738
134.8125 26.918581677329033 25.13422643889252
135.3125 26.91025479205021 25.1253318494257
135.8125 26.90199210546586 25.116465853814805
136.3125 26.89376750460807 25.107648572234588
136.8125 26.885592100742244 25.09890197538164
137.3125 26.877452527103163 25.09017484525089
137.8125 26.869339522199684 25.081522559359797
138.3125 26.86131645916347 25.072929715257146
138.8125 26.853257104976297 25.064346569701947
139.3125 26.845278552018115 25.055861378011212
139.8125 26.837418583852745 25.047384496672073
140.3125 26.829477802395772 25.03896960897945
140.8125 26.821624408419886 25.030581400336676
141.3125 26.813815241085763 25.022251834080347
141.8125 26.806064807958986 25.013943200186688
142.3125 26.79835259479665 25.005672907972027
142.8125 26.79071641040249 24.997444512066846
143.3125 26.783077095908908 24.98923436677607
143.8125 26.775473144415137 24.981056989206717
144.3125 26.767908204701772 24.972918160388122
144.8125 26.76039304342694 24.96481903033706
145.3125 26.752941610559915 24.95676633180457
145.8125 26.745517653095753 24.948713830266502
146.3125 26.738082544365426 24.940721105964172
146.8125 26.7307252845611 24.93275297145525
147.3125 26.723410954439593 24.924860405452765
147.8125 26.71606295498002 24.916945279643205
148.3125 26.708811438225485 24.909065827856832
148.8125 26.701591884820715 24.90122067377788
149.3125 26.694435199757546 24.893440609760912
149.8125 26.687181242672974 24.88569102482475
150.3125 26.6800700237847 24.8779428843523
150.8125 26.672982885924906 24.870265807865913
151.3125 26.665897214165916 24.862568107152548
151.8125 26.65885065386551 24.85492107655452
152.3125 26.651800665162284 24.847313541182643
152.8125 26.644800611276303 24.839739159622457
153.3125 26.637872536733887 24.832223459653346
153.8125 26.63087656870505 24.82467852317558
154.3125 26.623962622934584 24.817194403728756
154.8125 26.617063931992284 24.809717658126637
155.3125 26.610159302780637 24.802328377904487
155.8125 26.603301281379636 24.794922902597293
156.3125 26.596476188433474 24.7875790446286
156.8125 26.58968449885699 24.780251153451065
157.3125 26.58290891272195 24.77294998836172
157.8125 26.576131829260838 24.765663377457287
158.3125 26.56936549081361 24.75845532807362
158.8125 26.56264620635546 24.751210827106178
159.3125 26.55598175716662 24.744028905428983
159.8125 26.549254745164696 24.736871855966136
160.3125 26.54260397115138 24.72972704924631
160.8125 26.53594430681569 24.722653315229685
161.3125 26.529273820472042 24.715557979385085
161.8125 26.522663220206685 24.70853346868525
162.3125 26.51608066845373 24.701534736515086
162.8125 26.509523741178796 24.69455631793594
163.3125 26.50296092532114 24.687583850027146
163.8125 26.49639956881812 24.680660953779167
164.3125 26.489853308235173 24.673760940205792
164.8125 26.48334038987723 24.666878915161536
165.3125 26.476842348418245 24.66003461482877
165.8125 26.470344237289645 24.65323796931788
166.3125 26.46386803227191 24.646424905822855
166.8125 26.45740818376959 24.639647710939787
167.3125 26.4509589314617 24.63293010450315
167.8125 26.44451131999093 24.626211009144626
168.3125 26.43807747129933 24.619528147283983
168.8125 26.431687421583803 24.612859249719516
169.3125 26.425270258086357 24.60624087244236
169.81249999999997 26.418870180746275 24.59963510477309
170.3125 26.41250019690091 24.593048536547315
170.8125 26.406123783247423 24.586488055938283
171.31249999999997 26.399799575821493 24.57996267012003
171.8125 26.393443501908816 24.573465568967524
172.3125 26.38707269416304 24.56697533751126
172.81249999999997 26.380785145011263 24.56052529984173
173.3125 26.37445709077268 24.554094518941163
173.8125 26.368160766957246 24.547690772460925
174.31249999999997 26.36184790324625 24.541308041616432
174.8125 26.355531810029213 24.534958001728647
175.3125 26.34930016258201 24.528635827902438
175.81249999999997 26.34296133683859 24.522337043929326
176.3125 26.336736521124095 24.516064913221967
176.8125 26.330506713714968 24.509799719479084
177.31249999999997 26.32423963744378 24.503570219331642
177.8125 26.317977625194544 24.497358159757834
178.3125 26.311741012246475 24.491157109922064
178.81249999999997 26.305517123337033 24.485010779770825
179.3125 26.299306395934778 24.47886363584945
179.8125 26.2930737675906 24.472752994417796
180.31249999999997 26.286887487743865 24.466674550766527
180.8125 26.280710484893905 24.46059068253222
181.3125 26.27456797406561 24.454547233112883
181.81249999999997 26.26839041641016 24.448510178560593
182.3125 26.262304945097025 24.442521844976945
182.8125 26.256259088223555 24.43651966070515
183.31249999999997 26.250167424259505 24.430555567425483
183.8125 26.244162832231087 24.42460752423319
184.3125 26.238092922176357 24.418688501095886
184.81249999999997 26.232111012142028 24.41277379372074
185.3125 26.22611009929215 24.406889834576585
185.8125 26.220132544912538 24.40099980291948
186.31249999999997 26.214196701724365 24.39516813393758
186.8125 26.208266829470375 24.38932346000923
187.3125 26.202394090714492 24.383525236151286
187.81249999999997 26.196487727226145 24.377725352687015
188.3125 26.190624832478868 24.3719586744386
188.8125 26.184723604486138 24.36620501077199
189.31249999999997 26.178906334145317 24.36045557142635
189.8125 26.173066504887213 24.35474302426062
190.3125 26.167242864908854 24.349038404195728
190.81249999999997 26.16146363894762 24.343343481141716
191.3125 26.15566943685981 24.337698349210317
191.8125 26.14988062845836 24.33204720495069
192.31249999999997 26.144112955204264 24.326410705440935
192.8125 26.138348285597694 24.320797240003046
193.3125 26.132650365087407 24.31520971310894
193.81249999999997 26.126912544188734 24.309618084668738
194.3125 26.121227627567436 24.304075642562605
194.8125 26.1155316341671 24.298541346243162
195.31249999999997 26.109812171708086 24.293003399912294
195.8125 26.10412404600637 24.28751107708717
196.3125 26.098443848381393 24.282005203676782
196.81249999999997 26.09274545690392 24.276540349287856
197.3125 26.087106984763125 24.271073969559698
197.8125 26.08144721244536 24.265641375783552
198.31249999999997 26.075856877128455 24.260226350974655
198.8125 26.070199852741034 24.25480873014894
199.3125 26.064587905872827 24.249406517450144
199.81249999999997 26.058969524960585 24.244037981699847
200.3125 26.053379103411316 24.23868135806606
200.8125 26.047745129007005 24.233338820215895
201.31249999999997 26.042156519264957 24.228008658043958
201.8125 26.036561467758403 24.222694520802513
202.3125 26.030991168028606 24.217401299271938
202.81249999999997 26.025410069656516 24.21211718349462
203.3125 26.01981242709392 24.206866968862993
203.8125 26.014248979530468 24.20161343312033
204.31249999999997 26.008692695484847 24.19636666639213
204.8125 26.003173702569686 24.191147964943802
205.3125 25.99755532300823 24.18595362714404
205.81249999999997 25.9920149210579 24.18076214384223
206.3125 25.986488913159597 24.17556201580471
206.8125 25.980948066243528 24.170438870026132
207.31249999999997 25.97537899625905 24.16526918253136
207.8125 25.969867935164753 24.1601457773308
208.3125 25.96431268655526 24.155031807633165
208.81249999999997 25.958820043262726 24.149927221516656
209.3125 25.95326422546009 24.144839156138968
209.8125 25.947717610823887 24.13976708007415
210.31249999999997 25.942220835748955 24.13471300501285
210.8125 25.936689852143722 24.129655335081353
211.3125 25.93117764652547 24.124623202321175
211.81249999999997 25.925638832484815 24.119615695052147
212.3125 25.920133930059656 24.1146157491253
212.8125 25.91461511424859 24.109620574545296
213.31249999999997 25.909100877344486 24.10464408901243
213.8125 25.9036079887602 24.09968213468624
214.3125 25.898027359456698 24.094730020571564
214.81249999999997 25.89253833493316 24.08979629385879
215.3125 25.88703423151526 24.084872108570053
215.8125 25.88150195638812 24.079957320230672
216.31249999999997 25.875978261405557 24.07507609522478
216.8125 25.87045204386216 24.070200249314937
217.3125 25.86494557878824 24.06533190794449
217.81249999999997 25.859460883420205 24.060457615254343
218.3125 25.853934181226613 24.055619719251332
218.8125 25.848398796891317 24.050801887810827
219.31249999999997 25.842885317694225 24.045986042976
219.8125 25.83735133794498 24.041175304874038
220.3125 25.831837085576417 24.036387461812524
220.81249999999997 25.82633601798444 24.031597222880507
221.3125 25.820831838459526 24.026849821546637
221.8125 25.81531535159756 24.022092682706308
222.31249999999997 25.80980806769938 24.01735086930447
222.8125 25.80434707343094 24.01261957138979
223.3125 25.798846609962645 24.00790060660426
223.81249999999997 25.79339828624324 24.003203183496176
224.3125 25.787951678795814 23.998521088778368
224.8125 25.782463915449956 23.993850744117008
225.31249999999997 25.777014132300323 23.98917245558955
225.8125 25.771591909861794 23.984525404841392
226.3125 25.766147298598373 23.979886671859028
226.81249999999997 25.760702815075646 23.97525442953065
227.3125 25.755280985348996 23.970623795555678
227.8125 25.749878716171825 23.966029763219517
228.31249999999997 25.74444638437779 23.961433857924224
228.8125 25.73904263770949 23.95685155939422
229.3125 25.73362749229739 23.9522728410866
229.81249999999997 25.728246328012673 23.947736043767303
230.3125 25.722860628441268 23.94316441627099
230.8125 25.717500138360336 23.93864072830442
231.31249999999997 25.71210514898425 23.93410865204435
231.8125 25.706736718719327 23.929596148731708
232.3125 25.701393921589094 23.925085597992705
232.81249999999997 25.696067119335137 23.920588039112868
233.3125 25.690702489579238 23.916106644926117
233.8125 25.685364940812974 23.91163198545591
234.3125 25.680056558309584 23.907194440030576
234.8125 25.6747208472634 23.90272825721123
235.3125 25.66942718749573 23.898278999876435
235.8125 25.664139150832817 23.89385667073555
236.3125 25.65879258362282 23.889443017792885
236.8125 25.653531578321424 23.88504190509465
237.3125 25.648229392735225 23.88064328750844
237.8125 25.642967028771658 23.876245582124085
238.3125 25.637702372462122 23.871861876830607
238.8125 25.6324431548363 23.867505258803398
239.3125 25.627218638034574 23.863139562223807
239.8125 25.62196166149613 23.858795742873294
240.3125 25.61668792466469 23.854448043875184
240.8125 25.61150293235476 23.850136272095824
241.3125 25.606250208184402 23.84579259107027
241.8125 25.601020939178433 23.841502413985477
242.3125 25.595834407538227 23.83719261104516
242.8125 25.590643826510842 23.83289494210906
243.3125 25.585410904303686 23.82862633709425
243.8125 25.58026378442404 23.824344259795343
244.3125 25.5750791534513 23.820097009727323
244.8125 25.569925918282355 23.815844449202945
245.3125 25.564730098913458 23.811591508225632
245.8125 25.559613506318666 23.80735572762734
246.3125 25.554450409148206 23.80313786553603
246.8125 25.549306417491145 23.79890780585096
247.3125 25.5442021721609 23.794707152381026
247.8125 25.539037987836313 23.79049615367283
248.3125 25.53392685053975 23.786325809137786
248.8125 25.52884218739163 23.782135523490634
249.3125 25.523713122211223 23.77796302631505
249.8125 25.518612232805523 23.77379185360403
250.3125 25.513551947878163 23.769647433496914
250.8125 25.508474192001355 23.7654975927332
251.3125 25.503386241485572 23.761359056607418
251.8125 25.498330985143358 23.75723100795915
252.3125 25.493261494026427 23.753106273935835
252.8125 25.488247160110813 23.74898900095011
253.3125 25.483197545336246 23.744880978815814
253.8125 25.478166311141596 23.740786439616098
254.3125 25.473132759485388 23.73669845166622
254.8125 25.46811545591178 23.732619908417995
255.3125 25.463124576251257 23.728551899287787
255.8125 25.45812298495626 23.724493838987296
256.3125 25.45313773821425 23.72043174307066
256.8125 25.448160806939335 23.71638269911969
257.3125 25.44314748970531 23.71233745587986
257.8125 25.438199881273654 23.708300646313305
258.3125 25.433224824027718 23.70427799371287
258.8125 25.428249720214644 23.70025974812728
259.3125 25.423321948385436 23.696256739173553
259.8125 25.418373270187008 23.69225171593537
260.3125 25.413451894531725 23.688249838050226
260.8125 25.408532807848143 23.684268770427455
261.3125 25.40359906098905 23.68030110985149
261.8125 25.398711344153217 23.67633785214384
262.3125 25.39381848593095 23.672348585708477
262.8125 25.38893223434558 23.66843657870578
263.3125 25.3840499684362 23.66448316657074
263.8125 25.37918640936357 23.66055184845311
264.3125 25.37432417269131 23.656627104589305
264.8125 25.36946516677261 23.652710988664488
265.3125 25.36458739992039 23.648786367225668
265.8125 25.359774949071074 23.64489163441735
266.3125 25.354930575819267 23.640992569734777
266.8125 25.35010281449108 23.637124676217272
267.3125 25.34531026155394 23.633244101626364
267.8125 25.340469069695267 23.629363467560726
268.3125 25.335714173380893 23.625511269057068
268.8125 25.330936405268154 23.6216562765029
269.3125 25.326123246220796 23.617809359740637
269.8125 25.321339066657146 23.61396555197848
270.3125 25.316566375079308 23.610127855420547
270.8125 25.311811109688293 23.60630928002852
271.3125 25.307075451813084 23.602488572878897
271.8125 25.3023052818359 23.598684252288894
272.3125 25.29758747125442 23.594884763482604
272.8125 25.292820187687937 23.591086603647536
273.3125 25.288123054728324 23.58729290590057
273.8125 25.283395292290827 23.583518697907493
274.3125 25.278682655419793 23.57975879536187
274.8125 25.273983010912033 23.57597332273137
275.3125 25.2692908110938 23.57220333276079
275.8125 25.26461959920134 23.568462695611206
276.3125 25.259935769840233 23.564718608044487
276.8125 25.255272772257506 23.560977110947622
277.3125 25.25058273926524 23.557247011219502
277.8125 25.245919016294877 23.55351664308229
278.3125 25.24129067718392 23.54980261145259
278.8125 25.23667062828234 23.546082053387728
279.3125 25.231985757901057 23.54238249849136
279.8125 25.227377494917988 23.538683183174804
280.3125 25.222737001336494 23.534980194087424
280.8125 25.21813487474197 23.53130691236673
281.3125 25.21351307772815 23.5276207202672
281.8125 25.208942763549334 23.523947297610523
282.3125 25.20431471297887 23.520272219597885
282.8125 25.19974893390321 23.51660440912907
283.3125 25.195149825741588 23.512959867458292
283.8125 25.190577704071472 23.509310445243727
284.3125 25.18599583684002 23.505665858489387
284.8125 25.181431955083674 23.5020248954898
285.3125 25.17687159983211 23.498388897002187
285.8125 25.17234572480254 23.494773286086897
286.3125 25.1677893193712 23.491149449672918
286.8125 25.163274345934845 23.487530530255253
287.3125 25.158726219105244 23.483923166007344
287.8125 25.154224475307963 23.480317738652523
288.3125 25.14969274078867 23.476731529895364
288.8125 25.145183810621997 23.473136955932894
289.3125 25.14068589337395 23.469545213165798
289.8125 25.13620613176937 23.46597799170449
290.3125 25.13169698768739 23.46239051752963
290.8125 25.127219225858653 23.45882310281272
291.3125 25.122718398727272 23.455249600609832
291.8125 25.118249414642886 23.451699352185365
292.3125 25.11379053307845 23.448140830299433
292.8125 25.109361346594753 23.44460581256645
293.3125 25.104888765813506 23.441061033346074
293.8125 25.10042925801455 23.437526658121364
294.3125 25.09602508686204 23.43399197601009
294.8125 25.091566292355537 23.43047132320125
295.3125 25.087151749324953 23.426949077658424
295.8125 25.082712188469195 23.42343200450054
296.3125 25.078299163418226 23.419916090959028
296.8125 25.073902049692748 23.416420374409924
297.3125 25.06949620791717 23.412913554261717
297.8125 25.065103369332235 23.40941642631664
298.3125 25.060715325484853 23.405928360586064
