FastTrWP/PhaseSpace/IAs/snIa_0.44_30.00_-0.17_0.02.csv
# %ECSV 0.9
# ---
# datatype:
# - {name: time-rel, datatype: float64}
# - {name: g, datatype: float64}
# - {name: i, datatype: float64}
# schema: astropy-2.0
time-rel g i
[from data line 1732]
1057.7083333333333 24.4963278875669 22.716389641372764
1058.2083333333333 24.498230400147612 22.71731745525805
1058.7083333333333 24.500145659042744 22.718242502122585
1059.2083333333333 24.50204794538077 22.719165433864433
1059.7083333333333 24.50395575770976 22.720086144362604
1060.2083333333333 24.505869810464823 22.72101362962859
1060.7083333333333 24.507806930976667 22.72195413814098
1061.2083333333333 24.50970495488249 22.722871498168402
1061.7083333333333 24.511612814146154 22.723800680306844
1062.2083333333333 24.51354490877607 22.724729082054814
1062.7083333333333 24.51545604357495 22.72565546747174
1063.2083333333333 24.51739846033826 22.72658904223381
1063.7083333333333 24.519303156863167 22.727508818618553
1064.2083333333333 24.521233770974334 22.728448264983637
1064.7083333333333 24.523149296330637 22.729381583900427
1065.2083333333333 24.525078375669924 22.73031367696905
1065.7083333333333 24.526999919458518 22.73123896298747
1066.2083333333333 24.528932218046403 22.73217689512055
1066.7083333333333 24.53086537522575 22.73310760027168
1067.2083333333333 24.53279923246082 22.734046411709635
1067.7083333333333 24.53471184214038 22.734978569225383
1068.2083333333333 24.536651532216894 22.735914008540114
1068.7083333333333 24.538595011018018 22.736841159674846
1069.2083333333333 24.540533044444075 22.737782280454397
1069.7083333333333 24.542464920724324 22.73871855837644
1070.2083333333333 24.544392177642887 22.739658992655333
1070.7083333333333 24.546326768889276 22.74060293082686
1071.2083333333333 24.54827523865159 22.74153286282904
1071.7083333333333 24.55022607192418 22.74247825567634
1072.2083333333333 24.552171817603142 22.743415656084004
1072.7083333333333 24.55411276140637 22.744356129956348
1073.2083333333333 24.55604530777616 22.74529924004808
1073.7083333333333 24.558000192490436 22.746243069378238
1074.2083333333333 24.559952043889773 22.747182706682768
1074.7083333333333 24.561919512604256 22.74812862830995
1075.2083333333333 24.563862497589113 22.749079949624406
1075.7083333333333 24.565820219599352 22.750014230342572
1076.2083333333333 24.567768316734604 22.750962437574216
1076.7083333333333 24.56972106403918 22.751912934370697
1077.2083333333333 24.571687144590623 22.75286188540742
1077.7083333333333 24.573626022306257 22.753807681892532
1078.2083333333333 24.575582099387713 22.754761633401404
1078.7083333333333 24.577574251851594 22.755707627982158
1079.2083333333333 24.57951588269987 22.75665233377827
1079.7083333333333 24.581491070697787 22.757603080877175
1080.2083333333333 24.583447279994996 22.75855150057536
1080.7083333333333 24.585388745161737 22.75950093297268
1081.2083333333333 24.587393634265034 22.76046365798414
1081.7083333333333 24.58935129325265 22.761404000975354
1082.2083333333333 24.591288991688735 22.76236164502015
1082.7083333333333 24.593277624781145 22.763318187498967
1083.2083333333333 24.595233529956104 22.76427172631734
1083.7083333333333 24.597235395752474 22.76522430330836
1084.2083333333333 24.599204011867126 22.7661856659882
1084.7083333333333 24.601180751615097 22.76714114351588
1085.2083333333333 24.603129112321316 22.768095378669972
1085.7083333333333 24.60511404523432 22.769058486281338
1086.2083333333333 24.607123634668795 22.77001604809422
1086.7083333333333 24.609083275628635 22.770979139598836
1087.2083333333333 24.611063454624865 22.771931292813473
1087.7083333333333 24.613039287031846 22.7728865069759
1088.2083333333333 24.61502457920165 22.77385040147272
1088.7083333333333 24.617009946556145 22.774810375998488
1089.2083333333333 24.618995161535693 22.775779239094987
1089.7083333333333 24.620987535253693 22.776733491127985
1090.2083333333333 24.622969723136844 22.777691129315635
1090.7083333333333 24.624971720596758 22.778658450826917
1091.2083333333333 24.62696594960226 22.7796248408394
1091.7083333333333 24.628934278878422 22.78059385207321
1092.2083333333333 24.630929804445564 22.781552596031943
1092.7083333333333 24.63292280533876 22.78252127907464
1093.2083333333333 24.634925637710786 22.783499391246554
1093.7083333333333 24.63692605305614 22.78446146981843
1094.2083333333333 24.638928924571037 22.7854184760374
1094.7083333333333 24.64092030805524 22.786389100674786
1095.2083333333333 24.64291175460522 22.787354179246705
1095.7083333333333 24.644921368165345 22.78833067961299
1096.2083333333333 24.646926672764224 22.78930163881823
1096.7083333333333 24.648942561724585 22.79027959566057
1097.2083333333333 24.650936543797588 22.791233058652125
1097.7083333333333 24.652947439531147 22.79221784857906
1098.2083333333333 24.65495818309823 22.793179959686473
1098.7083333333333 24.65696987523478 22.794160355675302
1099.2083333333333 24.65897571287727 22.79513152142443
1099.7083333333333 24.660982375443325 22.796110105402896
1100.2083333333333 24.66299589277078 22.79707873579983
1100.7083333333333 24.665039494656057 22.798048442632467
1101.2083333333333 24.667043558203346 22.799030471560844
1101.7083333333333 24.669043913307465 22.80001588794216
1102.2083333333333 24.67105706336785 22.800980621577153
1102.7083333333333 24.673081956056627 22.801966985343462
1103.2083333333333 24.675114805354113 22.802935589451888
1103.7083333333333 24.677135364624846 22.803922049446918
1104.2083333333333 24.679161605217587 22.804896767146694
1104.7083333333333 24.681185761693083 22.805879333286782
1105.2083333333333 24.683207198621417 22.80686009323631
1105.7083333333333 24.68522387169019 22.807832975846743
1106.2083333333333 24.68726259326317 22.80882360354226
1106.7083333333333 24.6893100306293 22.80980440786972
1107.2083333333333 24.691310099419553 22.810774984724567
1107.7083333333333 24.69334801615162 22.81176680554303
1108.2083333333333 24.69539474294797 22.81275944811897
1108.7083333333333 24.697432770557363 22.813736468181656
1109.2083333333333 24.699484145338623 22.814725848807118
1109.7083333333333 24.701511910812748 22.815707107819915
1110.2083333333333 24.703559272725293 22.816703039964274
1110.7083333333333 24.70559302576802 22.81768862997005
1111.2083333333333 24.707648995776882 22.81868480555007
1111.7083333333333 24.709704581970144 22.819674897831426
1112.2083333333333 24.71175384905372 22.820668706724177
1112.7083333333333 24.713794128546567 22.82166335966163
1113.2083333333333 24.71586341272955 22.82265085147664
1113.7083333333333 24.71790371944953 22.823653257513325
1114.2083333333333 24.71995097125342 22.82464941897733
1114.7083333333333 24.72202991400467 22.825655063240568
1115.2083333333333 24.724075938509667 22.826661411474557
1115.7083333333333 24.72615441550233 22.827661642808607
1116.2083333333333 24.728212166876013 22.82866126058467
1116.7083333333333 24.73025477385429 22.829664412297767
1117.2083333333333 24.732338872205876 22.83066639568243
1117.7083333333333 24.734395891737563 22.831674478074063
1118.2083333333333 24.736448094953566 22.832686633886166
1118.7083333333333 24.73852886039356 22.83369427013824
1119.2083333333333 24.740612591904508 22.834698802089566
1119.7083333333333 24.7426857021846 22.835708099666743
1120.2083333333333 24.744768672846465 22.83671544260828
1120.7083333333333 24.746828990037425 22.83773168994162
1121.2083333333333 24.74889933221845 22.83873694168143
1121.7083333333333 24.75099801560652 22.839749557314043
1122.2083333333333 24.753078276191346 22.84075429147302
1122.7083333333333 24.755138469019986 22.84177349000075
1123.2083333333333 24.75723276292998 22.842791625863995
1123.7083333333333 24.759314236429148 22.843801402203113
1124.2083333333333 24.761402254867054 22.844817550488315
1124.7083333333333 24.763488297614046 22.845835386360957
1125.2083333333333 24.765592131067798 22.846853726312894
1125.7083333333333 24.7676724644666 22.84786782775988
1126.2083333333333 24.76974767256921 22.848878736105082
1126.7083333333333 24.77183702777478 22.84989172800522
1127.2083333333333 24.77394849342488 22.85091084976103
1127.7083333333333 24.776039521063495 22.851925263529417
1128.2083333333333 24.77811848473202 22.852936332355817
1128.7083333333333 24.780199702146163 22.853959346583274
1129.2083333333333 24.782309137084756 22.854968257343383
1129.7083333333333 24.784379912291573 22.855980100551566
1130.2083333333333 24.786484484484482 22.857005763290754
1130.7083333333333 24.788593402486615 22.85801634996254
1131.2083333333333 24.79068722781248 22.8590281006208
1131.7083333333333 24.792803474367542 22.860043896491746
1132.2083333333333 24.794910374835275 22.86104780446967
1132.7083333333333 24.796994957856807 22.86207285713928
1133.2083333333333 24.79908033982349 22.863084194870062
1133.7083333333333 24.80118523852356 22.864105411378365
1134.2083333333333 24.803304142748907 22.865104120363796
1134.7083333333333 24.805400310727297 22.866116400261667
1135.2083333333333 24.80749028090692 22.867137720473266
1135.7083333333333 24.80958355161465 22.868138202885394
1136.2083333333333 24.811714690134963 22.869160687648712
1136.7083333333333 24.813817651469886 22.870159611570063
1137.2083333333333 24.81590884197744 22.871174052739484
1137.7083333333333 24.81802827297828 22.872179367242612
1138.2083333333333 24.820118488120087 22.87318088288011
1138.7083333333333 24.822221780538168 22.874189609127043
1139.2083333333333 24.82432250870239 22.875188866600567
1139.7083333333333 24.82643708728116 22.8761881772046
1140.2083333333333 24.828540386813284 22.87719492040513
1140.7083333333333 24.830627291315167 22.878195525597278
1141.2083333333333 24.832753474743328 22.87920120889709
1141.7083333333333 24.834841426398327 22.88019773529087
1142.2083333333333 24.8369767915098 22.881196993024805
1142.7083333333333 24.83906782898663 22.882190754672745
1143.2083333333333 24.84117629327921 22.883183679878055
1143.7083333333333 24.843296724550633 22.88418015645388
1144.2083333333333 24.845387265517587 22.885176351969683
1144.7083333333333 24.847497497854274 22.88616583467267
1145.2083333333333 24.849611253233626 22.88715160122627
1145.7083333333333 24.851701152213344 22.88814867935081
1146.2083333333333 24.853803143228337 22.889143912271493
1146.7083333333333 24.85592473662898 22.890130444148745
1147.2083333333333 24.858032334617914 22.891121917024808
1147.7083333333333 24.860120640066366 22.89211750803663
1148.2083333333333 24.862257346778463 22.893103783258763
1148.7083333333333 24.864355925250713 22.89410459031003
1149.2083333333333 24.86647405061226 22.895086758414898
1149.7083333333333 24.86857945463389 22.896083135851487
1150.2083333333333 24.870681084593535 22.89707060298456
1150.7083333333333 24.87282823004019 22.898062505947937
1151.2083333333333 24.87493834928165 22.899048596194326
1151.7083333333333 24.87702308572267 22.90004080418654
1152.2083333333333 24.879158386220336 22.901021530657015
1152.7083333333333 24.881264669365862 22.902016700473457
1153.2083333333333 24.88337858616414 22.903006190320415
1153.7083333333333 24.885515991807637 22.903991990520588
1154.2083333333333 24.887623391114026 22.904974536846083
1154.7083333333333 24.889721513898767 22.90596303288435
1155.2083333333333 24.891865513883502 22.90694926554909
1155.7083333333333 24.893962455895164 22.907933238496547
1156.2083333333333 24.896107542343632 22.908922515388706
1156.7083333333333 24.898196566880518 22.909908863706875
1157.2083333333333 24.90031915994271 22.91087876633315
1157.7083333333333 24.902438139749382 22.91186740268025
1158.2083333333333 24.90458275254393 22.91285204483513
1158.7083333333333 24.90669504249896 22.913837530658622
1159.2083333333333 24.908815361524557 22.914813429541017
1159.7083333333333 24.910929239093598 22.915792741046992
1160.2083333333333 24.91307135488579 22.91678593683422
1160.7083333333333 24.91517706702059 22.91775376740609
1161.2083333333333 24.91732186157568 22.918740131803865
1161.7083333333333 24.91940182746714 22.919717176964625
1162.2083333333333 24.921518256676528 22.920701828277956
1162.7083333333333 24.923664789902187 22.921681830204594
1163.2083333333333 24.925793729711785 22.922649958736017
1163.7083333333333 24.927914156772793 22.923634105161028
1164.2083333333333 24.93002489323485 22.92460105209202
1164.7083333333333 24.932150526408435 22.92558282639383
1165.2083333333333 24.934265757574604 22.926558534631244
1165.7083333333333 24.936375714160395 22.927527833220363
1166.2083333333333 24.93850872678754 22.92848951432694
1166.7083333333333 24.940630489897153 22.929468646418897
1167.2083333333333 24.94275691323235 22.930439205400983
1167.7083333333333 24.9448784323077 22.931416670015633
1168.2083333333333 24.94700138195838 22.932379719235378
1168.7083333333333 24.949120372519356 22.933352051331998
1169.2083333333333 24.9512253884482 22.93431377013691
1169.7083333333333 24.953348910141724 22.935288780710014
1170.2083333333333 24.955477843515173 22.936253293622663
1170.7083333333333 24.957599179881523 22.937212633787908
1171.2083333333333 24.95970797484571 22.938178380557662
1171.7083333333333 24.961852736929323 22.939142236628193
1172.2083333333333 24.963974739576514 22.940104366404217
1172.7083333333333 24.966068273758346 22.94106250634634
1173.2083333333333 24.96819984135998 22.94202993783273
1173.7083333333333 24.970317844704226 22.94298918890523
1174.2083333333333 24.972432258688443 22.94394760874427
1174.7083333333333 24.97456399447346 22.94490778857938
1175.2083333333333 24.976671209220473 22.945861618458423
1175.7083333333333 24.978779410966606 22.94681890795051
1176.2083333333333 24.980912219753417 22.947766389617943
1176.7083333333333 24.983020151442958 22.948728303469863
1177.2083333333333 24.985137549779246 22.949682551324436
1177.7083333333333 24.98726967664782 22.950628857099144
1178.2083333333333 24.989385925355137 22.951579701903214
1178.7083333333333 24.99150913838625 22.952527968347304
1179.2083333333333 24.993597416745608 22.95347454646898
1179.7083333333333 24.995714878139516 22.95442728636123
1180.2083333333333 24.99783318762588 22.955367425879835
1180.7083333333333 24.99994375508581 22.956327601149184
1181.2083333333333 25.002085102244553 22.95726372756471
1181.7083333333333 25.004189792053552 22.958209676913583
1182.2083333333333 25.006297234168862 22.95914944756651
1182.7083333333333 25.008399211611692 22.960101436228353
1183.2083333333333 25.010523173754603 22.96104476133018
1183.7083333333333 25.012644248082452 22.961983685460353
1184.2083333333333 25.014742332546636 22.962923270037976
1184.7083333333333 25.01686327457623 22.963866583019872
1185.2083333333333 25.01898878896851 22.964810094887564
1185.7083333333333 25.02108962592551 22.965745566772462
1186.2083333333333 25.023187051557876 22.966672752513006
1186.7083333333333 25.025320639552945 22.96762434792398
1187.2083333333333 25.027435187097907 22.968546680317182
1187.7083333333333 25.029520110404647 22.96948922682519
1188.2083333333333 25.031632424486084 22.97043073977822
1188.7083333333333 25.033766158718585 22.971357867784153
1189.2083333333333 25.035879799463142 22.97229259269519
1189.7083333333333 25.03797319182656 22.973220804028095
1190.2083333333333 25.040083319283127 22.97414961986382
1190.7083333333333 25.042195123855677 22.97508058650576
1191.2083333333333 25.044307391086154 22.97601316098551
1191.7083333333333 25.046417249167146 22.976948791438296
1192.2083333333333 25.0485082444261 22.97786995835515
1192.7083333333333 25.050621564242523 22.978790691459487
1193.2083333333333 25.052710754680703 22.97971713767059
1193.7083333333333 25.054852124220815 22.980642321111652
1194.2083333333333 25.056944103531038 22.98157355297404
1194.7083333333333 25.05901449622904 22.982492405908022
1195.2083333333333 25.061153457906308 22.98341515315667
1195.7083333333333 25.06324442698717 22.98432510633539
1196.2083333333333 25.065351453786807 22.985259443553332
1196.7083333333333 25.06746230030473 22.986171866923428
1197.2083333333333 25.069574223668724 22.987080217198518
1197.7083333333333 25.07164060676452 22.98799477609146
1198.2083333333333 25.07376628583045 22.988911192647432
1198.7083333333333 25.075849113957076 22.98982337045999
1199.2083333333333 25.077924496590633 22.99074655370657
