FastTrWP/PhaseSpace/IAs/snIa_0.32_30.00_-0.80_0.09.csv
# %ECSV 0.9
# ---
# datatype:
# - {name: time-rel, datatype: float64}
# - {name: g, datatype: float64}
# - {name: i, datatype: float64}
# schema: astropy-2.0
time-rel g i
[from data line 867]
661.8541666666666 22.915280150781857 22.410023983967783
662.3541666666666 22.915593408145796 22.409612949750013
662.8541666666666 22.915904131918133 22.409200053688153
663.3541666666666 22.91623359315336 22.408783653774513
663.8541666666666 22.916563612774702 22.40838354384804
664.3541666666666 22.916896925646558 22.407981024219627
664.8541666666666 22.917249692866413 22.40758166492337
665.3541666666666 22.91760491247112 22.40718896624547
665.8541666666666 22.91796045748707 22.406796359731477
666.3541666666666 22.91831584550533 22.406405489465683
666.8541666666666 22.91869596478835 22.406018926374077
667.3541666666666 22.919068306797797 22.40563323204107
667.8541666666666 22.91945739282567 22.405255375009716
668.3541666666666 22.919848813231543 22.40487623365878
668.8541666666666 22.92024926247762 22.40450309966128
669.3541666666666 22.920650763284907 22.404131702029662
669.8541666666666 22.92106304051058 22.403768360479784
670.3541666666666 22.921474985912358 22.40340300573863
670.8541666666666 22.921897153246423 22.40304092496803
671.3541666666666 22.922330520436567 22.402682677195067
671.8541666666666 22.922773918308195 22.402326327659317
672.3541666666666 22.923197743855866 22.401978603762064
672.8541666666666 22.92365360490146 22.401628195818127
673.3541666666666 22.9240999726046 22.40128480532961
673.8541666666666 22.92455755599201 22.400933822386484
674.3541666666666 22.925023153878055 22.400592399284818
674.8541666666666 22.925489734072766 22.40026210600491
675.3541666666666 22.925965926928534 22.399922556472003
675.8541666666666 22.926438984050428 22.399596148322786
676.3541666666666 22.92691776367957 22.399262152723047
676.8541666666666 22.927420037355525 22.398936827858158
677.3541666666666 22.927903321279114 22.398611221683357
677.8541666666666 22.92840211278916 22.398301718873658
678.3541666666666 22.928914056310393 22.397982913574097
678.8541666666666 22.92941811974162 22.397670632427925
679.3541666666666 22.929926416333217 22.397358016098256
679.8541666666666 22.930443985033516 22.397049011252367
680.3541666666666 22.930964008864898 22.396749850757963
680.8541666666666 22.931497452345646 22.39645377823184
681.3541666666666 22.932023816087657 22.396147970219978
681.8541666666666 22.932556457239848 22.395850341961797
682.3541666666666 22.933094760765012 22.395552917388684
682.8541666666666 22.93363112802982 22.395269074863982
683.3541666666666 22.934180947133843 22.394983208546314
683.8541666666666 22.934734023549183 22.394694981587055
684.3541666666666 22.935285597090825 22.39441900448351
684.8541666666666 22.93584850863947 22.394139528355396
685.3541666666666 22.93641081537739 22.393863178954476
685.8541666666666 22.93696752848661 22.393591274644756
686.3541666666666 22.937546469966286 22.39331703529977
686.8541666666666 22.938114907477257 22.39305407012963
687.3541666666666 22.938683388755145 22.392787751266678
687.8541666666666 22.9392611245244 22.392530243540996
688.3541666666666 22.939849837526943 22.392271045608627
688.8541666666666 22.940432843848548 22.392011991090676
689.3541666666666 22.941015479650293 22.391762092832934
689.8541666666666 22.941597724892087 22.39151392852174
690.3541666666666 22.942200214596472 22.391270141785974
690.8541666666666 22.94279171014294 22.39102303083858
691.3541666666666 22.943391478586715 22.390779075502792
691.8541666666666 22.94398915574559 22.390545076059453
692.3541666666666 22.94458437881287 22.39030762323609
692.8541666666666 22.9451949000159 22.390073584706958
693.3541666666666 22.94581097283895 22.389846657207933
693.8541666666666 22.94642840007388 22.38961875549963
694.3541666666666 22.947055359875623 22.389395065533606
694.8541666666666 22.947679285797488 22.389171562726006
695.3541666666666 22.948318277154137 22.38895324098779
695.8541666666666 22.948957069669728 22.388738630180264
696.3541666666666 22.94959598089704 22.38852634733458
696.8541666666666 22.950258496502073 22.388317701085757
697.3541666666666 22.950902621770158 22.38811631168119
697.8541666666666 22.951567458714287 22.387910877776214
698.3541666666666 22.952236835480846 22.38771140041813
698.8541666666666 22.952900614371337 22.387517596499595
699.3541666666666 22.953574536219218 22.387323736193988
699.8541666666666 22.954260393911934 22.38713241701864
700.3541666666666 22.95494759114294 22.38694167569161
700.8541666666666 22.955640268133237 22.38675303999241
701.3541666666666 22.956330478332823 22.386568483284357
701.8541666666666 22.95703142365977 22.386398679486277
702.3541666666666 22.957738787501007 22.38621650786552
702.8541666666666 22.958444578715348 22.386040449900577
703.3541666666666 22.959162311986606 22.385870928968647
703.8541666666666 22.959878485466504 22.385698268527086
704.3541666666666 22.96060924523144 22.3855328113364
704.8541666666666 22.961321567336554 22.385376313278712
705.3541666666666 22.962049570861698 22.38521678236677
705.8541666666666 22.962796505141444 22.385056666270124
706.3541666666666 22.963524165751636 22.38489971569182
706.8541666666666 22.96427115813191 22.384752345127232
707.3541666666666 22.965020594947458 22.384600942779148
707.8541666666666 22.965771519303814 22.384456457608536
708.3541666666666 22.966522194926654 22.384319979188042
708.8541666666666 22.96728130619958 22.384173844034617
709.3541666666666 22.96804411293483 22.38403591188807
709.8541666666666 22.96879794870897 22.383896927297123
710.3541666666666 22.96957619775344 22.383766634003436
710.8541666666666 22.97034702441841 22.38363806071828
711.3541666666666 22.9711244494914 22.38351230356863
711.8541666666666 22.971897283773416 22.383388827575356
712.3541666666666 22.972678144249137 22.383266029762062
712.8541666666666 22.973458871976256 22.383139491450642
713.3541666666666 22.97424947597195 22.383025788856727
713.8541666666666 22.975040407907045 22.382916272628947
714.3541666666666 22.975836160903018 22.382804334258296
714.8541666666666 22.976632627038445 22.38269485974029
715.3541666666666 22.977429779094024 22.382593804383614
715.8541666666666 22.97823719746152 22.38248475561763
716.3541666666666 22.979037829081363 22.38238627357939
716.8541666666666 22.979844599369894 22.38229492786552
717.3541666666666 22.980653314012002 22.382194230367634
717.8541666666666 22.981460666608932 22.382099659054365
718.3541666666666 22.98228812321648 22.382014265888124
718.8541666666666 22.983089058818962 22.38192434642153
719.3541666666666 22.983918620607454 22.381841174000808
719.8541666666666 22.98473793216118 22.381751143936235
720.3541666666666 22.985556412026217 22.381674797125388
720.8541666666666 22.9863812027113 22.381596430624143
721.3541666666666 22.987216261402782 22.381524490389815
721.8541666666666 22.988037612521552 22.381456640816584
722.3541666666666 22.988879879871934 22.38137894009695
722.8541666666666 22.989697698874203 22.381314328361963
723.3541666666666 22.990537771137213 22.38125033267535
723.8541666666666 22.99137639872712 22.381190526761273
724.3541666666666 22.9922155152043 22.381130741167553
724.8541666666666 22.9930457129049 22.38107815572792
725.3541666666666 22.993890291554777 22.381011286365492
725.8541666666666 22.994738822818658 22.38096337034287
726.3541666666666 22.99559328412712 22.380923045461234
726.8541666666666 22.99643935687142 22.380867426389802
727.3541666666666 22.99729707222533 22.380826978289953
727.8541666666666 22.99815698430234 22.380785243442812
728.3541666666666 22.99902284304171 22.38074242324476
728.8541666666666 22.99988891511445 22.380715971772553
729.3541666666666 23.000760938209623 22.3806795390108
729.8541666666666 23.001639461439577 22.380650024713113
730.3541666666666 23.002509900241126 22.380624817521554
730.8541666666666 23.0033938683915 22.38059601917017
731.3541666666666 23.004279972575624 22.38058098596919
731.8541666666666 23.005158902966446 22.380559104080877
732.3541666666666 23.006039293486932 22.380537821710156
732.8541666666666 23.006948328447674 22.38052443186446
733.3541666666666 23.007842730490328 22.38051833398888
733.8541666666666 23.008742529959267 22.38050728402275
734.3541666666666 23.00964126364976 22.38049695857292
734.8541666666666 23.010550553352886 22.380499285726664
735.3541666666666 23.01145804136629 22.380498276992626
735.8541666666666 23.0123746774122 22.380495362024494
736.3541666666666 23.013278109843746 22.38050740908943
736.8541666666666 23.014206436262988 22.38051156776356
737.3541666666666 23.015127648186425 22.3805208996676
737.8541666666666 23.01605413718796 22.380532572434213
738.3541666666666 23.016982564067145 22.380549953742054
738.8541666666666 23.0179079533775 22.380564267143956
739.3541666666666 23.0188457979315 22.380583635824756
739.8541666666666 23.019781955546637 22.380611017405478
740.3541666666666 23.020727323746826 22.38062950830549
740.8541666666665 23.021672384783752 22.380654992111157
741.3541666666666 23.022616200831166 22.380689714952204
741.8541666666666 23.023574340079023 22.380721854537654
742.3541666666665 23.024521809839364 22.38076194576728
742.8541666666666 23.025476667983398 22.38079733963561
743.3541666666666 23.026434463940365 22.380836490908997
743.8541666666665 23.02739940101744 22.380881760394907
744.3541666666666 23.02836880491821 22.380929166125032
744.8541666666666 23.02933546492046 22.380976435121624
745.3541666666665 23.03031357631189 22.38102551130604
745.8541666666666 23.031280473015826 22.38107430076326
746.3541666666666 23.03226880800592 22.38112963561804
746.8541666666665 23.033236627083838 22.381188170859573
747.3541666666666 23.03423195425371 22.381252944691266
747.8541666666666 23.035221476383434 22.381312872853023
748.3541666666665 23.036199115692636 22.381384590815443
748.8541666666666 23.037197983085427 22.381446737342703
749.3541666666666 23.038199985192726 22.381520828104474
749.8541666666665 23.039190747220797 22.381589257823777
750.3541666666666 23.040199074147086 22.381664788526216
750.8541666666666 23.041207327501354 22.38174323161576
751.3541666666665 23.04220965069056 22.381824533172963
751.8541666666666 23.043227625419014 22.38190510557459
752.3541666666666 23.044247005370522 22.38198718525719
752.8541666666665 23.04525946028479 22.3820733773297
753.3541666666666 23.046272522624317 22.382167149587463
753.8541666666666 23.047307275001874 22.38225570203193
754.3541666666665 23.04832711138865 22.382352902831094
754.8541666666666 23.04936584345034 22.382442288856513
755.3541666666666 23.05039318363034 22.38255273045706
755.8541666666665 23.05142074428209 22.382648178683063
756.3541666666666 23.052466593306438 22.38275263636458
756.8541666666666 23.053514586674602 22.38285743383877
757.3541666666665 23.054556064194095 22.382965670505644
757.8541666666666 23.055600505116637 22.383082148536857
758.3541666666666 23.05666231590049 22.383193778735
758.8541666666665 23.05771573122432 22.383315647648526
759.3541666666666 23.058780982188086 22.38342331721695
759.8541666666666 23.059832388782272 22.383555415203908
760.3541666666665 23.06090517522233 22.383675912193205
760.8541666666666 23.061973157943974 22.383808529457415
761.3541666666666 23.0630550981199 22.383940492960477
761.8541666666665 23.064139265889523 22.38406788443726
762.3541666666666 23.065208583538347 22.384201963520947
762.8541666666666 23.066297530873015 22.38434211479987
763.3541666666665 23.067391072450846 22.38447634759682
763.8541666666666 23.06848036730186 22.384620504987694
764.3541666666666 23.069580108181157 22.3847710501439
764.8541666666665 23.07066775475528 22.384916939826947
765.3541666666666 23.071776091274852 22.38507505888468
765.8541666666666 23.072892083582033 22.385211754289035
766.3541666666665 23.074002910756732 22.385381027508622
766.8541666666666 23.075105534941024 22.385535287583632
767.3541666666666 23.076231432783267 22.385695400229118
767.8541666666665 23.077348059825283 22.385859583587234
768.3541666666666 23.078469400239353 22.38602122519851
768.8541666666666 23.079600277347918 22.386191273799298
769.3541666666665 23.080724605379736 22.386363063412485
769.8541666666666 23.081860260318724 22.386534779671297
770.3541666666666 23.082993191687283 22.386709459008532
770.8541666666665 23.08414326794763 22.38688999843633
771.3541666666666 23.085289106200676 22.387069004197272
771.8541666666666 23.086429162966677 22.387249972681964
772.3541666666665 23.08758237873969 22.387441205073028
772.8541666666666 23.088736270300142 22.38762810539303
773.3541666666666 23.08989220192783 22.387823290213547
773.8541666666665 23.09105938139585 22.388006896374478
774.3541666666666 23.092220555540194 22.388204857840996
774.8541666666666 23.093378376412183 22.388400640347403
775.3541666666665 23.09456031025896 22.388598457167653
775.8541666666666 23.095730569634362 22.388805364730896
776.3541666666666 23.09690187155667 22.38901136420841
776.8541666666665 23.098090193790135 22.389214949119264
777.3541666666666 23.099266228514068 22.38942931860539
777.8541666666666 23.100456271824502 22.38963933599713
778.3541666666665 23.101644246470027 22.38984672100176
778.8541666666666 23.102832904234972 22.390069976729123
779.3541666666666 23.10402955759294 22.390286096540912
779.8541666666665 23.105228800899592 22.390512456440902
780.3541666666666 23.10642866422725 22.390735524292115
780.8541666666666 23.10763891163785 22.390955639094532
781.3541666666665 23.108834862181332 22.39119395499497
781.8541666666666 23.11005588346625 22.391417592800554
782.3541666666666 23.111265706884975 22.391645839027472
782.8541666666665 23.1124831176834 22.39188585030795
783.3541666666666 23.11369686933631 22.392123390940128
783.8541666666666 23.114922844077196 22.39236620071409
784.3541666666665 23.116151217904054 22.39259814844241
784.8541666666666 23.117369709284024 22.392847254496665
785.3541666666666 23.11859615572938 22.393094685890237
785.8541666666665 23.11983660292526 22.393343486704506
786.3541666666666 23.121075371582187 22.39359511108395
786.8541666666666 23.122308699261755 22.3938559945369
787.3541666666665 23.12355386628291 22.394106056475547
787.8541666666666 23.12480285440822 22.394369808272273
788.3541666666666 23.12606010115335 22.394623172109508
788.8541666666665 23.12730422930647 22.394887133768776
789.3541666666666 23.128569424268527 22.395154051300334
789.8541666666666 23.1298279626952 22.39542150386837
790.3541666666665 23.131104227376326 22.39568526182341
790.8541666666666 23.132371650224663 22.395953825493606
791.3541666666666 23.133663161636065 22.39622587060245
791.8541666666665 23.134934897997095 22.396502843721073
792.3541666666666 23.13621948213452 22.396776355598192
792.8541666666666 23.137528465804866 22.397055756159823
793.3541666666665 23.138825132633336 22.397338418641695
793.8541666666666 23.14012328157361 22.397621633492506
794.3541666666666 23.141415917583913 22.397904196468676
794.8541666666665 23.142745493509 22.398189061722817
795.3541666666666 23.14404063547328 22.398479639938156
795.8541666666666 23.14536803953334 22.398777916853785
796.3541666666665 23.146687972801434 22.39906631489172
796.8541666666666 23.148013582972276 22.39936774621645
797.3541666666666 23.149338305777924 22.39966003012601
797.8541666666665 23.15067370007742 22.399962269737866
798.3541666666666 23.15202594611497 22.400273079667308
798.8541666666666 23.15335390256466 22.400574768711508
799.3541666666665 23.154702601224074 22.40088479093982
799.8541666666666 23.156042766053137 22.40119405713233
800.3541666666666 23.157402250386255 22.401497019937878
800.8541666666665 23.158757719222525 22.40182230344255
801.3541666666666 23.16011481812335 22.402140745017615
801.8541666666666 23.161471929376273 22.40246340420985
802.3541666666665 23.162842749455997 22.402786319129746
802.8541666666666 23.164201162606144 22.403112639730093
803.3541666666666 23.165576797877932 22.40344066894352
803.8541666666665 23.16694387498292 22.403773340357205
804.3541666666666 23.168314963199066 22.404111084328843
804.8541666666666 23.169701393028856 22.40444809380421
805.3541666666665 23.17108063859363 22.40479033036455
