FastTrWP/PhaseSpace/IAs/snIa_0.46_30.00_-1.32_0.02.csv
# %ECSV 0.9
# ---
# datatype:
# - {name: time-rel, datatype: float64}
# - {name: g, datatype: float64}
# - {name: i, datatype: float64}
# schema: astropy-2.0
time-rel g i
[from data line 2142]
714.0 25.912020842078547 23.276880934629315
714.5 25.91346447498596 23.27770885541627
715.0 25.914859904375138 23.278549493387292
715.5 25.91626967061364 23.279367689781534
716.0 25.917759840432787 23.28019519004875
716.5 25.919105044368123 23.28103397248129
717.0 25.920567033635216 23.28186099723869
717.5 25.92201305692639 23.28270008209484
718.0 25.923433308300137 23.2835364210867
718.5 25.924852296904632 23.284372874237505
719.0 25.92632619645432 23.28520489230488
719.5 25.927768314886986 23.286038605151212
720.0 25.929191323230796 23.28689052731196
720.5 25.930629552058896 23.28771839994659
721.0 25.932080938242656 23.28855699878124
721.5 25.933545484784606 23.2894010814961
722.0 25.935012315977307 23.290226907054095
722.5 25.936469784711456 23.291061053328388
723.0 25.93793739865323 23.29189837847714
723.5 25.939392701031863 23.29273894571144
724.0 25.940868307599555 23.293585004658382
724.5 25.942335679365733 23.294414292914315
725.0 25.94374905412569 23.295253878563635
725.5 25.945271117502976 23.296100575101608
726.0 25.94674579623472 23.296943093325055
726.5 25.948249564582827 23.297775291194117
727.0 25.94972462929778 23.298612299098362
727.5 25.951241192351645 23.299450953475926
728.0 25.95271797884374 23.30029632697038
728.5 25.954242801413876 23.301127599845103
729.0 25.95569099746958 23.30197573648388
729.5 25.957209555161302 23.302807102847623
730.0 25.95869323177364 23.303648701884097
730.5 25.960236261276982 23.30450012603036
731.0 25.961718398873813 23.305342313698986
731.5 25.963210982265164 23.306175207223113
732.0 25.964776882912133 23.307006768202307
732.5 25.966245508967543 23.30785431819763
733.0 25.967748508187594 23.308692098542743
733.5 25.969299171693294 23.309539023756365
734.0 25.970794029810833 23.310380343636954
734.5 25.972375385443968 23.311218798175886
735.0 25.97388750965012 23.312068714578448
735.5 25.97540496920076 23.31290826065893
736.0 25.97691868376627 23.313752152731713
736.5 25.978501256859406 23.31459131083905
737.0 25.980028469667452 23.315433748554387
737.5 25.981542239757005 23.316275142623297
738.0 25.9831384926543 23.317117431496307
738.5 25.98465788627939 23.31796257551254
739.0 25.986210136952973 23.31878973405194
739.5 25.987765326788775 23.319636350902456
740.0 25.989346164244008 23.320479339330692
740.5 25.990897149817332 23.321333528345104
741.0 25.99244568899249 23.32216727156092
741.5 25.994046208967426 23.323011322386744
742.0 25.99560704991675 23.323859441396458
742.5 25.99715232740226 23.324709649300786
743.0 25.99876150487407 23.325553868010196
743.5 26.000313244461385 23.326386436040348
744.0 26.001899971149783 23.327237213212122
744.5 26.003515060013513 23.328081491181738
745.0 26.005121257961132 23.328924669917694
745.5 26.0067168142523 23.329778535565
746.0 26.00829304278705 23.33062573928622
746.5 26.009898264645557 23.331471995708167
747.0 26.011549073611132 23.33230755549945
747.5 26.01312270664712 23.333164176388816
748.0 26.014731723317453 23.334021616250524
748.5 26.0163539820002 23.33485097489674
749.0 26.017963385203288 23.33570832744391
749.5 26.01960933580967 23.336552968762522
750.0 26.021220132099717 23.337399481886457
750.5 26.02287831191214 23.338250175109174
751.0 26.02447569272581 23.339106054099595
751.5 26.026140714394444 23.33994417079804
752.0 26.02777528092969 23.340785875068917
752.5 26.02942793978456 23.341648193357827
753.0 26.03106644405482 23.342501180602078
753.5 26.03273391283163 23.343341472026992
754.0 26.034352963278632 23.34418974277822
754.5 26.03603106953254 23.34503980107947
755.0 26.037699908014638 23.34589781885662
755.5 26.039335436381343 23.346739807858143
756.0 26.041001136608113 23.347593650879052
756.5 26.04267458369459 23.348443729553704
757.0 26.04434454243927 23.349288066906112
757.5 26.045987795040958 23.350144418692167
758.0 26.047733977685496 23.3509986376173
758.5 26.049357853945885 23.35183962242371
759.0 26.05107510685385 23.352689697541212
759.5 26.052755638835386 23.353540263621344
760.0 26.05445010152783 23.3544044574276
760.5 26.056119454962214 23.35525261026861
761.0 26.057811896556828 23.35609581036386
761.5 26.059561481030297 23.356952724339383
762.0 26.06125449764283 23.357803582805797
762.5 26.062982742167126 23.358650539037896
763.0 26.06465563887399 23.359501268825127
763.5 26.06640446595182 23.360347657076876
764.0 26.068112509333012 23.36120743022201
764.5 26.069849340281944 23.362057944996547
765.0 26.071533052895475 23.362902272792287
765.5 26.073244277437094 23.36375064707504
766.0 26.074963267871226 23.36460183625519
766.5 26.076720298773672 23.365457800162552
767.0 26.078455779519302 23.366311373583166
767.5 26.08018170756988 23.36715963566369
768.0 26.08190964782589 23.36801345137131
768.5 26.08369515139475 23.368851483627743
769.0 26.085453918972213 23.36971319545527
769.5 26.087190623155905 23.37055330891105
770.0 26.08895871616472 23.371405962254865
770.5 26.090691555996063 23.372259641525822
771.0 26.09245454543103 23.373117378841776
771.5 26.09422032027819 23.373961831793725
772.0 26.095982747451526 23.37480863805212
772.5 26.097750518830495 23.375666984688056
773.0 26.099522485971498 23.376508409317882
773.5 26.1012859457951 23.377369162010634
774.0 26.103072444945656 23.378215139793234
774.5 26.104858658204048 23.379055528781088
775.0 26.106637159566645 23.379908867161735
775.5 26.108449411590243 23.38075387996849
776.0 26.11024615456526 23.381606245317595
776.5 26.112042336965246 23.38245715289731
777.0 26.113900495681584 23.383301523509136
777.5 26.11570015565072 23.384143699252785
778.0 26.11750295369729 23.384988735627843
778.5 26.11934590344837 23.385834118148303
779.0 26.121211283415583 23.38669410983926
779.5 26.12306679587336 23.3875288065062
780.0 26.124903980242177 23.388371744267737
780.5 26.12676122088164 23.389212183188107
781.0 26.128623857885188 23.390058157491755
781.5 26.130491308818293 23.390904611866343
782.0 26.132357617172033 23.391753183577894
782.5 26.134248526485262 23.392596123405195
783.0 26.136110489244977 23.39343457478843
783.5 26.13800001599286 23.3942913829306
784.0 26.1399024301894 23.395132597429654
784.5 26.141816575492697 23.39598469500919
785.0 26.143698134731977 23.396815324915462
785.5 26.145620382945957 23.39766397124435
786.0 26.147519509494487 23.398509132756736
786.5 26.149400175042672 23.399353705340836
787.0 26.151329897186105 23.400189770962086
787.5 26.153269898558097 23.401047102316568
788.0 26.155206510990077 23.40187734430639
788.5 26.15710359205156 23.402726350659385
789.0 26.15902051275824 23.40357297690156
789.5 26.160953427626783 23.404418493662416
790.0 26.16288103011935 23.405261135416914
790.5 26.164838937323477 23.406112946626735
791.0 26.16674059248244 23.40694899029217
