FastTrWP/PhaseSpace/IAs/snIa_0.55_30.00_0.17_0.10.csv
# %ECSV 0.9
# ---
# datatype:
# - {name: time-rel, datatype: float64}
# - {name: g, datatype: float64}
# - {name: i, datatype: float64}
# schema: astropy-2.0
time-rel g i
[from data line 575]
437.79166666666663 23.917746685171902 22.64785931259102
438.2916666666667 23.915793624739543 22.646184737911437
438.7916666666667 23.91382835962628 22.644518559202695
439.29166666666663 23.91188222201658 22.642856687796098
439.7916666666667 23.909941788273727 22.641194663976904
440.2916666666667 23.908031853594025 22.639556034546324
440.79166666666663 23.90612717703639 22.637899172605525
441.2916666666667 23.904230343960556 22.63625692758826
441.7916666666667 23.90233760793886 22.634622254127123
442.29166666666663 23.90044522133852 22.632994025600276
442.7916666666667 23.898597029047156 22.63136915082313
443.2916666666667 23.896734217254686 22.62975188316838
443.79166666666663 23.894880303881262 22.628142523161024
444.2916666666667 23.893055957260305 22.62652779617257
444.7916666666667 23.891213187475433 22.624917761482397
445.29166666666663 23.88942205457481 22.623328463329912
445.7916666666667 23.88760150749323 22.621729049867195
446.2916666666667 23.88581599826621 22.620147578738518
446.79166666666663 23.884031849685222 22.618568683700015
447.2916666666667 23.88226422786874 22.616990412931173
447.7916666666667 23.880505219922824 22.61542115607878
448.29166666666663 23.878750652856834 22.613857336615762
448.7916666666667 23.877003958975184 22.612294913043357
449.2916666666667 23.87528699180485 22.610739317103953
449.79166666666663 23.873567963118205 22.609187394415343
450.2916666666667 23.871857064075506 22.6076446250524
450.7916666666667 23.870166529140953 22.606105683370615
451.29166666666663 23.868484011527404 22.604574107165163
451.7916666666667 23.866811792443976 22.60304293685316
452.2916666666667 23.865148538763012 22.60152280979092
452.79166666666663 23.863489221754048 22.600002262342276
453.2916666666667 23.86184610252133 22.598490278638558
453.7916666666667 23.86020627017075 22.596985357279117
454.29166666666663 23.858591113693937 22.595474139721524
454.7916666666667 23.856994031918376 22.593980997947277
455.2916666666667 23.85538176482443 22.592489196643214
455.79166666666663 23.85379169703061 22.59100209121275
456.2916666666667 23.85220807566904 22.589520893807247
456.7916666666667 23.850636862814945 22.58804230944974
457.29166666666663 23.849076576069006 22.586565739755954
457.7916666666667 23.8475283945979 22.585100954719554
458.2916666666667 23.845985034015964 22.583641347515133
458.79166666666663 23.8444413841191 22.58218719745924
459.2916666666667 23.842947653217692 22.580738684096904
459.7916666666667 23.841423444736805 22.579284843638824
460.29166666666663 23.839939612152126 22.57785179100365
460.7916666666667 23.83844118137672 22.576409044787464
461.2916666666667 23.836970763352973 22.57498175467209
461.79166666666663 23.835505638129785 22.573555834619242
462.2916666666667 23.834046680318878 22.572132455584473
462.7916666666667 23.832593490587264 22.570723561224288
463.29166666666663 23.831160099000442 22.569308377232655
463.7916666666667 23.82974688605749 22.567908216437786
464.2916666666667 23.82832761153294 22.56650357060174
464.79166666666663 23.82692355524775 22.565104775743194
465.2916666666667 23.825539068262657 22.56372118340785
465.7916666666667 23.824145597104387 22.562331221354878
466.29166666666663 23.822774703949378 22.56095022476687
466.7916666666667 23.821409055673627 22.559580187920535
467.2916666666667 23.82005218172743 22.558209905159714
467.79166666666663 23.818710178258804 22.556846005019388
468.2916666666667 23.817384854393467 22.55548345484842
468.7916666666667 23.816069210374053 22.554130895133987
469.29166666666663 23.814754053261133 22.55278493020983
469.7916666666667 23.813447302916977 22.551436163786242
470.2916666666667 23.81216737938095 22.55009514559452
470.79166666666663 23.810880847750386 22.54876366706889
471.2916666666667 23.809614822413398 22.547438095031985
471.7916666666667 23.808353351598623 22.54610729769727
472.29166666666663 23.80709720047058 22.54478344718715
472.7916666666667 23.80585871361612 22.54347015523264
473.2916666666667 23.80463473442394 22.542161262246793
473.79166666666663 23.803418433356782 22.540857713041206
474.2916666666667 23.802206665569628 22.5395573885017
474.7916666666667 23.80099325018628 22.538262525554966
475.29166666666663 23.799800347764553 22.53696698311326
475.7916666666667 23.798625340656425 22.53567544508261
476.2916666666667 23.797440765815104 22.5343964519414
476.79166666666663 23.796257542790475 22.53311130442528
477.2916666666667 23.795104220753917 22.53183304754279
477.7916666666667 23.79396460645402 22.53056078999152
478.29166666666663 23.792811145468153 22.529295304398826
478.7916666666667 23.791665008805012 22.528035241813207
479.2916666666667 23.7905412314749 22.526773476789504
479.79166666666663 23.789430645238284 22.525522619856293
480.2916666666667 23.788321331082393 22.524279760903543
480.7916666666667 23.78720884812327 22.52302463910309
481.29166666666663 23.78611384214745 22.52179269531574
481.7916666666667 23.78503841171197 22.520553018968833
482.2916666666667 23.783966857855113 22.519312933676183
482.79166666666663 23.782906902017675 22.518097219607167
483.2916666666667 23.7818434236846 22.51686704759576
483.7916666666667 23.780799569200607 22.515643474215118
484.29166666666663 23.77974753430799 22.514429258430177
484.7916666666667 23.778730013266994 22.513220491874478
485.2916666666667 23.77770225076827 22.512015549715795
485.79166666666663 23.776681334469195 22.5108072874378
486.2916666666667 23.77568405717726 22.509616960658356
486.7916666666667 23.774687832978213 22.508423737853306
487.29166666666663 23.7736974697015 22.507224128953442
487.7916666666667 23.772728351861755 22.506049711812057
488.2916666666667 23.771748662187836 22.50486760105137
488.7916666666667 23.770796274689467 22.5036871574122
489.2916666666667 23.769837721630527 22.502519542658757
489.7916666666667 23.768906888244878 22.501352620040397
490.2916666666667 23.767982820527614 22.500191023100648
490.7916666666667 23.76704283060326 22.499025756828026
491.2916666666667 23.766125953178925 22.4978740386017
491.7916666666667 23.76522538988326 22.496725020598834
492.2916666666667 23.764337629376584 22.49557818790874
492.7916666666667 23.76343487698537 22.49444515147045
493.2916666666667 23.76255409663955 22.49330555963621
493.7916666666667 23.761698171629707 22.492176998219353
494.2916666666667 23.760837983561473 22.491049942637883
494.7916666666667 23.75997698650727 22.489925592480212
495.2916666666667 23.759137108012354 22.48880317033047
495.7916666666667 23.75829996406136 22.487687435323704
496.2916666666667 23.757489514588805 22.48657767828478
496.7916666666667 23.756666538671553 22.48547365465841
497.2916666666667 23.75586899563736 22.484373062306254
497.7916666666667 23.755062937815286 22.483281795571173
498.2916666666667 23.754280560148775 22.48218430305331
498.7916666666667 23.75350195754557 22.481100541404544
499.2916666666667 23.75272472099941 22.48002106593387
499.7916666666667 23.75197317668695 22.478929516688247
500.2916666666667 23.75121617232663 22.47785956661303
500.7916666666667 23.750495521640254 22.476785103470256
501.2916666666667 23.749754323113443 22.475719342912175
501.7916666666667 23.74902819680525 22.47466491619364
502.2916666666667 23.74832462092116 22.473606458584424
502.7916666666667 23.74761953093833 22.472550304989408
503.2916666666667 23.746921959697307 22.47150450503043
503.7916666666667 23.746243652802377 22.47046045123103
504.2916666666667 23.745577323592233 22.469421477303747
504.7916666666667 23.744909924455484 22.468387051250517
505.2916666666667 23.74424836541316 22.46735516807696
505.7916666666667 23.743609667838665 22.466330759228697
506.2916666666667 23.742971315578096 22.465312705103074
506.7916666666667 23.742346389106757 22.4642875414784
507.2916666666667 23.741732400178496 22.46327734706209
507.7916666666667 23.741120591079543 22.462277465434028
508.2916666666667 23.7405240906806 22.461272139316847
508.7916666666667 23.739936615326847 22.46027607069529
509.2916666666667 23.739352782701033 22.459283382635043
509.7916666666667 23.738792570084524 22.458289807229896
510.2916666666667 23.73823729636067 22.457303214377475
510.7916666666667 23.73768630107509 22.45632415483453
511.2916666666667 23.73715807720915 22.455352291584724
511.7916666666667 23.736629923563747 22.454378893784455
512.2916666666666 23.736099296333254 22.453412553943025
512.7916666666666 23.7356027707674 22.45244621621189
513.2916666666666 23.73510075039355 22.451481831571783
513.7916666666666 23.734616491681795 22.45053545221679
514.2916666666666 23.73415010027972 22.44957798815213
514.7916666666666 23.733686182115793 22.44863530820487
515.2916666666666 23.733218287224815 22.4477029257687
515.7916666666666 23.732785524077222 22.446761926911407
516.2916666666666 23.732324750109107 22.44582275417205
516.7916666666666 23.731906829418126 22.444899928826118
517.2916666666666 23.731498224582705 22.443969528252698
517.7916666666666 23.731078314483188 22.443048714741085
518.2916666666666 23.73067615973229 22.44213297528556
518.7916666666666 23.730293452184345 22.441222137396295
519.2916666666666 23.72990745534075 22.440310362923714
519.7916666666666 23.729532789734108 22.439408929602763
520.2916666666666 23.72917821104888 22.438509444971405
520.7916666666666 23.728818453362692 22.43761866169493
521.2916666666666 23.72847014715973 22.436719395815302
521.7916666666666 23.728136288552157 22.435826530832625
522.2916666666666 23.727814567154542 22.434943653473212
522.7916666666666 23.727492600932326 22.43407010253157
523.2916666666666 23.727169617244336 22.433186737107924
523.7916666666666 23.726874770697037 22.432319796208734
524.2916666666666 23.726571134725486 22.4314544863646
524.7916666666666 23.726298575933548 22.430573089519115
525.2916666666666 23.72600962507747 22.42972014140245
525.7916666666666 23.72575042827664 22.42886218214924
526.2916666666666 23.72547785188049 22.428008882062716
526.7916666666666 23.725234213052868 22.42715786644599
527.2916666666666 23.72499169592482 22.4263152646471
527.7916666666666 23.724746140717784 22.425464226922244
528.2916666666666 23.72453525466048 22.424629158461276
528.7916666666666 23.724293073880066 22.4237972891288
529.2916666666666 23.724081588034473 22.422964635512734
529.7916666666666 23.723887037231073 22.422132298415374
530.2916666666666 23.723667932595127 22.42130273990291
530.7916666666666 23.723487220476112 22.420490061110904
531.2916666666666 23.723299009413296 22.419668840601446
531.7916666666666 23.72313721397753 22.4188608998041
532.2916666666666 23.722968406373223 22.418045326303794
532.7916666666666 23.72279585180251 22.41723617750825
533.2916666666666 23.72264669364168 22.4164328846022
533.7916666666666 23.722493034655827 22.41563614934345
534.2916666666666 23.722349537731656 22.414842257648676
534.7916666666666 23.722219238736763 22.414047104770717
535.2916666666666 23.722098365866614 22.413257579217124
535.7916666666666 23.72198017022133 22.41247115130659
536.2916666666666 23.721863353325844 22.411684999271483
536.7916666666666 23.72174318624568 22.410907159663846
537.2916666666666 23.721651125034708 22.41013059219094
537.7916666666666 23.721551572948187 22.40935415819895
538.2916666666666 23.72147582895781 22.408590309557464
538.7916666666666 23.721391163356667 22.407820504167105
539.2916666666666 23.721313484132782 22.40705676958486
539.7916666666666 23.721264158535526 22.406295152189543
540.2916666666666 23.721189975341442 22.405538158050092
540.7916666666666 23.721138692265782 22.40479040165723
541.2916666666666 23.721092252807697 22.404039636078366
541.7916666666666 23.721038114884845 22.403291228406957
542.2916666666666 23.721005368880554 22.402546322430062
542.7916666666666 23.72097746355477 22.401811816534295
543.2916666666666 23.720958286409576 22.40106578436066
543.7916666666666 23.720919195759656 22.400333483332528
544.2916666666666 23.720901825544296 22.399606733796332
544.7916666666666 23.72090242288598 22.398868730968545
545.2916666666666 23.72088516474473 22.39814240184789
545.7916666666666 23.720900230512434 22.397427587961303
546.2916666666666 23.720910865662447 22.396705135034253
546.7916666666666 23.720927053576098 22.395995913124604
547.2916666666666 23.72094006114374 22.395270667932316
547.7916666666666 23.720964671171963 22.39456399288528
548.2916666666666 23.721017048352117 22.393859133491453
548.7916666666666 23.721042111855514 22.393161740525738
549.2916666666666 23.721107542283107 22.39246279242982
549.7916666666666 23.721170674210153 22.391769426148876
550.2916666666666 23.72123948626037 22.391073993840777
550.7916666666666 23.721335779365056 22.390385651108193
551.2916666666666 23.72143232986835 22.3897011257734
551.7916666666666 23.721537491646924 22.389028311238867
552.2916666666666 23.721647745248966 22.388354600047023
552.7916666666666 23.721771019292937 22.387680806098707
553.2916666666666 23.721903720339874 22.387011875076396
553.7916666666666 23.722058599659874 22.386354882529428
554.2916666666666 23.722203899423345 22.385681837970463
554.7916666666666 23.722359899940272 22.38502970604192
555.2916666666666 23.722534739367557 22.38437987879027
555.7916666666666 23.722707935598372 22.383726331978032
556.2916666666666 23.72288455113889 22.383081448033625
556.7916666666666 23.723080203559075 22.382436295712882
557.2916666666666 23.72327975879507 22.381798294109068
557.7916666666666 23.723481184306884 22.381159550623366
558.2916666666666 23.72370240488783 22.380530013243373
558.7916666666666 23.723920700090098 22.379892151502393
559.2916666666666 23.72414812735726 22.379262349566233
559.7916666666666 23.72437996724758 22.378645919972886
560.2916666666666 23.72462864501977 22.37801794567581
560.7916666666666 23.724885038667736 22.3774087567349
561.2916666666666 23.725129181638348 22.376791447354755
561.7916666666666 23.725403191435895 22.376180540638416
562.2916666666666 23.72566349878619 22.375570169437147
562.7916666666666 23.725942005895227 22.37496288321577
563.2916666666666 23.726217128950925 22.37436761615507
563.7916666666666 23.726514792552692 22.373759433739675
564.2916666666666 23.726803005751613 22.37316398292004
564.7916666666666 23.727105506797987 22.372570108955998
565.2916666666666 23.727397981981085 22.371974399618978
565.7916666666666 23.727711712387883 22.371386643710977
566.2916666666666 23.72803223631937 22.370801261505612
566.7916666666666 23.728346808933246 22.370217464624943
567.2916666666666 23.7286757421648 22.369630215839038
567.7916666666666 23.729000539244577 22.369056310831652
568.2916666666666 23.729339008927113 22.36847968388023
568.7916666666666 23.72966936471041 22.367899880529226
569.2916666666666 23.730022241332005 22.36733528791349
569.7916666666666 23.730357864715597 22.36675872448581
570.2916666666666 23.73070518476784 22.366195140916677
570.7916666666666 23.731065899670565 22.365630727498626
571.2916666666666 23.73142723310611 22.365066953793416
571.7916666666666 23.73178013882164 22.364507332638656
572.2916666666666 23.732136340669598 22.363950619926708
572.7916666666666 23.732513355574113 22.363392921116578
573.2916666666666 23.732884382028914 22.36284064110423
573.7916666666666 23.733261530705313 22.36228821992281
574.2916666666666 23.733619864174074 22.36173843788886
574.7916666666666 23.734011197892503 22.361196238419986
575.2916666666666 23.734384323717876 22.3606449457073
575.7916666666666 23.734770731698916 22.36009882572467
576.2916666666666 23.735156772556127 22.35955731432994
576.7916666666666 23.735545543418638 22.359015067573544
577.2916666666666 23.735936412695764 22.358480985195925
577.7916666666666 23.736327206084297 22.357948794548115
578.2916666666666 23.73672185393602 22.357411543537374
578.7916666666666 23.737114834700385 22.356884668191594
579.2916666666666 23.73750066985886 22.356348873920105
579.7916666666666 23.73790590583337 22.355813775994946
580.2916666666666 23.73830151376857 22.355293944580005
580.7916666666666 23.738695577831265 22.354763479154563
581.2916666666666 23.73908115081501 22.354239616572574
