FastTrWP/PhaseSpace/IAs/snIa_0.36_30.00_0.69_-0.08.csv
# %ECSV 0.9
# ---
# datatype:
# - {name: time-rel, datatype: float64}
# - {name: g, datatype: float64}
# - {name: i, datatype: float64}
# schema: astropy-2.0
time-rel g i
[from data line 287]
316.5208333333333 23.945008741238865 23.753457389050606
317.0208333333333 23.940467210875525 23.749731053647665
317.5208333333333 23.93591070158839 23.74599604897913
318.0208333333333 23.931380231997892 23.742295423471784
318.5208333333333 23.926875950807734 23.73858736898855
319.0208333333333 23.922382859465863 23.734905373168008
319.5208333333333 23.9179093400304 23.73120978423431
320.0208333333333 23.913444200786465 23.727550329944105
320.5208333333333 23.90899370301299 23.723888982072516
321.0208333333333 23.904564298352092 23.720236755229198
321.5208333333333 23.900151546243823 23.71659411752345
322.0208333333333 23.895749050581937 23.712980061123453
322.5208333333333 23.891366690963824 23.709368360537695
323.0208333333333 23.886993233987734 23.70576098554855
323.5208333333333 23.882635021106303 23.70215961501135
324.0208333333333 23.878292739105262 23.69857270861603
324.5208333333333 23.873953843337116 23.69499722283392
325.0208333333333 23.869642735501166 23.69143942215958
325.5208333333333 23.86533744518784 23.687888309895264
326.0208333333333 23.86104115055054 23.684339909598204
326.5208333333333 23.85677637223676 23.680788724938107
327.0208333333333 23.852504150876573 23.677261238084522
327.5208333333333 23.848259406450207 23.673755678607623
328.0208333333333 23.844016290322948 23.670233602716625
328.5208333333333 23.839807639689337 23.666736176621882
329.0208333333333 23.83559183942761 23.663244710634928
329.5208333333333 23.831390420207732 23.659758574303332
330.0208333333333 23.82721570853618 23.656283282486807
330.5208333333333 23.8230326551402 23.65281869281558
331.0208333333333 23.818882365244953 23.64936015433567
331.5208333333333 23.81473420036544 23.645916004358725
332.0208333333333 23.81059789715747 23.64247556332821
332.5208333333333 23.806477923807897 23.63904756053135
333.0208333333333 23.802361503581707 23.63561512048801
333.5208333333333 23.798272400805235 23.632202900517093
334.0208333333333 23.794173915104224 23.628797078502064
334.5208333333333 23.79010131306801 23.625401146460796
335.0208333333333 23.78604320119889 23.62201063091057
335.5208333333333 23.781985831968786 23.618637444162545
336.0208333333333 23.77795675389455 23.61526490007207
336.5208333333333 23.773939033882606 23.611904268308624
337.0208333333333 23.769916294361487 23.608559080628876
337.5208333333333 23.7659206119565 23.605216117179083
338.0208333333333 23.761936624314547 23.6018837057479
338.5208333333333 23.7579677802862 23.5985500181072
339.0208333333333 23.75399257589671 23.595242630746437
339.5208333333333 23.750048249179866 23.591943369867558
340.0208333333333 23.746126011876044 23.58864429016364
340.5208333333333 23.742205687774174 23.585353402432506
341.0208333333333 23.738282240778478 23.5820770090076
341.5208333333333 23.734388694300826 23.578800144347667
342.0208333333333 23.73050531057448 23.57554665934112
342.5208333333333 23.726623966381975 23.572292964293553
343.0208333333333 23.722754703894946 23.56904383753823
343.5208333333333 23.718898405820422 23.56580104226309
344.0208333333333 23.715055110277167 23.562570192782474
344.5208333333333 23.71121037272868 23.559357622739178
345.0208333333333 23.707395643183695 23.556131544447855
345.5208333333333 23.703573030012627 23.552941098329608
346.0208333333333 23.699782883111304 23.54973748454922
346.5208333333333 23.69600677996232 23.546551829010433
347.0208333333333 23.692217721655844 23.543363711732628
347.5208333333333 23.68844179061245 23.54019143876506
348.0208333333333 23.684679082115917 23.537017287593983
348.5208333333333 23.680931948567157 23.533867848351523
349.0208333333333 23.67719200956723 23.530721286936597
349.5208333333333 23.67345697992954 23.52756762588549
350.0208333333333 23.66974193507118 23.524431445615697
350.5208333333333 23.666040898644805 23.521283656805046
351.0208333333333 23.662338797823033 23.518175788396796
351.5208333333333 23.658650290301708 23.515047703149996
352.0208333333333 23.654962914598634 23.511933639180675
352.5208333333333 23.651295155609397 23.508838418782698
353.0208333333333 23.64762849603582 23.50574906948914
353.5208333333333 23.643974737565927 23.50264162038366
354.0208333333333 23.640337290546004 23.499558207720767
354.5208333333333 23.636694429568976 23.49648932252307
355.0208333333333 23.633068130825347 23.493417138553824
355.5208333333333 23.62945902627985 23.49035093263953
356.0208333333333 23.625847104645125 23.48730059107973
356.5208333333333 23.622237074083255 23.484255749700807
357.0208333333333 23.61864454005743 23.481209966999806
357.5208333333333 23.61506431011619 23.478162537059838
358.0208333333333 23.61148180925264 23.47513805451603
358.5208333333333 23.607922277023118 23.47210527335301
359.02083333333326 23.604361256278853 23.46908688604401
359.5208333333333 23.600815786115575 23.466075767606295
360.0208333333333 23.59727461361219 23.463063195406782
360.52083333333326 23.593734828599672 23.460068601814253
361.0208333333333 23.590218493423983 23.457066314487957
361.5208333333333 23.586687010900064 23.454078475807393
362.02083333333326 23.583187593757327 23.451094905551027
362.5208333333333 23.579677321989195 23.44810795805776
363.0208333333333 23.576181019436 23.44513315628427
363.52083333333326 23.57269752490895 23.442159482835145
364.0208333333333 23.56920741497987 23.439199197808218
364.5208333333333 23.565742886237206 23.436241292809203
365.02083333333326 23.562266132484126 23.433286294387024
365.5208333333333 23.55881385833866 23.43032956966701
366.0208333333333 23.555350350256546 23.42738616820572
366.52083333333326 23.551906390279683 23.424458319820374
367.0208333333333 23.54847391556085 23.421519099092478
367.5208333333333 23.545039955944553 23.41859357441169
368.02083333333326 23.54161943500859 23.4156685148004
368.5208333333333 23.538213160300128 23.412757057311957
369.0208333333333 23.534803355219474 23.409860629923926
369.52083333333326 23.531405090286928 23.406949227473444
370.0208333333333 23.528020270797754 23.404056183300405
370.5208333333333 23.52463465521355 23.40116071989535
371.02083333333326 23.521255117233345 23.398279152716302
371.5208333333333 23.517891590273827 23.395404384510584
372.0208333333333 23.514533747920932 23.392524532222442
372.52083333333326 23.51118341561201 23.389661542619287
373.0208333333333 23.507825970693418 23.38680122378085
373.5208333333333 23.50451962477649 23.38393794361506
374.02083333333326 23.501175784927458 23.381094408690387
374.5208333333333 23.497859428466125 23.378252311812364
375.0208333333333 23.494548668802075 23.375404798950818
375.52083333333326 23.491230574405854 23.372575060026698
376.0208333333333 23.48793663594778 23.36974416526507
376.5208333333333 23.484641880041575 23.366928749307196
377.02083333333326 23.48135346141158 23.36411425758723
377.5208333333333 23.47807905254551 23.36129956932691
378.0208333333333 23.474797847643842 23.35848846865154
378.52083333333326 23.471554460814286 23.355694204947408
379.0208333333333 23.468281204348177 23.35289209759198
379.5208333333333 23.465033760141267 23.35008998406789
380.02083333333326 23.461788313923968 23.347315259579048
380.5208333333333 23.45855416814111 23.344528132665733
381.0208333333333 23.455323156358837 23.341749969368173
381.52083333333326 23.452087862054313 23.3389820519302
382.0208333333333 23.44887939872975 23.336215464797895
382.5208333333333 23.44567040896766 23.333462482549724
383.02083333333326 23.442462405243077 23.330711496430414
383.5208333333333 23.439254916513555 23.327951562939777
384.0208333333333 23.436069030039192 23.325193038633568
384.52083333333326 23.432890590633264 23.322452744455802
385.0208333333333 23.429708859796055 23.319722924258784
385.5208333333333 23.42653210934642 23.316983838327765
386.02083333333326 23.423365312231898 23.31425932459338
386.5208333333333 23.420200530357214 23.3115299794399
387.0208333333333 23.41706117804426 23.30881702978057
387.52083333333326 23.413906166691948 23.306099063714285
388.0208333333333 23.410764377567354 23.30338834751562
388.5208333333333 23.407612224449604 23.30067981309049
389.02083333333326 23.404502878593018 23.297978485875777
389.5208333333333 23.40137291664634 23.29528376814753
390.0208333333333 23.398245615718846 23.292592882161408
390.52083333333326 23.395141701695977 23.289901838454
391.0208333333333 23.392020465636506 23.287215416251552
391.5208333333333 23.388923575855557 23.284539295620196
392.02083333333326 23.385830762090194 23.28186163981456
392.5208333333333 23.382731801150346 23.279190542879146
393.0208333333333 23.379651955404185 23.27652164955061
393.52083333333326 23.376558531527483 23.273854718180644
394.0208333333333 23.373492132448675 23.271200097781847
394.5208333333333 23.370429339409007 23.268545172566526
395.02083333333326 23.367361152722225 23.265891764306108
395.5208333333333 23.36430198055565 23.263250804150765
396.0208333333333 23.36125133374963 23.260599062377917
396.52083333333326 23.358213942446753 23.257966356402022
397.0208333333333 23.355178221985078 23.2553299247717
397.5208333333333 23.352129935474846 23.252700223935875
398.02083333333326 23.349101684749918 23.250061004908567
398.5208333333333 23.34607191025703 23.24743315981657
399.0208333333333 23.34304809255488 23.244820743117735
399.52083333333326 23.34002563999739 23.24220260448397
400.0208333333333 23.3370144849855 23.239592360567407
400.5208333333333 23.333987057272054 23.236976860258785
401.02083333333326 23.330981602812585 23.23436027872731
401.5208333333333 23.327954918663522 23.231735766177835
402.0208333333333 23.32493364374193 23.22911859384401
402.52083333333326 23.32190603268442 23.226499075603154
403.0208333333333 23.31888378252853 23.22388670914362
403.5208333333333 23.315870155126323 23.221280641832127
404.02083333333326 23.31285184588576 23.218655960147206
404.5208333333333 23.30981751468107 23.216050085448238
405.0208333333333 23.30681117457143 23.213446630532832
405.52083333333326 23.30379094466498 23.210832170661195
406.0208333333333 23.300776305087577 23.208227968395324
406.5208333333333 23.297773039886337 23.20563149134015
407.02083333333326 23.29475959800706 23.203022943407447
407.5208333333333 23.291753258892015 23.200422983505856
408.0208333333333 23.288752166696256 23.19783128766793
408.52083333333326 23.285752121912946 23.195236666851685
409.0208333333333 23.282756012726903 23.19264864284827
409.5208333333333 23.279777246544107 23.190061692923784
410.02083333333326 23.276785188734053 23.187476915320772
410.5208333333333 23.273796074800295 23.184899388643355
411.0208333333333 23.27083870291247 23.182325388032268
411.52083333333326 23.2678713283739 23.179760903444404
412.0208333333333 23.264901678844872 23.177198599350515
412.5208333333333 23.261954511577315 23.174638622539348
413.02083333333326 23.259006547062256 23.172074664675208
413.5208333333333 23.256067384441792 23.169528114322837
414.0208333333333 23.25313630892584 23.16698556236464
414.52083333333326 23.25020364694838 23.164445440305258
415.0208333333333 23.247281297193858 23.16190871011374
415.5208333333333 23.244370958711137 23.1593863415361
416.02083333333326 23.241466344982207 23.15685836233809
416.5208333333333 23.23858328304581 23.15434495243998
417.0208333333333 23.235692020667102 23.15183093450118
417.52083333333326 23.232819526126928 23.149326961339813
418.0208333333333 23.229944572677873 23.14683731113583
418.5208333333333 23.22710702494838 23.14433511142637
419.02083333333326 23.224245165145835 23.141853526471397
419.5208333333333 23.22141241124124 23.13937753163808
420.0208333333333 23.218590821387572 23.13690441790165
420.52083333333326 23.215767466043232 23.134448040803896
421.0208333333333 23.2129652864992 23.13199375470579
421.5208333333333 23.21017335692538 23.12953519193104
422.02083333333326 23.20739760262525 23.12711003188861
422.5208333333333 23.204632613530602 23.124677569022648
423.0208333333333 23.201874887580573 23.122254920666453
423.52083333333326 23.19912853402977 23.119837333817692
424.0208333333333 23.196394577868872 23.11743162300425
424.5208333333333 23.193680720785657 23.115033487367317
425.02083333333326 23.19097733753741 23.112643606333194
425.5208333333333 23.188280122613673 23.110265562577695
426.0208333333333 23.18559391716886 23.107891918835243
426.52083333333326 23.18293088469018 23.105530194773294
427.0208333333333 23.180282075997273 23.103176795796333
427.5208333333333 23.1776327540984 23.10083407253086
428.02083333333326 23.17501774614108 23.09850168430743
428.5208333333333 23.17240162373945 23.09617953406078
429.0208333333333 23.16981602766993 23.093872658126877
429.52083333333326 23.16723712836872 23.09156843812962
430.0208333333333 23.164665425201775 23.089275280446003
430.5208333333333 23.16212240135072 23.08698988648064
431.02083333333326 23.159587742573045 23.08470476955762
431.5208333333333 23.1570607934507 23.08245655051177
432.0208333333333 23.154564459626485 23.080199951481713
432.52083333333326 23.152072353436537 23.077967312983787
433.0208333333333 23.14959419078783 23.075727408958425
433.5208333333333 23.147122981535652 23.073479744582666
434.02083333333326 23.144643130513927 23.071262572159892
434.5208333333333 23.14218263353142 23.06904476883277
435.0208333333333 23.13972685425021 23.066821602345705
435.52083333333326 23.137293478811678 23.064610055756344
436.0208333333333 23.13484527148912 23.062398452691145
436.5208333333333 23.132407289010875 23.060206707784147
437.02083333333326 23.12998829930285 23.058005173117987
437.5208333333333 23.12756202477399 23.05581431438516
438.0208333333333 23.125143922648537 23.053626124139612
438.52083333333326 23.122747474493877 23.051448280138747
439.0208333333333 23.12033256966653 23.049279983649704
439.5208333333333 23.117961270972913 23.047093745786277
440.02083333333326 23.115573627207397 23.04493270949888
440.5208333333333 23.113207515953142 23.042786806098412
441.0208333333333 23.11083609691559 23.040622631630473
441.52083333333326 23.10848669306624 23.038483257021767
442.0208333333333 23.106138391744974 23.036341275817502
442.5208333333333 23.103793045193196 23.034207999009844
443.02083333333326 23.101460493578507 23.032075635744768
443.5208333333333 23.099136790468595 23.029958244187227
444.0208333333333 23.09682260895659 23.027837601658376
444.52083333333326 23.094530643923953 23.02573566103055
445.0208333333333 23.09223249763965 23.023633166289216
445.5208333333333 23.08993870682525 23.021529927333475
446.02083333333326 23.087654088239773 23.01943908784603
446.5208333333333 23.085396307222098 23.01736367325356
447.0208333333333 23.083137393681035 23.01528462050069
447.52083333333326 23.0808927865333 23.013218472114893
448.0208333333333 23.078655093658213 23.011157135976333
448.5208333333333 23.076425432944564 23.00909505998409
449.02083333333326 23.074207588367706 23.007046231255185
449.5208333333333 23.072003296741144 23.005002606875557
450.0208333333333 23.06980955364437 23.002976328021212
450.52083333333326 23.067615055652517 23.000946340289985
451.0208333333333 23.06544582780795 22.998922334248903
451.5208333333333 23.06326518410296 22.99690394949537
452.02083333333326 23.061111532809303 22.994899569588384
452.5208333333333 23.05896820971681 22.992901194097218
453.0208333333333 23.05682985017297 22.99090821032811
453.52083333333326 23.054704092730024 22.988930573095683
454.0208333333333 23.052589597651743 22.986948873303948
454.5208333333333 23.050485154235822 22.984990136307147
455.02083333333326 23.04841141088474 22.983016829894947
455.5208333333333 23.046324963873378 22.981073017453664
456.0208333333333 23.04424544818105 22.979123451659945
456.52083333333326 23.042187264036688 22.97718907556225
457.0208333333333 23.04014660100821 22.975254556257582
457.5208333333333 23.038112841208125 22.973340734611302
458.02083333333326 23.036086033463903 22.97141512548953
458.5208333333333 23.034081325591842 22.96951955615186
459.0208333333333 23.03208298844153 22.967608561159146
459.52083333333326 23.030087984855566 22.965724377709492
460.0208333333333 23.0281185808849 22.963843825928862
