FastTrWP/PhaseSpace/IAs/snIa_0.6_30_1_0.1.csv
# %ECSV 0.9
# ---
# datatype:
# - {name: time-rel, datatype: float64}
# - {name: g, datatype: float64}
# - {name: i, datatype: float64}
# schema: astropy-2.0
time-rel g i
[from data line 1298]
625.1875 -25.961932061429195 -27.766854690857834
625.6875 -25.96134064415486 -27.767074868691232
626.1875 -25.96074451935676 -27.767290675959458
626.6875 -25.960154808958656 -27.767508716186633
627.1875 -25.959556168346584 -27.76772711924146
627.6875 -25.958958829113293 -27.767937653299484
628.1875 -25.958360916767056 -27.768150863007307
628.6875 -25.957739334003378 -27.768361163608837
629.1875 -25.95712746090516 -27.768570472738332
629.6875 -25.956503738864 -27.768777460102893
630.1875 -25.955871444925293 -27.768980587105364
630.6875 -25.955277344931883 -27.76918661625794
631.1875 -25.954620323915908 -27.769390392517806
631.6875 -25.953987991497826 -27.769588680864583
632.1875 -25.953350839017766 -27.769786642859145
632.6875 -25.952719982173512 -27.769990916898454
633.1875 -25.95206302224568 -27.770184130429616
633.6875 -25.951408900620798 -27.770380063034303
634.1875 -25.95075392341041 -27.770568834990527
634.6875 -25.950089039601167 -27.770760824665274
635.1875 -25.949435821407686 -27.7709589163251
635.6875 -25.948756177569074 -27.771139640360275
636.1875 -25.948074823657844 -27.77133136708544
636.6875 -25.94741659913356 -27.77151747027371
637.1875 -25.946713502501954 -27.77169834424706
637.6875 -25.94604724493886 -27.77188076346382
638.1875 -25.945357738337155 -27.7720624393274
638.6875 -25.94465381958554 -27.772237816276743
639.1875 -25.943956398830693 -27.772423823759574
639.6875 -25.943261749452663 -27.772589491435248
640.1875 -25.94255608318602 -27.77277200510913
640.6875 -25.94185013872582 -27.772943571601086
641.1875 -25.94112975922645 -27.77310978594199
641.6875 -25.94039622868307 -27.77328314426814
642.1875 -25.939683085053584 -27.77344880203745
642.6875 -25.93896805136548 -27.773615427989085
643.1875 -25.938231100088597 -27.773782086497345
643.6875 -25.93748831882879 -27.773940385037882
644.1875 -25.936746228420514 -27.774099678678898
644.6875 -25.936000312424188 -27.774263261724332
645.1875 -25.93525185607151 -27.774413806010315
645.6875 -25.934482155445963 -27.774576655524477
646.1875 -25.93373057515616 -27.774734503681458
646.6875 -25.932965630138867 -27.77487256863321
647.1875 -25.932199821709368 -27.77503077892641
647.6875 -25.93141649765944 -27.775184221437822
648.1875 -25.930645787032233 -27.775332352106034
648.6875 -25.92986380749531 -27.775473766842715
649.1875 -25.929071320117774 -27.775624873293033
649.6875 -25.928279754283274 -27.775759996235607
650.1875 -25.927502736986195 -27.775906608781877
650.6875 -25.926696646051354 -27.776045155219006
651.1875 -25.925877890720393 -27.776179732579266
651.6875 -25.925070631461004 -27.77631440475919
652.1875 -25.924264958424065 -27.77644955638413
652.6875 -25.923443146914526 -27.776581306224433
653.1875 -25.922615687008147 -27.776713761548912
653.6875 -25.92179735458625 -27.776845040947357
654.1875 -25.920967492947142 -27.77697089029679
654.6875 -25.920113273167452 -27.77709761011228
655.1875 -25.919273928248234 -27.777218702850163
655.6875 -25.91843107606358 -27.777339977238313
656.1875 -25.917576700811225 -27.777462151340202
656.6875 -25.91672112285027 -27.777584984658358
657.1875 -25.91586334469686 -27.77769503324027
657.6875 -25.914999693959047 -27.77781514923904
658.1875 -25.914112150677123 -27.777925481527923
658.6875 -25.91323182952788 -27.77803685462572
659.1875 -25.912347144632022 -27.77814626081376
659.6875 -25.911470873010384 -27.77825065474437
660.1875 -25.910562803091054 -27.77836062207264
660.6875 -25.90966993604175 -27.778466712705256
661.1875 -25.908747687351827 -27.77856273153004
661.6875 -25.90782009219371 -27.778668120620665
662.1875 -25.90690400117223 -27.778769160862453
662.6875 -25.905968787329577 -27.77886306447463
663.1875 -25.905020163815315 -27.77895282198145
663.6875 -25.90408964963394 -27.779044642739223
664.1875 -25.903141133293023 -27.77913685813663
664.6875 -25.90217460460864 -27.779232586137738
665.1875 -25.901206053665483 -27.7793124432594
665.6875 -25.900240081660964 -27.779404288253716
666.1875 -25.899276724652353 -27.779488983929422
666.6875 -25.89829326345634 -27.779573315928552
667.1875 -25.897304272758987 -27.779651249369387
667.6875 -25.896309554207786 -27.779735493929103
668.1875 -25.895305958040232 -27.779809759188332
668.6875 -25.89431170013027 -27.77989156236154
669.1875 -25.893302098301124 -27.779959355730565
669.6875 -25.892281730297594 -27.780032773874318
670.1875 -25.891257590847573 -27.78010231795765
670.6875 -25.890249252997716 -27.78016757941391
671.1875 -25.88921935504901 -27.780238716348236
671.6875 -25.888178805091577 -27.78030723484331
672.1875 -25.88713766478651 -27.780367965170974
672.6875 -25.886104855130824 -27.780438250912546
673.1875 -25.885050312840207 -27.780500332100072
673.6875 -25.883993955435834 -27.78055546390313
674.1875 -25.88293579912488 -27.780615585220044
674.6875 -25.88188095626387 -27.780669955894297
675.1875 -25.880829058753747 -27.78072641510589
675.6875 -25.879747216175634 -27.78077835955177
676.1875 -25.878671636194106 -27.780827817946157
676.6875 -25.87759442823095 -27.780877038067825
677.1875 -25.8765078480922 -27.780925178683407
677.6875 -25.875427201914974 -27.78097486633196
678.1875 -25.87433969628192 -27.7810260746176
678.6875 -25.8732376258273 -27.781070460698174
679.1875 -25.872158162985784 -27.781108107973317
679.6875 -25.87103305904455 -27.78114784405166
680.1875 -25.86992129327757 -27.7811909703301
680.6875 -25.86880820915281 -27.7812258976531
681.1875 -25.867703310207794 -27.781271264757592
681.6875 -25.866597846678726 -27.781304501374905
682.1875 -25.865489158847495 -27.781334546701615
682.6875 -25.864359336062872 -27.781368595653866
683.1875 -25.863234488667374 -27.78139534837878
683.6875 -25.86209307659624 -27.781431360464932
684.1875 -25.860973537527382 -27.781456092527197
684.6875 -25.859836921693233 -27.781485115143628
685.1875 -25.858699326038558 -27.78150947178302
685.6875 -25.85756774467277 -27.781538329418247
686.1875 -25.856435550227687 -27.78155651649485
686.6875 -25.855278624482835 -27.78157763646884
687.1875 -25.85413395471299 -27.78160476611388
687.6875 -25.852985142024338 -27.781623064533466
688.1875 -25.85185188849438 -27.781643779315196
688.6875 -25.85067980647944 -27.781652070915648
689.1875 -25.84952977771202 -27.78167439209596
689.6875 -25.848379646737058 -27.781687110430976
690.1875 -25.84722064886739 -27.78169558541559
690.6875 -25.846049733321394 -27.78171076526977
691.1875 -25.844893688369034 -27.781718016868968
691.6875 -25.843743700826312 -27.78172928568534
692.1875 -25.842574450820152 -27.781736416960857
692.6875 -25.841414233753586 -27.781740350426148
693.1875 -25.840246911910917 -27.781752189346953
693.6875 -25.839073515792634 -27.781757942072613
694.1875 -25.83791046813218 -27.781757058657185
694.6875 -25.836739008525115 -27.781758234292113
695.1875 -25.835568411491153 -27.781757813021464
695.6875 -25.83441740714456 -27.78176054740475
696.1875 -25.833226532699985 -27.781758192795955
696.6875 -25.832058763873242 -27.781756179585216
697.1875 -25.83088669189451 -27.781744555826503
697.6875 -25.829682787175333 -27.781742153552035
698.1875 -25.828517097131044 -27.781735028100044
698.6875 -25.827331329833363 -27.78172561655503
699.1875 -25.826112598533012 -27.781709831710174
699.6875 -25.824923245107385 -27.781699812348467
700.1875 -25.82371796928042 -27.78168353866555
700.6875 -25.822504068618336 -27.78167700745026
701.1875 -25.82129472304096 -27.7816562615186
701.6875 -25.820074133250905 -27.78163579436295
702.1875 -25.818839622003168 -27.781619759791546
702.6875 -25.817612228784803 -27.78159318243954
703.1875 -25.816384298439296 -27.781567312940837
703.6875 -25.815148738464202 -27.781545886701913
704.1875 -25.813907312342714 -27.781517148906147
704.6875 -25.81266794320902 -27.78149155899193
705.1875 -25.811431371016354 -27.781463252905137
705.6875 -25.810183802928847 -27.78142963215157
706.1875 -25.808911415411842 -27.781398130082373
706.6875 -25.80765288980593 -27.78137248460606
707.1875 -25.806384282712344 -27.78132575672197
707.6875 -25.805142317987805 -27.781292711240827
708.1875 -25.803860537485885 -27.781252124267745
708.6875 -25.80258668159672 -27.78121875355645
709.1875 -25.801309472367482 -27.78117702866002
709.6875 -25.800027838966663 -27.781140474682985
710.1875 -25.798743164808688 -27.781095533175588
710.6875 -25.797459712244688 -27.781047452452206
711.1875 -25.796179554914712 -27.781005784128773
711.6875 -25.794887513502673 -27.780948644858174
712.1875 -25.793592642089674 -27.78090772825734
712.6875 -25.792276646681334 -27.780857685148895
713.1875 -25.79098938971349 -27.78080476097189
713.6875 -25.789690824088357 -27.780754568492547
714.1875 -25.788382967770772 -27.780700151065012
714.6875 -25.787066016893352 -27.780636631823615
715.1875 -25.785769343730067 -27.78058581262045
715.6875 -25.784455678972368 -27.78053183182236
716.1875 -25.783138131475738 -27.780467991330244
716.6875 -25.78181893755788 -27.780407322910676
717.1875 -25.780494648135146 -27.780343722684627
717.6875 -25.779172765959963 -27.780277656193235
718.1875 -25.77784884777694 -27.780216714726226
718.6875 -25.776518626001987 -27.78015351503477
719.1875 -25.775196140228992 -27.780084903879416
719.6875 -25.7738585423898 -27.78002001785323
720.1875 -25.77253275940741 -27.779949984145453
720.6875 -25.77120557789236 -27.7798760445998
721.1875 -25.76986071770181 -27.779809865485472
721.6875 -25.76852416712361 -27.779736002172605
722.1875 -25.767187046535263 -27.779657057407476
722.6875 -25.765840523927842 -27.77958943253857
723.1875 -25.764521419982422 -27.779511934498146
723.6875 -25.763165059367104 -27.77943557293327
724.1875 -25.761813641681492 -27.77935506312581
724.6875 -25.76048964896937 -27.779274948411036
725.1875 -25.759132842996863 -27.779193702347925
725.6875 -25.757778203286215 -27.779112824842727
726.1875 -25.756437173697737 -27.779030883628877
726.6875 -25.755090593578764 -27.77894990346976
727.1875 -25.753740417296417 -27.778854054825253
727.6875 -25.75240257642256 -27.778776926709146
728.1875 -25.75103473291779 -27.778685367386103
728.6875 -25.749699044292655 -27.778596776969785
729.1875 -25.74834931796374 -27.778512049713466
729.6875 -25.74700131821942 -27.778420121485972
730.1875 -25.745633116794057 -27.778331999392954
730.6875 -25.744293552189674 -27.778240115888536
731.1875 -25.74294628243692 -27.778138800138187
731.6875 -25.741590639662903 -27.77805002946674
732.1875 -25.74021922134801 -27.777956867487298
732.6875 -25.73889166514388 -27.777859511939692
733.1875 -25.737544272159827 -27.777760657692667
733.6875 -25.73618271884357 -27.77766135530477
734.1875 -25.73483781476427 -27.777559329175695
734.6875 -25.733499871890466 -27.77746166256362
735.1875 -25.732131121574827 -27.77735873924908
735.6875 -25.730777759213762 -27.77726093832882
736.1875 -25.72943664628351 -27.777160521117658
736.6875 -25.728087157435127 -27.77705070814924
737.1875 -25.726722714310306 -27.77694141786169
737.6875 -25.725372157583287 -27.77683314959923
738.1875 -25.724008071605567 -27.77672826698555
738.6875 -25.722634753405554 -27.776622004591456
739.1875 -25.721285355228144 -27.77650645022233
739.6875 -25.71991218378092 -27.7763957584205
740.1875 -25.718541854831642 -27.776283100607802
740.6875 -25.71717040610759 -27.776170351759344
741.1875 -25.71581114314774 -27.776051006191267
741.6875 -25.714437202441008 -27.775927576399848
742.1875 -25.713084582197148 -27.775812835003613
742.6875 -25.711693969395558 -27.7756936725958
743.1875 -25.710308358622726 -27.775574223220445
743.6875 -25.708938849481022 -27.775450217094818
744.1875 -25.70756279612334 -27.775325403163666
744.6874999999999 -25.70618398601256 -27.775205705989876
745.1875 -25.70480046830124 -27.775073121186228
745.6875 -25.703428079207175 -27.77495114297229
746.1874999999999 -25.702034250321113 -27.774822979284455
746.6875 -25.70064541853386 -27.77469636385632
747.1875 -25.69925573680216 -27.77455645732445
747.6874999999999 -25.697866905978174 -27.774427590200354
748.1875 -25.696472019908345 -27.774300218293003
748.6875 -25.69508428843743 -27.774163478606656
749.1874999999999 -25.693687475142095 -27.774024082846353
749.6875 -25.692298707276485 -27.77388716900286
750.1875 -25.690891412186616 -27.77374914675419
750.6874999999999 -25.689500021545978 -27.773614381768613
751.1875 -25.6880870647677 -27.773476226958454
751.6875 -25.686695939266237 -27.77333341431049
752.1874999999999 -25.685282685017405 -27.77319449963569
752.6875 -25.683881135540467 -27.773050059579987
753.1875 -25.682473829355054 -27.772905300379975
753.6874999999999 -25.681066533100875 -27.772752335261586
754.1875 -25.679653639844588 -27.77260864805127
754.6875 -25.678258302676014 -27.77245899849575
755.1874999999999 -25.676828130619054 -27.772311211700725
755.6875 -25.675406235042416 -27.77216230192893
756.1875 -25.6739837810024 -27.772015291184168
756.6874999999999 -25.67258014282921 -27.77186105606683
757.1875 -25.671165288469165 -27.77170229784675
757.6875 -25.66973910904272 -27.771551126113252
758.1874999999999 -25.66832132324788 -27.771397785667848
758.6875 -25.66689223596649 -27.77123942682322
759.1875 -25.665470060086403 -27.771076315150857
759.6874999999999 -25.66403219496457 -27.770920377950006
760.1875 -25.662616490858703 -27.770763128291943
760.6875 -25.661182264176624 -27.77059680423229
761.1874999999999 -25.659757362423633 -27.770433942694837
761.6875 -25.658323236099704 -27.77027527807393
762.1875 -25.656877842855646 -27.77010575280118
762.6874999999999 -25.65545393261275 -27.76994416480929
763.1875 -25.654013710537615 -27.769775439590624
763.6875 -25.652582318092854 -27.769604853651057
764.1874999999999 -25.65112835153819 -27.769436611347228
764.6875 -25.649687834860554 -27.769264589476204
765.1875 -25.648253217002747 -27.769096106977194
765.6874999999999 -25.646796893783637 -27.768924048131353
766.1875 -25.64536415908591 -27.768748250031376
766.6875 -25.643916484800098 -27.76857442467093
767.1874999999999 -25.642483743266446 -27.768397809259287
767.6875 -25.641022410069176 -27.768216315928072
768.1875 -25.63957647586634 -27.768041206267654
768.6874999999999 -25.63812830449669 -27.767867278671382
769.1875 -25.636678190594004 -27.767691561517417
769.6875 -25.635215360031687 -27.767511115572194
770.1874999999999 -25.633763310152183 -27.767325965897097
770.6875 -25.6323027516284 -27.76714535419015
771.1875 -25.63083482050914 -27.766958893974056
771.6874999999999 -25.62938610828319 -27.76677036050886
772.1875 -25.627920858136797 -27.766583478402943
772.6875 -25.626459433181772 -27.766402394190642
773.1874999999999 -25.624994855486612 -27.76620930611804
773.6875 -25.62353722912597 -27.766015087348453
774.1875 -25.622042303100496 -27.765829419581387
774.6874999999999 -25.62059506147723 -27.765632390948625
775.1875 -25.61911938073594 -27.765441613033914
775.6875 -25.617653006065524 -27.76524658083265
776.1874999999999 -25.616181755042216 -27.765057442608025
776.6875 -25.614693880678082 -27.764858557698275
777.1875 -25.61321261814213 -27.764657757814547
777.6874999999999 -25.6117226111898 -27.764459390282333
778.1875 -25.6102557506378 -27.764257150924855
778.6875 -25.608779992514293 -27.764056747326848
779.1874999999999 -25.60729858563041 -27.763852709279824
779.6875 -25.605805230042353 -27.76364840921788
780.1875 -25.604304398744762 -27.76344373378059
780.6874999999999 -25.60281919449256 -27.763239973360925
781.1875 -25.601344374648928 -27.763031403571365
781.6875 -25.599844202760032 -27.762823735456816
782.1874999999999 -25.5983471071937 -27.762614478458683
782.6875 -25.596851744553135 -27.76239922836169
783.1875 -25.595365096985994 -27.762178860738643
783.6874999999999 -25.59385003043314 -27.761972431350618
784.1875 -25.59234687256136 -27.761760830516465
784.6875 -25.590845135663333 -27.761542875753655
785.1874999999999 -25.589334605737307 -27.761330759102222
785.6875 -25.587820658981432 -27.761110310816896
786.1875 -25.58633014778262 -27.76088767297025
786.6874999999999 -25.58481468492345 -27.76066926835339
787.1875 -25.583312576030174 -27.76045612672256
