FastTrWP/PhaseSpace/IAs/snIa_0.64_30.00_-0.79_0.19.csv
# %ECSV 0.9
# ---
# datatype:
# - {name: time-rel, datatype: float64}
# - {name: g, datatype: float64}
# - {name: i, datatype: float64}
# schema: astropy-2.0
time-rel g i
[from data line 1082]
199.0 24.94011912642155 22.170924300161797
199.5 24.94184098206343 22.171160614115365
200.0 24.94355946508682 22.171400239995158
200.4999999999999 24.94528091288332 22.171654908934805
201.0 24.947037696311696 22.171899791246933
201.5 24.948763060068227 22.17215066310608
201.9999999999999 24.95049318531922 22.172399043251264
202.5 24.95224418439374 22.172652040961115
203.0 24.953972377824286 22.172912513469907
203.4999999999999 24.955721410640052 22.17315773161968
204.0 24.95746451458457 22.17342241028044
204.5 24.959231319095313 22.173685919637755
204.9999999999999 24.96095491059436 22.17393985547936
205.5 24.96271842776292 22.17419425407059
206.0 24.964495529090524 22.17446049015118
206.4999999999999 24.96623183929263 22.174727103526706
207.0 24.96800231416993 22.17499629528937
207.5 24.969777577129584 22.175263596537697
207.9999999999999 24.971548843233386 22.175533347790555
208.5 24.97331617892538 22.175803434695588
209.0 24.97508806648245 22.17607747008651
209.4999999999999 24.976872394130837 22.176350833443436
210.0 24.978632905146405 22.176623960019157
210.5 24.98043725319405 22.176904471059405
210.9999999999999 24.98221706751611 22.177180982665536
211.5 24.98401178128467 22.177456660789655
212.0 24.985771167702325 22.177743894106655
212.4999999999999 24.987574165978458 22.17802534768928
213.0 24.989366024593423 22.17831375113162
213.5 24.991158623715748 22.178599240836952
213.9999999999999 24.99298235508547 22.178880588672495
214.5 24.994787284392345 22.179174080181326
215.0 24.99659367620104 22.179467220613272
215.4999999999999 24.998415547510554 22.179755639946514
216.0 25.00021939493521 22.180051636027564
216.5 25.002039516888143 22.180342367499655
216.9999999999999 25.003867034616786 22.180642007309977
217.5 25.005677476559857 22.180939915948773
218.0 25.00750109036892 22.181238145557703
218.4999999999999 25.009321642504613 22.18153121200754
219.0 25.011146995163735 22.181841969650257
219.5 25.012992031552052 22.1821396497417
219.9999999999999 25.01481225265485 22.18244992578573
220.5 25.016638232610298 22.182752609542238
221.0 25.018493497771445 22.183065149988867
221.4999999999999 25.020337420795467 22.183372379583194
222.0 25.02218609963353 22.183682593198974
222.5 25.024020531140422 22.18399107127114
222.9999999999999 25.025881273213685 22.18430998808352
223.5 25.02774582108577 22.184625223024305
224.0 25.029594671743208 22.18493654435919
224.4999999999999 25.03145061272186 22.185256127021034
225.0 25.03331897903493 22.185577647706708
225.5 25.03518398271296 22.18589872945894
225.9999999999999 25.037052785480988 22.186218595036294
226.5 25.03892612744182 22.18654271857271
227.0 25.040779385753105 22.186866507111354
227.4999999999999 25.04267125946809 22.18718936989123
228.0 25.04454117265864 22.187519630775743
228.5 25.046424417501456 22.18784919479684
228.9999999999999 25.048327800762564 22.188181274708604
229.5 25.050184747284007 22.188509482007923
230.0 25.052093131173507 22.188846545726364
230.4999999999999 25.05399924630708 22.18917669697877
231.0 25.055890180878816 22.189517906602177
231.5 25.057773376303444 22.189853212085076
231.9999999999999 25.059667746174405 22.19019200539752
232.5 25.061590164731985 22.190535648638104
233.0 25.06346831431182 22.19086975031817
233.4999999999999 25.06539923265787 22.191215378687264
234.0 25.067298814169927 22.19156418909739
234.5 25.069229179408335 22.19191061174673
234.9999999999999 25.07114577045737 22.19226442390859
235.5 25.073062839670335 22.192611294741646
236.0 25.075017158748555 22.19296068384309
236.4999999999999 25.07693713959584 22.193315214900057
237.0 25.078850804194875 22.193672561629583
237.5 25.080802869159527 22.1940323098362
237.9999999999999 25.082724457131768 22.19438584128072
238.5 25.084667625496472 22.194748012787876
239.0 25.086647964374645 22.19511070926547
239.4999999999999 25.08859739556831 22.195477194957576
240.0 25.09055453616169 22.195834098946023
240.5 25.092508345541415 22.196204457235105
240.9999999999999 25.094482515294505 22.196568617348234
241.5 25.09641537099248 22.196939047203443
242.0 25.098390051461212 22.197314957828418
242.4999999999999 25.100379867435628 22.197681293769772
243.0 25.102355739617078 22.198064985398883
243.5 25.104306390926983 22.198432100658117
243.9999999999999 25.10630983850824 22.198811338618718
244.5 25.10830953623955 22.199192157260953
245.0 25.11026281487865 22.19957168704458
245.4999999999999 25.112243291951323 22.199953920605537
246.0 25.114259106669834 22.200336111251133
246.5 25.116259707923785 22.200722429000482
246.9999999999999 25.118259120585723 22.201107152251048
247.5 25.12026145914116 22.201494384822198
248.0 25.122249320934593 22.201884221517272
248.4999999999999 25.12428730869726 22.20227764647795
249.0 25.12630876546526 22.20266243408771
249.5 25.128288554083376 22.2030607977452
249.9999999999999 25.13033622738764 22.203455303708314
250.5 25.132367596732507 22.203849261801256
251.0 25.134393716083785 22.204249907147307
251.4999999999999 25.136425175673086 22.204653977144414
252.0 25.138437345403133 22.205050298279005
252.5 25.14047425805827 22.205454935536334
252.9999999999999 25.142533948470835 22.205856916612262
253.5 25.144529899861794 22.206261355468733
254.0 25.14658478809839 22.206667659772638
254.4999999999999 25.148641138801505 22.207074814552087
255.0 25.150709852535492 22.207485754005212
255.5 25.15274459585607 22.20789556458478
255.9999999999999 25.154816437996214 22.208308005068425
256.5 25.156869836543656 22.20872721183126
257.0 25.158933018144847 22.209134088737827
257.4999999999999 25.16099930193366 22.209558637655906
258.0 25.163063890524036 22.209971509251794
258.5 25.16512547905804 22.210389058374183
258.9999999999999 25.16719877390242 22.21081387113201
259.5 25.169285956076802 22.211232889747144
260.0 25.17138603384272 22.21165476091633
260.4999999999999 25.173480441302555 22.212082926926083
261.0 25.175567908901414 22.21251360053543
261.5 25.17763524678457 22.212939399085414
261.9999999999999 25.179743831199293 22.21336353859712
262.5 25.181845149708153 22.2137983932487
263.0 25.18392788940097 22.214223417770405
263.4999999999999 25.186023615529006 22.21465674740964
264.0 25.188117280098506 22.215096016864244
264.5 25.19025547199203 22.215527728180394
264.9999999999999 25.192344556567615 22.21596176956195
265.5 25.19447614426298 22.216401746240194
266.0 25.196582624048972 22.216838981744658
266.4999999999999 25.198705518229325 22.217285322059706
267.0 25.20081312381917 22.217726226611948
267.5 25.20295790997337 22.218165890176024
267.9999999999999 25.205096922979617 22.218612862812613
268.5 25.20720439097333 22.219058590234113
269.0 25.209352689910162 22.21950293640822
269.4999999999999 25.21149074377258 22.219953525825787
270.0 25.213627945899333 22.220405704798473
270.5 25.215769552394192 22.220859736674132
270.9999999999999 25.217922015701305 22.22130752424331
271.5 25.22008530528573 22.22176062103399
272.0 25.222247266323777 22.22221702009577
272.4999999999999 25.22442718517152 22.22267209796796
273.0 25.226587468607068 22.223135861529872
273.5 25.228771054691187 22.223596790820093
273.9999999999999 25.23093178916288 22.22405854302281
274.5 25.233139446789416 22.22452171709393
275.0 25.23535555764908 22.224986807009085
275.4999999999999 25.23755410703838 22.225457781678376
276.0 25.239768935439706 22.225924984133872
276.5 25.241996966848028 22.22639308012658
276.9999999999999 25.24417773639755 22.22687361158043
277.5 25.246419182756927 22.227348477415415
278.0 25.248664630619416 22.227819783633866
278.4999999999999 25.250915437717225 22.228302431881048
279.0 25.253151084304626 22.228776718698203
279.5 25.255368067493865 22.229256999088417
279.9999999999999 25.257652400324563 22.22974410687423
280.5 25.259890993297862 22.230223785818364
281.0 25.26214408472982 22.23070941524579
281.4999999999999 25.264431432134312 22.231195246345912
282.0 25.266672473773248 22.23168158429601
282.5 25.268951081286556 22.232172797577032
282.9999999999999 25.271211041606037 22.232672504862254
283.5 25.273494842765256 22.233159353180913
284.0 25.275770554929 22.233652502547816
284.4999999999999 25.278058068944745 22.234150541387073
285.0 25.280352830968475 22.234645814858062
285.5 25.282663953587843 22.23514329225326
285.9999999999999 25.284937833077148 22.235643798876396
286.5 25.28726810809095 22.23614521421702
287.0 25.289563313079256 22.23664895486024
287.4999999999999 25.291859366501374 22.23715392119911
288.0 25.294161880175604 22.23765630513317
288.5 25.296482860312963 22.23816509177166
288.9999999999999 25.29879429248878 22.238671729848562
289.5 25.30110796081159 22.23918626685935
290.0 25.30345472147686 22.239692986116072
290.4999999999999 25.305756250160453 22.240205867115872
291.0 25.308083268254332 22.24072154481218
291.5 25.310412689488917 22.24123830613145
291.9999999999999 25.312710249211747 22.241749656891912
292.5 25.315048927314056 22.242270393199068
293.0 25.317388288629836 22.242787956377637
293.4999999999999 25.319685987338335 22.243309802075917
294.0 25.32204554251214 22.24383386320557
294.5 25.324355864011082 22.244356061837443
294.9999999999999 25.32671656846849 22.244878856155623
295.5 25.32902845663861 22.24540522888757
296.0 25.331388415434905 22.24592961043112
296.4999999999999 25.333728746187543 22.246456599849598
297.0 25.336037290241677 22.246989234393403
297.5 25.338360883363062 22.247517809262032
297.9999999999999 25.340720222864515 22.24804094593356
298.5 25.34305751766499 22.24857887120285
299.0 25.345385265585215 22.249119210882114
299.4999999999999 25.347708897258343 22.249653291529278
300.0 25.350066671588483 22.25018478738743
300.5 25.35236979614718 22.250725437292846
300.9999999999999 25.354723594701028 22.251261303176637
301.5 25.357063306134762 22.251799576760867
302.0 25.359377716360502 22.252337468867257
302.4999999999999 25.361732518360938 22.252878194952906
303.0 25.364036459264042 22.253418036971144
303.5 25.366357781501797 22.253967616917613
303.9999999999999 25.368690817798356 22.25451015611432
304.5 25.370989957066612 22.255063222300816
305.0 25.37334120140903 22.255603313264377
305.4999999999999 25.37564596927759 22.25614770134715
306.0 25.377964752727564 22.25670297573096
306.5 25.380287372215598 22.257249755701828
306.9999999999999 25.382580288556476 22.257804756699016
307.5 25.384901652530395 22.25835669513924
308.0 25.38719622277041 22.258905720411406
308.4999999999999 25.389515474226773 22.25945910687736
309.0 25.39178289451589 22.260016932169215
309.5 25.394104062867527 22.260569065578174
309.9999999999999 25.396375348305405 22.26112336482901
310.5 25.39868866548579 22.261683802014947
311.0 25.40096780950581 22.262247938449264
311.4999999999999 25.403244897058496 22.262806030723162
312.0 25.405546679614442 22.26337035540572
312.5 25.407868968430556 22.26393685930563
312.9999999999999 25.410142511266077 22.264494580270746
313.5 25.412434307222608 22.265065726619746
314.0 25.414706386111142 22.26562904436765
314.4999999999999 25.41703002366031 22.26619783281209
315.0 25.419351200900238 22.266776759694956
315.5 25.42161732929965 22.267346685475587
315.9999999999999 25.423934696378172 22.26791673943291
316.5 25.426217005709034 22.26849655981261
317.0 25.428515180442083 22.26907010064229
317.4999999999999 25.430821008405992 22.269643604219794
318.0 25.433100633621827 22.27022804297793
318.5 25.435418660980353 22.27080896706004
318.9999999999999 25.437696487798277 22.27138626851643
319.5 25.439990209267172 22.271972328612158
320.0 25.442313089945753 22.2725543011435
320.4999999999999 25.44462101103178 22.27314264703219
321.0 25.446895236135138 22.273725214743262
321.5 25.449183422778304 22.274316328045924
321.9999999999999 25.451506108314277 22.274903619911427
322.5 25.453785179133707 22.275495475077904
323.0 25.456090697162956 22.276090107349283
323.4999999999999 25.4583800844819 22.276686007525516
324.0 25.46067435481476 22.277278915256602
324.5 25.462987368156085 22.277873915701143
324.9999999999999 25.46526818827744 22.278470954037147
325.5 25.46755746007168 22.279071658381678
326.0 25.469856695439354 22.279671810229505
326.4999999999999 25.47215726404987 22.28026578264682
327.0 25.47443779658761 22.280867433590174
327.5 25.476725201299303 22.28147826243125
327.9999999999999 25.479031770555558 22.282083584265454
328.5 25.481304204643322 22.282688804111835
329.0 25.48360589675349 22.283300095469265
329.4999999999999 25.485890419910696 22.283905166139057
330.0 25.48816618188058 22.2845119165075
330.5 25.4904548528059 22.285130494634707
330.9999999999999 25.492754919641722 22.28573404342004
331.5 25.495023269631965 22.286355661112655
332.0 25.497323696518315 22.28696534343004
332.4999999999999 25.499606400317653 22.287584890809903
333.0 25.501901983337348 22.288202736415414
333.5 25.504177993319132 22.288822457302544
333.9999999999999 25.506444540430735 22.289438201444774
334.5 25.508740983599665 22.290065411430184
335.0 25.51099626135759 22.290679983845322
335.4999999999999 25.513285548882205 22.291299775881328
336.0 25.515546851623338 22.29192605960753
336.5 25.517810844277157 22.29255605603821
336.9999999999999 25.52009056629774 22.293178818438733
337.5 25.522378178127273 22.29381094260451
338.0 25.524622983340265 22.294439761263636
338.4999999999999 25.526907448984375 22.29506908091114
339.0 25.529159653166683 22.29569883903683
339.5 25.53143275046502 22.296327038053526
339.9999999999999 25.533719201624862 22.29696482576866
340.5 25.535964387302094 22.297601198535318
341.0 25.53821901787376 22.29824100281393
341.4999999999999 25.540460320276885 22.29887612174406
342.0 25.54273799601948 22.299514449290502
342.5 25.545004043581233 22.300153453031555
342.9999999999999 25.54724513868485 22.300799322078024
343.5 25.549469207193006 22.301436073629958
344.0 25.551745251392145 22.30207535120741
344.4999999999999 25.553986613462282 22.302721707901213
345.0 25.55624046144856 22.303364454187037
345.5 25.558488251671587 22.30400940729588
345.9999999999999 25.560674603509405 22.304653454654662
346.5 25.562961183930682 22.30530455749164
347.0 25.565175394977224 22.305961445944277
347.4999999999999 25.567431750716935 22.306605225354343
348.0 25.569625742572413 22.307259483382843
348.5 25.571861894841916 22.307906902040674
348.9999999999999 25.574097020750457 22.30856285486076
349.5 25.576308979132136 22.309215532265792
350.0 25.578517025224293 22.30987070585489
350.4999999999999 25.58072553419808 22.310532161866554
351.0 25.58298048975043 22.31119668400237
351.5 25.58516658795532 22.31184788825105
351.9999999999999 25.587394103371057 22.312511457656296
352.5 25.58959785957766 22.31317319066593
353.0 25.59177098120483 22.31383593904863
353.4999999999999 25.593978807115047 22.314507828836028
354.0 25.596182205080147 22.315171888539975
354.5 25.59838837750479 22.315837270546673
354.9999999999999 25.60059067268144 22.316507426491633
355.5 25.602780321292478 22.31718566403783
356.0 25.6049630974633 22.31784822147439
356.4999999999999 25.607134182966156 22.318524961545137
357.0 25.609315023575903 22.319197703958906
357.5 25.61150755622377 22.3198747927528
357.9999999999999 25.613726112629234 22.32055206128189
358.5 25.615869063470083 22.321231951789045
359.0 25.618030869657595 22.321905734040705
359.4999999999999 25.620211845107054 22.322593397674186
360.0 25.62237011739608 22.323268938670402
360.5 25.624557360478374 22.32395701339233
360.9999999999999 25.626705234141397 22.32463932994061
361.5 25.628878424616765 22.325325747219043
362.0 25.631026310880635 22.326011737591397
362.4999999999999 25.633184238503084 22.326709454495123
363.0 25.635386136954963 22.327393991353688
363.5 25.63749700534901 22.32809031993635
363.9999999999999 25.63964397580273 22.328775978185718
364.5 25.641796180664656 22.32947005116268
365.0 25.643938514453836 22.33016577461338
365.4999999999999 25.646115668664905 22.330862893252096
366.0 25.648216285682032 22.331557592311782
366.5 25.65034834822928 22.332256842482057
366.9999999999999 25.65249827555394 22.33295880888827
