FastTrWP/PhaseSpace/IAs/snIa_0.68_30.00_0.26_0.02.csv
# %ECSV 0.9
# ---
# datatype:
# - {name: time-rel, datatype: float64}
# - {name: g, datatype: float64}
# - {name: i, datatype: float64}
# schema: astropy-2.0
time-rel g i
[from data line 1443]
825.6458333333334 24.681422807997496 22.301175745055495
826.1458333333333 24.683214761382544 22.301650616354042
826.6458333333334 24.68496041941222 22.302135234667503
827.1458333333334 24.68675623534802 22.302620641508106
827.6458333333333 24.688517282687048 22.30310125558283
828.1458333333334 24.69031613950671 22.3035813067806
828.6458333333334 24.692103839671127 22.304076662345665
829.1458333333333 24.69388591695087 22.304565723169087
829.6458333333334 24.695671745140015 22.305061828900246
830.1458333333334 24.697460460559828 22.305548078031894
830.6458333333333 24.699241009214763 22.306044208995274
831.1458333333334 24.701037667555696 22.306540893288474
831.6458333333334 24.702815731819186 22.307039601866634
832.1458333333333 24.704630675300745 22.30753730838714
832.6458333333334 24.706422991550795 22.30803758327938
833.1458333333334 24.70821328117502 22.30854147921139
833.6458333333333 24.710012670544405 22.309047766844966
834.1458333333334 24.711808732949994 22.30955297492678
834.6458333333334 24.71361741878489 22.31005342294557
835.1458333333333 24.71542428765901 22.310562624082205
835.6458333333334 24.717227044976077 22.311076353615178
836.1458333333334 24.71902526892937 22.311581438922623
836.6458333333333 24.720823213081083 22.312095086132935
837.1458333333334 24.722639793105582 22.31261189526701
837.6458333333334 24.72445173327432 22.313123130289036
838.1458333333333 24.726248274255806 22.313637192901222
838.6458333333334 24.728066129955124 22.3141533139519
839.1458333333334 24.7298671687794 22.31467892571939
839.6458333333333 24.731676934356894 22.315199417704292
840.1458333333334 24.73348111901163 22.315711207426958
840.6458333333334 24.73531921725339 22.316240038811216
841.1458333333333 24.737127616433632 22.3167609354089
841.6458333333334 24.738942905104267 22.31727739513389
842.1458333333334 24.74077541722056 22.317812860590173
842.6458333333333 24.742590547657212 22.31833976261866
843.1458333333334 24.744415400439177 22.318861682492702
843.6458333333334 24.74621992462781 22.31939023544296
844.1458333333333 24.748023762242568 22.31992668517885
844.6458333333334 24.74985798784591 22.3204516485724
845.1458333333334 24.751670742468832 22.320982210761397
845.6458333333333 24.75349352930712 22.32151769615088
846.1458333333334 24.75532463497928 22.322047662070613
846.6458333333334 24.75713859687193 22.32258742112385
847.1458333333333 24.758949172218422 22.323119593045007
847.6458333333334 24.760782548583343 22.32365323411033
848.1458333333334 24.762615993504443 22.324194293691015
848.6458333333333 24.764427752762206 22.32473230835414
849.1458333333334 24.766256514281963 22.325266842758925
849.6458333333334 24.768064090184385 22.32580829654832
850.1458333333333 24.769887474517983 22.326349596804228
850.6458333333334 24.771721002700406 22.326893182376008
851.1458333333334 24.77353487993374 22.327435520892443
851.6458333333333 24.775376141189746 22.327972481572218
852.1458333333334 24.777179498401928 22.328516699139076
852.6458333333334 24.77899793234924 22.329062585963438
853.1458333333333 24.78082996152802 22.32961110053859
853.6458333333334 24.782650347337174 22.3301528134131
854.1458333333334 24.784469886746642 22.33069734222815
854.6458333333333 24.786282666705915 22.3312451351941
855.1458333333334 24.78809840032543 22.331792651149662
855.6458333333334 24.78992902465501 22.33233653631011
856.1458333333333 24.791754360336444 22.332888377359343
856.6458333333334 24.793559687979396 22.33343275158953
857.1458333333334 24.795382029647254 22.333983346847536
857.6458333333333 24.79720683750442 22.3345276243345
858.1458333333334 24.799006271501113 22.335083590483976
858.6458333333334 24.800819294387612 22.33562959509806
859.1458333333333 24.802646692922096 22.33618942263757
859.6458333333334 24.8044481994556 22.336738200098356
860.1458333333334 24.806280570095964 22.337296045519587
860.6458333333333 24.808108463534587 22.33784795977254
861.1458333333334 24.80993581920523 22.338408178613356
861.6458333333334 24.81171401424944 22.338960771821643
862.1458333333333 24.813554857159478 22.339525940464156
862.6458333333334 24.81535276058111 22.340079758931566
863.1458333333334 24.81717702822865 22.34064350474041
863.6458333333333 24.819006335294752 22.341211055399725
864.1458333333334 24.82081312188094 22.341771676429936
864.6458333333334 24.82262824086731 22.3423451715102
865.1458333333333 24.824468824894698 22.342908036987964
865.6458333333334 24.82628900276901 22.343476450133608
866.1458333333334 24.828121514178942 22.344045167430476
866.6458333333333 24.829931789411503 22.344610566832642
867.1458333333334 24.831766581895636 22.34518290320053
867.6458333333334 24.833585335571144 22.345754474631025
868.1458333333333 24.83539444696438 22.34633459553749
868.6458333333334 24.83722573799809 22.346904025373078
869.1458333333334 24.83906055983524 22.34747210847238
869.6458333333333 24.840858575670204 22.348056865233595
870.1458333333334 24.842709102620766 22.34863704835472
870.6458333333334 24.844510571981793 22.34921558911389
871.1458333333333 24.846358105772243 22.34979359527437
871.6458333333334 24.84815793260603 22.350372152561707
872.1458333333334 24.850004387477757 22.350956132515346
872.6458333333333 24.851823427372302 22.351544498724518
873.1458333333334 24.853645332065607 22.35211986261509
873.6458333333334 24.855470125537416 22.35271157481212
874.1458333333333 24.857295116242533 22.353295846560602
874.6458333333334 24.85912308051283 22.353880755726685
875.1458333333334 24.860953392945948 22.35447299127935
875.6458333333333 24.86277166219107 22.355058256736978
876.1458333333334 24.864595728734603 22.35565267469305
876.6458333333334 24.866443528068302 22.35624196051612
877.1458333333333 24.868254335530548 22.356837758716942
877.6458333333334 24.87008829402008 22.357431050775382
878.1458333333334 24.871903492464916 22.35801810141929
878.6458333333333 24.87373939931544 22.358616243582947
879.1458333333334 24.875559672495115 22.359218291427887
879.6458333333334 24.87738423081179 22.359812567314776
880.1458333333333 24.879224856645102 22.36041376052593
880.6458333333334 24.88103444182216 22.361016140347154
881.1458333333334 24.882881910206983 22.361613259793472
881.6458333333333 24.884722404617836 22.36221415226581
882.1458333333334 24.886539471352993 22.36281717810293
882.6458333333334 24.888374412795567 22.363415964191255
883.1458333333333 24.890191397354716 22.364021618121463
883.6458333333334 24.891999255679046 22.364622858298084
884.1458333333334 24.89384468880526 22.365229433333074
884.6458333333333 24.89567728122358 22.365837955233616
885.1458333333334 24.897509915520605 22.366444882332488
885.6458333333334 24.89935774451405 22.367055208959098
886.1458333333333 24.901155178202465 22.367659966625354
886.6458333333334 24.902988786282478 22.368267865243006
887.1458333333334 24.904838136309408 22.368882377819595
887.6458333333333 24.906648396935417 22.36949212326924
888.1458333333334 24.908481420716377 22.370107465438437
888.6458333333334 24.91031325633059 22.37072237038657
889.1458333333333 24.91214054669152 22.371336406248368
889.6458333333334 24.91395822133313 22.3719507765051
890.1458333333334 24.91578947453074 22.37256455678802
890.6458333333333 24.917616685058967 22.37318641026643
891.1458333333334 24.91944463534406 22.373800140848186
891.6458333333334 24.92126236554871 22.374413287985814
892.1458333333333 24.923112690171877 22.37504041301953
892.6458333333334 24.924953904315355 22.375657750888045
893.1458333333334 24.926775790232476 22.376274099385988
893.6458333333333 24.928582176881193 22.376897849288937
894.1458333333334 24.930424607030332 22.377519929381286
894.6458333333334 24.93226365407736 22.378146069663664
895.1458333333333 24.93405573039269 22.378761930278728
895.6458333333334 24.935901385251075 22.379391232882064
896.1458333333334 24.937737238794636 22.380015573538188
896.6458333333333 24.939537159589406 22.38063692901548
897.1458333333334 24.941383690913057 22.38126726785427
897.6458333333334 24.943193722143754 22.38189285428252
898.1458333333333 24.945024935619475 22.382523159972173
898.6458333333334 24.946850147331574 22.383148723922503
899.1458333333334 24.94868056831215 22.383781877555684
899.6458333333333 24.950500597097015 22.38440835718121
900.1458333333334 24.95233392791071 22.385040026493705
900.6458333333334 24.95415747167756 22.38567363635535
901.1458333333333 24.955974940685625 22.386305589750894
901.6458333333334 24.957787482812858 22.386943994259592
902.1458333333334 24.959595060795433 22.387578924415884
902.6458333333333 24.961435790219614 22.388218054760983
903.1458333333334 24.963260229318145 22.388853509494766
903.6458333333334 24.965081082310427 22.389492531509475
904.1458333333333 24.966879148839553 22.390134506588858
904.6458333333334 24.968723343452133 22.390768335812965
905.1458333333334 24.970536367576692 22.39141557715191
905.6458333333333 24.972347690459227 22.392048756846027
906.1458333333334 24.97416165077224 22.39268885539273
906.6458333333334 24.975991465836866 22.39333165307603
907.1458333333333 24.977812867618866 22.393988515736712
907.6458333333334 24.97962529992285 22.394627111308804
908.1458333333334 24.98143234888163 22.395281062472613
908.6458333333333 24.983260788254995 22.395928970933625
909.1458333333334 24.985077512192092 22.396574810469833
909.6458333333334 24.986888392987332 22.397226582421467
910.1458333333333 24.98869489665897 22.397871208889217
910.6458333333334 24.99051378334455 22.39852956501419
911.1458333333334 24.99234874611503 22.39917459124378
911.6458333333333 24.994147424057545 22.399833328554525
912.1458333333334 24.99597113138718 22.400484038424455
912.6458333333334 24.997763724070893 22.40113858012172
913.1458333333333 24.999586797901756 22.401799892035594
913.6458333333334 25.00139616398867 22.40245884717849
914.1458333333334 25.003220256361463 22.403111809035977
914.6458333333333 25.005010376646982 22.403773105801086
915.1458333333334 25.006867376342875 22.404437589461537
915.6458333333334 25.0086495631145 22.405094145584606
916.1458333333333 25.010459937459807 22.405758494455107
916.6458333333334 25.01229130139445 22.406416341604462
917.1458333333334 25.014080028679654 22.407087146038837
917.6458333333333 25.015900589993723 22.407748634495427
918.1458333333334 25.0177001697587 22.408413634527452
918.6458333333334 25.019520778305996 22.409084397109865
919.1458333333333 25.021326467051928 22.409753469773047
919.6458333333334 25.02315813726174 22.41041747330144
920.1458333333334 25.024951095967243 22.411085467691166
920.6458333333333 25.026771361005128 22.411762406056543
921.1458333333334 25.0285733483298 22.412428470387262
921.6458333333334 25.030400852395275 22.413105042116616
922.1458333333333 25.03219525996449 22.413776239530048
922.6458333333334 25.034008823155375 22.414447807656273
923.1458333333334 25.03581292389129 22.415123380085504
923.6458333333333 25.037619313298272 22.415798045696143
924.1458333333334 25.03942308029989 22.41648112048408
924.6458333333334 25.041239465512078 22.41716114721627
925.1458333333333 25.043040353038457 22.41783756086301
925.6458333333334 25.044839871395425 22.41851506472178
926.1458333333334 25.046668099971296 22.419194914762905
926.6458333333333 25.048465972418107 22.41988141123723
927.1458333333334 25.050265504687697 22.420560287468206
927.6458333333334 25.052093382824676 22.421244443386314
928.1458333333333 25.053894664574376 22.421923810751665
928.6458333333334 25.055714954284227 22.422616679061363
929.1458333333334 25.05749617628514 22.423306159774476
929.6458333333333 25.059302108696887 22.4239896110606
930.1458333333334 25.061120205483025 22.42467881489279
930.6458333333334 25.0629170875095 22.42536902977587
931.1458333333333 25.064730427023395 22.42606395579218
931.6458333333334 25.066526583937055 22.426748926423357
932.1458333333334 25.06837026003045 22.4274393754732
932.6458333333333 25.070150294137413 22.42813479159452
933.1458333333334 25.071966646421508 22.42882665049491
933.6458333333334 25.073785756118365 22.42952582388189
934.1458333333333 25.075568877383088 22.430224119589305
934.6458333333334 25.077375136702695 22.43091975309387
935.1458333333334 25.07918282364016 22.431618173711826
935.6458333333333 25.080989948489687 22.432315527186432
936.1458333333334 25.08281276717839 22.433013138394987
936.6458333333334 25.084610035852023 22.43371233052052
937.1458333333333 25.086427846106318 22.434416843423037
937.6458333333334 25.088235246726104 22.435117160247966
938.1458333333334 25.090025359336025 22.43582156565679
938.6458333333333 25.091849916978056 22.43652945566785
939.1458333333334 25.09364212423413 22.43722833532025
939.6458333333334 25.09545234354093 22.43793912317171
940.1458333333333 25.09727437151868 22.43864593125343
940.6458333333334 25.099069479612 22.439351341595582
941.1458333333334 25.10087560292949 22.44005822501125
941.6458333333333 25.102670710756698 22.44077416616177
942.1458333333334 25.104486193674038 22.441486039150178
942.6458333333334 25.1063075602061 22.442192756716235
943.1458333333333 25.108107034361584 22.44290832279459
943.6458333333334 25.109875271005425 22.44362081036417
944.1458333333334 25.111685040392842 22.444345193296904
944.6458333333333 25.11348722677965 22.44505363285469
945.1458333333334 25.115292110316854 22.445770331222022
945.6458333333334 25.117090136870893 22.446490316606997
946.1458333333333 25.118874380364076 22.44721604293002
946.6458333333334 25.120684014525715 22.447930583001593
947.1458333333334 25.122456073636243 22.448652143780787
947.6458333333333 25.124270346490206 22.449372482779086
948.1458333333334 25.126069302705794 22.45009432773387
948.6458333333334 25.127879705069248 22.450820362170173
949.1458333333333 25.129661269299266 22.45154620725286
949.6458333333334 25.131452703113958 22.452276101319782
950.1458333333334 25.13325288551412 22.45300295100096
950.6458333333333 25.13503786989071 22.453725700523858
951.1458333333334 25.13684378416852 22.45445749036105
951.6458333333334 25.13863033855018 22.455191456256234
952.1458333333333 25.14042652783292 22.455925062496362
952.6458333333334 25.14221656455184 22.456656499763774
953.1458333333334 25.14399497363482 22.45738368781617
953.6458333333333 25.14581751993407 22.45812677650107
954.1458333333334 25.147599726461927 22.458858861103558
954.6458333333334 25.149376854613884 22.459593842419157
955.1458333333333 25.151151953045062 22.460333153530804
955.6458333333334 25.15295965039497 22.4610673076107
956.1458333333334 25.15474636450903 22.461824957792768
956.6458333333333 25.156561669664427 22.462549821753242
957.1458333333334 25.1583211223104 22.46329386071133
957.6458333333334 25.16010055975152 22.464033258635276
958.1458333333333 25.161911957347076 22.464782893772043
958.6458333333334 25.163699982246307 22.465530751361236
959.1458333333334 25.16549893452082 22.46627662174678
959.6458333333333 25.16725111484194 22.467012948948746
960.1458333333334 25.169030702730225 22.467763902398392
960.6458333333334 25.170806708326833 22.468522080911058
961.1458333333333 25.172609346152512 22.469263361363353
961.6458333333334 25.17440190094964 22.47002016920346
962.1458333333334 25.17620277773636 22.470776074264567
962.6458333333333 25.177964111319582 22.47151850381406
963.1458333333334 25.17976799735939 22.47227749433216
963.6458333333334 25.181554282431385 22.473033038794842
964.1458333333333 25.18332185390179 22.47378753668722
964.6458333333334 25.185101330673085 22.474543199405353
965.1458333333334 25.186886989665837 22.475304541078707
965.6458333333333 25.188674042947557 22.476067113675178
966.1458333333334 25.190459016311934 22.4768233519946
966.6458333333334 25.192218792934618 22.477590507272502
967.1458333333333 25.194016702012256 22.47834479179285
967.6458333333334 25.195781418949586 22.479113592613274
968.1458333333334 25.197560791345943 22.47987815831594
968.6458333333333 25.19936143036636 22.480647211807515
969.1458333333334 25.201144444872025 22.48141331776906
969.6458333333334 25.20291234415665 22.48217679671805
