FastTrWP/PhaseSpace/IAs/snIa_0.39_30.00_-0.76_-0.15.csv
# %ECSV 0.9
# ---
# datatype:
# - {name: time-rel, datatype: float64}
# - {name: g, datatype: float64}
# - {name: i, datatype: float64}
# schema: astropy-2.0
time-rel g i
[from data line 867]
641.9166666666666 22.83787420989137 22.663951292191086
642.4166666666666 22.838202268160558 22.663359176946962
642.9166666666666 22.838547068903598 22.662778453570894
643.4166666666666 22.838893311830905 22.66219526520147
643.9166666666666 22.839238978450386 22.661618157280323
644.4166666666666 22.83959471908471 22.66105453360598
644.9166666666666 22.839955130725205 22.660476136834955
645.4166666666666 22.840318744950515 22.659909793596643
645.9166666666666 22.840691624224046 22.65934246399111
646.4166666666666 22.841069926198536 22.658782394714343
646.9166666666666 22.841455866801557 22.658224745955874
647.4166666666666 22.84184882225326 22.657675695195906
647.9166666666666 22.842245667448168 22.657118908234196
648.4166666666666 22.842642948253363 22.65657196992359
648.9166666666666 22.843050908736156 22.656021520163705
649.4166666666666 22.84346138304823 22.65547152536989
649.9166666666666 22.843885704507485 22.654942771729377
650.4166666666666 22.84430363537053 22.65439867096077
650.9166666666666 22.844740698591075 22.65386607119857
651.4166666666666 22.845171867960477 22.653336398587385
651.9166666666666 22.84562029709141 22.65280704383485
652.4166666666666 22.84605962832591 22.652287707782595
652.9166666666666 22.84650742704003 22.651759651558166
653.4166666666666 22.846976150503778 22.65124788055624
653.9166666666666 22.847442673317158 22.650718499284196
654.4166666666666 22.847906751392575 22.650208195696507
654.9166666666666 22.84838989607747 22.649702800580993
655.4166666666666 22.848873304759646 22.649198114111023
655.9166666666666 22.849361590296482 22.64869629214255
656.4166666666666 22.84985443587344 22.648193906967826
656.9166666666666 22.85035911012922 22.647692141521315
657.4166666666666 22.850863559320796 22.647199870985734
657.9166666666666 22.851370823943377 22.646707458360645
658.4166666666666 22.85189561191432 22.64622332367931
658.9166666666666 22.852423484115214 22.645735371342592
659.4166666666666 22.85295188256012 22.64526698000084
659.9166666666666 22.853483274021578 22.64478364557775
660.4166666666666 22.85403634951088 22.644307317882223
660.9166666666666 22.85458043780055 22.643835710687767
661.4166666666666 22.855155061392924 22.64336016852547
661.9166666666666 22.855718480814446 22.642901486512713
662.4166666666666 22.856293967890924 22.642432816871505
662.9166666666666 22.85688136462468 22.64196615889177
663.4166666666666 22.857470582055946 22.6415092616114
663.9166666666666 22.858073747914666 22.641054562944515
664.4166666666666 22.858683811202525 22.640602535863998
664.9166666666666 22.85929829649277 22.640152963504644
665.4166666666666 22.859914767036173 22.639712834085103
665.9166666666666 22.86055351990829 22.639270990365354
666.4166666666666 22.861181970581505 22.63882831633756
666.9166666666666 22.861828102255984 22.638391704611855
667.4166666666666 22.862486802722085 22.637949404863264
667.9166666666666 22.863142510304037 22.637523625034397
668.4166666666666 22.863812454216546 22.63709915912914
668.9166666666666 22.86448535486645 22.636661006105783
669.4166666666666 22.865160820343846 22.636242685441502
669.9166666666666 22.86584237282893 22.635815229116506
670.4166666666666 22.86654497192221 22.63540194147227
670.9166666666666 22.867249239640543 22.634984947254843
671.4166666666666 22.86794897041309 22.634572742907583
671.9166666666666 22.868660962554234 22.634165371386786
672.4166666666666 22.869373847234 22.633756495416016
672.9166666666666 22.870094968700588 22.63335652456542
673.4166666666666 22.87082247226307 22.632951130759047
673.9166666666666 22.871568517165443 22.6325502150939
674.4166666666666 22.872296365564534 22.632148875195284
674.9166666666666 22.873042565517196 22.631773828519478
675.4166666666666 22.873798455448608 22.631381238809908
675.9166666666666 22.87455443418352 22.630989833399443
676.4166666666666 22.875309481990783 22.630611216799732
676.9166666666666 22.876086495183465 22.630232656659764
677.4166666666666 22.876852759193923 22.629847679129757
677.9166666666666 22.877628184238773 22.62947700117897
678.4166666666666 22.87840698656221 22.629105945428645
678.9166666666666 22.87919315483867 22.62873513751709
679.4166666666666 22.879985202874302 22.628361520708733
679.9166666666666 22.88078317579266 22.628000249357868
680.4166666666666 22.881586696634066 22.627646785256896
680.9166666666666 22.882384612832944 22.62728407648457
681.4166666666666 22.883194295970082 22.626924525699973
681.9166666666666 22.884009372209494 22.62658227927705
682.4166666666666 22.8848162686095 22.626220196472563
682.9166666666666 22.88563982819117 22.62587992298939
683.4166666666666 22.886465230817166 22.62554250375894
683.9166666666666 22.88729004586739 22.625205970725716
684.4166666666666 22.888111478455468 22.624861507760595
684.9166666666666 22.888954850916665 22.624524108786687
685.4166666666666 22.889790356021834 22.62419552775662
685.9166666666666 22.890630200576364 22.623867411459536
686.4166666666666 22.89147369253272 22.62354404319616
686.9166666666666 22.89232034561074 22.623215882170356
687.4166666666666 22.89317512024877 22.622895753974728
687.9166666666666 22.89401955471909 22.62258831755186
688.4166666666666 22.894883373751078 22.62227325140364
688.9166666666666 22.895731569164738 22.6219551400435
689.4166666666666 22.896586798246148 22.62165589757697
689.9166666666666 22.897452798431182 22.621341361198603
690.4166666666666 22.898317555582523 22.62104411667152
690.9166666666666 22.899186464259955 22.620739499987558
691.4166666666666 22.90004583572862 22.62044848770724
691.9166666666666 22.900923412852663 22.620159131924446
692.4166666666666 22.90178176541414 22.619857454837813
692.9166666666666 22.902665443237304 22.619575348045423
