FastTrWP/PhaseSpace/IAs/snIa_0.57_30.00_-1.03_-0.05.csv
# %ECSV 0.9
# ---
# datatype:
# - {name: time-rel, datatype: float64}
# - {name: g, datatype: float64}
# - {name: i, datatype: float64}
# schema: astropy-2.0
time-rel g i
[from data line 1446]
912.0833333333334 24.568632743194488 22.48270383674435
912.5833333333334 24.57078789092753 22.483263192140637
913.0833333333333 24.57295706300819 22.48383449948344
913.5833333333334 24.575112766851888 22.48439663047277
914.0833333333334 24.57725241278654 22.484967253710217
914.5833333333333 24.579384965960962 22.485530971440568
915.0833333333334 24.581526598377156 22.486102533795478
915.5833333333334 24.58368002297362 22.48667338900568
916.0833333333333 24.58581186049202 22.487241068080518
916.5833333333334 24.587921344986587 22.487817466462793
917.0833333333334 24.59006343559933 22.48838150798875
917.5833333333333 24.592192901492606 22.488957200525764
918.0833333333334 24.59432955037475 22.48952530157506
918.5833333333334 24.596456987177287 22.49010067697675
919.0833333333333 24.598564992106326 22.490671625618273
919.5833333333334 24.600687342194615 22.49124949673721
920.0833333333334 24.602807642930063 22.491823978399456
920.5833333333333 24.604905981649367 22.492407214824077
921.0833333333334 24.607020206056355 22.492978517184138
921.5833333333334 24.609135149080885 22.49355267651022
922.0833333333333 24.611241850751565 22.494137904978828
922.5833333333334 24.613336698433585 22.494708388070602
923.0833333333334 24.615441085690914 22.49529218949799
923.5833333333333 24.617538986315516 22.495878835394013
924.0833333333334 24.619622345196323 22.496458457818914
924.5833333333334 24.62172358068246 22.497040845213107
925.0833333333333 24.623812013078265 22.497621166408315
925.5833333333334 24.625895561292698 22.498208235568757
926.0833333333334 24.627961568724437 22.49878577302823
926.5833333333333 24.63004102829793 22.49937161011364
927.0833333333334 24.63210098569728 22.499958514714834
927.5833333333334 24.63417213046984 22.500546919350906
928.0833333333333 24.636225559658143 22.50113538310903
928.5833333333334 24.63827486011056 22.50172477177262
929.0833333333334 24.64034925873298 22.502314731403427
929.5833333333333 24.642397429070357 22.502903896583902
930.0833333333334 24.64443187035718 22.50349057668299
930.5833333333334 24.646474926513022 22.504091563224332
931.0833333333333 24.648533361457687 22.50467694124363
931.5833333333334 24.650555475727 22.505268922375524
932.0833333333334 24.65257618782595 22.505869076361257
932.5833333333333 24.65459245725146 22.506458017786485
933.0833333333334 24.656617979179853 22.50705524587247
933.5833333333334 24.658648222006605 22.507652941584002
934.0833333333333 24.66066952841731 22.508253885611648
934.5833333333334 24.66266911804558 22.508853180723523
935.0833333333334 24.664686369532966 22.509446801257155
935.5833333333333 24.666677740433663 22.510047572059186
936.0833333333334 24.668686490925328 22.51064925025628
936.5833333333334 24.670672060286183 22.51125081330587
937.0833333333333 24.67267187486241 22.511847047710702
937.5833333333334 24.674634177854404 22.512456343220016
938.0833333333334 24.676646303535907 22.513057602455863
938.5833333333333 24.678623578387867 22.51366050281243
939.0833333333334 24.68060494882602 22.51426352882085
939.5833333333334 24.682568232741882 22.514873013124298
940.0833333333333 24.684530452892073 22.515468221325957
940.5833333333334 24.686485125533313 22.51608677999481
941.0833333333334 24.688471144993272 22.51668739961477
941.5833333333333 24.690414726773962 22.51729743645679
942.0833333333334 24.692383825772957 22.517915834517467
942.5833333333334 24.694336584033604 22.518525131615206
943.0833333333333 24.696257455053715 22.519131159118686
943.5833333333334 24.69821744696771 22.519744873280164
944.0833333333334 24.700158325837315 22.520358999398688
944.5833333333333 24.70207956558326 22.52097058398284
945.0833333333334 24.70400138175431 22.521588810998274
945.5833333333334 24.705951664476075 22.522207823353902
946.0833333333333 24.707861007523174 22.52281990899984
946.5833333333334 24.70977757976526 22.523429224793865
947.0833333333334 24.711679009598335 22.52404598955018
947.5833333333333 24.713608136279653 22.524670033036458
948.0833333333334 24.715527722214652 22.52529221356663
948.5833333333334 24.71741944401687 22.525907140941097
949.0833333333333 24.719327813279392 22.52652824898885
949.5833333333334 24.72120737528072 22.527149040107183
950.0833333333334 24.72310424301166 22.5277759267415
950.5833333333333 24.724986898172983 22.52839567116382
951.0833333333334 24.72689258962726 22.529019689697925
951.5833333333334 24.72876150233994 22.529640198377518
952.0833333333333 24.730670865163198 22.530273909749624
952.5833333333334 24.732531825456473 22.530894599634443
953.0833333333334 24.73440393212666 22.531525161409327
953.5833333333333 24.736244427253865 22.532152146938856
954.0833333333334 24.73812530856562 22.53278426902234
954.5833333333334 24.739982176332063 22.533415570863088
955.0833333333333 24.741836625598804 22.534037708051788
955.5833333333334 24.743698887973757 22.534673177539517
956.0833333333334 24.74556735565631 22.535307993526374
956.5833333333333 24.747384688202967 22.53593665297259
957.0833333333334 24.749241406479427 22.53657314857668
957.5833333333334 24.751066043603544 22.537203835509736
958.0833333333333 24.75290693110498 22.537845802739973
958.5833333333334 24.754743531656906 22.538479185971482
959.0833333333334 24.756593054072255 22.539118885465776
959.5833333333333 24.758386293724122 22.539755953117456
960.0833333333334 24.760213934429963 22.54038214120744
960.5833333333334 24.76202361932804 22.541026207334358
961.0833333333333 24.763852860770573 22.54166729071551
961.5833333333334 24.7656572112623 22.54231330181911
962.0833333333334 24.76742449159783 22.54295768949982
962.5833333333333 24.769212609712874 22.543604678489785
963.0833333333334 24.770981507367114 22.544241062334596
963.5833333333334 24.77273727204819 22.544887867694534
964.0833333333333 24.774505005083384 22.545537039454405
964.5833333333334 24.776226669255465 22.546180232912416
965.0833333333334 24.777977683385682 22.546823997278523
965.5833333333333 24.779692818836683 22.54747908463793
966.0833333333334 24.781436541608585 22.548127062467444
966.5833333333334 24.783149243608204 22.548785875977956
967.0833333333333 24.784843845465858 22.54942920502074
967.5833333333334 24.786537558537866 22.55008730255682
968.0833333333334 24.788237483367954 22.550734247666803
968.5833333333333 24.789926252150956 22.55139029726665
969.0833333333334 24.79161138860574 22.552047679129945
969.5833333333334 24.793277736995996 22.552701561074933
970.0833333333333 24.794936933709806 22.553362426719712
970.5833333333334 24.79661559228143 22.554021770357004
971.0833333333334 24.79825958822888 22.554680405313388
971.5833333333333 24.799910741830764 22.555334639639465
972.0833333333334 24.801560524350073 22.555995802495453
972.5833333333334 24.803203083224602 22.556657461623374
973.0833333333333 24.804837632487203 22.557325287931306
973.5833333333334 24.80645117672646 22.557988883196302
974.0833333333334 24.808072050543824 22.558640553595648
974.5833333333333 24.80968978427125 22.559311053466168
975.0833333333334 24.811301822525383 22.55997905727898
975.5833333333334 24.81291891326493 22.56064879824929
976.0833333333333 24.814526685692577 22.561311421304158
976.5833333333334 24.816115163124636 22.561985898596923
977.0833333333334 24.817727858047228 22.56265186464539
977.5833333333333 24.819347391701626 22.56332222308348
978.0833333333334 24.82092832923781 22.563994911861087
978.5833333333334 24.822498883240822 22.564666976628466
979.0833333333333 24.82410433920983 22.56533773393713
979.5833333333334 24.825677186201126 22.566009549056865
980.0833333333334 24.827256557700114 22.56668090914131
980.5833333333333 24.828807268548573 22.567357187942683
981.0833333333334 24.830403131203585 22.568036578681813
981.5833333333334 24.832007754253823 22.56871198643274
982.0833333333333 24.8335488388619 22.569387745114945
982.5833333333334 24.835137175895245 22.570066706707713
983.0833333333334 24.83671910066111 22.570749652256627
983.5833333333333 24.838278048430425 22.571422013896
984.0833333333334 24.839846545042512 22.572102200143476
984.5833333333334 24.84141258228901 22.572779293192447
985.0833333333333 24.84297032623568 22.573475160380458
985.5833333333334 24.844542077595527 22.574150578378816
986.0833333333334 24.84610570276668 22.574835173411927
986.5833333333333 24.847668192646076 22.575513830297155
987.0833333333334 24.849250992152818 22.576205239584176
987.5833333333334 24.85080133284214 22.576883660265747
988.0833333333333 24.852388441668197 22.57757192779533
988.5833333333334 24.85394802373053 22.578251505095466
989.0833333333334 24.855510256152847 22.578948721730335
989.5833333333333 24.857087930767705 22.579633015492334
990.0833333333334 24.858652911637687 22.580316674333467
990.5833333333334 24.860238128381205 22.58101539437454
991.0833333333333 24.861834484733798 22.581701967848492
991.5833333333334 24.863404828304986 22.58238834857499
992.0833333333334 24.86497916639657 22.58307943114275
992.5833333333333 24.866576860093303 22.583777657838358
993.0833333333334 24.868155401007353 22.58447279171707
993.5833333333334 24.86973242893709 22.58515722133933
994.0833333333333 24.8713393167434 22.585855125268868
994.5833333333334 24.872943104507375 22.586551744881355
995.0833333333334 24.87455727446879 22.587241276626465
995.5833333333333 24.876169354961647 22.587945927899405
996.0833333333334 24.87777200512186 22.588639077490058
996.5833333333334 24.879391608961395 22.589329170242358
997.0833333333333 24.881006715545723 22.59003257263251
997.5833333333334 24.88262181284222 22.59073457542362
998.0833333333334 24.884253049086553 22.591436734409854
998.5833333333333 24.885873223114594 22.592131819911128
999.0833333333334 24.887504458881274 22.59283093443083
999.5833333333334 24.88913088048232 22.593528116557774
1000.0833333333333 24.890719968707394 22.59424152079142
1000.5833333333334 24.892313372500166 22.59494100090903
1001.0833333333334 24.89394934412962 22.595641095576767
1001.5833333333334 24.89556801505996 22.596344988063038
1002.0833333333334 24.897154036805873 22.597050512645733
1002.5833333333334 24.89875955065916 22.597761933392775
1003.0833333333334 24.900349539386436 22.598462624183192
1003.5833333333334 24.90196154903788 22.599174993878485
1004.0833333333334 24.903538188864655 22.59988209763271
1004.5833333333334 24.905149861435287 22.600587862596385
1005.0833333333334 24.9067136396088 22.60131083173008
1005.5833333333334 24.908328087526673 22.602017925422725
1006.0833333333334 24.909893598386162 22.602730261868203
1006.5833333333334 24.911517314282957 22.603446662905554
1007.0833333333334 24.913072184792803 22.604151647548374
1007.5833333333334 24.9146597974961 22.60486572006244
1008.0833333333334 24.916217233192235 22.60558037557082
1008.5833333333334 24.917808385599635 22.6062982592436
1009.0833333333334 24.91939435793109 22.607015062291463
1009.5833333333334 24.9209531487338 22.60773256897382
1010.0833333333334 24.92255590801888 22.608455461350232
1010.5833333333334 24.924118161297237 22.609167927318943
1011.0833333333334 24.925692711693163 22.609895527178985
1011.5833333333334 24.927270219266813 22.610611470630086
1012.0833333333334 24.92885325242591 22.61133605077447
1012.5833333333334 24.93041463562944 22.61205608022577
1013.0833333333334 24.931987285643757 22.612779507313565
1013.5833333333334 24.933570363061264 22.613506210774702
1014.0833333333334 24.935133318852742 22.614225147931695
1014.5833333333334 24.936724762715738 22.61495317504163
1015.0833333333334 24.938311009638596 22.61568773727291
1015.5833333333334 24.939886001458742 22.6164018223205
1016.0833333333334 24.941459106223128 22.617132318698935
1016.5833333333334 24.943041566424835 22.617865175983884
1017.0833333333334 24.944616015720108 22.61859032098154
1017.5833333333334 24.946220789385258 22.61932308976842
1018.0833333333334 24.94780564160076 22.62005456135976
1018.5833333333334 24.94937199964445 22.620790522847773
1019.0833333333334 24.950982482969472 22.62151558884577
1019.5833333333334 24.952581784791803 22.622249447382895
1020.0833333333334 24.954157440764845 22.622991729562358
1020.5833333333334 24.955768112825805 22.62372005561405
1021.0833333333334 24.957352931209012 22.624450153621112
1021.5833333333334 24.958989779070492 22.625192150087138
1022.0833333333334 24.960568301342292 22.625928275435648
1022.5833333333334 24.962183005264237 22.626660952837273
1023.0833333333334 24.96380330018955 22.62741078781977
1023.5833333333334 24.965417436277836 22.62815029242403
1024.0833333333333 24.96701806421266 22.628883819417254
1024.5833333333333 24.96868233489527 22.62962311495121
1025.0833333333333 24.970276374673364 22.630371881875973
1025.5833333333333 24.97190344276483 22.631108964227455
1026.0833333333333 24.973554172042057 22.631854323177407
1026.5833333333333 24.975182956850638 22.63259464946338
1027.0833333333333 24.976830390800817 22.633344473081785
1027.5833333333333 24.978497438923114 22.63408551166636
1028.0833333333333 24.980132326142602 22.63482743767082
1028.5833333333333 24.981783910656027 22.63557857102759
1029.0833333333333 24.983450262619904 22.636331939367686
1029.5833333333333 24.985131823882327 22.637078947602074
1030.0833333333333 24.986807373197696 22.637821151191098
1030.5833333333333 24.988483821975255 22.638567904400126
1031.0833333333333 24.99017983206787 22.639324803717166
1031.5833333333333 24.99188175981084 22.640070861042165
1032.0833333333333 24.993570644620902 22.640828941892526
1032.5833333333333 24.995276341541285 22.64158088093343
1033.0833333333333 24.99698805099662 22.642333403502803
1033.5833333333333 24.998719367820552 22.643085994594152
1034.0833333333333 25.000432726545718 22.643840495577802
1034.5833333333333 25.00215621856043 22.64460360836681
1035.0833333333333 25.003916815238398 22.645353329291126
1035.5833333333333 25.005649353551924 22.646110616609008
1036.0833333333333 25.00743425034853 22.646873100500514
1036.5833333333333 25.009160417595485 22.64762704054027
1037.0833333333333 25.010943606946206 22.648389964968665
1037.5833333333333 25.012691114235324 22.649149674741082
1038.0833333333333 25.014448319891663 22.649908564592693
1038.5833333333333 25.016222052590376 22.650668946386592
1039.0833333333333 25.018009778611578 22.651424932813924
1039.5833333333333 25.01975995665548 22.652199246959192
1040.0833333333333 25.021558225092576 22.652953567694656
1040.5833333333333 25.0233338379495 22.65372586360538
1041.0833333333333 25.025114039616025 22.654491620795202
1041.5833333333333 25.026918581133273 22.655255870783
1042.0833333333333 25.028713574217175 22.656029670920645
1042.5833333333333 25.030521732839194 22.656790434373413
1043.0833333333333 25.032305927307732 22.65755507091142
1043.5833333333333 25.034110678975733 22.658328026358703
1044.0833333333333 25.03592629485108 22.659097092621533
1044.5833333333333 25.037741955501044 22.65986635587081
1045.0833333333333 25.039559970702683 22.660636710518126
1045.5833333333333 25.041385497847806 22.661415494764668
1046.0833333333333 25.043225820397854 22.66218679578789
1046.5833333333333 25.04502706059374 22.66295606691985
1047.0833333333333 25.04686302858438 22.663727248693778
1047.5833333333333 25.048729362791896 22.664508327271985
1048.0833333333333 25.05055076637494 22.665282733083227
1048.5833333333333 25.052391009229268 22.666056314079356
1049.0833333333333 25.054274426722642 22.66683524995694
1049.5833333333333 25.05611142142088 22.667616735205932
1050.0833333333333 25.057978965563805 22.668390699677758
1050.5833333333333 25.059838656689056 22.66917247612746
1051.0833333333333 25.06171756162551 22.669959898532298
1051.5833333333333 25.063576161119236 22.67074198961693
1052.0833333333333 25.06545102544999 22.67152181113479
1052.5833333333333 25.067325220695025 22.672305392634044
1053.0833333333333 25.069226697730006 22.673097856145418
1053.5833333333333 25.07109796793848 22.67388106101608
1054.0833333333333 25.07301343346297 22.674658012152364
1054.5833333333333 25.074903174322188 22.675451495133206
