FastTrWP/PhaseSpace/IAs/snIa_0.42_30.00_0.24_0.06.csv
# %ECSV 0.9
# ---
# datatype:
# - {name: time-rel, datatype: float64}
# - {name: g, datatype: float64}
# - {name: i, datatype: float64}
# schema: astropy-2.0
time-rel g i
[from data line 1770]
472.5 24.43644837397208 22.674114011761695
473.0 24.438310151316234 22.67504569010026
473.5 24.440184324508 22.675986525305753
474.0 24.442061732370806 22.676916917380797
474.5 24.44392561519171 22.67784990532066
475.0 24.445800406445805 22.678782397227014
475.5 24.447665559171444 22.67971742562431
476.0 24.44952275760332 22.68065662069214
476.5 24.451412795351878 22.681602029808708
477.0 24.453279400967514 22.682538109342197
477.5 24.45517976480763 22.68347714224649
478.0 24.457042870917377 22.684407427347224
478.5 24.45892862938047 22.685356863217713
479.0 24.460819166858254 22.68630377922227
479.5 24.462707755572065 22.687243093870887
480.0 24.46457931273931 22.688195708372646
480.5 24.466482851698757 22.68913421088257
481.0 24.468370152691904 22.69008077738837
481.5 24.470246752751645 22.691031593681032
482.0 24.47214501694234 22.6919728229306
482.5 24.474026316386567 22.69292716713732
483.0 24.475934861567374 22.693880327576377
483.5 24.477818100421757 22.694833405862344
484.0 24.479711759733135 22.69578964965181
484.5 24.481605561240507 22.696732469982454
485.0 24.483509918789427 22.69768875617285
485.5 24.485403139189902 22.698638970704383
486.0 24.48730413024869 22.699599222846505
486.5 24.489211589308248 22.70056137027385
487.0 24.491112844146265 22.701522459889514
487.5 24.4930108055814 22.702479819710323
488.0 24.49493328355878 22.70343533483515
488.5 24.496847116009214 22.70440478193183
489.0 24.49873451449458 22.70536129755259
489.5 24.500635171568845 22.7063223697364
490.0 24.502577102674813 22.707282902723193
490.5 24.504491014991444 22.70824800346754
491.0 24.506385097540623 22.70921623251226
491.5 24.508293733040954 22.710181171343958
492.0 24.510232342104807 22.71115686238568
492.5 24.51214685730936 22.71211778411596
493.0 24.514070022938355 22.71308726099217
493.5 24.51598856609416 22.714057969615183
494.0 24.517907920286213 22.71503104792833
494.5 24.519834343309096 22.716000962483175
495.0 24.52177806397518 22.71698269011401
495.5 24.523682019884653 22.717950308696274
496.0 24.525632930326744 22.71893052809262
496.5 24.527543638469638 22.719895365992464
497.0 24.529465213903883 22.720871815434247
497.5 24.531417542397243 22.721853142026482
498.0 24.533362875250127 22.72282862353807
498.5 24.535288337761273 22.72381055250694
499.0 24.53723049940581 22.72479060448375
499.5 24.539169499592802 22.72577178977817
500.0 24.54110011593818 22.726749950523804
500.5 24.543049606316938 22.727742635059126
501.0 24.544993951437263 22.72871777411843
501.5 24.54693408836235 22.729696763977113
502.0 24.548892041812937 22.730690718941162
502.5 24.550822201329293 22.731675882665854
503.0 24.5527764631442 22.732665711261852
503.5 24.554730639649016 22.733651969005628
504.0 24.55667418584422 22.73463540574364
504.5 24.558633288054693 22.735633541742587
505.0 24.560592399445955 22.73661902399472
505.5 24.562540605997864 22.73761148711419
506.0 24.56451242823198 22.73860338747495
506.5 24.566492601525045 22.739600193507933
507.0 24.56844348305556 22.740586823795773
507.5 24.57040491561815 22.74158309820962
508.0 24.57235738951445 22.742576633525182
508.5 24.57433108840386 22.743581164802393
509.0 24.576300192221602 22.74458091368992
509.5 24.578265439220665 22.745571481204472
510.0 24.580258130037038 22.74657590806049
510.5 24.582218427843113 22.747583119425553
511.0 24.584191223002676 22.748588829016406
511.5 24.586173063419338 22.74959336398931
512.0 24.58814317370182 22.75059798916005
512.5 24.59013036020801 22.75160398761921
513.0 24.592115971322418 22.75262055761832
513.5 24.594113778919887 22.753639725407044
514.0 24.59609696996417 22.754646926474663
514.5 24.598089541056364 22.755667757208755
515.0 24.600086605226878 22.756681540946634
515.5 24.60206560812702 22.757714829643042
516.0 24.60407348456379 22.7587289915885
516.5 24.606069242973856 22.7597573233507
517.0 24.60809876640613 22.7607843109703
517.5 24.610068713885713 22.76180166914195
518.0 24.612078947666514 22.76283216946101
518.5 24.614081864114826 22.763859361108736
519.0 24.61610318598762 22.764894352956595
519.5 24.61811459196367 22.765925548896764
520.0 24.620112317603912 22.766974861874726
520.5 24.622150935502425 22.76799797850947
521.0 24.624135438277076 22.769031026195595
521.5 24.62615678803061 22.770062491703733
522.0 24.628185468545006 22.771106198139876
522.5 24.630202980420982 22.77214547867565
523.0 24.632216152726294 22.7731872619973
523.5 24.634231414336078 22.774226536386326
524.0 24.63625536892299 22.77526359924125
524.5 24.638305161866356 22.776303351247567
525.0 24.640331785524573 22.777343306606205
525.5 24.642362507322968 22.778395784353048
526.0 24.644358973197377 22.779438407203315
526.5 24.646388549273276 22.780482617764633
527.0 24.648424941746626 22.781519891534842
527.5 24.65046292203435 22.78256662882135
528.0 24.652511935892257 22.78361727334957
528.5 24.654523653768784 22.78465507687908
529.0 24.656565343512966 22.785705884907685
529.5 24.65861534664835 22.786742981626794
530.0 24.66067419994681 22.787796392060827
530.5 24.66268843852007 22.78884018395038
531.0 24.664734797408418 22.789883617125916
531.5 24.666759661892385 22.790926277916128
532.0 24.6688107403418 22.791971838092387
532.5 24.670846743289857 22.793015912338145
533.0 24.672888219456905 22.794061719763402
533.5 24.674932387371964 22.795103793149313
534.0 24.676992798712398 22.79614818025035
534.5 24.67903416571194 22.797184360990496
535.0 24.68107990445981 22.79823230861747
535.5 24.68312944001427 22.799274381595325
536.0 24.68518257728406 22.80031426361207
536.5 24.687239324448274 22.801354416672737
537.0 24.68926932827458 22.802392135566805
537.5 24.69130555387993 22.803432099276385
538.0 24.693387595281052 22.804460262407403
538.5 24.69541714564796 22.80550317548463
539.0 24.697479180886535 22.806550757172133
539.5 24.699529647762994 22.80757953379841
540.0 24.701582849124296 22.808605411121157
540.5 24.70362378672042 22.80964716645858
541.0 24.7056802818986 22.810667294685594
541.5 24.70773051709864 22.811705468297802
542.0 24.709763272312255 22.81272890573746
542.5 24.711828985934936 22.81375234072764
543.0 24.713865234627082 22.814773058111726
543.5 24.715928948931605 22.8157953843916
544.0 24.717974170703464 22.816812890492976
544.5 24.72003477056113 22.817842936702778
545.0 24.722077594358115 22.818860413303234
545.5 24.72415005806999 22.819875550407748
546.0 24.726186642836506 22.820899031744236
546.5 24.728230801545543 22.821919271937663
547.0 24.730295539998686 22.822937662918275
547.5 24.73236185721398 22.823958850089994
548.0 24.73441198411271 22.82497704820953
548.5 24.736486927737403 22.825994891410573
549.0 24.738537211673584 22.82701565116347
549.5 24.740596351742063 22.828029547377607
550.0 24.742645362093306 22.829045046404346
550.5 24.744727986877216 22.830063066138674
551.0 24.746760336056695 22.83109544048303
551.5 24.74883197247733 22.83210885093602
552.0 24.75090252185431 22.833118392097063
552.5 24.752962246951157 22.834141821054107
553.0 24.75504799821938 22.835146744243705
553.5 24.75709317817676 22.83616827251503
554.0 24.759157493390237 22.837191951341108
554.5 24.761229368686646 22.838201385386263
555.0 24.763307134592992 22.839213929122213
555.5 24.76537330642376 22.84023275753821
556.0 24.767446610614808 22.841232095784196
556.5 24.769522259427845 22.84225787532778
557.0 24.771583595581777 22.84326222138436
557.5 24.773657625889808 22.84427927185808
558.0 24.775723652544627 22.84529601043137
558.5 24.77779788428502 22.846306582804218
559.0 24.779866852388007 22.847311062613727
559.5 24.781954502570237 22.84832308996199
560.0 24.784012229076833 22.849337789123766
560.5 24.78609916399869 22.850341059692308
561.0 24.788161320067957 22.851352258185248
561.5 24.790236891969478 22.852365639020316
562.0 24.79231505450338 22.853364267043588
562.5 24.794392641782935 22.854376003538917
563.0 24.796465792729386 22.85538217930593
563.5 24.79855091086925 22.85637273422854
564.0 24.800627761555795 22.857380445189357
564.5 24.80270127910952 22.858374530896338
565.0 24.804781522797267 22.85939292240577
565.5 24.8068551509336 22.86038488254887
566.0 24.808900166167586 22.861391625705025
566.5 24.810986101177207 22.86239024521745
567.0 24.813089284308646 22.863394453403238
567.5 24.8151482134072 22.864394377862027
568.0 24.817233375311595 22.865394519903006
568.5 24.81931401558027 22.866388182925824
569.0 24.82139469534299 22.867380820610222
569.5 24.823488789671426 22.86837659823153
570.0 24.8255457207077 22.869360541678848
570.5 24.827624818819622 22.870360441334828
571.0 24.829699510600356 22.871355430258994
571.5 24.831787739223646 22.872342711055886
572.0 24.833873456782047 22.873335912538238
572.5 24.83593663528362 22.87432874753939
573.0 24.838039720351915 22.875314173214893
573.5 24.840091718752827 22.876300571012894
574.0 24.842175793100335 22.87728559010756
574.5 24.84426342893773 22.878272009695774
575.0 24.846346806804533 22.87926141071061
575.5 24.848411092773482 22.880238085212284
576.0 24.850503866792884 22.881217151142756
576.5 24.852565598526066 22.88219774494958
577.0 24.854642238111857 22.883181984758263
577.5 24.856714743144515 22.884156925735827
578.0 24.858799640539488 22.88513600991273
578.5 24.860892771579977 22.886114565482252
579.0 24.862963796725634 22.8870936601672
579.5 24.865042642669856 22.888056835649564
580.0 24.867141336739927 22.889040680997415
580.5 24.869193093969095 22.890006270266717
581.0 24.87128119879971 22.89097986886654
581.5 24.873343024240256 22.891944733350535
582.0 24.87545621471948 22.892920044407106
582.5 24.877519082528888 22.89388708783429
583.0 24.8796017861477 22.894848718297993
583.5 24.88167509173447 22.895830449688
584.0 24.883754960915553 22.89679182898141
584.5 24.88583729311658 22.897752425953428
585.0 24.887920151395168 22.89871984329241
585.5 24.889995907225337 22.899682197280875
586.0 24.89206359361691 22.900637515430358
586.5 24.894152568012874 22.901606656168557
587.0 24.89622930780078 22.902569745181243
587.5 24.898325845142885 22.903530296520984
588.0 24.90039168894684 22.90449275117265
588.5 24.9024607376028 22.905442767176854
589.0 24.904559874387648 22.906410331205812
589.5 24.906643981976618 22.90735436441014
590.0 24.908711439316683 22.90831657045026
590.5 24.91081295289088 22.909272284608466
591.0 24.91286545559226 22.91022541901253
591.5 24.91493679983577 22.91117849007959
592.0 24.91703401203102 22.912129464956653
592.5 24.919117440399887 22.91307518665871
593.0 24.921212734580514 22.914020121150152
593.5 24.923271106952768 22.914980593097376
594.0 24.92534416843412 22.915930004432056
594.5 24.92742211141026 22.91687071012266
595.0 24.92950883222567 22.917816300799988
595.5 24.93158658454473 22.91875386422605
596.0 24.933656432378758 22.9196946317417
596.5 24.93574714491842 22.92064406219724
597.0 24.93781357904069 22.92158609353927
597.5 24.93988367495497 22.92252559046835
598.0 24.941948557822634 22.92346676124414
598.5 24.944044472561643 22.924398327442333
599.0 24.946104206271094 22.925321744992857
599.5 24.9481669666854 22.926270807324336
600.0 24.950253314323948 22.92720463572227
600.5 24.95232616843215 22.928133850040293
601.0 24.95438942319856 22.929069066380414
601.5 24.95644938882181 22.929993113339165
602.0 24.958528768415906 22.9309213730159
602.5 24.960598683331664 22.931860313441994
603.0 24.96266482164856 22.932779032756166
603.5 24.96474451706753 22.93370518000509
604.0 24.966809741159164 22.93463375928529
604.5 24.96888046123372 22.93555139561114
605.0 24.97094025986723 22.93647296692313
605.5 24.973008755445637 22.93738978730195
606.0 24.97505388558978 22.938314796214566
606.5 24.977132237774544 22.93922722434351
607.0 24.979181552822993 22.940141970560045
607.5 24.98124219595717 22.94105490637397
608.0 24.983282739684853 22.94197072975059
608.5 24.985360485738557 22.942893920290764
609.0 24.987416834899683 22.94379038605916
609.5 24.989482803280943 22.94470160393201
610.0 24.99151862842777 22.945613518422906
610.5 24.993572913957212 22.946529182087332
611.0 24.995622103328785 22.947428360097206
611.5 24.99768387000219 22.94833103281288
612.0 24.999734017330233 22.94923327099383
612.5 25.001787692267623 22.95013095031788
613.0 25.00383355203003 22.951032440184793
613.5 25.00589216362108 22.95193617890703
614.0 25.00791052548822 22.952827131220516
614.5 25.00997272108662 22.95372751587272
615.0 25.012026911109476 22.954630119998818
615.5 25.01405574721384 22.955517565781363
616.0 25.0160900077101 22.95641041547747
616.5 25.018151016206453 22.957306335648614
617.0 25.020190682681466 22.95819125847052
617.5 25.0222394420665 22.959085576395637
618.0 25.02430408130602 22.959976089720936
618.5 25.02630765015029 22.96085206085689
619.0 25.028346493417565 22.961741511786403
619.5 25.03040496583306 22.96262981320435
620.0 25.032457199203613 22.963507029662434
620.5 25.034479720947797 22.964393511054624
621.0 25.03651190461301 22.965276118694987
621.5 25.03855184762925 22.966149815358612
622.0 25.040574756456067 22.967028801353727
622.5 25.042621899093827 22.96790647301662
623.0 25.044633886605247 22.968787650632116
623.5 25.04667646913267 22.96966313396787
624.0 25.04869519596533 22.97052861286494
624.5 25.050753133484776 22.971399312385795
625.0 25.05276006974011 22.97227380292722
625.5 25.0547929023383 22.973136681022236
626.0 25.056801742273045 22.974005596447626
626.5 25.058816757231696 22.974873145410136
627.0 25.060834575218056 22.975745553552255
627.5 25.06285976022395 22.976607228570902
628.0 25.064858211536205 22.977470256592582
628.5 25.06690537425092 22.97831903831987
629.0 25.068923945428715 22.97918305684451
629.5 25.07093155267684 22.980038332470926
630.0 25.07293366627018 22.98089203893326
630.5 25.074960900933316 22.98175263256161
631.0 25.07695148213001 22.982599542104943
631.5 25.078972776327433 22.983448207093442
632.0 25.08097276907874 22.98430427860238
632.5 25.082968364181188 22.985140890941864
633.0 25.084965033175216 22.98599759067949
633.5 25.08697596589635 22.986831650752446
634.0 25.088984289642585 22.987682117577506
634.5 25.09096764673847 22.988520853832068
635.0 25.092951574545488 22.989363997510516
635.5 25.094960549643805 22.99020034793383
636.0 25.09692838965322 22.99103739486781
636.5 25.09890044189554 22.991871395152895
637.0 25.10090192169342 22.9926936421936
637.5 25.102881802324852 22.99353050740863
638.0 25.10486246445812 22.994362345695485
638.5 25.10685045603156 22.995192128934026
639.0 25.108805036357673 22.99601993917015
639.5 25.11078770578713 22.996833324334894
640.0 25.112750870055145 22.99766102255729
640.5 25.11473073794004 22.998481770669578
641.0 25.116684163000894 22.999301288509745
641.5 25.11864181083982 23.000109313427856
642.0 25.120597588156315 23.000929227634575
642.5 25.122558514466377 23.001741522844206
643.0 25.124544273738707 23.00255894514852
643.5 25.126468494959767 23.00336947390012
644.0 25.12842841501505 23.004173596643916
644.5 25.13036515216923 23.00497601364897
645.0 25.132318834244405 23.005775558703245
645.5 25.134247127283338 23.006580631628633
646.0 25.136202152766785 23.007385188067335
646.5 25.138140858234472 23.00817475921868
647.0 25.14004055672448 23.008969243813034
647.5 25.141959432675392 23.00975897514652
648.0 25.143884587295894 23.010558710270224
648.5 25.145822054182425 23.011337140026093
649.0 25.147708396253144 23.012125588320956
649.5 25.149609195015824 23.012905408502302
650.0 25.151523250711797 23.013674843406548
650.5 25.15341880769529 23.01445636092515
651.0 25.15528059847799 23.015234709344977
651.5 25.157171510791866 23.015990759068462
652.0 25.159052614259217 23.016768074899524
652.5 25.160909606664713 23.017533085795346
653.0 25.162830353734186 23.01829790930483
653.5 25.164691483701397 23.01905493432807
654.0 25.16656910095556 23.01981227061321
654.5 25.168401204250756 23.020565853862742
655.0 25.170269692710473 23.02131582517019
655.5 25.17215275567285 23.02206403269201
656.0 25.173961402103714 23.022822566121796
656.5 25.175830095862345 23.023567307061413
657.0 25.177666903470744 23.02431567393389
