FastTrWP/PhaseSpace/IAs/snIa_0.60_30.00_0.67_-0.01.csv
# %ECSV 0.9
# ---
# datatype:
# - {name: time-rel, datatype: float64}
# - {name: g, datatype: float64}
# - {name: i, datatype: float64}
# schema: astropy-2.0
time-rel g i
[from data line 574]
381.7083333333333 24.020367726057756 22.754006689847905
382.20833333333326 24.017669271352737 22.752035459111667
382.7083333333333 24.014959201233914 22.75006416512749
383.2083333333333 24.012274781821592 22.748098877730307
383.70833333333326 24.009591646781896 22.746137951428487
384.2083333333333 24.00694877736246 22.744184089778354
384.7083333333333 24.004299071420746 22.742245546750066
385.20833333333326 24.001678192762682 22.74031613277912
385.7083333333333 23.999068140509973 22.73838499370905
386.2083333333333 23.996461184511983 22.736464447749114
386.70833333333326 23.993877117745548 22.734542723650208
387.2083333333333 23.991318881147222 22.73264737777993
387.7083333333333 23.988767994146187 22.730738123489466
388.20833333333326 23.9862365408461 22.72885377509502
388.7083333333333 23.983725616731988 22.726969391403102
389.2083333333333 23.981204935045923 22.725083698519125
389.70833333333326 23.978723501638438 22.723221412607494
390.2083333333333 23.976242816497987 22.721344564311302
390.7083333333333 23.97376396412655 22.719484790548904
391.20833333333326 23.97128097577715 22.717627568715145
391.7083333333333 23.968814827878163 22.71576544192321
392.2083333333333 23.966354359030845 22.713917822098068
392.70833333333326 23.963895518311723 22.71206174213361
393.2083333333333 23.96142428482885 22.71020956470695
393.7083333333333 23.958993261502606 22.708365870079284
394.20833333333326 23.95654379616736 22.70652986268916
394.7083333333333 23.954110993891234 22.704687866395155
395.2083333333333 23.95169054184648 22.702863091867727
395.70833333333326 23.949270946597846 22.701035683197063
396.2083333333333 23.9468670104891 22.699206492701055
396.7083333333333 23.94445037968252 22.697393122116235
397.20833333333326 23.942053916401377 22.69557796752139
397.7083333333333 23.939682348416632 22.693767392210734
398.2083333333333 23.937284297920584 22.69196580687018
398.70833333333326 23.93490515608334 22.690151620166326
399.2083333333333 23.932533113226118 22.688353077020516
399.7083333333333 23.93017282768252 22.686565598815733
400.20833333333326 23.92782340549944 22.684776714653445
400.7083333333333 23.925477366734825 22.68299215557321
401.2083333333333 23.92313286559901 22.68120999486076
401.70833333333326 23.92081573482034 22.679431175599618
402.2083333333333 23.918486728363387 22.677651306194655
402.7083333333333 23.916180305902643 22.675886516471717
403.20833333333326 23.91386894024386 22.674127010020744
403.7083333333333 23.91156847571721 22.672375402354778
404.2083333333333 23.909290556218497 22.670624314289704
404.70833333333326 23.907003323943762 22.668872692480182
405.2083333333333 23.90473269952793 22.667130067398492
405.7083333333333 23.90248315221885 22.66538737344312
406.20833333333326 23.900223682529024 22.663655662769493
406.7083333333333 23.897988748451134 22.661936600123024
407.2083333333333 23.895749921363993 22.660202514209345
407.70833333333326 23.893528265993247 22.658482774276933
408.2083333333333 23.891324924168288 22.656769364603907
408.7083333333333 23.889123603128674 22.655058581916855
409.20833333333326 23.886922926805152 22.653354215842736
409.7083333333333 23.884728155125185 22.651654028898903
410.2083333333333 23.882554206583016 22.64996115788637
410.70833333333326 23.880391793110217 22.648269537104454
411.2083333333333 23.87824959409142 22.646586029639177
411.7083333333333 23.876097288743424 22.6449116125642
412.20833333333326 23.873951687019776 22.643225007575317
412.7083333333333 23.87184516915372 22.641570257230054
413.2083333333333 23.86972286157731 22.639898148249117
413.70833333333326 23.86761617548531 22.638250142179967
414.2083333333333 23.865537365344274 22.636593789753174
414.7083333333333 23.86343508455076 22.634947154321562
415.20833333333326 23.861370303343886 22.633310622557957
415.7083333333333 23.859316158465237 22.631669670115535
416.2083333333333 23.857266309726164 22.630044366237275
416.70833333333326 23.85521470302422 22.628425176336144
417.2083333333333 23.85319495537295 22.6268013377595
417.7083333333333 23.85118298498776 22.625186204813005
418.20833333333326 23.849177941684182 22.623577890603176
418.7083333333333 23.84718211841058 22.62197350313955
419.2083333333333 23.845206469292016 22.62038028156764
419.70833333333326 23.843237875131237 22.61878568058528
420.2083333333333 23.841276588132896 22.6172003601327
420.7083333333333 23.83931286248657 22.615623161501315
421.20833333333326 23.83739162563227 22.61404710128687
421.7083333333333 23.835467605197763 22.612489018943783
422.2083333333333 23.833555308983524 22.610928735523444
422.70833333333326 23.831670280193194 22.60936565465667
423.2083333333333 23.82977232252109 22.607816926445707
423.7083333333333 23.82788774020117 22.606273985009878
424.20833333333326 23.82604397339914 22.604738534720514
424.7083333333333 23.82418769028535 22.603205369907485
425.2083333333333 23.822346500375197 22.60168547547756
425.70833333333326 23.820512336877954 22.60016376557719
426.2083333333333 23.818703687786332 22.5986538488429
426.7083333333333 23.816909481216268 22.59714621709179
427.20833333333326 23.815114364112286 22.595645720957528
427.7083333333333 23.81334933749769 22.594148345536063
428.2083333333333 23.81157690535471 22.59266808037623
428.70833333333326 23.8098178449566 22.591172540484198
429.2083333333333 23.80806573210244 22.589693924847083
429.7083333333333 23.80632958776062 22.588221542630777
430.20833333333326 23.804602850450006 22.586750829515665
430.7083333333333 23.802885471891123 22.58528776162873
431.2083333333333 23.80115614161825 22.58381985566988
431.70833333333326 23.799461900702106 22.582367726439067
432.2083333333333 23.797753897742453 22.580918920659784
432.7083333333333 23.79606882094962 22.579470616262377
433.20833333333326 23.794406929597827 22.578023320195626
433.7083333333333 23.792726292895612 22.576587700167565
434.2083333333333 23.79108100878945 22.575154591479002
434.70833333333326 23.789415544405173 22.5737216886893
435.2083333333333 23.78777844487565 22.572298128814708
435.7083333333333 23.786120927951664 22.570876921911186
436.20833333333326 23.784496384466042 22.56946212322308
436.7083333333333 23.78287834970772 22.568054211264123
437.2083333333333 23.781267099440168 22.566640900340417
437.70833333333326 23.779671339899913 22.565235170264522
438.2083333333333 23.778080146714863 22.56384336121392
438.7083333333333 23.77649180206141 22.56245270605172
439.20833333333326 23.77491525060336 22.561064174945486
439.7083333333333 23.773337747250526 22.55967915997926
440.2083333333333 23.771780919502294 22.558303783385586
440.70833333333326 23.77024077647536 22.556920727751105
441.2083333333333 23.768695779203703 22.5555558930937
441.7083333333333 23.767164568677074 22.554190735970636
442.20833333333326 23.765635142952434 22.552823387539476
442.7083333333333 23.764112197063533 22.551473840376495
443.2083333333333 23.762604328707894 22.55011696199229
443.70833333333326 23.76109983126245 22.548770074503626
444.2083333333333 23.75960849537176 22.547424439171827
444.7083333333333 23.75814231566006 22.546085740986417
445.20833333333326 23.756643477588447 22.544748508772194
445.7083333333333 23.755183026917564 22.543415716377453
446.2083333333333 23.753722459185713 22.54209136859902
446.70833333333326 23.752273857402013 22.540778222710895
447.2083333333333 23.750843305056677 22.539463487257912
447.7083333333333 23.74939923669574 22.538150120758715
448.20833333333326 23.7479832683849 22.53684178753238
448.7083333333333 23.746566392222736 22.535536972088437
449.2083333333333 23.745143727975346 22.534242692047265
449.70833333333326 23.743751811033 22.532940051200082
450.2083333333333 23.74235763529647 22.531656402828936
450.7083333333333 23.740968939726294 22.53036242870448
451.20833333333326 23.73960048692704 22.529089648346776
451.7083333333333 23.738228480843865 22.52781157566701
452.2083333333333 23.736872485368178 22.52653559936916
452.70833333333326 23.735527556540315 22.525267339584232
453.2083333333333 23.73417786010872 22.524002125898566
453.7083333333333 23.732841847116962 22.52274815428352
454.20833333333326 23.731526235969646 22.521491038194302
454.7083333333333 23.73020254064622 22.520246575905496
455.2083333333333 23.728899188313484 22.519000640702437
455.70833333333326 23.727588106727474 22.517756277762313
456.2083333333333 23.726300339361885 22.516523053687486
456.7083333333333 23.725026513368572 22.515291263143908
457.20833333333326 23.72374824342994 22.514061518914197
457.7083333333333 23.722468513627483 22.512830181290813
458.2083333333333 23.721232956602655 22.51161808127486
458.70833333333326 23.719968476328575 22.510402165145905
459.2083333333333 23.718726190574042 22.509189425970156
459.7083333333333 23.71748670239601 22.507986489508177
460.20833333333326 23.71627824033029 22.506783665088914
460.7083333333333 23.71504762988961 22.505580802986373
461.2083333333333 23.71385008497996 22.504389272093654
461.70833333333326 23.712639568940585 22.50320127563343
462.2083333333333 23.711445769058916 22.50201910962579
462.7083333333333 23.71025463612429 22.500836460164155
463.20833333333326 23.709085901794364 22.499664305325243
463.7083333333333 23.707910998423124 22.49849043062984
464.2083333333333 23.706763650290128 22.497324766690245
464.70833333333326 23.705609187105964 22.496154297907527
465.2083333333333 23.704461733984502 22.49500292719589
465.7083333333333 23.70332455175603 22.49384139879257
466.20833333333326 23.702203858538716 22.492693310212537
466.7083333333333 23.701066017697805 22.491551931376982
467.2083333333333 23.69997553486952 22.49040836491563
467.70833333333326 23.698867616314246 22.4892657397824
468.2083333333333 23.697767519421895 22.488134430473785
468.7083333333333 23.696666585440692 22.487001604459458
469.20833333333326 23.69557386842603 22.485871342928544
469.7083333333333 23.694492503120365 22.48474998763353
470.2083333333333 23.693438476855817 22.48363570754065
470.70833333333326 23.692361121566208 22.482510960186282
471.2083333333333 23.69131970566809 22.481403544967804
471.7083333333333 23.690256689665965 22.480286807847882
472.20833333333326 23.689215180010756 22.479185653826672
472.7083333333333 23.688159437033857 22.478081979853435
473.2083333333333 23.687136883213164 22.47698570719585
473.70833333333326 23.686125645914654 22.47590124537067
474.2083333333333 23.68510890726856 22.47480618928861
474.7083333333333 23.684091557330042 22.473721320232876
475.20833333333326 23.68310160623892 22.472635036508066
475.7083333333333 23.682106811067996 22.47155499412576
476.2083333333333 23.6811033826419 22.470476484242123
476.70833333333326 23.68011732178861 22.469407320565573
477.2083333333333 23.679147085270607 22.46833360747459
477.7083333333333 23.678183125722192 22.467279629176442
478.20833333333326 23.677220700998806 22.466205939930198
478.7083333333333 23.676271897783817 22.465162293618057
479.2083333333333 23.67533550320838 22.464110966794305
479.70833333333326 23.674396086399856 22.463062677947004
480.2083333333333 23.673463254119753 22.4620225634677
480.7083333333333 23.672548465694025 22.460978823972543
481.20833333333326 23.671620152895198 22.459938555924985
481.7083333333333 23.6707088014983 22.458906093426847
482.2083333333333 23.6698103067339 22.457878505315293
482.70833333333326 23.668907535328092 22.456849367846203
483.2083333333333 23.66802780533204 22.455823531746788
483.7083333333333 23.66713626239636 22.454810796146564
484.20833333333326 23.666266023705973 22.45379773485422
484.7083333333333 23.665417079245294 22.452786373937244
485.2083333333333 23.664542359992808 22.45178812898412
485.70833333333326 23.663703507792153 22.450777090739756
486.2083333333333 23.66285094668498 22.44977979593952
486.7083333333333 23.66202142519663 22.448782997352986
487.20833333333326 23.661183691072758 22.44779933218455
487.7083333333333 23.660371454367308 22.446805396771513
488.2083333333333 23.6595423604301 22.445815840782828
488.7083333333333 23.658734597583763 22.444842808661114
489.2083333333333 23.65793280318161 22.443871396636244
489.7083333333333 23.657140934307137 22.442896208612297
490.2083333333333 23.656372132311404 22.441936774385105
490.7083333333333 23.655575502956893 22.440971473384188
491.2083333333333 23.65482748932138 22.44000940932121
491.7083333333333 23.654048646260634 22.439051498284822
492.2083333333333 23.653299938696 22.438103734399675
492.7083333333333 23.652546207365322 22.43715458071726
493.2083333333333 23.65180658140399 22.436217768450444
493.7083333333333 23.65107761463989 22.435269259459474
494.2083333333333 23.650354734845422 22.43433622239791
494.7083333333333 23.649634301980743 22.43340340236436
495.2083333333333 23.648933447231965 22.432473127906945
495.7083333333333 23.648233568009562 22.43155025782905
496.2083333333333 23.64754636172397 22.430625614553435
496.7083333333333 23.646856083051794 22.429712551766162
497.2083333333333 23.64617291172337 22.42880767259252
497.7083333333333 23.64550815243451 22.42788932400107
498.2083333333333 23.64482711414681 22.42698281045563
498.7083333333333 23.6441704299588 22.426081078099113
499.2083333333333 23.643525253479574 22.425193508904893
499.7083333333333 23.64288290354336 22.42430256341134
500.2083333333333 23.642249971762528 22.423410710724774
500.7083333333333 23.6416310241694 22.422526413898236
501.2083333333333 23.641013084520004 22.421641966750077
501.7083333333333 23.640411952977125 22.42076856943388
502.2083333333333 23.639795229490584 22.41989284698581
502.7083333333333 23.639215035947405 22.419017929980424
503.2083333333333 23.638630208646212 22.418164796443264
503.7083333333333 23.638055729732113 22.417302140260812
504.2083333333333 23.63747216804676 22.41644273845488
504.7083333333333 23.636919443579885 22.415590193228795
505.2083333333333 23.636374594359456 22.4147419926293
505.7083333333333 23.635817394113058 22.413896221183048
506.2083333333333 23.635277970948195 22.41305832973964
506.7083333333333 23.634757049851256 22.412224411519386
507.2083333333333 23.6342179812452 22.411387937154128
507.7083333333333 23.633715203500664 22.410554905180078
508.2083333333333 23.63320529558162 22.409730633049
508.7083333333333 23.63270350889147 22.408908662220547
509.2083333333333 23.63221855132735 22.40809443646462
509.7083333333333 23.631738564036606 22.40727779067695
510.2083333333333 23.63124543503386 22.40646686167289
510.7083333333333 23.630780706827117 22.40566814887695
511.2083333333333 23.630314163955674 22.40485702785525
511.7083333333333 23.62987598886229 22.404059765974527
512.2083333333334 23.629420003606004 22.403266752540226
512.7083333333334 23.628990660713868 22.40247404823297
513.2083333333334 23.6285539435709 22.401687211830854
513.7083333333334 23.628129430423066 22.40090458942017
514.2083333333334 23.62771957658047 22.4001158174848
514.7083333333334 23.62730021699564 22.399349794812625
515.2083333333334 23.626888406572377 22.39858329279845
515.7083333333334 23.626497713488355 22.397801499671747
516.2083333333334 23.626111601970386 22.397033692232956
516.7083333333334 23.625734323296722 22.396273695011
517.2083333333334 23.6253556494748 22.395512011223953
517.7083333333334 23.624989920442538 22.3947594121138
518.2083333333334 23.62462018251771 22.394003652735343
518.7083333333334 23.62426589785049 22.39326409677091
519.2083333333334 23.623914717423553 22.392511361403532
519.7083333333334 23.623576231029727 22.391769867392043
520.2083333333334 23.623242456609685 22.391028829561847
520.7083333333334 23.62291106756807 22.390292192358096
521.2083333333334 23.622601223543693 22.389561346650027
521.7083333333334 23.62227614531951 22.38883653054033
522.2083333333334 23.62198838056239 22.38811246580351
522.7083333333334 23.621676532033597 22.387385589673308
523.2083333333334 23.621372427455746 22.38666940810285
523.7083333333334 23.62109720014647 22.38594694583735
524.2083333333334 23.620812471865726 22.38523961274484
524.7083333333334 23.620532969968373 22.384527013203023
