FastTrWP/PhaseSpace/IAs/snIa_0.45_30.00_0.92_-0.23.csv
# %ECSV 0.9
# ---
# datatype:
# - {name: time-rel, datatype: float64}
# - {name: g, datatype: float64}
# - {name: i, datatype: float64}
# schema: astropy-2.0
time-rel g i
152.14583333333334 26.990795249975037 25.301196813220304
152.64583333333334 26.95713545917952 25.292253888623822
153.14583333333334 26.924143990229815 25.28338489942183
153.64583333333334 26.89176359299376 25.274511544820438
154.14583333333334 26.859962215279833 25.26564843605856
154.64583333333334 26.82881382445755 25.2568625818434
155.14583333333334 26.79812410990976 25.24809599476818
155.64583333333334 26.768021673615262 25.239330625144966
156.14583333333334 26.738387546934923 25.23063110010269
156.64583333333334 26.709341341401284 25.221952227033245
157.14583333333334 26.680726060211164 25.213305082453022
157.64583333333334 26.65265267435465 25.2046656793885
158.14583333333334 26.625014446205842 25.196083715487454
158.64583333333334 26.597766113283335 25.187530165487757
159.14583333333334 26.57097223760367 25.17899175204402
159.64583333333334 26.544610706524082 25.17050457369878
160.14583333333334 26.518651813687846 25.16205184061028
160.64583333333334 26.49309087113545 25.153601287512966
161.14583333333334 26.4679372947775 25.14521932489808
161.64583333333334 26.44312473521562 25.136878247139606
162.14583333333334 26.41867997838694 25.128552166812476
162.64583333333334 26.39461163203144 25.120238713398827
163.14583333333334 26.370881819358132 25.111994025698912
163.64583333333334 26.34749615714223 25.10376490695468
164.14583333333334 26.324385455503734 25.09557484178929
164.64583333333334 26.30165384836659 25.08740728380914
165.14583333333334 26.27920990829793 25.07926796069276
165.64583333333334 26.257088384548993 25.07117824109896
166.14583333333334 26.235262260227085 25.063145955322035
166.64583333333334 26.21369644437091 25.055134911562877
167.14583333333334 26.19243457220168 25.04713920572676
167.64583333333331 26.171455501899764 25.039188001048377
168.14583333333334 26.15071370964257 25.031274268983235
168.64583333333334 26.130269544573128 25.023393456014716
169.14583333333331 26.110055325675194 25.015546345721702
169.64583333333334 26.09017652407867 25.007736162454993
170.14583333333334 26.070465845095406 24.999963146282163
170.64583333333331 26.051000247018543 24.99220237695487
171.14583333333334 26.031773173189553 24.9845127407181
171.64583333333334 26.012799270752083 24.976867787978662
172.14583333333331 25.994096872063054 24.96922469877855
172.64583333333334 25.975565151980163 24.961643755645873
173.14583333333334 25.95723468533748 24.95408742399166
173.64583333333331 25.939046791431966 24.946519040927516
174.14583333333334 25.921061721197812 24.938992148216798
174.64583333333334 25.90318661781334 24.931489261645442
175.14583333333331 25.885479391465225 24.92401150904467
175.64583333333334 25.867897349774736 24.91655510235187
176.14583333333334 25.850468378661983 24.90912334831616
176.64583333333331 25.833202938578538 24.901679119388753
177.14583333333334 25.816058721623712 24.894303970162746
177.64583333333334 25.79907328207579 24.88692113642469
178.14583333333331 25.782245075604642 24.879557668287532
178.64583333333334 25.76553485419794 24.872222630988876
179.14583333333334 25.748923732774294 24.86491931281966
179.64583333333331 25.73251139067203 24.857633473155225
180.14583333333334 25.71620794290481 24.850374544752967
180.64583333333334 25.700019606870974 24.843116414676768
181.14583333333331 25.68397146339304 24.835905646251263
181.64583333333334 25.66804142224928 24.828702386687457
182.14583333333334 25.65232479858542 24.821518816375843
182.64583333333331 25.636644140127743 24.814384651889494
183.14583333333334 25.62114142680851 24.80724582417097
183.64583333333334 25.605747881147312 24.80014077212887
184.14583333333331 25.59046307776868 24.793050170004733
184.64583333333334 25.57533215725542 24.78600516060719
185.14583333333334 25.56032811140075 24.778979632521892
185.64583333333331 25.54536897135542 24.77195879002492
186.14583333333334 25.530618727013263 24.76496687047783
186.64583333333334 25.515955825197658 24.758005234987813
187.14583333333331 25.501405003223002 24.751069314591952
187.64583333333334 25.48696940285978 24.744134325612627
188.14583333333334 25.472638016669734 24.737235729284315
188.64583333333331 25.4584274662408 24.73038920962511
189.14583333333334 25.44430104023174 24.723526906800792
189.64583333333334 25.43035129690075 24.716709049735492
190.14583333333331 25.41649731924975 24.70993578318125
190.64583333333334 25.40272125706496 24.703140575941347
191.14583333333334 25.38905384398771 24.696391354877342
191.64583333333331 25.37552646662538 24.689665595550974
192.14583333333334 25.36206317198365 24.682946996302363
192.64583333333334 25.34871797479818 24.676274581655115
193.14583333333331 25.335483403990136 24.66962015652171
193.64583333333334 25.322364446334827 24.662980097847893
194.14583333333334 25.309319728183986 24.656396178859346
194.64583333333331 25.29638714348065 24.649818014735455
195.14583333333334 25.28356775736517 24.643257010816058
195.64583333333334 25.27082972610571 24.636733267264695
196.14583333333331 25.258159617695135 24.630206922569457
196.64583333333334 25.245616861436066 24.623732841271405
197.14583333333334 25.233181382891324 24.61725670427752
197.64583333333331 25.22081529603461 24.61085784737635
198.14583333333334 25.208546393115768 24.604428944114225
198.64583333333334 25.196394182501937 24.59801748048243
199.14583333333331 25.18431294209352 24.591680790582387
199.64583333333334 25.172335665184143 24.58534770569475
200.14583333333334 25.16044354858731 24.579018679661566
200.64583333333331 25.148631133024267 24.572736611270848
201.14583333333334 25.13690619748466 24.566467369245903
201.64583333333334 25.12526889543924 24.560225365286176
202.14583333333331 25.11371750733639 24.554011111782494
202.64583333333334 25.102261565986538 24.5478231044094
203.14583333333334 25.090879009434047 24.541647419246928
203.64583333333331 25.0795833965171 24.535514888964457
204.14583333333334 25.068374618530086 24.52939582346495
204.64583333333334 25.057227860271997 24.52328411857276
205.14583333333331 25.046178949339062 24.517218861717303
205.64583333333334 25.035220123653875 24.51116312458021
206.14583333333334 25.02432631306388 24.505135079769982
206.64583333333331 25.01353102636408 24.499151035598583
207.14583333333334 25.002783010840957 24.493172136266523
207.64583333333334 24.992133490613256 24.487220508627562
208.14583333333331 24.98154136273898 24.481289413236283
208.64583333333334 24.97100462528209 24.475356642428146
209.14583333333334 24.960507212249276 24.469454613173852
209.64583333333331 24.95005125501072 24.463545099584803
210.14583333333334 24.939633201385053 24.457677154848835
210.64583333333334 24.929283497301228 24.451811859120575
211.14583333333331 24.91897940033357 24.44596228727478
211.64583333333334 24.908702193817444 24.440123478992298
212.14583333333334 24.898495560562406 24.43430395263608
212.64583333333331 24.888350418328145 24.428497362830605
213.14583333333334 24.87823362984549 24.422708481016677
213.64583333333334 24.868162659879406 24.416912328129115
214.14583333333331 24.858142617802255 24.41116650251185
214.64583333333334 24.84816877192234 24.405414280087655
215.14583333333334 24.83824740842822 24.39970978320005
215.64583333333331 24.828401196271276 24.393983040006802
216.14583333333334 24.8185890092444 24.388293798651567
216.64583333333334 24.80882408035592 24.382611261315677
217.14583333333331 24.79910427127202 24.376947781533453
217.64583333333334 24.78943428004645 24.37130118162117
218.14583333333334 24.77983642065559 24.36567666413684
218.64583333333331 24.770280970038208 24.3600648991021
219.14583333333334 24.76075044746032 24.354462696681495
219.64583333333334 24.75129954138682 24.348886193739887
220.14583333333331 24.741891110428426 24.34333385761772
220.64583333333334 24.73252891407199 24.337800913925935
221.14583333333334 24.72324555884418 24.332252840880532
221.64583333333331 24.713963831608822 24.32675384635307
222.14583333333334 24.704784136459583 24.321265365233387
222.64583333333334 24.69562550205407 24.3157952786784
223.14583333333331 24.686538524587895 24.31034758207825
223.64583333333334 24.677475283844604 24.30490113672919
224.14583333333334 24.66847501407521 24.299499380275243
224.64583333333331 24.659527183968734 24.294094426017928
225.14583333333334 24.650620144397003 24.28871897320387
225.64583333333334 24.641778034607043 24.283361761356204
226.14583333333331 24.63298159011528 24.278011629027787
226.64583333333334 24.62425435447529 24.27268887166059
227.14583333333334 24.615561281554804 24.267389499887628
227.64583333333331 24.606900781800377 24.26211769435075
228.14583333333334 24.59831082054849 24.25684187656756
228.64583333333334 24.589764746474113 24.251586808568128
229.14583333333331 24.58127277414752 24.246370833255646
229.64583333333334 24.57282191977303 24.241158877282487
230.14583333333334 24.564439630198358 24.23596852444512
230.64583333333331 24.556108619297138 24.23079679709766
231.14583333333334 24.547806149059646 24.225638796256085
231.64583333333334 24.539551782083233 24.22052059844221
232.14583333333334 24.53136179663012 24.21541937860823
232.64583333333334 24.52320753046549 24.21031503908539
233.14583333333334 24.515122587118327 24.20525115115902
233.64583333333334 24.507072606194825 24.20019118888898
234.14583333333334 24.49908560646348 24.19516740971163
234.64583333333334 24.49114020477108 24.190155817447348
235.14583333333334 24.483247320265473 24.185169216153927
235.64583333333334 24.475383761235975 24.1801881692863
236.14583333333334 24.46759060257868 24.175239443249342
236.64583333333334 24.459824192941614 24.170310621087157
237.14583333333334 24.452121516868353 24.165400190299316
237.64583333333334 24.444470380627585 24.160499965504115
238.14583333333334 24.43686266575035 24.155642679764725
238.64583333333334 24.429295340984925 24.150789361196125
239.14583333333334 24.42176961572538 24.145960183637285
239.64583333333334 24.414311730299406 24.14114888359537
240.14583333333334 24.406899258617962 24.136366772166916
240.64583333333334 24.399539055002542 24.131585206501537
241.14583333333334 24.392190505829756 24.126838641723715
241.64583333333334 24.384932508207967 24.122107587087847
242.14583333333334 24.377692877734816 24.11741156727576
242.64583333333334 24.370492367391904 24.112724474022023
243.14583333333334 24.36333771513249 24.108051492641156
243.64583333333334 24.356223714619407 24.1033832938737
244.14583333333334 24.349122434944945 24.09873635951871
244.64583333333334 24.342044281006558 24.09410194550391
245.14583333333334 24.33499989730435 24.089470295155465
245.64583333333334 24.32796969353939 24.08485908510489
246.14583333333334 24.32099224000774 24.08024701417252
246.64583333333334 24.314010417343958 24.075663469176554
247.14583333333334 24.307078668399747 24.071092973639352
247.64583333333334 24.30016544707282 24.0665306127541
248.14583333333334 24.2932930656967 24.061973348777215
248.64583333333334 24.286439212093455 24.05743126697967
249.14583333333334 24.279613470501666 24.052895205943447
249.64583333333334 24.272794618147092 24.0483875597179
250.14583333333334 24.26604675445936 24.043889559361077
250.64583333333334 24.259300671611477 24.039407230511788
251.14583333333334 24.25258577865199 24.03492481323491
251.64583333333334 24.245902127114153 24.03045890330627
252.14583333333334 24.239264678315237 24.026022999931435
252.64583333333334 24.23263516853334 24.021600425108165
253.14583333333334 24.22604687343194 24.017173012406502
253.64583333333334 24.219465302699206 24.012771749819372
254.14583333333334 24.21293294272921 24.008365807623537
254.64583333333334 24.206425028862277 24.00398741594616
255.14583333333334 24.199964381269265 23.999622739957207
255.64583333333334 24.193499719533598 23.995287498851216
256.1458333333333 24.187093036452666 23.990931527887156
256.6458333333333 24.18069871004191 23.986615057448553
257.1458333333333 24.174326989508724 23.982310245467847
257.6458333333333 24.167997995509726 23.977998804218355
258.1458333333333 24.16169087193696 23.973735443693883
258.6458333333333 24.15543114580563 23.969453787360557
259.1458333333333 24.14917748181328 23.965204235234413
259.6458333333333 24.142981375877536 23.96097154036113
260.1458333333333 24.13679773987194 23.95675474970153
260.6458333333333 24.130636769545447 23.95254141523926
261.1458333333333 24.12449891920106 23.948356558374574
261.6458333333333 24.11841888638035 23.944173402951968
262.1458333333333 24.11235461774259 23.93999757516555
262.6458333333333 24.106337767407492 23.93584835680791
263.1458333333333 24.100317841803907 23.931717826482412
263.6458333333333 24.094339878062733 23.927592327171862
264.1458333333333 24.088395344829223 23.92347621135574
264.6458333333333 24.082496525214655 23.91939058501852
265.1458333333333 24.076605276566067 23.915320226070204
265.6458333333333 24.070757535133303 23.91125923811611
266.1458333333333 24.064924901751926 23.907202780115004
266.6458333333333 24.059118554705798 23.90317274967712
267.1458333333333 24.05335619538478 23.899154877378077
267.6458333333333 24.047617907767904 23.89516074025188
268.1458333333333 24.041912586337425 23.891177363096745
268.6458333333333 24.036237914813448 23.887204834643438
269.1458333333333 24.0305983238962 23.883244639535448
269.6458333333333 24.024971046959102 23.879301231840383
270.1458333333333 24.019393017676265 23.87538754567728
270.6458333333333 24.013820673315056 23.871462691177978
271.1458333333333 24.00829919478832 23.867575272258897
271.6458333333333 24.002788896336202 23.863685719480635
272.1458333333333 23.99732629784698 23.85983092044226
272.6458333333333 23.991890187639417 23.8559794149767
273.1458333333333 23.986486302901696 23.85216200113291
273.6458333333333 23.981106948998786 23.848318919992636
274.1458333333333 23.975760987564264 23.844527298851705
274.6458333333333 23.970441916528642 23.840729695849397
275.1458333333333 23.965148225062354 23.83697449381582
275.6458333333333 23.959891436144453 23.83321449927914
276.1458333333333 23.95463658025125 23.829475135515285
276.6458333333333 23.949455246300776 23.82574094887479
277.1458333333333 23.944292075315307 23.822039020775225
277.6458333333333 23.939124993891298 23.8183355078198
278.1458333333333 23.934008491810665 23.81466292441449
278.6458333333333 23.928919517113062 23.81097917206583
279.1458333333333 23.923846073179526 23.80733619436379
279.6458333333333 23.91878474215247 23.80369139885495
280.1458333333333 23.913777731559666 23.800066249211426
280.6458333333333 23.90876269515562 23.796451546011042
281.1458333333333 23.903772589229305 23.79283370334838
281.6458333333333 23.89882304776068 23.789247509560163
282.1458333333333 23.89387815710695 23.785675780709767
282.6458333333333 23.888957520484624 23.782111050166208
283.1458333333333 23.884072143780685 23.778561328779894
283.6458333333333 23.879189792883103 23.77501929874963
284.1458333333333 23.87435717073497 23.771470223226373
284.6458333333333 23.869525191203426 23.767959439710566
285.1458333333333 23.86470344503014 23.76444993676686
285.6458333333333 23.859907300922217 23.76095093847959
286.1458333333333 23.855140751851167 23.757465357079145
286.6458333333333 23.85039483794288 23.75398384810479
287.1458333333333 23.84565800130014 23.75051371657547
287.6458333333333 23.840954501333826 23.74707844483413
288.1458333333333 23.836253264786453 23.743634023621517
288.6458333333333 23.8315752023731 23.7402070132703
289.1458333333333 23.82693166914776 23.736796001970934
289.6458333333333 23.822282038976866 23.73337193762529
290.1458333333333 23.817679405786244 23.729988105141704
290.6458333333333 23.813073161921828 23.72659361586125
291.1458333333333 23.808489228323012 23.723219710341446
291.6458333333333 23.80391737868225 23.719852303724064
292.1458333333333 23.79936816191178 23.716489337988754
292.6458333333333 23.794840624297045 23.713143270625796
293.1458333333333 23.79034011646498 23.709803425033627
293.6458333333333 23.785848803909985 23.706488205729354
294.1458333333333 23.781359167542217 23.703165885375753
294.6458333333333 23.776914066765194 23.699861534267782
