FastTrWP/PhaseSpace/IAs/snIa_0.65_30.00_1.05_-0.08.csv
# %ECSV 0.9
# ---
# datatype:
# - {name: time-rel, datatype: float64}
# - {name: g, datatype: float64}
# - {name: i, datatype: float64}
# schema: astropy-2.0
time-rel g i
[from data line 2508]
760.0 25.310835303945574 23.13954522153059
760.5 25.31327332575398 23.140579817579034
761.0 25.315721178875535 23.141616319807127
761.5 25.318154542297147 23.14265756110914
762.0 25.320657816270224 23.14368691695476
762.5 25.323176356822927 23.144712522764483
763.0 25.32567223122278 23.145757812540914
763.5 25.328246023446873 23.146788734333047
764.0 25.33078618248341 23.14781894649081
764.5 25.333373024550095 23.148849952648064
765.0 25.336009857505687 23.149879680968258
765.5 25.338626972379856 23.15090093886178
766.0 25.34128348458925 23.151924007900124
766.5 25.3439789199776 23.15295580159787
767.0 25.34665805414782 23.153969902326473
767.5 25.349397448017573 23.15499930779904
768.0 25.352147685757686 23.15601640804339
768.5 25.354887689629535 23.157041303252374
769.0 25.357706014584046 23.158065105493645
769.5 25.360519578196204 23.159082843453476
770.0 25.363360746906608 23.160104061321807
770.5 25.366212252105388 23.161120555012864
771.0 25.36910767708083 23.1621291508632
771.5 25.371995681830292 23.16316043149299
772.0 25.374942344953695 23.164168662822252
772.5 25.377912667867506 23.165184945619547
773.0 25.38087074348564 23.166206049933066
773.5 25.38390812419271 23.167211997400884
774.0 25.386937019134862 23.168227045706757
774.5 25.39001143399301 23.169227251972877
775.0 25.393097368912983 23.17024125728411
775.5 25.396180534772515 23.17125648196565
776.0 25.399341182972957 23.17225286733887
776.5 25.40248823385 23.173269698197252
777.0 25.405691876163218 23.174271801098413
777.5 25.408928129699035 23.17527937205614
778.0 25.412233735314413 23.176276116912927
778.5 25.415547639807752 23.177283134529777
779.0 25.418909414870214 23.178264187496108
779.5 25.42235029149491 23.179267439796057
780.0 25.425810740655383 23.180254008388058
780.5 25.42930346497826 23.18124674411451
781.0 25.43285478711136 23.182231550787318
781.5 25.436424718551883 23.183222959784185
782.0 25.44006838566984 23.18420520543741
782.5 25.443733584393105 23.18517925808573
783.0 25.447439620131238 23.18616292398338
783.5 25.451195627446577 23.187156720827975
784.0 25.45498855738097 23.188133448359608
784.5 25.45880232257319 23.189105609858153
785.0 25.462687719153973 23.190078183774233
785.5 25.4665887176483 23.1910526160095
786.0 25.470524614262523 23.19202857369392
786.5 25.47453902968675 23.192993722362015
787.0 25.478571546356136 23.193969903563328
787.5 25.482628220135215 23.194924244619763
788.0 25.486722603493686 23.195898682640504
788.5 25.490875600493187 23.196861802058297
789.0 25.4950017781583 23.197831303818262
789.5 25.49925078457115 23.19879058183913
790.0 25.50348989716166 23.19974873008856
790.5 25.507773603926186 23.200716850157768
791.0 25.512088131244756 23.20167577190756
791.5 25.516437885887463 23.202625939820912
792.0 25.520825229888334 23.203589887175223
792.5 25.525238470938948 23.20454107745973
793.0 25.529650263269748 23.205506016647494
793.5 25.53413320830954 23.206456008387804
794.0 25.538653442787748 23.207410809840464
794.5 25.543177972683853 23.20836010635803
795.0 25.54776583844777 23.20932081940992
795.5 25.552343418143515 23.210272626988097
796.0 25.556991104042787 23.211232288901794
796.5 25.561626009724122 23.212176361182856
797.0 25.566327710266034 23.213134660173264
797.5 25.571025027361024 23.214080167102797
798.0 25.57577466108425 23.21502371646542
798.5 25.58050423974511 23.215972905302458
799.0 25.585307057357447 23.216925956880473
799.5 25.590158048900193 23.21787892141918
800.0 25.59497131040192 23.218821923208726
800.5 25.599841422904994 23.219781072121318
801.0 25.604716120097272 23.220721705772416
801.5 25.609623261079918 23.221676228883315
802.0 25.61456866224619 23.222624447444772
802.5 25.61947468189825 23.223566122933455
803.0 25.624458472750213 23.224516750482174
803.5 25.629469920951443 23.225467584723297
804.0 25.63446334277466 23.226424946734532
804.5 25.639482030421586 23.227374438088532
805.0 25.6445041085505 23.228321211347726
805.5 25.649580461985316 23.229270196605412
806.0 25.654647737825286 23.23023327106457
806.5 25.659764106006943 23.231173295141005
807.0 25.664842910236967 23.23213118078626
807.5 25.669969019429317 23.233073542162458
808.0 25.675070389057627 23.234029927802467
808.5 25.68022207084731 23.234991608065435
809.0 25.68536214159265 23.235943581869066
809.5 25.6905180240876 23.23689292573598
810.0 25.695674617823077 23.237849455402312
810.5 25.70084870868215 23.238808613347967
811.0 25.70600780595641 23.2397636217063
811.5 25.711191461576853 23.240721398531093
812.0 25.71639232706719 23.241680986654593
812.5 25.721603393541763 23.242649538813712
813.0 25.72676630770762 23.243609799256273
813.5 25.73194033558124 23.24457710436686
814.0 25.73715929784184 23.245528157768042
814.5 25.742326677060973 23.246497007167193
815.0 25.747514635079824 23.247455603160603
815.5 25.752692688027672 23.24843428914303
816.0 25.757867315238705 23.24939785512378
816.5 25.763029501974838 23.250373905715453
817.0 25.768256234596695 23.251348283989127
817.5 25.773512201542097 23.25231695501296
818.0 25.778788710774286 23.253290145920133
818.5 25.784119861251543 23.25425989884977
819.0 25.789460725225556 23.255222544022253
819.5 25.794880738543146 23.2561901855733
820.0 25.800282302309128 23.257152156010584
820.5 25.805780438581685 23.258117804615477
821.0 25.811270510182073 23.25909235214465
821.5 25.816856577032897 23.26005815374018
822.0 25.82241055762212 23.261026465232312
822.5 25.82803066341826 23.261990197835605
823.0 25.83369856839714 23.26295638645871
823.5 25.839385795986722 23.263919542237105
824.0 25.845093297859147 23.264880284313104
824.5 25.850839914355998 23.26585786211782
825.0 25.85663400281546 23.266819540487177
825.5 25.86246252335904 23.26777931521365
826.0 25.868316853323723 23.268743974979795
826.5 25.874218708380702 23.2697139997222
827.0 25.880122546436347 23.27068196059465
827.5 25.88611516511662 23.271631931218554
828.0 25.892078951405715 23.27259498648948
828.5 25.898094999848446 23.273568346973352
829.0 25.904150510086488 23.274528747649388
829.5 25.910195108849642 23.275490430055296
830.0 25.916292261799313 23.27645063888341
830.5 25.92246006224364 23.277434966620838
831.0 25.928607801800105 23.27838214904801
831.5 25.93480737056229 23.27934820571784
832.0 25.941024338245306 23.28033490138977
832.5 25.94727263556425 23.281289284103273
833.0 25.953530315382864 23.28225076782895
833.5 25.95983195555149 23.28322676588508
834.0 25.966172507529002 23.28418688744489
834.5 25.972496830491103 23.285163074653088
835.0 25.978830230017934 23.286126046464595
835.5 25.985219799287744 23.287090160119753
836.0 25.991655646775268 23.288064398935525
836.5 25.998069338747875 23.289027538290725
837.0 26.004517325722606 23.290011913762882
837.5 26.011002859683238 23.290978499297672
838.0 26.017464248436923 23.291945344146434
838.5 26.02399532494907 23.29291154748981
839.0 26.03047711453972 23.29388889901533
839.5 26.037073281479117 23.294868745045
840.0 26.04360343074169 23.29583997717108
840.5 26.050136891592913 23.296824928253347
841.0 26.056763756411804 23.297791227205114
841.5 26.06332837506234 23.298776393989833
842.0 26.069917503988577 23.29974863963661
842.5 26.07653334558712 23.300737238410413
843.0 26.08318049686272 23.301700706986182
843.5 26.089775645099262 23.302700031865218
844.0 26.096413954734142 23.30368355785035
844.5 26.10307483669077 23.304656330338844
845.0 26.109717190301804 23.305641640210254
845.5 26.11634625838521 23.306642141994757
846.0 26.122964477907885 23.307630671589212
846.5 26.12962430090141 23.308619235041284
847.0 26.13628205893209 23.309601569263734
847.5 26.142938108711252 23.31059666191068
848.0 26.14959254736137 23.31159420339175
848.5 26.156234721205706 23.312590266436708
849.0 26.16285552689768 23.31358522354548
849.5 26.169465002531084 23.314577273702817
850.0 26.176101494530005 23.315581361098182
850.5 26.18271280216481 23.316573814902753
851.0 26.18929784974057 23.317580804793515
851.5 26.195856368864913 23.31858578196375
852.0 26.202414876876446 23.31959380569467
852.5 26.208994873566162 23.32060021745154
853.0 26.215491386888672 23.321614859480945
853.5 26.222056269018836 23.322627020434858
854.0 26.22852989135048 23.323640409984954
854.5 26.234973653603006 23.324654783520877
855.0 26.241421364731945 23.32567541483771
855.5 26.247862146156496 23.326687022451168
856.0 26.254214876742417 23.327709142710713
856.5 26.26061988263533 23.328737905488374
857.0 26.266999120543304 23.329760609299424
857.5 26.273351217832822 23.33079089395038
858.0 26.279780856872073 23.33181626294406
858.5 26.28615790823858 23.33284256274196
859.0 26.292528701062086 23.333868643908385
859.5 26.29890445998708 23.334904903323338
860.0 26.305297298357427 23.33594555299115
860.5 26.31167394398205 23.336970684562313
861.0 26.318055616697276 23.338006324795167
861.5 26.32443263882307 23.339047049380696
862.0 26.330864308043132 23.340079445606715
862.5 26.33719039170847 23.3411175173468
863.0 26.343590580171096 23.3421538329994
863.5 26.349950646409624 23.343196541633535
