FastTrWP/PhaseSpace/IAs/snIa_0.4_20_0.0_0.0.csv
# %ECSV 0.9
# ---
# datatype:
# - {name: time-rel, datatype: float64}
# - {name: g, datatype: float64}
# - {name: i, datatype: float64}
# schema: astropy-2.0
time-rel g i
[from data line 1948]
957.8333333333333 -25.270037713440672 -26.97537482016613
958.3333333333334 -25.26787579160823 -26.97447160327199
958.8333333333334 -25.265748658970416 -26.973551165418037
959.3333333333333 -25.263610682376786 -26.972638347206413
959.8333333333334 -25.26149095546703 -26.971727413145796
960.3333333333334 -25.259346874650966 -26.970830389410114
960.8333333333333 -25.25720782098933 -26.969913042586782
961.3333333333334 -25.25507093327493 -26.96900669340607
961.8333333333334 -25.25295785660643 -26.96809944258824
962.3333333333333 -25.250787852577176 -26.967206370928324
962.8333333333334 -25.248663141498046 -26.966307977198948
963.3333333333334 -25.246551109523267 -26.965407133391068
963.8333333333333 -25.24441971011068 -26.96451652888054
964.3333333333334 -25.24231674247833 -26.963613103241162
964.8333333333334 -25.24017295175455 -26.96272079539394
965.3333333333333 -25.238041684953284 -26.961817055302735
965.8333333333334 -25.23592982430319 -26.960929986970676
966.3333333333334 -25.233808895175052 -26.96004446164173
966.8333333333333 -25.231675494082523 -26.959148542025066
967.3333333333334 -25.229561670142306 -26.958264048665022
967.8333333333334 -25.227448512473746 -26.95738444540419
968.3333333333333 -25.2253093837683 -26.956496620758998
968.8333333333334 -25.22320715901367 -26.955602064755467
969.3333333333334 -25.22108757335723 -26.954727710638878
969.8333333333333 -25.2189665057969 -26.95384763425971
970.3333333333334 -25.216851522219375 -26.95297474122535
970.8333333333334 -25.214730075667624 -26.952090070340123
971.3333333333333 -25.212623535039075 -26.95122342589074
971.8333333333334 -25.21050564674433 -26.950337379017352
972.3333333333334 -25.208412361863566 -26.94946321076825
972.8333333333333 -25.206283895278734 -26.948598460928793
973.3333333333334 -25.204167451004025 -26.947724679627783
973.8333333333334 -25.20205544937411 -26.946844663535877
974.3333333333333 -25.199948245194847 -26.945979486506776
974.8333333333334 -25.197853296008304 -26.9451061475286
975.3333333333334 -25.195757359545468 -26.94424514864213
975.8333333333333 -25.193630287227194 -26.943386274100902
976.3333333333334 -25.19153520139245 -26.94251928783878
976.8333333333334 -25.189412941541033 -26.94165693350984
977.3333333333333 -25.18732594301829 -26.94079660889489
977.8333333333334 -25.18522986320088 -26.939927012888802
978.3333333333334 -25.183124275492613 -26.93907485035048
978.8333333333333 -25.181024257823186 -26.938219350281432
979.3333333333334 -25.17893906417552 -26.937362118890476
979.8333333333334 -25.176836583403876 -26.936506517226263
980.3333333333333 -25.17471701177317 -26.935657958769532
980.8333333333334 -25.172636104420945 -26.934802736381364
981.3333333333334 -25.170543484562184 -26.933957964672096
981.8333333333333 -25.168463653611283 -26.933111078318476
982.3333333333334 -25.16634632771916 -26.932258365717516
982.8333333333334 -25.16427540109159 -26.931408470165987
983.3333333333333 -25.16219500401473 -26.93056624916072
983.8333333333334 -25.160105129830583 -26.929723860177937
984.3333333333334 -25.158003006155877 -26.92888277458371
984.8333333333333 -25.155944580201208 -26.928049234072628
985.3333333333334 -25.153854895492675 -26.927210020074877
985.8333333333334 -25.15177350593187 -26.926384724641018
986.3333333333333 -25.149714412202172 -26.925544654117548
986.8333333333334 -25.14763102983858 -26.924711257107333
987.3333333333334 -25.145557610946646 -26.923879841879472
987.8333333333333 -25.14347820837266 -26.923047580680123
988.3333333333334 -25.141431903416592 -26.922220942899976
988.8333333333334 -25.139349301825256 -26.921399405587728
989.3333333333333 -25.137280028183987 -26.92057602901269
989.8333333333334 -25.135228119375448 -26.919758255924062
990.3333333333334 -25.133181340210555 -26.91893206503671
990.8333333333333 -25.131115998526727 -26.91810977064997
991.3333333333334 -25.12905531493913 -26.9173055593683
991.8333333333334 -25.127010279133287 -26.916486506432108
992.3333333333333 -25.12494828093415 -26.9156556849844
992.8333333333334 -25.122911470721334 -26.914858777521175
993.3333333333334 -25.120880263292634 -26.914046391197882
993.8333333333333 -25.11881372634321 -26.913239393542977
994.3333333333334 -25.116788345781515 -26.912431971106443
994.8333333333334 -25.114755771646138 -26.911629256906167
995.3333333333333 -25.112714886429227 -26.910833089269484
995.8333333333334 -25.11068113540075 -26.91003801933403
996.3333333333334 -25.10865278499992 -26.90922850541319
996.8333333333333 -25.106609794835038 -26.908431958321408
997.3333333333334 -25.10459736884995 -26.907645625880615
997.8333333333334 -25.102605735162385 -26.906846287200015
998.3333333333333 -25.100560581794408 -26.906055404022972
998.8333333333334 -25.098552875557342 -26.90526869808228
999.3333333333334 -25.096542149927636 -26.904485104936246
999.8333333333333 -25.094534909399876 -26.903701769493672
1000.3333333333334 -25.09252145813829 -26.9029171531667
1000.8333333333334 -25.090502377181082 -26.902138713773027
1001.3333333333333 -25.08852034320245 -26.90135607708615
1001.8333333333334 -25.08651904916196 -26.900580581675044
1002.3333333333334 -25.084517571532036 -26.899806614505497
1002.8333333333333 -25.082564834956607 -26.899040354443642
1003.3333333333334 -25.080565328775776 -26.898280905539302
1003.8333333333334 -25.078582059466854 -26.897510052278044
1004.3333333333333 -25.07661762999342 -26.896750957916904
1004.8333333333334 -25.074670361161186 -26.895993030413656
1005.3333333333334 -25.07270744151291 -26.895237357526685
1005.8333333333333 -25.070754062514673 -26.89449522525973
1006.3333333333334 -25.068803236453864 -26.893738151270643
1006.8333333333334 -25.06686169615845 -26.8929940684665
1007.3333333333333 -25.064939321073794 -26.892243299614652
1007.8333333333334 -25.062983016738805 -26.89150041593571
1008.3333333333334 -25.061046117760547 -26.890771476502135
1008.8333333333334 -25.059123825627395 -26.890034031021557
1009.3333333333334 -25.057199615786544 -26.889302031400554
1009.8333333333334 -25.055267843202973 -26.888566235428314
1010.3333333333334 -25.053363159686977 -26.8878317388867
1010.8333333333334 -25.05144212833144 -26.887109698965244
1011.3333333333334 -25.049559121671052 -26.886378968020242
1011.8333333333334 -25.04766505398583 -26.885661319958032
1012.3333333333334 -25.045755520836927 -26.884937930253354
1012.8333333333334 -25.043866217126308 -26.88423147670136
1013.3333333333334 -25.041948868378057 -26.883507703415518
1013.8333333333334 -25.04006134684809 -26.882785571420843
1014.3333333333334 -25.038182680557778 -26.882086637670362
1014.8333333333334 -25.036303285443555 -26.881368866039523
1015.3333333333334 -25.034427860085117 -26.88066151284978
1015.8333333333334 -25.032534711077016 -26.87995708167563
1016.3333333333334 -25.030674636903505 -26.879248892273978
1016.8333333333334 -25.028804693308082 -26.878543520263815
1017.3333333333334 -25.026908676762044 -26.877842501568722
1017.8333333333334 -25.02505853250661 -26.877135519242383
1018.3333333333334 -25.023173765369346 -26.876434637485552
1018.8333333333334 -25.021323866706254 -26.87574458102876
1019.3333333333334 -25.01944541507125 -26.875042592108937
1019.8333333333334 -25.017593288225118 -26.87434563848735
1020.3333333333334 -25.015743891589718 -26.87365273139651
1020.8333333333334 -25.01388870354891 -26.87295566027816
1021.3333333333334 -25.012035242447304 -26.87226251551985
1021.8333333333334 -25.01017807660228 -26.87156691273391
1022.3333333333334 -25.008312508886128 -26.870881129872966
1022.8333333333334 -25.006460126655156 -26.87018489834245
1023.3333333333334 -25.004625450661557 -26.869498317536564
1023.8333333333334 -25.002768950314533 -26.868811776264536
1024.3333333333333 -25.000908737802238 -26.8681144070837
1024.8333333333333 -24.999059824245087 -26.867427868405326
1025.3333333333333 -24.99722845540592 -26.86674994300511
1025.8333333333333 -24.995366816166324 -26.866059496887114
1026.3333333333333 -24.993528452366334 -26.86536510915228
1026.8333333333333 -24.991716891451503 -26.864686851920276
1027.3333333333333 -24.98983689292966 -26.864000470271034
1027.8333333333333 -24.98798234803754 -26.86331731206375
1028.3333333333333 -24.986157904604983 -26.862628940049195
1028.8333333333333 -24.984305487944958 -26.861942538141133
1029.3333333333333 -24.982449196830927 -26.86126127718984
1029.8333333333333 -24.980607024047426 -26.86056947909921
1030.3333333333333 -24.978727428118766 -26.859894387589836
1030.8333333333333 -24.97691452258872 -26.859199948796157
1031.3333333333333 -24.975057292246504 -26.858509594256773
1031.8333333333333 -24.97320296681489 -26.857833605649162
1032.3333333333333 -24.97134866364941 -26.857142247461553
1032.8333333333333 -24.969468330422735 -26.856457347531368
1033.3333333333333 -24.967624875299204 -26.85577249855733
1033.8333333333333 -24.965767921968194 -26.855080134255015
1034.3333333333333 -24.963915353651558 -26.85439497967139
1034.8333333333333 -24.962026170000534 -26.85370219915615
1035.3333333333333 -24.96016076441459 -26.85300973812662
1035.8333333333333 -24.958286553501623 -26.852330668053533
1036.3333333333333 -24.956432571671556 -26.85162965683846
1036.8333333333333 -24.95461662431143 -26.850944594436488
1037.3333333333333 -24.9527567529371 -26.850263608795878
1037.8333333333333 -24.950878325593493 -26.84958167081507
1038.3333333333333 -24.94904651405113 -26.84889709315381
1038.8333333333333 -24.94718023566008 -26.84821525727027
1039.3333333333333 -24.945351689897237 -26.847547504629294
1039.8333333333333 -24.943510231746657 -26.846860248280848
1040.3333333333333 -24.941662453867227 -26.846184670913374
1040.8333333333333 -24.939838604204645 -26.845510129947602
1041.3333333333333 -24.93798662430212 -26.844841161499705
1041.8333333333333 -24.936155224564235 -26.844167848359056
1042.3333333333333 -24.93432596133386 -26.843496477892863
1042.8333333333333 -24.93247381660009 -26.842821587292537
1043.3333333333333 -24.9306823002646 -26.842153286985994
1043.8333333333333 -24.92883518592718 -26.84148190768692
1044.3333333333333 -24.927021850240095 -26.84081064007485
1044.8333333333333 -24.925213223821387 -26.840151687543315
1045.3333333333333 -24.92335442317598 -26.839481780480323
1045.8333333333333 -24.921546290955362 -26.8388277271294
1046.3333333333333 -24.91973361720081 -26.838165857353058
1046.8333333333333 -24.917908673601097 -26.83749436049517
1047.3333333333333 -24.916098971843283 -26.836821008805284
1047.8333333333333 -24.914284995723342 -26.836159171473174
1048.3333333333333 -24.912474285757995 -26.835494828207857
1048.8333333333333 -24.910660428762668 -26.834833709457936
1049.3333333333333 -24.90884715139861 -26.834183031657485
1049.8333333333333 -24.90703297788766 -26.833516079094682
1050.3333333333333 -24.905204714594827 -26.832852296264168
1050.8333333333333 -24.9033858483767 -26.832196418516872
1051.3333333333333 -24.90158805633591 -26.83153564663655
1051.8333333333333 -24.899768682603735 -26.83087674051167
1052.3333333333333 -24.89796022843718 -26.830229317426113
1052.8333333333333 -24.896150622523034 -26.82956023946421
1053.3333333333333 -24.89433227782312 -26.82890593629704
1053.8333333333333 -24.892516417714667 -26.82823257900992
1054.3333333333333 -24.890700905031345 -26.82758111627883
1054.8333333333333 -24.888904494053374 -26.8269148737454
1055.3333333333333 -24.88707145711234 -26.826263078243507
1055.8333333333333 -24.885275998154647 -26.825605696381196
1056.3333333333333 -24.883468590359588 -26.82494901721418
1056.8333333333333 -24.88164316570082 -26.82428652353265
1057.3333333333333 -24.879834685862004 -26.82362596217567
1057.8333333333333 -24.878028306379456 -26.822969621300025
1058.3333333333333 -24.8762007551573 -26.822306082716388
1058.8333333333333 -24.874382935111967 -26.821652096615615
1059.3333333333333 -24.872571750962127 -26.820991056919592
1059.8333333333333 -24.870750391694084 -26.82033250662384
1060.3333333333333 -24.868926696925655 -26.81966514660394
1060.8333333333333 -24.867115396786538 -26.819010566259447
1061.3333333333333 -24.86528263388385 -26.818342899093487
1061.8333333333333 -24.86348026126678 -26.817681063401846
1062.3333333333333 -24.861630068161183 -26.817023065813288
1062.8333333333333 -24.859803418726237 -26.816349987515462
1063.3333333333333 -24.85797569267351 -26.81569420427102
1063.8333333333333 -24.85615431462605 -26.815018023104898
1064.3333333333333 -24.854317887472174 -26.81435311767748
1064.8333333333333 -24.85247299024533 -26.813693376447453
1065.3333333333333 -24.850633216911394 -26.813014920293824
1065.8333333333333 -24.84880243763208 -26.81234818862855
1066.3333333333333 -24.846949347337794 -26.81168002627682
1066.8333333333333 -24.84509683532107 -26.811000325787543
1067.3333333333333 -24.843274185688756 -26.810332709511698
1067.8333333333333 -24.84140568693156 -26.80966541769983
1068.3333333333333 -24.83954735852658 -26.808984329254134
1068.8333333333333 -24.83767292523558 -26.808315272058792
1069.3333333333333 -24.835816908561217 -26.80763604732659
1069.8333333333333 -24.833972796269364 -26.806960027279004
1070.3333333333333 -24.832112417201834 -26.806281235294467
1070.8333333333333 -24.830245199759208 -26.805604045210487
1071.3333333333333 -24.82838727528803 -26.804923038258647
1071.8333333333333 -24.826499019814044 -26.804255173179065
1072.3333333333333 -24.82465380194883 -26.80356804727593
1072.8333333333333 -24.82277223928307 -26.802889898714724
1073.3333333333333 -24.82089810197095 -26.8022255146392
1073.8333333333333 -24.819060672225465 -26.801541565696848
1074.3333333333333 -24.81716365149512 -26.800851812003813
1074.8333333333333 -24.81531157356664 -26.800181288889398
1075.3333333333333 -24.813448382149843 -26.799486883688424
1075.8333333333333 -24.81154566218389 -26.798816317112653
1076.3333333333333 -24.80967842766233 -26.798127921106882
1076.8333333333333 -24.807805486899195 -26.79745793075172
1077.3333333333333 -24.80594452548358 -26.796765557668603
1077.8333333333333 -24.804050642433108 -26.796086222359246
1078.3333333333333 -24.802176191907947 -26.795400218395677
1078.8333333333333 -24.800280132624792 -26.79471836178177
1079.3333333333333 -24.798409744725255 -26.79403661389962
1079.8333333333333 -24.796525030100405 -26.79335791156971
1080.3333333333333 -24.794626602176724 -26.79266575125481
1080.8333333333333 -24.792762082278074 -26.791988187517983
1081.3333333333333 -24.790860789873257 -26.791306934585556
1081.8333333333333 -24.788998665907485 -26.79061560231087
1082.3333333333333 -24.787105185974376 -26.789938330113557
1082.8333333333333 -24.785201792233703 -26.78925300197281
1083.3333333333333 -24.783326616566562 -26.788560653947275
1083.8333333333333 -24.781437279241835 -26.78787635020946
1084.3333333333333 -24.77955078681282 -26.787185830586985
1084.8333333333333 -24.77766965845887 -26.78651497652121
1085.3333333333333 -24.775784449523574 -26.78581783989188
1085.8333333333333 -24.77388514039744 -26.785141850620874
1086.3333333333333 -24.772001220215856 -26.784455988600847
1086.8333333333333 -24.770117128703873 -26.78377463918992
1087.3333333333333 -24.768184792566743 -26.783080404507018
1087.8333333333333 -24.76629838913051 -26.782389748138144
1088.3333333333333 -24.76443485256784 -26.78170667705585
1088.8333333333333 -24.762528960398026 -26.781017061375113
1089.3333333333333 -24.760644937898405 -26.78032310763255
1089.8333333333333 -24.758719856450032 -26.779643799637512
1090.3333333333333 -24.75686173416345 -26.77895085589778
1090.8333333333333 -24.754945575142116 -26.77826672579654
1091.3333333333333 -24.75305391915378 -26.777586266728864
1091.8333333333333 -24.75113547825603 -26.776898510690796
1092.3333333333333 -24.749260632840873 -26.776203741067505
1092.8333333333333 -24.747344385196776 -26.775513998320854
1093.3333333333333 -24.745442818921873 -26.774829555270756
1093.8333333333333 -24.743552324876795 -26.774134926944328
1094.3333333333333 -24.741669607592115 -26.773450927116667
1094.8333333333333 -24.739762645042823 -26.772762697813217
