FastTrWP/PhaseSpace/IAs/snIa_0.35_30.00_-1.37_0.03.csv
# %ECSV 0.9
# ---
# datatype:
# - {name: time-rel, datatype: float64}
# - {name: g, datatype: float64}
# - {name: i, datatype: float64}
# schema: astropy-2.0
time-rel g i
[from data line 1345]
923.0625 23.676176876085965 22.65579825238236
923.5625 23.678136550229496 22.656853420763184
924.0624999999999 23.680087811221412 22.657918476784673
924.5625 23.682071127423793 22.658989232533727
925.0625 23.68403363824443 22.660057063114387
925.5624999999999 23.686004838692437 22.661135357034468
926.0625 23.687971880590023 22.662212022378032
926.5625 23.689946209919928 22.663302998926383
927.0624999999999 23.69192649078128 22.664386834287747
927.5625 23.693905777381417 22.665484842359326
928.0625 23.69589871125401 22.666574246457216
928.5624999999999 23.697898483245137 22.66767637137438
929.0625 23.699885780333915 22.668779581565342
929.5625 23.70187226786957 22.66989173976551
930.0624999999999 23.703861578278513 22.670996272278124
930.5625 23.705858164247786 22.672110721768767
931.0625 23.70786338311541 22.67323794087138
931.5624999999999 23.709873438319505 22.674356557529826
932.0625 23.711867420986678 22.675484366309504
932.5625 23.713880599640156 22.676610683765475
933.0624999999999 23.715887729305614 22.677738470114065
933.5625 23.71789710670292 22.67886994679765
934.0625 23.719912817296986 22.680001226118716
934.5624999999999 23.721934705159224 22.6811357562448
935.0625 23.723958126850878 22.68227820971625
935.5625 23.725978354943752 22.683428743031854
936.0624999999999 23.728010454704155 22.684560317520862
936.5625 23.730016570483812 22.685708111412232
937.0625 23.732054699141592 22.686851603173444
937.5624999999999 23.734084306050008 22.688000070987563
938.0625 23.736109924528407 22.6891470147595
938.5625 23.738139493097687 22.690307234894547
939.0624999999999 23.74017542009725 22.69145249882786
939.5625 23.742218542058737 22.692603937850215
940.0625 23.744260065479317 22.693765760659943
940.5624999999999 23.746307508173672 22.694915214357675
941.0625 23.748342643597212 22.696069747511576
941.5625 23.750399112579657 22.69722715681977
942.0624999999999 23.752454892981735 22.698380290687723
942.5625 23.754484849263772 22.69953974701554
943.0625 23.756532580896497 22.700699575174987
943.5624999999999 23.75857440556675 22.70184886250226
944.0625 23.760627444328122 22.703006006334444
944.5625 23.76269209747834 22.7041635519888
945.0624999999999 23.76475285869391 22.705319545220775
945.5625 23.766803877172343 22.706476589613803
946.0625 23.768863570087614 22.707628579194157
946.5624999999999 23.770920317436243 22.708787190124102
947.0625 23.772974127554306 22.709940250418903
947.5625 23.77503576514706 22.711089068636767
948.0624999999999 23.777102971621098 22.712235707477817
948.5625 23.77916398421547 22.71338922133175
949.0625 23.781225029762375 22.714536779678607
949.5624999999999 23.783294813638165 22.71567788495028
950.0625 23.785364788315555 22.716823300637678
950.5625 23.78742889767551 22.71796056824912
951.0624999999999 23.7894936225614 22.719105846295577
951.5625 23.791564943468067 22.72024138519686
952.0625 23.79363871361233 22.72137847522518
952.5624999999999 23.795702398154567 22.722510193661062
953.0625 23.797775876091528 22.723649608849673
953.5625 23.799841413335283 22.72480057485637
954.0624999999999 23.801927927631393 22.725944378251857
954.5625 23.804013945592267 22.727086620524307
955.0625 23.80608456188909 22.728241552419007
955.5624999999999 23.808170765561233 22.72939389873362
956.0625 23.810262040941325 22.730543669787203
956.5625 23.812346471586295 22.731688142182215
957.0624999999999 23.81443602284466 22.73285086188928
957.5625 23.816527253038714 22.73400060730114
958.0625 23.818627922032356 22.73516078278242
958.5624999999999 23.820715411310054 22.736320188187683
959.0625 23.82281309297417 22.737478972920524
959.5625 23.82491844338446 22.738640329702463
960.0624999999999 23.827017813168517 22.73981063211782
960.5625 23.829123665503108 22.740966731611874
961.0625 23.831230968674866 22.7421313342819
961.5624999999999 23.8333298696713 22.74328895860166
962.0625 23.835455196431674 22.74445453117243
962.5625 23.837564948530176 22.745626837832965
963.0624999999999 23.839679092254073 22.74679687030907
963.5625 23.841781706197477 22.747952134653502
964.0625 23.843888334467266 22.749131329634643
964.5624999999999 23.84601027829079 22.750292106513985
965.0625 23.848140099909287 22.751462044526953
965.5625 23.850253679236086 22.752629495564026
966.0624999999999 23.852372321166513 22.75379310438495
966.5625 23.85451420639372 22.75496373387584
967.0625 23.85663022147508 22.756125787632065
967.5624999999999 23.858758781663933 22.7573030655341
968.0625 23.860898986868634 22.758464115010245
968.5625 23.8630147546137 22.759637024768118
969.0624999999999 23.865141069619185 22.76080119672452
969.5625 23.867289787607035 22.761965216266773
970.0625 23.86942076931394 22.763138375576922
970.5624999999999 23.871554004252182 22.76429671328666
971.0625 23.873696264056072 22.765457093494756
971.5625 23.87583319690566 22.76661881857482
972.0624999999999 23.87796734360281 22.767783079331746
972.5625 23.880107969891174 22.76894371933375
973.0625 23.882248997752853 22.770097106608382
973.5624999999999 23.88439073268659 22.77126478361859
974.0625 23.88653496644718 22.772423590258978
974.5625 23.888688062161233 22.77358840852942
975.0624999999999 23.890835279435912 22.774725460063973
975.5625 23.892980001916516 22.7758841799946
976.0625 23.895139079785594 22.777032491565077
976.5624999999999 23.89728419299313 22.778184939913245
977.0625 23.899422197113175 22.779326723359855
977.5625 23.901577578598406 22.780472565555726
978.0624999999999 23.903737367384018 22.78161845758195
978.5625 23.90588913191488 22.78276300795481
979.0625 23.908049514246947 22.783902840928597
979.5624999999999 23.910195575782346 22.785031533738206
980.0625 23.912356046748904 22.786167735412693
980.5625 23.914509183348702 22.787305087169987
981.0624999999999 23.91666935844704 22.788434479616804
981.5625 23.918821979301267 22.789554095221753
982.0625 23.920993735516767 22.790677789785057
982.5624999999999 23.92315121960101 22.791800220460487
983.0625 23.925309353947988 22.79291781176401
983.5625 23.927486807986504 22.7940377688356
984.0624999999999 23.929636909379308 22.795137756970533
984.5625 23.93179526593223 22.7962474189752
985.0625 23.933958828081376 22.797363890398202
985.5624999999999 23.93613137075392 22.79846411244133
986.0625 23.938297079664753 22.799564088102894
986.5625 23.94045514469722 22.80067348360879
987.0624999999999 23.942624900305184 22.80176887462264
987.5625 23.944783833862697 22.802868484733736
988.0625 23.946956305197972 22.803969135339194
988.5624999999999 23.94913127375927 22.80506039221408
989.0625 23.951305625374427 22.806154350274323
989.5625 23.95346529489055 22.80725103187902
990.0624999999999 23.955647633592605 22.8083492151635
990.5625 23.95781399563807 22.809426944294053
991.0625 23.959995813125907 22.810518740789803
991.5624999999999 23.96216818774258 22.81161396145786
992.0625 23.96435637065251 22.812692173818824
992.5625 23.966508173314182 22.81377459753747
993.0624999999999 23.96869855716437 22.814856592451378
993.5625 23.970876769069996 22.81593890123022
994.0625 23.973039930753686 22.81701497500137
994.5624999999999 23.9752346148055 22.818095452512026
995.0625 23.977424001938395 22.819164664278446
995.5625 23.97959320048046 22.820244244707343
996.0624999999999 23.98178221260748 22.82130494432664
996.5625 23.98397965969243 22.822387778830088
997.0625 23.986162319487555 22.823456064490802
997.5625 23.98834950319854 22.824527917194413
998.0625 23.9905357762353 22.825591119747642
998.5625 23.992709336915237 22.826656401804627
999.0625 23.994911719999315 22.82771096673872
999.5625 23.997120108639677 22.828776164394185
1000.0625 23.999284046327844 22.829833156443563
1000.5625 24.001501920061795 22.830892040219627
1001.0625 24.003702720676632 22.831964326814195
1001.5625 24.005875894307987 22.833020969563673
1002.0625 24.00810214032985 22.834064470842886
1002.5625 24.01028606487585 22.835114043415288
1003.0625 24.012476078945873 22.83616958081714
1003.5625 24.01468442936971 22.837214073249534
1004.0625 24.016897763748442 22.838266830053
1004.5625 24.01909810164839 22.839310869686713
1005.0625 24.021301708407545 22.840352349275328
1005.5625 24.023516030680035 22.841401184270737
1006.0625 24.025724773587548 22.84244036668565
1006.5625 24.02794506225378 22.84348654539445
1007.0625 24.030144500357103 22.844515192948393
1007.5625 24.03236959602217 22.84555407160402
1008.0625 24.034586056998588 22.846601273330492
1008.5625 24.036792061489066 22.847631356303225
1009.0625 24.039013409935805 22.84866837435226
1009.5625 24.04124252866776 22.84970033426038
1010.0625 24.043455844973195 22.850729041931924
1010.5625 24.045682132205762 22.851763258685235
1011.0625 24.0479002681627 22.852778369368686
1011.5625 24.050128667768554 22.853812464426948
1012.0625 24.052352293266424 22.854842329016027
1012.5625 24.054592881865045 22.855867283873373
1013.0625 24.05682048160648 22.85687922914295
1013.5625 24.059065453434847 22.857903202517555
1014.0625 24.06127682401855 22.858919260788085
1014.5625 24.063524750501987 22.85994394449353
1015.0625 24.065768345249012 22.860953263161072
1015.5625 24.068002684674873 22.861969659257436
1016.0625 24.07024220879331 22.862988505845934
1016.5625 24.072487837069396 22.863994688730887
1017.0625 24.0747337604082 22.865011832742503
1017.5625 24.07698125591444 22.86601793794178
1018.0625 24.079237382250614 22.86703047261165
1018.5625 24.081479117226557 22.868041151614268
1019.0625 24.08371737932992 22.869034688188275
1019.5625 24.085975663458157 22.870041084189722
1020.0625 24.088220166738733 22.871043742139086
1020.5625 24.090483857110442 22.872039901556317
1021.0625 24.092723079239352 22.873035526282997
1021.5625 24.094982692660295 22.874028480458758
1022.0625 24.097243150690456 22.875024075382726
1022.5625 24.099504169564284 22.876026407520037
1023.0625 24.101761871440782 22.877015121320355
1023.5625 24.104016523883182 22.8779977881457
1024.0625 24.106303822420543 22.878987126736632
1024.5625 24.108562568010463 22.879976395125002
1025.0625 24.11081621777791 22.88096257672531
1025.5625 24.113090530394075 22.88194628805843
1026.0625 24.115356699383636 22.882922759265696
1026.5625 24.117628132031474 22.883895010245926
1027.0625 24.119901367037116 22.884878704880364
1027.5625 24.122162371822714 22.885847856860956
1028.0625 24.124433352170488 22.8868258602545
1028.5625 24.126708038021917 22.887795876638485
1029.0625 24.128985394636597 22.888775207733897
1029.5625 24.131266886026506 22.889734552103796
1030.0625 24.133544536258455 22.8907072584658
1030.5625 24.135826890186806 22.891671603185312
1031.0625 24.138116740619143 22.89263372273931
1031.5625 24.140387978652416 22.893589695026574
1032.0625 24.142667587572024 22.89455502100477
1032.5625 24.144957841332584 22.895512388372516
1033.0625 24.147250000202774 22.896475619137515
1033.5625 24.1495293583208 22.897421559679174
1034.0625 24.151836102478732 22.898377379635267
1034.5625 24.15412003286782 22.899336838456335
1035.0625 24.15641455716674 22.900272617923953
1035.5625 24.158721214358785 22.90123028254126
1036.0625 24.161012425267824 22.90218087087358
1036.5625 24.16331473258262 22.903119952412393
1037.0625 24.165599433254346 22.90406299623306
1037.5625 24.167918560292335 22.905002474479936
1038.0625 24.170218763816873 22.905946960824966
1038.5625 24.17252103615074 22.906879554451237
1039.0625 24.174835700220786 22.90782393740537
1039.5625 24.177142308764267 22.908763780238726
1040.0625 24.179447392816694 22.909690273681484
1040.5625 24.181768964435484 22.910622010558306
1041.0625 24.184075467885947 22.911553256790192
1041.5625 24.186385005649235 22.912481837230736
1042.0625 24.188715653470183 22.913408284745028
1042.5625 24.191019600773075 22.91433824075717
1043.0625 24.19334718820314 22.9152573407005
1043.5625 24.19567446321767 22.91617956169308
1044.0625 24.19799943448957 22.917097423931292
1044.5625 24.20033113276872 22.918009119391293
1045.0625 24.202659027149565 22.918936784966235
1045.5625 24.204997824654555 22.919851621069544
1046.0625 24.207327716601267 22.9207614865705
1046.5625 24.20965602256668 22.92168040113915
1047.0625 24.211988066026162 22.922589384674698
1047.5625 24.2143214823056 22.923503375844444
1048.0625 24.21668397243653 22.924407127621738
1048.5625 24.219010597869932 22.925305861777293
1049.0625 24.221373811106442 22.926211839622546
1049.5625 24.223710448472335 22.92710861880421
1050.0625 24.22607152852633 22.928018186793366
1050.5625 24.22841876770667 22.928910785082792
1051.0625 24.230756845370685 22.929806414170532
1051.5625 24.233123191830742 22.930709007928062
1052.0625 24.235466732757807 22.93159813212311
1052.5625 24.23782806595875 22.93248549249914
1053.0625 24.24020695890013 22.93336823303256
1053.5625 24.242542226356637 22.934252841705796
1054.0625 24.2449111143836 22.935143271654255
1054.5625 24.24728071050116 22.936025401362233
1055.0625 24.249638033142993 22.93690198544708
1055.5625 24.252003537788568 22.937780058476513
1056.0625 24.254373484471238 22.938663263250856
1056.5625 24.256739094208083 22.939526002118846
1057.0625 24.25911810167877 22.940403957631585
1057.5625 24.261493326338073 22.941276353535866
1058.0625 24.26387601066846 22.94214787908395
1058.5625 24.266228374183587 22.943013910346636
1059.0625 24.268624807438314 22.94387222664616
1059.5625 24.270994355807396 22.94473991011354
1060.0625 24.273383878076636 22.945598242216985
1060.5625 24.275756093706242 22.94645052599497
1061.0625 24.278178450793746 22.947308744545847
1061.5625 24.280537224030848 22.948166486670075
1062.0625 24.28292669145602 22.949022402768264
1062.5625 24.285321963978348 22.949873901036977
1063.0625 24.287720214823597 22.950728345547155
1063.5625 24.290112304241532 22.951569143449913
1064.0625 24.292520291893098 22.952419572900894
1064.5625 24.2949218617982 22.95326565637783
1065.0625 24.297304635048032 22.954105495767433
1065.5625 24.299721434864523 22.95495173788011
1066.0625 24.302108097461 22.955783789094617
1066.5625 24.304514669181255 22.956616536167054
1067.0625 24.306924596667375 22.957461179874286
1067.5625 24.30934350457172 22.95828866662802
1068.0625 24.31175027322833 22.959121209644174
1068.5625 24.31415353960782 22.959949178549735
1069.0625 24.316571326225336 22.960780569243475
1069.5625 24.319003994343472 22.961612052500783
1070.0625 24.321412052478596 22.962438947340402
1070.5625 24.323817746343455 22.963253671525834
1071.0625 24.32626170161996 22.964076481254065
1071.5625 24.328671362754967 22.964901188083516
1072.0625 24.331087922796083 22.96570972124585
1072.5625 24.333511832555264 22.966526356695294
1073.0625 24.335945499601902 22.967347358180255
1073.5625 24.33839972720474 22.968154452845052
1074.0625 24.34082819624046 22.968970255984956
1074.5625 24.34326333931605 22.96977851728861
1075.0625 24.34568819044802 22.970581682297716
1075.5625 24.3481108260694 22.97139874949138
1076.0625 24.350569090905815 22.972200723281787
1076.5625 24.353008143532918 22.97300019498199
1077.0625 24.355430914808064 22.973796729223643
1077.5625 24.357888427603825 22.9745968403028
1078.0625 24.360359289111155 22.975398116656848
1078.5625 24.36282021121174 22.97620133012391
1079.0625 24.36524921402521 22.976984976720225
1079.5625 24.367704880611676 22.977784572272526
1080.0625 24.370154928382615 22.978563370324217
1080.5625 24.372606886764107 22.979359665546394
1081.0625 24.375083092088822 22.98014630823914
1081.5625 24.37754093669243 22.98093496716024
1082.0625 24.38001178337306 22.98171884950603
1082.5625 24.38245989582048 22.982495596837783
1083.0625 24.384948371376307 22.983275342628453
1083.5625 24.3874152341575 22.98403928569098
1084.0625 24.389890197970956 22.984821826541495
1084.5625 24.392362575904585 22.985596086688215
1085.0625 24.394842701621794 22.986358763458217
1085.5625 24.397334861080683 22.987116458002575
1086.0625 24.3998217585997 22.987879809438795
1086.5625 24.402304560007806 22.988633541436222
1087.0625 24.40477805395051 22.98938085387817
1087.5625 24.407287909796654 22.99013565640653
1088.0625 24.409769009997063 22.990889432351487
