FastTrWP/PhaseSpace/IAs/snIa_0.45_30.00_-0.04_-0.14.csv
# %ECSV 0.9
# ---
# datatype:
# - {name: time-rel, datatype: float64}
# - {name: g, datatype: float64}
# - {name: i, datatype: float64}
# schema: astropy-2.0
time-rel g i
[from data line 1445]
901.0833333333334 23.640767067019258 22.610790612813737
901.5833333333333 23.642494572857778 22.611381740919278
902.0833333333334 23.644202173603542 22.611978485572365
902.5833333333334 23.645919004110706 22.61257727825638
903.0833333333333 23.64764618321388 22.6131783010746
903.5833333333334 23.649357071740482 22.613781384153384
904.0833333333334 23.651076955069247 22.614376853928132
904.5833333333333 23.65279486503587 22.614979903959668
905.0833333333334 23.654519178854137 22.6155878331779
905.5833333333334 23.656230494827916 22.616203154893732
906.0833333333333 23.657948681373394 22.616801800684815
906.5833333333334 23.65967383503442 22.617418919194282
907.0833333333334 23.661388940732934 22.618030744213872
907.5833333333333 23.663102525772896 22.61865371243808
908.0833333333334 23.664841966370155 22.61926146328504
908.5833333333334 23.666557400463496 22.61988193665283
909.0833333333333 23.668279926561183 22.62049909703952
909.5833333333334 23.66999363049136 22.621118625198516
910.0833333333334 23.671719114471475 22.621749440319952
910.5833333333333 23.67344915927823 22.622369266928448
911.0833333333334 23.675159941940226 22.622996226790967
911.5833333333334 23.67690227561574 22.623632726833822
912.0833333333333 23.678628757623628 22.62426201758066
912.5833333333334 23.680352669926336 22.624893646505086
913.0833333333334 23.682068304733942 22.625531446013397
913.5833333333333 23.683784037209907 22.626164358805646
914.0833333333334 23.685517063388197 22.626802636826877
914.5833333333334 23.68725617142767 22.627437676510695
915.0833333333333 23.688979608215273 22.628081916113327
915.5833333333334 23.690707436354312 22.628724099941895
916.0833333333334 23.692431478444384 22.629361009103363
916.5833333333333 23.694157503220342 22.630006519875604
917.0833333333334 23.695908307333315 22.63066142392696
917.5833333333334 23.697626272552633 22.63131222016383
918.0833333333333 23.69935728072665 22.631958735076797
918.5833333333334 23.701087346320943 22.632614190528773
919.0833333333334 23.702827982273543 22.633268005876307
919.5833333333333 23.704559322135253 22.633926715245593
920.0833333333334 23.706300631528606 22.634584182844897
920.5833333333334 23.708032699306113 22.635239876005695
921.0833333333333 23.709764145881742 22.635903461911017
921.5833333333334 23.71150517992774 22.636570680333996
922.0833333333334 23.713241839822082 22.63724066497432
922.5833333333333 23.714970969180577 22.63789642591536
923.0833333333334 23.716710893803228 22.638572573715766
923.5833333333334 23.718454215125206 22.639247815756423
924.0833333333333 23.72018854580029 22.63991421738551
924.5833333333334 23.7219347560989 22.640594242974352
925.0833333333334 23.72366049848744 22.64126650317713
925.5833333333333 23.725414358958897 22.641950413381814
926.0833333333334 23.727155991583288 22.64262387360865
926.5833333333334 23.728903308193175 22.643299625633937
927.0833333333333 23.730646058525537 22.64398739830494
927.5833333333334 23.73240623608025 22.644672649757652
928.0833333333334 23.734138180673376 22.64536570021312
928.5833333333333 23.73588540424229 22.646045625546115
929.0833333333334 23.73763178255784 22.64673858252224
929.5833333333334 23.739382676121483 22.64742802488638
930.0833333333333 23.741127673760516 22.64812044378262
930.5833333333334 23.742875741553622 22.648807227792744
931.0833333333334 23.744639901737095 22.649508133983414
931.5833333333333 23.746388108588 22.650206809740716
932.0833333333334 23.748128707300392 22.650911535731527
932.5833333333334 23.749893401109485 22.651609329966046
933.0833333333333 23.751639728219725 22.652314993731146
933.5833333333334 23.753403297918307 22.653013605550186
934.0833333333334 23.75516178866905 22.653724313967032
934.5833333333333 23.756916882150655 22.654427343398005
935.0833333333334 23.75867943957776 22.65514150062289
935.5833333333334 23.760439166477422 22.65585296136308
936.0833333333333 23.76220231746426 22.656571171610903
936.5833333333334 23.76396405502366 22.65728895785024
937.0833333333334 23.765724813988243 22.65799562682791
937.5833333333333 23.7674864802605 22.65871984182955
938.0833333333334 23.769257116123747 22.659442045716148
938.5833333333334 23.771019276027886 22.660162902630194
939.0833333333333 23.772791689386832 22.660896827673508
939.5833333333334 23.77454475184612 22.661624778973504
940.0833333333334 23.776323843872497 22.66234853833074
940.5833333333333 23.77809649596938 22.66308652663597
941.0833333333334 23.779861816468305 22.6638255709735
941.5833333333334 23.78162852420065 22.66456767347343
942.0833333333333 23.7834060702567 22.665305591312173
942.5833333333334 23.785178581182915 22.666054685440123
943.0833333333334 23.78694438702285 22.666802083044875
943.5833333333333 23.78872226311855 22.667548445038513
944.0833333333334 23.79051486912195 22.6682996060539
944.5833333333334 23.792275287242916 22.669055678330785
945.0833333333333 23.79404468841905 22.669817667340773
945.5833333333334 23.795827025138912 22.67057571913344
946.0833333333334 23.79761017553954 22.671333406355984
946.5833333333333 23.79939048115521 22.672102115790267
947.0833333333334 23.80116911896732 22.67286298678908
947.5833333333334 23.80294552367737 22.673622729678605
948.0833333333333 23.8047196435374 22.674393176014213
948.5833333333334 23.806504357955678 22.6751705712623
949.0833333333334 23.808289096274034 22.67594187624914
949.5833333333333 23.81007783828888 22.676717124367137
950.0833333333334 23.811846437081066 22.677483397686707
950.5833333333334 23.81363683349791 22.678259584100893
951.0833333333333 23.815429627061032 22.679052856294476
951.5833333333334 23.81722358020266 22.679826141597403
952.0833333333334 23.818998556012502 22.680606021356574
952.5833333333333 23.820788828764655 22.681399202784156
953.0833333333334 23.822573912756724 22.6821865538402
953.5833333333334 23.82437486090116 22.682970453835146
954.0833333333333 23.82614845129425 22.68376362226168
954.5833333333334 23.827942108669795 22.684546244498307
955.0833333333334 23.829730549826618 22.685338248894755
955.5833333333333 23.831537712870382 22.686133657797765
956.0833333333334 23.833310383788735 22.686930314469713
956.5833333333334 23.835115987787905 22.687728518996746
957.0833333333333 23.836902140262296 22.688522845440154
957.5833333333334 23.83871790312099 22.689323274435438
958.0833333333334 23.84049462673058 22.69012113636041
958.5833333333333 23.842313373115193 22.690919212431094
959.0833333333334 23.844098400023164 22.69172487285529
959.5833333333334 23.845890175534876 22.692519245100563
960.0833333333333 23.847692307340537 22.693320926891293
960.5833333333334 23.84948052744319 22.694130704754997
961.0833333333334 23.85129931119717 22.69493526591043
961.5833333333333 23.85309140319864 22.695741350764102
962.0833333333334 23.8548846463133 22.696545714897162
962.5833333333334 23.856696138525052 22.697348967536236
963.0833333333333 23.858489125955685 22.698161591027034
963.5833333333334 23.86029955604476 22.69896461067279
964.0833333333334 23.86210070953867 22.699781376982205
964.5833333333333 23.863904353918723 22.700592791394595
965.0833333333334 23.86570200971232 22.7013998177221
965.5833333333334 23.867512163538287 22.702210767995567
966.0833333333333 23.86930982581765 22.70302093049683
966.5833333333334 23.871129436598157 22.70383820386734
967.0833333333334 23.872933404942245 22.704646592375024
967.5833333333333 23.874738411086007 22.705455595942166
968.0833333333334 23.87654935751263 22.706264593775145
968.5833333333334 23.878353871107695 22.70708005846085
969.0833333333333 23.88016420929882 22.70788795397597
969.5833333333334 23.881984739412047 22.708701075365248
970.0833333333334 23.88377889830999 22.70951456531153
970.5833333333333 23.885604094659243 22.710329290131952
971.0833333333334 23.887415343211465 22.711140990604513
971.5833333333334 23.889219554430365 22.711957841654275
972.0833333333333 23.89103200866262 22.712765107133333
972.5833333333334 23.892851935497227 22.713583565976037
973.0833333333334 23.894669483234637 22.71440050962498
973.5833333333333 23.89646643612794 22.71521148826135
974.0833333333334 23.89829937141481 22.716031452691286
974.5833333333334 23.900107882840537 22.71685608412031
975.0833333333333 23.90191831105559 22.717670772126034
975.5833333333334 23.90372254724909 22.718497927735882
976.0833333333334 23.905558748767074 22.719329642402634
976.5833333333333 23.907373370182142 22.720146539630154
977.0833333333334 23.90918022991572 22.720973043296972
977.5833333333334 23.911014292331426 22.721796545945242
978.0833333333333 23.912828403308875 22.72262572221715
978.5833333333334 23.914650040314292 22.723462174496447
979.0833333333334 23.916473104602215 22.724294133881333
979.5833333333333 23.91829922141486 22.725126961560097
980.0833333333334 23.920116677823362 22.72595992556553
980.5833333333334 23.921928422656244 22.726798792842228
981.0833333333333 23.92376303028157 22.727632613082463
981.5833333333334 23.925586430253595 22.728470199500084
982.0833333333334 23.92740721889673 22.729304245610976
982.5833333333333 23.9292428336392 22.730146185036524
983.0833333333334 23.9310648742497 22.73098885576391
983.5833333333334 23.932880236780928 22.731823753763013
984.0833333333333 23.934710873291674 22.732674561247585
984.5833333333334 23.936537992553735 22.733520285053856
985.0833333333334 23.938362130525913 22.73435863912492
985.5833333333333 23.940213387227406 22.735205307676317
986.0833333333334 23.942018813987865 22.736048185041533
986.5833333333334 23.94385251272456 22.736902977548446
987.0833333333333 23.94567605010225 22.737744505604994
987.5833333333334 23.94751414950126 22.738587661800686
988.0833333333334 23.949343355010573 22.739442993980497
988.5833333333333 23.951173108564113 22.740286195477143
989.0833333333334 23.953001423288406 22.741143565189034
989.5833333333334 23.954833812785434 22.74199496861696
990.0833333333333 23.95666517329839 22.742841739273327
990.5833333333334 23.958500739838463 22.743688675314697
991.0833333333334 23.96034509901569 22.74454297852035
991.5833333333333 23.962173656994594 22.745395755958434
992.0833333333334 23.964022431651028 22.746253665628036
992.5833333333334 23.965854622956183 22.747102754970328
993.0833333333333 23.96768067371231 22.7479629181018
993.5833333333334 23.969522768685138 22.748821307328328
994.0833333333334 23.97136370325134 22.749679561363052
994.5833333333333 23.97319445489529 22.750528093005848
995.0833333333334 23.97504476384061 22.751380451137216
995.5833333333334 23.976882752284624 22.752243896699866
996.0833333333333 23.9787106393852 22.753104772234
996.5833333333334 23.980568436363825 22.753958769813035
997.0833333333334 23.982393587585477 22.75481429399897
997.5833333333333 23.984246580102415 22.755676217895036
998.0833333333334 23.986082672482606 22.756536565405327
998.5833333333334 23.987929737453427 22.757393745454728
999.0833333333334 23.989762983065877 22.75825308826736
999.5833333333334 23.991614576097536 22.75911157184411
1000.0833333333334 23.9934538941828 22.759963270331408
1000.5833333333334 23.995308684928936 22.76083101733453
1001.0833333333334 23.997146086656205 22.761683700215507
1001.5833333333334 23.998987065327935 22.76254860268944
1002.0833333333334 24.000841184658505 22.763397049857158
1002.5833333333334 24.00268890886132 22.764268341522587
1003.0833333333334 24.00454836326098 22.76512418954979
1003.5833333333334 24.006379354896033 22.765982161050328
1004.0833333333334 24.008232388581842 22.766839555596267
1004.5833333333334 24.010084232083248 22.767699088135434
1005.0833333333334 24.011943892966844 22.768553320964735
1005.5833333333334 24.013787627397626 22.769414440297687
1006.0833333333334 24.015631103356107 22.77026960214314
1006.5833333333334 24.017484095403468 22.771140962716032
1007.0833333333334 24.019345289361187 22.77199306573801
1007.5833333333334 24.021201276874592 22.77284865812264
1008.0833333333334 24.02305079255511 22.773702167086807
1008.5833333333334 24.024913567928703 22.7745664540817
1009.0833333333334 24.026762732731832 22.775424106873192
1009.5833333333334 24.0286129099719 22.776292493790482
1010.0833333333334 24.030471610923062 22.777143559677874
1010.5833333333334 24.032315777985893 22.778017732474467
1011.0833333333334 24.0341737520012 22.77886954303417
1011.5833333333334 24.03602178046072 22.77972997818724
1012.0833333333334 24.03787588376798 22.780587864583897
1012.5833333333334 24.03972743849551 22.7814447360654
1013.0833333333334 24.04160579431641 22.782312064413745
1013.5833333333334 24.04344395689494 22.78317714518787
1014.0833333333334 24.045299105061368 22.78403122937999
1014.5833333333334 24.047152596655216 22.784890778460728
1015.0833333333334 24.049017348988315 22.785757329882816
1015.5833333333334 24.050877540028402 22.78662560451331
1016.0833333333334 24.052734569542878 22.787476248216393
1016.5833333333334 24.054597079546546 22.788349022652028
1017.0833333333334 24.05646130054553 22.789215707598945
1017.5833333333334 24.058314709651178 22.790078051100508
1018.0833333333334 24.06018077014565 22.79094102442649
1018.5833333333334 24.062002547952268 22.791812108808912
1019.0833333333334 24.06387874194952 22.792675077173424
1019.5833333333334 24.06576383173082 22.793544075839776
1020.0833333333334 24.067609320127602 22.79441052773507
1020.5833333333334 24.06947078816494 22.795280079380955
1021.0833333333334 24.07133697444919 22.79613614597192
1021.5833333333334 24.073194386433574 22.797012007976395
1022.0833333333334 24.075053419493607 22.797877347609532
1022.5833333333334 24.076929382787384 22.798747466209637
1023.0833333333334 24.07878979592889 22.799614591193546
1023.5833333333334 24.08063746627974 22.800491644727543
1024.0833333333333 24.082525378981433 22.801347695263686
1024.5833333333333 24.08438237658816 22.802223721060724
1025.0833333333333 24.086261743493147 22.803098936990644
1025.5833333333333 24.088123711946572 22.803964265349073
1026.0833333333333 24.08999427463915 22.80483935515569
1026.5833333333333 24.091867821018063 22.805702094386284
1027.0833333333333 24.093726992044363 22.80658817738358
1027.5833333333333 24.095610541555704 22.80745121662616
1028.0833333333333 24.097479947395094 22.808336529640062
1028.5833333333333 24.099338679053535 22.80920259038006
1029.0833333333333 24.101201773829715 22.810072869643882
1029.5833333333333 24.103080919450917 22.810952190263663
1030.0833333333333 24.10494967602165 22.811828328278473
1030.5833333333333 24.10683517532235 22.81270683432072
1031.0833333333333 24.108701185062166 22.813577638904047
1031.5833333333333 24.110580078309432 22.814456305915066
1032.0833333333333 24.11246425572278 22.81533897224871
1032.5833333333333 24.11433514689183 22.816210567511625
1033.0833333333333 24.11621417367691 22.817087034369212
1033.5833333333333 24.118089041851853 22.817971778676153
1034.0833333333333 24.11996377416259 22.818849062981307
1034.5833333333333 24.121834892985188 22.819724891217845
1035.0833333333333 24.123717494349066 22.82061017889387
1035.5833333333333 24.12561193041439 22.821490914417026
1036.0833333333333 24.12748622429543 22.822366991611887
1036.5833333333333 24.12937176492784 22.823256151542125
1037.0833333333333 24.131243937109463 22.82414347869588
1037.5833333333333 24.1331449560983 22.825023245399688
1038.0833333333333 24.13502444078945 22.82590293635686
1038.5833333333333 24.136914756823288 22.82678661554185
1039.0833333333333 24.138804394837724 22.82767451280558
1039.5833333333333 24.14069302631392 22.82856948092991
1040.0833333333333 24.14255619963879 22.82945180366855
1040.5833333333333 24.14447131288158 22.83033356512812
1041.0833333333333 24.146353954906417 22.831227642470473
1041.5833333333333 24.148235456659584 22.8321108345698
1042.0833333333333 24.150147855229847 22.832997232372655
1042.5833333333333 24.15203103568738 22.83389145624962
1043.0833333333333 24.153926813229162 22.834782474983943
1043.5833333333333 24.155807329638744 22.835669251576473
1044.0833333333333 24.157707604649815 22.836556528553874
