FastTrWP/PhaseSpace/IAs/snIa_0.43_30.00_0.45_0.08.csv
# %ECSV 0.9
# ---
# datatype:
# - {name: time-rel, datatype: float64}
# - {name: g, datatype: float64}
# - {name: i, datatype: float64}
# schema: astropy-2.0
time-rel g i
[from data line 1014]
684.8125 23.377031045676766 22.291957580051868
685.3125 23.37793086336393 22.291781592218875
685.8125 23.37884495085774 22.291609801621064
686.3125 23.37975614541873 22.291449463475928
686.8125 23.380668264653842 22.29127499899571
687.3125 23.381579439009748 22.29111338916244
687.8125 23.382495647794187 22.290950113831677
688.3125 23.383411246297214 22.290790441980374
688.8125 23.384336309268203 22.29063574085279
689.3125 23.385255307981634 22.290473460721934
689.8125 23.386170360281177 22.290319507422964
690.3125 23.387099998063764 22.290166918296205
690.8125 23.388033101492113 22.290017217326028
691.3125 23.388947700226446 22.28987126025009
691.8125 23.38988209149931 22.289731812823387
692.3125 23.390809976038184 22.289579380667316
692.8125 23.391745606280175 22.289438127713478
693.3125 23.392684340847975 22.289291241927994
693.8125 23.39360856368323 22.289156636705677
694.3125 23.394544205271664 22.28901155777573
694.8125 23.395476244510284 22.28888181902566
695.3125 23.396413691959452 22.28875449179965
695.8125 23.39736510044084 22.288613244628618
696.3125 23.398309454244284 22.288493305481467
696.8125 23.39926977110618 22.28836314186763
697.3125 23.40022721737252 22.288243037965046
697.8125 23.40119570793421 22.28811951054411
698.3125 23.402160805457907 22.288002124110946
698.8125 23.403137095525743 22.28788669931186
699.3125 23.404114573904984 22.287774411768623
699.8125 23.40511272648337 22.28766185026184
700.3125 23.406079275455333 22.287550960519276
700.8125 23.40707882340981 22.28744488774251
701.3125 23.40806594712508 22.287339091101046
701.8125 23.409072800578826 22.287238837697203
702.3125 23.410078934042392 22.287136133083358
702.8125 23.411084442799257 22.28703544313558
703.3125 23.412103186907153 22.28694457938072
703.8125 23.413125233809243 22.286848877419022
704.3125 23.41414101548347 22.286757263576632
704.8125 23.415161275903777 22.286670098150452
705.3125 23.416185443831985 22.28658098865374
705.8125 23.41722129344093 22.286498297848695
706.3125 23.418245056428738 22.286411990515273
706.8125 23.41929676903902 22.286327920068672
707.3125 23.420346719637916 22.28625007770504
707.8125 23.42138297391955 22.28617709985086
708.3125 23.422420474848554 22.286099992752632
708.8125 23.423472186500728 22.286034602972784
709.3125 23.424520151478884 22.28595317557321
709.8125 23.425584603574933 22.2858888345859
710.3125 23.426635248059245 22.285828192876266
710.8125 23.427695084834678 22.285762095978285
711.3125 23.42876689650894 22.285695299972797
711.8125 23.429829938664124 22.285637604272736
712.3125 23.43089697512784 22.285580441267143
712.8125 23.431968649979254 22.285520382028622
713.3125 23.43304702450492 22.28546774539684
713.8125 23.4341177475632 22.285413525092252
714.3125 23.4351965645159 22.285365905982168
714.8125 23.436274692643156 22.285314885580803
715.3125 23.437342883966373 22.285268667083386
715.8125 23.438446658360327 22.285212714483663
716.3125 23.439518892085275 22.285176370384242
716.8125 23.440611352635013 22.285129886225313
717.3125 23.441708316389487 22.28509284107282
717.8125 23.442788995218002 22.285054551659993
718.3125 23.443885457925283 22.28501924618648
718.8125 23.44496843937655 22.28498511317401
719.3125 23.44604547894157 22.284949798173074
719.8125 23.447153229561913 22.284916908234763
720.3125 23.448252850350716 22.28488601935694
720.8125 23.44932838172945 22.284860081344853
721.3125 23.450428135657447 22.28483535201509
721.8125 23.45153292648525 22.284807833927918
722.3125 23.452626276209422 22.284781554309482
722.8125 23.453722306089876 22.28476094825361
723.3125 23.454826143914605 22.284749590175533
723.8125 23.455928477655767 22.28472896324144
724.3125 23.457017505719943 22.284709712210446
724.8125 23.458114875974772 22.28469853965016
725.3125 23.459214862181533 22.28467907371006
725.8125 23.46031654341381 22.28466436549347
726.3125 23.46142330870384 22.28465974571103
726.8125 23.462508549360265 22.284652504093142
727.3125 23.463608693153294 22.284648600808747
727.8125 23.46470474189351 22.28463409216221
728.3125 23.465801340332774 22.284632005808277
728.8125 23.466894260099114 22.284632342503375
729.3125 23.467988511540725 22.284626352289408
729.8125 23.469092536388843 22.28462533232923
730.3125 23.470193984674808 22.284628158510934
730.8125 23.4712903915613 22.28463283120425
731.3125 23.47239203604466 22.28464520672114
731.8125 23.473483160268728 22.284648098818533
732.3125 23.474600526768054 22.284655247744034
732.8125 23.47571760193864 22.28467573068171
733.3125 23.47681461452444 22.28468596566715
733.8125 23.477937788344782 22.284703821210314
734.3125 23.479048888713187 22.2847202741524
734.8125 23.480168094966377 22.284740975783794
735.3125 23.481277999618623 22.28476344608699
735.8125 23.48238508770386 22.284784719350988
736.3125 23.48351511090426 22.284813951140045
736.8125 23.48463673726114 22.284834830302486
737.3125 23.485758746285875 22.28486502370187
737.8125 23.486866996915072 22.284895485166984
738.3125 23.487999787788517 22.284927046121123
738.8125 23.489137728302623 22.284961085796752
739.3125 23.490251724628187 22.284999145789097
739.8125 23.491384667337076 22.28502908584978
740.3125 23.492520023366552 22.28507145904487
740.8125 23.493651980055006 22.285111067589906
741.3125 23.4947818762277 22.285158837075997
741.8125 23.49592318268023 22.285194938205105
742.3125 23.49705788542029 22.285252039339394
742.8124999999999 23.498196991735476 22.285289715786053
743.3125 23.499336060099886 22.285348964410645
743.8125 23.500493223079832 22.285400880191474
744.3124999999999 23.50161983427011 22.28544504337958
744.8125 23.502752743910946 22.285501714735506
745.3125 23.503915053625807 22.28556094119531
745.8124999999999 23.505053403384778 22.285621081993327
746.3125 23.506217856773937 22.28567186017048
746.8125 23.50736909001155 22.28574474634803
747.3124999999999 23.508506538252263 22.28580336486592
747.8125 23.509671089860966 22.28587243071506
748.3125 23.510822015622793 22.285935869655127
748.8124999999999 23.511969908219633 22.286007973554398
749.3125 23.51312674058077 22.28607867423564
749.8125 23.514289614418878 22.286151391047557
750.3124999999999 23.515446513356494 22.28622832456073
750.8125 23.516604317645232 22.286299013144955
751.3125 23.51778070182454 22.286373007959668
751.8124999999999 23.518946214434315 22.286455751055406
752.3125 23.520107736032806 22.28653699876951
752.8125 23.521276292456697 22.286617039113217
753.3124999999999 23.522447831936667 22.286704936101586
753.8125 23.523614799172876 22.28678452156359
754.3125 23.524778896434583 22.286875585787506
754.8124999999999 23.525949710537482 22.28696647147253
755.3125 23.527129636595184 22.287055896520855
755.8125 23.528297850099413 22.287148513779755
756.3124999999999 23.52948642750021 22.287243946619192
756.8125 23.530661746211727 22.287334988216685
757.3125 23.53183411901249 22.287432932180288
757.8124999999999 23.533018484759953 22.287534905428018
758.3125 23.53419169366503 22.287633289661795
758.8125 23.53538258848028 22.28773278102656
759.3124999999999 23.536564405303878 22.287839696073878
759.8125 23.5377484389061 22.287945313364133
760.3125 23.538936449009636 22.28805523977144
760.8124999999999 23.540127704675918 22.288159864914864
761.3125 23.54131593826914 22.28826968860714
761.8125 23.54250027276062 22.288384120635143
762.3124999999999 23.543686431081493 22.288497165218125
762.8125 23.544892581833167 22.28861456627702
763.3125 23.546094095402957 22.288729454042972
763.8124999999999 23.54728182525825 22.288849319467218
764.3125 23.548470275297607 22.288968132874064
764.8125 23.54966931466242 22.289087074492443
765.3124999999999 23.550874486092404 22.289216379817518
765.8125 23.55208077764049 22.28934286448101
766.3125 23.55328537954798 22.289469240215936
766.8124999999999 23.554496353094876 22.28959347824745
767.3125 23.555688923289082 22.28973015692653
767.8125 23.55690949701541 22.289859890323378
768.3124999999999 23.55811289209249 22.290002277394922
768.8125 23.55932977350625 22.29013188160275
769.3125 23.560531131822277 22.29027289989777
769.8124999999999 23.561753757584043 22.290414152864876
770.3125 23.562973138145896 22.29054994245631
770.8125 23.56419686700404 22.290702037350467
771.3124999999999 23.565415807991673 22.290837036768703
771.8125 23.566633577361284 22.290984257148704
772.3125 23.56785217321765 22.2911364755918
772.8124999999999 23.56907477518596 22.291293249738015
773.3125 23.57031107106764 22.291443329740837
773.8125 23.571534467082312 22.291593902368746
774.3124999999999 23.572762780995504 22.291747430805064
774.8125 23.573993676690158 22.291904844417644
775.3125 23.575216900953194 22.292065648990416
775.8124999999999 23.57646418297472 22.29222396739811
776.3125 23.577703609838878 22.292393480750196
776.8125 23.578931470887486 22.292550608815745
777.3124999999999 23.58016637975959 22.29271816938267
777.8125 23.581412628869373 22.29288422931387
778.3125 23.58264700112871 22.2930589207253
778.8124999999999 23.583902235446395 22.293228543177147
779.3125 23.58514087162979 22.293398897016715
779.8125 23.58639019970292 22.29357356990022
780.3124999999999 23.58762579467353 22.293749487093947
780.8125 23.588871489522347 22.293927159569638
781.3125 23.590127796987726 22.29410342586361
781.8124999999999 23.591374615318152 22.2942864524534
782.3125 23.592629969167838 22.29446749461982
782.8125 23.593896134691114 22.29465726968933
783.3124999999999 23.595149213788694 22.294846533768983
783.8125 23.596408804157466 22.295025531698816
784.3125 23.597649561693434 22.29521324501335
784.8124999999999 23.59891388379884 22.295412426240702
785.3125 23.600180873106716 22.295601359783607
785.8125 23.601441414320394 22.295791704355544
786.3124999999999 23.602695133320534 22.29598913102082
786.8125 23.603956353626035 22.29618725039429
787.3125 23.605240163166602 22.296378786413705
787.8124999999999 23.60650701255526 22.29658501902163
788.3125 23.60776408682254 22.296786842508066
788.8125 23.609039407641088 22.296986537968362
789.3124999999999 23.61031236908877 22.29719410591873
789.8125 23.611600458757458 22.297401146632474
790.3125 23.61286125261514 22.29761011437897
790.8124999999999 23.614133692001573 22.297811355566527
791.3125 23.615424433892088 22.298022798438033
791.8125 23.61669106784596 22.29823587381057
792.3124999999999 23.61797843098141 22.298455863188252
792.8125 23.61925112823716 22.298665299462648
793.3125 23.620535729325972 22.298880276784313
793.8124999999999 23.621821763075594 22.299100808479317
794.3125 23.623106597366203 22.299320537014374
794.8125 23.62439267026869 22.299540595007755
795.3124999999999 23.62568178306468 22.29976486083457
795.8125 23.626974800639125 22.299987156202455
796.3125 23.628260984389723 22.30020718858019
796.8124999999999 23.629551767741958 22.30044015402867
797.3125 23.630840156461307 22.300663623747052
797.8125 23.632128478976465 22.30089573739197
798.3124999999999 23.633437614832502 22.301132890132592
798.8125 23.634723140580107 22.301360888262693
799.3125 23.63604224267568 22.301595031687977
799.8124999999999 23.637334151452517 22.301833757321575
800.3125 23.638629396376775 22.302071063363474
800.8125 23.63995103814432 22.302311507639317
801.3124999999999 23.64125404683234 22.302555713826923
801.8125 23.64255428520918 22.302798475529325
802.3125 23.643874432544415 22.30304597671715
802.8124999999999 23.64518367935611 22.303286941310393
803.3125 23.646501956534056 22.303533368483627
803.8125 23.647820322345673 22.303783937430303
804.3124999999999 23.649141281023386 22.30403431413762
804.8125 23.65047156163058 22.304283317964895
805.3125 23.651784973133502 22.304549311719498
805.8124999999999 23.65310055015726 22.304805349882177
806.3125 23.654419250493056 22.305056126847525
806.8125 23.655750358040684 22.305314844379435
807.3124999999999 23.65709100180032 22.305579381524407
807.8125 23.658425574046923 22.305840784824163
808.3125 23.659756897276026 22.306102061854645
808.8124999999999 23.661077429262164 22.306372360277823
809.3125 23.662419749683266 22.30663450023291
809.8125 23.663751192372708 22.30690772944
810.3124999999999 23.665110154907936 22.307177108979687
810.8125 23.666427301641384 22.30745439924754
811.3125 23.66778197529634 22.30772687523967
811.8124999999999 23.66911359933779 22.308000433260897
812.3125 23.67046022730583 22.30828122779903
812.8125 23.671816759450536 22.30855544785132
813.3124999999999 23.673160563276078 22.30884211719337
813.8125 23.674499058481295 22.30912061605386
814.3125 23.67584445500463 22.309408615156116
814.8124999999999 23.677201029659347 22.30969198121138
815.3125 23.67855650638176 22.309979551901282
815.8125 23.67990242617013 22.31026512150794
816.3124999999999 23.681270433820302 22.31056244973725
816.8125 23.682608894313795 22.310849878702964
817.3125 23.68397063480552 22.31113812301856
817.8124999999999 23.68533190302574 22.311439228807643
818.3125 23.686686643625194 22.311733282744758
818.8125 23.688050363849243 22.312028133935033
819.3124999999999 23.689413911559907 22.312323294295453
819.8125 23.690770772657427 22.31263372687271
820.3125 23.692128971751853 22.312934038294184
820.8124999999999 23.69349245120059 22.31324021036285
821.3125 23.694856857896855 22.313546873967574
821.8125 23.69622102107748 22.313853854204645
822.3124999999999 23.697587548164375 22.31415671548564
822.8125 23.698943780971476 22.314474093313166
823.3125 23.700314778270442 22.314781046053653
823.8124999999999 23.70169647746406 22.315100230464186
824.3125 23.703058811214667 22.315410735451145
824.8125 23.70443127387435 22.315728425319236
825.3124999999999 23.70580135298399 22.316048308724866
825.8125 23.707163252443728 22.316367547963218
826.3125 23.7085414264881 22.316686551412847
826.8124999999999 23.70989815558781 22.317006999182738
827.3125 23.711277689648895 22.317341219952304
827.8125 23.71264486560767 22.317660001411276
828.3124999999999 23.714025421738473 22.31798089061972
828.8125 23.71539269318197 22.318316705571377
829.3125 23.716775001094295 22.318650212722908
829.8124999999999 23.718138314004836 22.318982634315358
830.3125 23.719512028193243 22.319312128638046
830.8125 23.720888095673875 22.31965037827205
831.3124999999999 23.72225560036079 22.319984703475427
831.8125 23.723636175859678 22.320320075320346
832.3125 23.725012910788163 22.32066531318552
832.8124999999999 23.726377058457896 22.32099843810071
833.3125 23.727768707651546 22.321353573670628
833.8125 23.729140358913998 22.32169241964384
834.3124999999999 23.73051498634488 22.322039860930104
834.8125 23.73190040816832 22.322391982737212
835.3125 23.733289737069867 22.322733171132892
835.8124999999999 23.734659665361917 22.32309299909275
836.3125 23.736036188605652 22.323448603595956
836.8125 23.73742373261504 22.3237982925451
837.3124999999999 23.738816257007972 22.324154128886576
837.8125 23.740189611656284 22.324511858099893
838.3125 23.741588927580946 22.32486580783955
838.8124999999999 23.742957944404854 22.32523541089489
839.3125 23.744362362577093 22.325603425299807
839.8125 23.745754589620105 22.32596159061693
840.3124999999999 23.747142115423078 22.32633774267452
840.8125 23.748522369633594 22.326696397969023
841.3125 23.749926368109463 22.327072029061107
841.8124999999999 23.751316424654302 22.32743616203859
842.3125 23.752709043217948 22.32781642791254
842.8125 23.754103189531712 22.3281900065832
843.3124999999999 23.75549443576996 22.328568544474805
843.8125 23.756896732010617 22.328944643305164
844.3125 23.758288770534406 22.329323003722543
844.8124999999999 23.75969055316137 22.329701341270052
845.3125 23.761087772536396 22.330085912113272
845.8125 23.76249221589798 22.330468663189983
846.3124999999999 23.763881027865086 22.330860505129646
846.8125 23.765286297640365 22.331245276487905
847.3125 23.76670057797275 22.331632016734794
847.8124999999999 23.768113759754232 22.33202981653708
848.3125 23.76949780941153 22.332425193839004
848.8125 23.77091960803782 22.332815855424343
849.3124999999999 23.77232358304091 22.33320651506407
849.8125 23.773727982350618 22.33360608968202
