FastTrWP/PhaseSpace/IAs/snIa_0.44_30.00_-0.17_0.02.csv
# %ECSV 0.9
# ---
# datatype:
# - {name: time-rel, datatype: float64}
# - {name: g, datatype: float64}
# - {name: i, datatype: float64}
# schema: astropy-2.0
time-rel g i
[from data line 576]
479.7083333333333 23.438375393337378 22.69314931388535
480.20833333333326 23.436659095664844 22.691497254764826
480.7083333333333 23.43494324878426 22.689853589119856
481.2083333333333 23.433246178417903 22.688213329838348
481.70833333333326 23.431555901656196 22.686572915950084
482.2083333333333 23.42987507266951 22.684948483019816
482.7083333333333 23.428218696143915 22.68332220131405
483.20833333333326 23.426556117645674 22.681711475537615
483.7083333333333 23.42489120534281 22.68009828928948
484.2083333333333 23.42326872678312 22.678498907347524
484.70833333333326 23.421615759271376 22.67688947774026
485.2083333333333 23.420008104056812 22.675299160178582
485.7083333333333 23.418392230779883 22.6737166281435
486.2083333333333 23.416794679138313 22.672128204673236
486.7083333333333 23.415188209017487 22.67055999239147
487.2083333333333 23.413606478924322 22.66898970383981
487.7083333333333 23.412034535143214 22.66742367056702
488.2083333333333 23.410452725177425 22.665865522795702
488.7083333333333 23.408897310442942 22.66430325206555
489.2083333333333 23.407349072000393 22.662764772173695
489.7083333333333 23.405802917017937 22.66121302192204
490.2083333333333 23.404269295599693 22.659666622704975
490.7083333333333 23.402743618235103 22.658128334101022
491.2083333333333 23.401212820962204 22.656601108103583
491.7083333333333 23.399694653545758 22.655073238597055
492.2083333333333 23.398194723394617 22.653550354451827
492.7083333333333 23.396710848223844 22.65204038339389
493.2083333333333 23.395220066274526 22.650530802112648
493.7083333333333 23.39374247855617 22.64903301775096
494.2083333333333 23.392260717909856 22.647526822275807
494.7083333333333 23.390803026555385 22.646028642523568
495.2083333333333 23.3893469935428 22.64454302814116
495.7083333333333 23.387903264423436 22.643056582676905
496.2083333333333 23.386457725178698 22.641581987862924
496.7083333333333 23.385035480136676 22.64010073310996
497.2083333333333 23.383607222108953 22.638640254099336
497.7083333333333 23.382194611186073 22.637169044147694
498.2083333333333 23.38079262302868 22.63570825301352
498.7083333333333 23.379391012570867 22.634262143722417
499.2083333333333 23.378000346927514 22.63280314003927
499.7083333333333 23.376631230847835 22.631363709004372
500.2083333333333 23.375248805306153 22.62992478190945
500.7083333333333 23.37388923116183 22.628489594447508
501.2083333333333 23.37253314624583 22.62706559023911
501.7083333333333 23.371180999679456 22.625642311915932
502.2083333333333 23.36985119756779 22.624220909975353
502.7083333333333 23.36851446902692 22.622800509582067
503.2083333333333 23.36719085057677 22.621398826621434
503.7083333333333 23.365874770926713 22.619985774361876
504.2083333333333 23.364570656903844 22.61859372770659
504.7083333333333 23.36326611536981 22.617201015412284
505.2083333333333 23.361973402105193 22.61581302954301
505.7083333333333 23.360706762850924 22.614427988550215
506.2083333333333 23.35942969031368 22.613054435647566
506.7083333333333 23.358163073078998 22.61167313880652
507.2083333333333 23.35691433455025 22.61031557483249
507.7083333333333 23.35566070858792 22.608948471328
508.2083333333333 23.354419729202167 22.607586728216383
508.7083333333333 23.353183257339147 22.60623527726146
509.2083333333333 23.351961852331662 22.60488541612654
509.7083333333333 23.35074808153779 22.603537434647166
510.2083333333333 23.349555581496013 22.602208794941628
510.7083333333333 23.348351741546157 22.60086917158736
511.2083333333333 23.347164109990302 22.59954407302513
511.7083333333333 23.345985949367982 22.598229434192277
512.2083333333334 23.344806171246635 22.596903544986525
512.7083333333334 23.3436429746415 22.59559675799533
513.2083333333334 23.342487845777512 22.594293483048805
513.7083333333334 23.341348813539557 22.59298745922507
514.2083333333334 23.340209071314746 22.5916901157319
514.7083333333334 23.33908404861107 22.590392777741393
515.2083333333334 23.337953857759302 22.58911144194848
515.7083333333334 23.336850482192702 22.587833522806395
516.2083333333334 23.335747605333562 22.58654712591086
516.7083333333334 23.334644854490705 22.58527766095195
517.2083333333334 23.33355838315321 22.584019297165867
517.7083333333334 23.332487406800134 22.582756664534607
518.2083333333334 23.331402303877276 22.581495278286216
518.7083333333334 23.33035768329006 22.58024420801234
519.2083333333334 23.329293601633616 22.57899584876496
519.7083333333334 23.328241954042646 22.577754465179854
520.2083333333334 23.3272208495481 22.576529098468793
520.7083333333334 23.32618418313566 22.575294714250834
521.2083333333334 23.325175626559403 22.574056850335197
521.7083333333334 23.32415807431614 22.57283891874045
522.2083333333334 23.32315220712768 22.5716224922701
522.7083333333334 23.322169962238192 22.570413381269674
523.2083333333334 23.321177646300384 22.5692056629887
523.7083333333334 23.320206078174067 22.56800460259489
524.2083333333334 23.319230574695307 22.566810534208447
524.7083333333334 23.318266800111232 22.565612880570388
525.2083333333334 23.31731158936551 22.564420825628115
525.7083333333334 23.316354902018595 22.563238648362663
526.2083333333334 23.31542755992075 22.562063371390355
526.7083333333334 23.314489397333364 22.560891657007286
527.2083333333334 23.31357198634219 22.559720675202442
527.7083333333334 23.31266079356494 22.55856003265753
528.2083333333334 23.311744595466216 22.557395502622953
528.7083333333334 23.31083862658464 22.556239560644315
529.2083333333334 23.30995339013237 22.55508291981411
529.7083333333334 23.309071370880684 22.55394091442236
530.2083333333334 23.30818885796944 22.552796330055443
530.7083333333334 23.30732047108526 22.551658079586513
531.2083333333334 23.30646478998323 22.550529291464162
531.7083333333334 23.305595988938638 22.549387796445725
532.2083333333334 23.304757620510607 22.54827011807378
532.7083333333334 23.303905260146195 22.547150128185347
533.2083333333334 23.30308416761815 22.54603851436872
533.7083333333334 23.30225278295064 22.544924015728647
534.2083333333334 23.301440066246503 22.54381641494778
534.7083333333334 23.30062270593819 22.54270715031847
535.2083333333334 23.299822372745986 22.541614593298668
535.7083333333334 23.29902681130365 22.54051490265933
536.2083333333334 23.2982351628267 22.53943024781441
536.7083333333334 23.297460804765898 22.53834472812442
537.2083333333334 23.296676727791002 22.53725848963147
537.7083333333334 23.295915173408485 22.536179940922977
538.2083333333334 23.295148199468144 22.53511206450223
538.7083333333334 23.294394047933334 22.534039537171353
539.2083333333334 23.29365016836393 22.532977049496257
539.7083333333334 23.292901671095517 22.53191537504945
540.2083333333334 23.292183192584993 22.530859380726454
540.7083333333334 23.291447999495404 22.52980835286355
541.2083333333334 23.290724033823068 22.528759299680953
541.7083333333334 23.290014904421803 22.527720146154913
542.2083333333334 23.289321656901414 22.526675636073445
542.7083333333334 23.28861570740183 22.525637291634382
543.2083333333334 23.287928201185526 22.52460457394278
543.7083333333334 23.287236749505006 22.523581158741493
544.2083333333334 23.286566099970358 22.522555052570034
544.7083333333334 23.285891645814253 22.521538490312516
545.2083333333334 23.285215949317465 22.5205234222655
545.7083333333334 23.284575570302785 22.5195026586603
546.2083333333334 23.283912658690692 22.51849870427638
546.7083333333334 23.283264750214055 22.517492129537338
547.2083333333334 23.282627407884576 22.516490917163388
547.7083333333334 23.281993792207516 22.515498189513824
548.2083333333334 23.28137420466326 22.514508055706607
548.7083333333334 23.280754244782905 22.513513666776607
549.2083333333334 23.280137692289106 22.51254197275425
549.7083333333334 23.279541767392914 22.511553113343176
550.2083333333334 23.278939483769747 22.510576687229054
550.7083333333334 23.278351060087424 22.50960498256156
551.2083333333334 23.277756058168613 22.508636576622717
551.7083333333334 23.27718154251473 22.507673523055622
552.2083333333334 23.276612126023828 22.50671087356629
552.7083333333334 23.276045996132982 22.505747601455578
553.2083333333334 23.27547794963821 22.504797299995374
553.7083333333334 23.274914826249734 22.50384776270401
554.2083333333334 23.274381339768798 22.50289793097891
554.7083333333334 23.273834096050592 22.50195605850768
555.2083333333334 23.273300138290235 22.501025624679723
555.7083333333334 23.27277993488215 22.500091066147764
556.2083333333334 23.272257274857928 22.49915411693438
556.7083333333334 23.27173308825197 22.498225019584183
557.2083333333334 23.271227813558568 22.49730931712957
557.7083333333334 23.270730022694742 22.496384357515886
558.2083333333334 23.270238702325678 22.495464818020746
558.7083333333334 23.269753460502432 22.494562099301753
559.2083333333334 23.269282220560925 22.493663734228843
559.7083333333334 23.26880474647339 22.49275215690362
560.2083333333334 23.268349917577346 22.491854077320703
560.7083333333334 23.267895114154513 22.490966147864956
561.2083333333334 23.267447397369562 22.49007237246945
561.7083333333334 23.26700502045531 22.489191758260603
562.2083333333334 23.26657676889375 22.488304264447848
562.7083333333334 23.266146264217717 22.4874327289322
563.2083333333334 23.265723612021866 22.486560341121418
563.7083333333334 23.265314522549453 22.485679880355235
564.2083333333334 23.264911335203188 22.484815573723754
564.7083333333334 23.264505381495994 22.48395426671226
565.2083333333334 23.26411020284133 22.483088298550513
565.7083333333334 23.263728385721635 22.48223941099473
566.2083333333334 23.263347897470652 22.48138799847919
566.7083333333334 23.262967605966733 22.48054485813354
567.2083333333334 23.262599583652097 22.479691785983427
567.7083333333334 23.26223798859623 22.478855244282073
568.2083333333334 23.261885929901585 22.478012658472174
568.7083333333334 23.261530857828735 22.477184294938837
569.2083333333334 23.26119278213978 22.476348570857905
569.7083333333334 23.26086458720884 22.4755195706611
570.2083333333334 23.260526602119207 22.4747055603046
570.7083333333334 23.260200284626794 22.47388289856125
571.2083333333334 23.259882965354333 22.473067492071127
571.7083333333334 23.25956447432641 22.472251315162907
572.2083333333334 23.259264439067707 22.471441118440563
572.7083333333334 23.25895472834395 22.47063277657334
573.2083333333334 23.25865794453666 22.46983490376694
573.7083333333334 23.25836870215521 22.469030609697768
574.2083333333334 23.258080937296842 22.468236700805132
574.7083333333334 23.257803010013184 22.467436128244564
575.2083333333334 23.25752257230947 22.466649422388674
575.7083333333334 23.257257647886203 22.46585911200057
576.2083333333334 23.256992585956393 22.465080238798656
576.7083333333334 23.256734469219616 22.464295139723912
577.2083333333334 23.256480970601242 22.46351823426312
577.7083333333334 23.25623993818236 22.462740353052936
578.2083333333334 23.25598283930379 22.461974517332912
578.7083333333334 23.255754218746123 22.461200620587086
579.2083333333334 23.255510573659315 22.460431179942034
579.7083333333334 23.255284971156378 22.459675072774846
580.2083333333334 23.255062956732008 22.458915380271847
580.7083333333334 23.254839572512314 22.458155838379138
581.2083333333334 23.25463562201818 22.45739848466038
581.7083333333334 23.254418520194186 22.45664210326381
582.2083333333334 23.254212752077766 22.45589393034259
582.7083333333334 23.25401239160076 22.455149290440627
583.2083333333334 23.253814157183307 22.45440599610508
583.7083333333334 23.253629965242993 22.453663605321786
584.2083333333334 23.253438996977373 22.452924769976104
584.7083333333334 23.253254538441183 22.452184305120667
585.2083333333334 23.253075518205492 22.451453821219882
585.7083333333334 23.25290318186639 22.450726470726075
586.2083333333334 23.25273939969224 22.449992823133783
586.7083333333334 23.252568052510313 22.449271470026133
587.2083333333334 23.252401735683904 22.44854734281439
587.7083333333334 23.252242126439548 22.447819550604425
588.2083333333334 23.25208831769678 22.447094855761215
588.7083333333334 23.251935937170295 22.44638569361275
589.2083333333334 23.251789560312748 22.445673927234147
589.7083333333334 23.251655403523802 22.44495906966847
590.2083333333334 23.251521938914376 22.44425589181761
590.7083333333334 23.251377992615055 22.443549230897556
591.2083333333334 23.251246284232035 22.4428441683163
591.7083333333334 23.251117834860963 22.44214534102024
592.2083333333334 23.25099953281616 22.441445349354957
592.7083333333334 23.25088148010815 22.440748319276263
593.2083333333334 23.25077341774299 22.44005354110799
593.7083333333334 23.2506607746696 22.43936101604725
594.2083333333334 23.25055793367657 22.43867056257942
594.7083333333334 23.250458911419685 22.437982812384725
595.2083333333334 23.250371076544344 22.437302242797514
595.7083333333334 23.250278733183364 22.43661982025926
596.2083333333334 23.25018969359727 22.435942808910223
596.7083333333334 23.250111847621255 22.435263380331705
597.2083333333334 23.250035839761992 22.434593829853494
597.7083333333334 23.24997699314771 22.43392313385651
598.2083333333334 23.249906652339224 22.433258481808732
598.7083333333334 23.249849057265255 22.432588941261745
599.2083333333334 23.24978345488706 22.431930105910837
599.7083333333334 23.2497365088468 22.431266555097253
600.2083333333334 23.24968003344528 22.430611728176196
600.7083333333334 23.249645535255187 22.429955639121104
601.2083333333334 23.249606964462743 22.429303992962378
601.7083333333334 23.249569224798353 22.42865622396454
602.2083333333334 23.2495588663271 22.428008854264654
602.7083333333334 23.24953357874778 22.427370773937344
603.2083333333334 23.249517481357906 22.426725870142363
603.7083333333334 23.24950448354 22.426090995434727
604.2083333333334 23.249502490831887 22.42545212024082
604.7083333333334 23.249488153726283 22.424819139079748
605.2083333333334 23.249500925944652 22.42418794885857
605.7083333333334 23.249511638326005 22.42356295930812
606.2083333333334 23.249518481209655 22.422938925850886
606.7083333333334 23.249529573525773 22.422314186614454
607.2083333333334 23.249560235137494 22.421695798475007
607.7083333333334 23.24958512533837 22.421084362986562
608.2083333333334 23.24962045726569 22.420469689136663
608.7083333333334 23.2496654452488 22.419859808648926
609.2083333333334 23.24971317664671 22.419250806892144
609.7083333333334 23.249752206434042 22.418649819160635
610.2083333333334 23.249811308940714 22.418053412305717
610.7083333333334 23.24986523577383 22.417446813288908
611.2083333333334 23.249928204159044 22.416845568015834
611.7083333333334 23.24999822918943 22.416254108400405
612.2083333333334 23.250080366875203 22.41566831125992
612.7083333333334 23.250156246481957 22.415083565280316
613.2083333333334 23.250244884746166 22.414496388287045
613.7083333333334 23.250334372970034 22.41391958014298
614.2083333333334 23.250437129168855 22.413335436828383
614.7083333333334 23.250534525474347 22.412763429548082
615.2083333333334 23.250645113241895 22.412186625072984
615.7083333333334 23.250753458004713 22.411623441866396
616.2083333333334 23.25087362902117 22.41105348330003
616.7083333333334 23.250991976099066 22.410487332615503
617.2083333333334 23.251126290150687 22.409921126406303
617.7083333333334 23.251258717688383 22.409366512189628
618.2083333333334 23.251407443339616 22.408812269448894
618.7083333333334 23.251545285825877 22.40826454429047
619.2083333333334 23.25170260745076 22.407717009763623
619.7083333333334 23.25185287170782 22.407168425226548
620.2083333333334 23.252017987601977 22.406623936420416
620.7083333333334 23.25218488760251 22.406084631732078
621.2083333333334 23.252348996300153 22.40554862384791
621.7083333333334 23.252530501757146 22.405016342111054
622.2083333333334 23.25271820423977 22.40448220860232
622.7083333333334 23.252905845935636 22.403952347376375
623.2083333333334 23.25311456512123 22.403431685318907
