FastTrWP/PhaseSpace/IAs/snIa_0.6_20_0.0_-0.1.csv
# %ECSV 0.9
# ---
# datatype:
# - {name: time-rel, datatype: float64}
# - {name: g, datatype: float64}
# - {name: i, datatype: float64}
# schema: astropy-2.0
time-rel g i
[from data line 2582]
1277.4375 -23.780247368261385 -26.353300521786423
1277.9375 -23.77760902653364 -26.352103531098074
1278.4375 -23.774920590603124 -26.35089028104183
1278.9375 -23.772270891126823 -26.349701821623427
1279.4375 -23.769614484514435 -26.348497200918043
1279.9375 -23.76690047417254 -26.347285315997965
1280.4375 -23.764210358681567 -26.346086156171275
1280.9375 -23.761531100437658 -26.34487565543263
1281.4375 -23.75878059445711 -26.343674837211005
1281.9375 -23.756106618142468 -26.342453912395477
1282.4375 -23.753391107328298 -26.341265352615963
1282.9375 -23.750669045003647 -26.340063283797107
1283.4375 -23.74799593218807 -26.338864219995493
1283.9375 -23.745261051133774 -26.337670177884554
1284.4375 -23.742559762905728 -26.336458197405776
1284.9375 -23.739828421708484 -26.335263077842313
1285.4375 -23.737153045121183 -26.33406110719902
1285.9375 -23.734417406489456 -26.332846308886417
1286.4375 -23.7316974103758 -26.331647753595092
1286.9375 -23.72893819787398 -26.330451531431294
1287.4375 -23.7262799576176 -26.329263941775363
1287.9375 -23.723550770403815 -26.32806362349222
1288.4375 -23.720830167749916 -26.32685503971549
1288.9375 -23.718103371498156 -26.325662061583962
1289.4375 -23.71540752398781 -26.32445188768608
1289.9375 -23.712693294162463 -26.323266652777253
1290.4375 -23.709947814428773 -26.322076769725513
1290.9375 -23.707253919139816 -26.32086198417776
1291.4375 -23.70455308944156 -26.319675321352392
1291.9375 -23.70183767537677 -26.318465840527825
1292.4375 -23.699148226336124 -26.317275532652822
1292.9375 -23.6964684463192 -26.31606653410184
1293.4375 -23.693733381276395 -26.31487976390315
1293.9375 -23.69105580524527 -26.313692206249236
1294.4375 -23.6883911926677 -26.31248980559155
1294.9375 -23.685679414471934 -26.311302861013274
1295.4375 -23.68300173659051 -26.310094232827623
1295.9375 -23.680369324166975 -26.30890333561412
1296.4375 -23.677673461198054 -26.307715737098615
1296.9375 -23.67501137561197 -26.306516147439126
1297.4375 -23.672427504797724 -26.30531758767401
1297.9375 -23.669732487273627 -26.30413113164343
1298.4375 -23.667087601696764 -26.302939049689353
1298.9375 -23.664502760195113 -26.30174929898104
1299.4375 -23.661835883111976 -26.30054419633417
1299.9375 -23.65924950647073 -26.299349391969447
1300.4375 -23.65668642002763 -26.298164181207795
1300.9375 -23.654035882622996 -26.296972973495368
1301.4375 -23.651549469209854 -26.29578118239795
1301.9375 -23.648888945229714 -26.294589391230954
1302.4375 -23.6463187584692 -26.293387459868555
1302.9375 -23.643823014754663 -26.292205219125403
1303.4375 -23.641272164494268 -26.291012250075774
1303.9375 -23.638710103435322 -26.289812929299057
1304.4375 -23.636189901012315 -26.288625918175374
1304.9375 -23.63370854737603 -26.287449315200263
1305.4375 -23.631214261179537 -26.28625163652069
1305.9375 -23.628762789397445 -26.285058220735035
1306.4375 -23.626301450696126 -26.28386725751959
1306.9375 -23.62387781655025 -26.282680163110076
1307.4375 -23.621435962408302 -26.281490679854738
1307.9375 -23.619002256492706 -26.280292331265464
1308.4375 -23.61662830991651 -26.279111677052704
1308.9375 -23.614207135860386 -26.277920858508224
1309.4375 -23.61186767572438 -26.276733775400515
1309.9375 -23.609495884422987 -26.2755416137291
1310.4375 -23.607156305308408 -26.274356137788835
1310.9375 -23.60487077429081 -26.273162937738807
1311.4375 -23.60255989040096 -26.27198210162331
1311.9375 -23.60030855126178 -26.27079957554816
1312.4375 -23.59798908459647 -26.269589749910157
1312.9375 -23.595704353093456 -26.26841271395231
1313.4375 -23.59348569735421 -26.267230548420187
1313.9375 -23.59126429829425 -26.266034562148143
1314.4375 -23.58900804159912 -26.26485594036884
1314.9375 -23.58682298428588 -26.263654930350754
1315.4375 -23.584604320767376 -26.262484456174512
1315.9375 -23.58238379548552 -26.261286429684034
1316.4375 -23.58022944873661 -26.260114036124524
1316.9375 -23.578058201782138 -26.258922429191248
1317.4375 -23.575929329030206 -26.257743642725707
1317.9375 -23.573796896986 -26.256566638100477
1318.4375 -23.571659562959695 -26.255373959640657
1318.9375 -23.569525319354927 -26.254197946926794
1319.4375 -23.567450845911367 -26.252995916590468
1319.9375 -23.565356170266114 -26.251812656698586
1320.4375 -23.563263596510314 -26.250640822994246
1320.9375 -23.56118631418692 -26.249444850738293
1321.4375 -23.559130108331754 -26.248273941978063
1321.9375 -23.55710404366811 -26.247083960790988
1322.4375 -23.555064118996285 -26.24591168505407
1322.9375 -23.553040790019615 -26.244715346128714
1323.4375 -23.55099981883859 -26.24354598427601
1323.9375 -23.54901836653785 -26.242363986103854
1324.4375 -23.54704021012795 -26.24119833290248
1324.9375 -23.54509208018499 -26.23999874517598
1325.4375 -23.543136773185466 -26.238826069509695
1325.9375 -23.54119239861658 -26.237647902617738
1326.4375 -23.53924199286588 -26.236473608299605
1326.9375 -23.537329502134178 -26.23529361694053
1327.4375 -23.535429845691112 -26.234116805464826
1327.9375 -23.533521958766627 -26.2329291727124
1328.4375 -23.53162950841236 -26.23174898257346
1328.9375 -23.529731996284163 -26.230572619238195
1329.4375 -23.52790545226774 -26.229391909505246
1329.9375 -23.526077179234367 -26.228221744900793
1330.4375 -23.524210911775057 -26.22705374104963
1330.9375 -23.522436550977766 -26.225876585839742
1331.4375 -23.52055470686892 -26.224706232754706
1331.9375 -23.51880203125178 -26.223519943759403
1332.4375 -23.517046859916235 -26.2223526045932
1332.9375 -23.515237353809276 -26.2211752422305
1333.4375 -23.51350991275489 -26.220008677746183
1333.9375 -23.51172138219981 -26.218831867697425
1334.4375 -23.51000350349727 -26.21766889900922
1334.9375 -23.508264421103572 -26.21648744906959
1335.4375 -23.506546463963343 -26.21530809434929
1335.9375 -23.504890425199804 -26.214134790554052
1336.4375 -23.50317520457434 -26.21298096194596
1336.9375 -23.501542096720215 -26.21179960043388
1337.4375 -23.499835289071903 -26.210634610901042
1337.9375 -23.4982285913555 -26.20945838655638
1338.4375 -23.496524683776542 -26.20829937325678
1338.9375 -23.494963412478825 -26.20712219738121
1339.4375 -23.49331888651777 -26.20595651650536
1339.9375 -23.49169783302344 -26.204791968996496
1340.4375 -23.49012857061133 -26.203634618843232
1340.9375 -23.48852098241775 -26.20245890584148
1341.4375 -23.487003535519072 -26.201289631168684
1341.9375 -23.48547691225881 -26.200125631089414
1342.4375 -23.483906745314297 -26.198959450603834
1342.9375 -23.482351857027524 -26.197804555752768
1343.4375 -23.480846035123953 -26.19662971451092
1343.9375 -23.479382044420948 -26.19546898051823
1344.4375 -23.477925810203732 -26.194304730688792
1344.9375 -23.476448917982875 -26.193144367145305
1345.4375 -23.474943069243576 -26.19196037649045
1345.9375 -23.47352754580872 -26.190818242329094
1346.4375 -23.472051110505646 -26.189653017306345
1346.9375 -23.47061807972091 -26.188491305880518
1347.4375 -23.469241766899444 -26.18732378756515
1347.9375 -23.46782673979814 -26.186160880777933
1348.4375 -23.466426564946584 -26.185001447318392
1348.9375 -23.465077710601413 -26.183852967323396
1349.4375 -23.463635690725404 -26.18269290130843
1349.9375 -23.462299367831953 -26.181529150156614
1350.4375 -23.46097767093505 -26.18038343636139
1350.9375 -23.45966751420264 -26.17921333019079
1351.4375 -23.458360210147923 -26.178076412939987
1351.9375 -23.457020758030524 -26.176900326588303
1352.4375 -23.455789055234135 -26.175761012051364
1352.9375 -23.454527313498687 -26.174599864543676
1353.4375 -23.45327548202178 -26.17344899118684
1353.9375 -23.452073729412845 -26.172277474176187
1354.4375 -23.45085126046435 -26.17112677250965
1354.9375 -23.449606216172434 -26.169981244658793
1355.4375 -23.448449478463743 -26.16883160259242
1355.9375 -23.447306640877077 -26.167676391800327
1356.4375 -23.44612419787632 -26.1665369584277
1356.9375 -23.445032382471055 -26.165378721128967
1357.4375 -23.443877921967765 -26.16423256259175
1357.9375 -23.4427533824504 -26.16307975999743
1358.4375 -23.441682358599223 -26.161949691412786
1358.9375 -23.440637571505782 -26.160787771889833
1359.4375 -23.43953816019495 -26.159648309130183
1359.9375 -23.438544534025574 -26.158486706984277
1360.4375 -23.437490579055385 -26.157349487139157
1360.9375 -23.436485863280865 -26.156196128408023
1361.4375 -23.435517986396665 -26.155057510563744
1361.9375 -23.43453950422774 -26.1539129771366
1362.4375 -23.433533610678285 -26.152776191989556
1362.9375 -23.432595530093764 -26.151622531789016
1363.4375 -23.43164732680028 -26.150481469349096
1363.9375 -23.430742574350205 -26.149346940214127
1364.4375 -23.42981239334614 -26.148190631644038
1364.9375 -23.428964432008993 -26.147062727264235
1365.4375 -23.42805661940234 -26.14592841562866
1365.9375 -23.427208985310774 -26.144779220788664
1366.4375 -23.42631411768556 -26.143643306198094
1366.9375 -23.42554814963334 -26.142503148841683
1367.4375 -23.42470165894393 -26.14137651875579
1367.9375 -23.423886767018416 -26.140237386815844
1368.4375 -23.423138343400392 -26.13909255633541
1368.9375 -23.422291788218207 -26.137938819049886
1369.4375 -23.421577898548165 -26.136827144354946
1369.9375 -23.42081333416315 -26.13568096593969
1370.4375 -23.42013408592976 -26.134550327977593
1370.9375 -23.419378133670822 -26.133428661143427
1371.4375 -23.41870944799342 -26.132294956334473
1371.9375 -23.41797462187742 -26.13114026114033
1372.4375 -23.41732678125922 -26.130017014146745
1372.9375 -23.416674571231656 -26.128888156134845
1373.4375 -23.416011591986013 -26.127766738390818
1373.9375 -23.415357116806348 -26.12662806452206
1374.4375 -23.414781214106117 -26.125505155948716
1374.9375 -23.41417025549681 -26.124369406230027
1375.4375 -23.413589997137805 -26.123236134150268
1375.9375 -23.41298825575126 -26.12212618176883
1376.4375 -23.412402438618514 -26.12098713014646
1376.9375 -23.411913598718307 -26.119867450235677
1377.4375 -23.411372013808638 -26.118732921330455
1377.9375 -23.410805854623668 -26.117608439011867
1378.4375 -23.410308574173932 -26.11647424838845
1378.9375 -23.409780620131247 -26.115358957469617
1379.4375 -23.409273260653283 -26.11423222347161
1379.9375 -23.4088468414501 -26.113109153111562
1380.4375 -23.4083767467621 -26.111992113207062
1380.9375 -23.407959226458477 -26.11085426903927
1381.4375 -23.40751969256604 -26.10974359521238
1381.9375 -23.40709517724987 -26.108633717692204
1382.4375 -23.406665531857204 -26.10750687616486
1382.9375 -23.406291291394282 -26.106379500241985
1383.4375 -23.405898095235997 -26.105265061294368
1383.9375 -23.40556572959312 -26.10415008148985
1384.4375 -23.405198275884793 -26.103032273487166
1384.9375 -23.404845940831898 -26.101897229981997
1385.4375 -23.40447917431657 -26.100791841279726
1385.9375 -23.404179890971434 -26.09966762547237
1386.4375 -23.403902328606453 -26.098553510000826
1386.9375 -23.403576332343043 -26.09744451574506
1387.4375 -23.403306080545182 -26.096329587130363
1387.9375 -23.40303648362825 -26.095209021179578
1388.4375 -23.402764257796136 -26.09410048531268
1388.9375 -23.40248535979095 -26.092983447620234
1389.4375 -23.40230730012125 -26.091879718725615
1389.9375 -23.40209622030109 -26.090759059811536
1390.4375 -23.402010962586207 -26.089650721000133
1390.9375 -23.40180846842188 -26.088542149352104
1391.4375 -23.40168470162076 -26.08742957899482
1391.9375 -23.401548343392857 -26.086322594552453
1392.4375 -23.401520574688742 -26.085213987530587
1392.9375 -23.40141856058052 -26.084115668490433
1393.4375 -23.401394354093974 -26.08299895469356
1393.9375 -23.40132908757013 -26.08189010235895
1394.4375 -23.401411282658806 -26.080804932019845
1394.9375 -23.401374690007877 -26.079710918324555
1395.4375 -23.401396383317632 -26.078587467218142
1395.9375 -23.401416784413563 -26.077499256960294
1396.4375 -23.401523652380632 -26.076399163857275
1396.9375 -23.401568680104834 -26.07528649296448
1397.4375 -23.40169203211186 -26.074201300081793
1397.9375 -23.40173479968829 -26.073099056369635
1398.4375 -23.40186443301232 -26.071992128583453
1398.9375 -23.402031406485314 -26.07089666494504
1399.4375 -23.40220382526613 -26.06979660346464
1399.9375 -23.402356266130013 -26.06870120336446
1400.4375 -23.402557768186835 -26.06760887834145
1400.9375 -23.40280561212516 -26.066520782551752
1401.4375 -23.402994787347104 -26.065439798996227
1401.9375 -23.40324494127016 -26.06433405957457
1402.4375 -23.40347861419611 -26.06323578684303
1402.9375 -23.4037122101279 -26.06215364090104
1403.4375 -23.40393948856386 -26.061054820789998
1403.9375 -23.40428994122891 -26.05997051565239
1404.4375 -23.4045937399107 -26.058873064593126
1404.9375 -23.404887458457353 -26.057797935952713
1405.4375 -23.40519875882297 -26.056709631622606
1405.9375 -23.405520732971592 -26.0556256507231
1406.4375 -23.40586295137298 -26.05453050004359
1406.9375 -23.406231381179623 -26.053451367392327
1407.4375 -23.406568331810394 -26.052372404258573
1407.9375 -23.40697290147358 -26.05128557628566
1408.4375 -23.40727430788948 -26.050200051691714
1408.9375 -23.407740282977315 -26.049117036708196
1409.4375 -23.40812007632049 -26.0480290833693
1409.9375 -23.408488163852866 -26.04695044428688
1410.4375 -23.408867968050764 -26.04587734213173
1410.9375 -23.409321079908505 -26.044787393719332
1411.4375 -23.409744215029555 -26.043704844229218
1411.9375 -23.410173918841195 -26.04264052815516
1412.4375 -23.410626178579747 -26.041553528849143
1412.9375 -23.411074157265077 -26.04046262069978
1413.4375 -23.41150244676491 -26.039405191805773
1413.9375 -23.411969784711864 -26.03831786306071
1414.4375 -23.412426938415827 -26.037244431543634
1414.9375 -23.412878536481344 -26.036173133916677
1415.4375 -23.413416466590988 -26.035095192554273
1415.9375 -23.41386753868035 -26.034019413028943
1416.4375 -23.414342871117316 -26.032939389735283
1416.9375 -23.414818231123228 -26.031881406028624
1417.4375 -23.415290785787892 -26.030808586524216
1417.9375 -23.415800739304366 -26.029728303330067
1418.4375 -23.416246757458268 -26.02867343069423
1418.9375 -23.41673685825299 -26.027593429713747
1419.4375 -23.41729169962043 -26.026513758345903
1419.9375 -23.417748023280037 -26.025450272896016
1420.4375 -23.418288237043463 -26.024375613606594
1420.9375 -23.418746263588062 -26.023295010832264
1421.4375 -23.41924198936593 -26.02223661553026
1421.9375 -23.419793286924428 -26.02117798772991
1422.4375 -23.420224922288135 -26.02010378199157
1422.9375 -23.42073075059284 -26.019028705062965
1423.4375 -23.421231692965065 -26.017974580398825
1423.9375 -23.421744671796993 -26.016905690869446
1424.4375 -23.422230496565536 -26.015836693226987
1424.9375 -23.42268932284916 -26.01478364041794
1425.4375 -23.423248571104374 -26.013709604182136
1425.9375 -23.423689703697438 -26.012643308432708
