FastTrWP/PhaseSpace/IAs/snIa_0.32_30.00_-0.80_0.09.csv
# %ECSV 0.9
# ---
# datatype:
# - {name: time-rel, datatype: float64}
# - {name: g, datatype: float64}
# - {name: i, datatype: float64}
# schema: astropy-2.0
time-rel g i
[from data line 577]
516.8541666666666 23.071754150123716 22.679842042702056
517.3541666666666 23.070149503230603 22.678192022654994
517.8541666666666 23.06854661806274 22.676540218514603
518.3541666666666 23.066971325398285 22.67490314720641
518.8541666666666 23.065378611693287 22.673255794011496
519.3541666666666 23.063813271020102 22.671639455306362
519.8541666666666 23.062256927818794 22.67001982486121
520.3541666666666 23.060706622856095 22.66840345472085
520.8541666666666 23.059170161466387 22.666797407536503
521.3541666666666 23.057636301259805 22.665198792764784
521.8541666666666 23.056115179308655 22.663604227376744
522.3541666666666 23.05460527914914 22.6620222507853
522.8541666666666 23.053099762857446 22.66044795626187
523.3541666666666 23.05161434239718 22.658864539960888
523.8541666666666 23.05013604123677 22.657303086052476
524.3541666666666 23.048666194373272 22.65574464701122
524.8541666666666 23.047199371927547 22.65419344015083
525.3541666666666 23.045747818745337 22.65265112334732
525.8541666666666 23.044304665779627 22.65111715067066
526.3541666666666 23.04286970735722 22.649578780835707
526.8541666666666 23.04145071696933 22.648060107196383
527.3541666666666 23.040032320527075 22.64655053256839
527.8541666666666 23.03863353080757 22.645029131561802
528.3541666666666 23.037243270092343 22.64352833638928
528.8541666666666 23.035852254468075 22.642041714793315
529.3541666666666 23.034486758683204 22.640550430818646
529.8541666666666 23.033114930449837 22.63906963704232
530.3541666666666 23.031766196304183 22.637585972596494
530.8541666666666 23.030419589689135 22.63612468732631
531.3541666666666 23.02908417190025 22.634662565418964
531.8541666666666 23.02775951855071 22.633202096118076
532.3541666666666 23.026431267751516 22.631755736133986
532.8541666666666 23.025131088617762 22.63032314497922
533.3541666666666 23.02384507454084 22.628887040583564
533.8541666666666 23.022560302991888 22.627455154184265
534.3541666666666 23.02128443524094 22.62603363420725
534.8541666666666 23.02000632455298 22.624619290395074
535.3541666666666 23.018752674643622 22.623212003849677
535.8541666666666 23.01750032708967 22.621821843342218
536.3541666666666 23.016266081767913 22.620423410230224
536.8541666666666 23.015032890260873 22.619034550623283
537.3541666666666 23.01380858311913 22.617657048372696
537.8541666666666 23.012591649689508 22.616276448947275
538.3541666666666 23.011394056192522 22.61490854967216
538.8541666666666 23.010196189502643 22.613553646724142
539.3541666666666 23.009010356896574 22.612197410381274
539.8541666666666 23.007828952521816 22.610842152784393
540.3541666666666 23.00667448994023 22.609506382873334
540.8541666666666 23.005513265643515 22.60816472613527
541.3541666666666 23.004352188950644 22.60683249913952
541.8541666666666 23.003214618981637 22.60551381495717
542.3541666666666 23.002079599576497 22.60419621965361
542.8541666666666 23.000958349983307 22.60288168118848
543.3541666666666 22.9998420319193 22.601578246393093
543.8541666666666 22.998732657171765 22.600270775553433
544.3541666666666 22.997630567687946 22.59898425247136
544.8541666666666 22.996538555247735 22.59769611348353
545.3541666666666 22.995454964639745 22.596407574244516
545.8541666666666 22.994386161170688 22.595131717144103
546.3541666666666 22.993319145025296 22.593867035059358
546.8541666666666 22.992253061502353 22.59260171346794
547.3541666666666 22.99120142023307 22.59134351058372
547.8541666666666 22.99016665736572 22.59008544926342
548.3541666666666 22.989129258458227 22.588835223491706
548.8541666666666 22.988101229496834 22.587598901581533
549.3541666666666 22.98707472615724 22.58635672925138
549.8541666666666 22.986075452005878 22.585119225114934
550.3541666666666 22.985075563364532 22.583904747455744
550.8541666666666 22.984072163746777 22.582678330371348
551.3541666666666 22.983092996601606 22.581462560886806
551.8541666666666 22.982116035189215 22.58026025775241
552.3541666666666 22.98113715973812 22.57905476874843
552.8541666666666 22.98017431731668 22.577851029547812
553.3541666666666 22.97922203966842 22.576660911618617
553.8541666666666 22.97826772427345 22.57547732772991
554.3541666666666 22.977326483411353 22.574282019415218
554.8541666666666 22.976394800440563 22.57311140181759
555.3541666666666 22.97547182851106 22.57193751979832
555.8541666666666 22.974548509822277 22.570765362429952
556.3541666666666 22.973647160242766 22.569608090995303
556.8541666666666 22.972742259857885 22.568449533270037
557.3541666666666 22.971852169829525 22.567302345495378
557.8541666666666 22.97095390236961 22.566143188850806
558.3541666666666 22.97007016666578 22.565003289545214
558.8541666666666 22.969199153225833 22.563867743431626
559.3541666666666 22.968331871638497 22.56273403988178
559.8541666666666 22.967468808503362 22.561604479557552
560.3541666666666 22.966623550352523 22.560492882129658
560.8541666666666 22.96578074290132 22.559356806488008
561.3541666666666 22.964941987996752 22.55824959985251
561.8541666666666 22.964110982028604 22.557143804969215
562.3541666666666 22.963277945689992 22.55603321855275
562.8541666666666 22.962456571436007 22.5549400444293
563.3541666666666 22.961652351389294 22.553844469517866
563.8541666666666 22.960853378004362 22.55275053989099
564.3541666666666 22.960040849315313 22.55167170586144
564.8541666666666 22.959254546089205 22.55058629139128
565.3541666666666 22.95847236614375 22.549502012353493
565.8541666666666 22.95769765538902 22.548450965665285
566.3541666666666 22.956932895643696 22.547369038199612
566.8541666666666 22.95617440185822 22.546316306812237
567.3541666666666 22.955435140324457 22.545260340262303
567.8541666666666 22.954685147725066 22.54421200398842
568.3541666666666 22.95395319014416 22.543170723850544
568.8541666666666 22.9532235111294 22.54213904516986
569.3541666666666 22.95250952865978 22.54110764119313
569.8541666666666 22.951799625461994 22.540073981574828
570.3541666666666 22.951096787803294 22.539054411323598
570.8541666666666 22.950414871286227 22.538042613464377
571.3541666666666 22.94972144411009 22.53703080305637
571.8541666666666 22.94904150845096 22.536028794001876
572.3541666666666 22.948367812609387 22.5350316180457
572.8541666666666 22.947718706641346 22.534033315842272
573.3541666666666 22.947051017591605 22.53304629072504
573.8541666666666 22.946403103613928 22.532064414318338
574.3541666666666 22.94576339299063 22.531080200350363
574.8541666666666 22.945124485504792 22.530107996855353
575.3541666666666 22.944494605949664 22.529139311999252
575.8541666666666 22.94388045135431 22.52816486910578
576.3541666666666 22.94326510267478 22.527210177204438
576.8541666666666 22.942663482164157 22.526249161095624
577.3541666666666 22.94205785530595 22.525298372485402
577.8541666666666 22.941463102747512 22.52435199734998
578.3541666666666 22.940881627844554 22.523411888509596
578.8541666666666 22.94029600361522 22.52246932535824
579.3541666666666 22.939720295262088 22.52153191289728
579.8541666666666 22.93915487035462 22.520601713042634
580.3541666666666 22.9385929065417 22.519675741608104
580.8541666666666 22.938036580783624 22.51875355899013
581.3541666666666 22.937492670543847 22.517832228891518
581.8541666666666 22.936947654417004 22.516923709885468
582.3541666666666 22.936411486873904 22.51600839173363
582.8541666666666 22.935872382622286 22.515100821815224
583.3541666666666 22.93535077584167 22.514203888893856
583.8541666666666 22.934829541317157 22.513299479155844
584.3541666666666 22.934312757706255 22.51239785011576
584.8541666666666 22.933804422553102 22.511513173391435
585.3541666666666 22.933306927018315 22.510622570538537
585.8541666666666 22.9328063284642 22.509734236552163
586.3541666666666 22.932320267914417 22.508852998981858
586.8541666666666 22.93182673842348 22.507975839375245
587.3541666666666 22.931343014760543 22.507094375921753
587.8541666666666 22.93086792162102 22.50623002486883
588.3541666666666 22.930388135926286 22.505355683781904
588.8541666666666 22.92993453252337 22.504492431010426
589.3541666666666 22.929457496531427 22.50362157635584
589.8541666666666 22.929014964548028 22.502761675642038
590.3541666666666 22.928552680360728 22.501907138797602
590.8541666666666 22.928110102856174 22.50105468194418
591.3541666666666 22.927664164200657 22.50020128529179
591.8541666666666 22.927217836723393 22.49935382462404
592.3541666666666 22.926786526362847 22.498506619326264
592.8541666666666 22.926352237255898 22.497659069830583
593.3541666666666 22.92592357400016 22.49682687447742
593.8541666666666 22.925502187114432 22.495983908225647
594.3541666666666 22.925085712188825 22.495150281946454
594.8541666666666 22.924670427776906 22.494310910528426
595.3541666666666 22.924259907593438 22.493478831452084
595.8541666666666 22.92385926434461 22.492656206395658
596.3541666666666 22.923459008841252 22.491825084386406
596.8541666666666 22.923051473776354 22.490996716416184
597.3541666666666 22.922665359151644 22.490178086169085
597.8541666666666 22.92226528421136 22.489359371466037
598.3541666666666 22.9218783321299 22.4885358732033
598.8541666666666 22.921501654237055 22.487726935809917
599.3541666666666 22.92112868278835 22.48691123503876
599.8541666666666 22.92075355811538 22.486111310746033
600.3541666666666 22.920380348929413 22.485306916951377
600.8541666666666 22.920028037293385 22.484504799092267
601.3541666666666 22.919666127774974 22.483700370516885
601.8541666666666 22.91931468144305 22.48290183599702
602.3541666666666 22.918962933545778 22.482113945187617
602.8541666666666 22.918620820804847 22.48131982545129
603.3541666666666 22.918277643747963 22.480536269181627
603.8541666666666 22.917953261612208 22.479745230149742
604.3541666666666 22.917626591678157 22.478966015125796
604.8541666666666 22.917298523738197 22.478191199491246
605.3541666666666 22.91697331366641 22.47740777622681
605.8541666666666 22.916662703111648 22.47662945247148
606.3541666666666 22.91635082576828 22.475867424041823
606.8541666666666 22.916046571041996 22.475098700573206
607.3541666666666 22.91574985820624 22.474340075377444
607.8541666666666 22.915451930367357 22.473580186650235
608.3541666666666 22.915165457154604 22.472811453785795
608.8541666666666 22.914878809106373 22.472066182146094
609.3541666666666 22.914603409680367 22.471309461877492
609.8541666666666 22.91433383593594 22.470558258927063
610.3541666666666 22.914050346003197 22.469810739705117
610.8541666666666 22.913805370921885 22.469078630170163
611.3541666666666 22.91353900164436 22.468341664231826
611.8541666666666 22.91327942338862 22.46760208249315
612.3541666666666 22.913032970326014 22.466869796734873
612.8541666666666 22.9127926712805 22.46613940607891
613.3541666666666 22.91255214336794 22.46541550691475
613.8541666666666 22.912322235937438 22.46469044936616
614.3541666666666 22.91209975628394 22.46396406991778
614.8541666666666 22.91186317581653 22.46324658098482
615.3541666666666 22.91165545539206 22.462535122609406
615.8541666666666 22.911443066020713 22.46182939354934
616.3541666666666 22.911230484574 22.461114194515474
616.8541666666666 22.91103736705789 22.460408030739817
617.3541666666666 22.91083620288539 22.459714819048415
617.8541666666666 22.910648290816823 22.45901344093933
618.3541666666666 22.910460895214214 22.458317569260085
618.8541666666666 22.9102802295869 22.457627041648696
619.3541666666666 22.91010590301788 22.456935847203102
619.8541666666666 22.909935917019 22.456251295454447
620.3541666666666 22.909775820789523 22.45557355988705
620.8541666666666 22.90961504000467 22.45489766252397
621.3541666666666 22.909454479731263 22.45421875031341
621.8541666666666 22.909313277893013 22.45354657698755
622.3541666666666 22.90916720774956 22.452880586947455
622.8541666666666 22.909031979165285 22.452209305586756
623.3541666666666 22.908912404905102 22.451548492917315
623.8541666666666 22.908773625488507 22.4508847561059
624.3541666666666 22.908658704884125 22.450234744927144
624.8541666666666 22.90854912447278 22.449588314722888
625.3541666666666 22.90844740122816 22.448933944469616
625.8541666666666 22.908341194652664 22.448296392372782
626.3541666666666 22.908242079531828 22.447650343436656
626.8541666666666 22.90815177808829 22.44701704033327
627.3541666666666 22.908075072681655 22.446380686450542
627.8541666666666 22.90798624492986 22.44574154563306
628.3541666666666 22.907920420632372 22.44511879262015
628.8541666666666 22.90784980235943 22.444490558445324
629.3541666666666 22.90778752006431 22.443868467124787
629.8541666666666 22.90772395748884 22.443256847568108
630.3541666666666 22.907678308848208 22.442637797458357
630.8541666666666 22.907624258711287 22.442027333629998
631.3541666666666 22.90759209775892 22.44141730512714
631.8541666666666 22.907543357497303 22.440810980878233
632.3541666666666 22.907519058831284 22.440202720895087
632.8541666666666 22.907496052970263 22.439609664808735
633.3541666666666 22.907469734402873 22.43900594933859
633.8541666666666 22.907453298672287 22.438413677072727
634.3541666666666 22.90744387441705 22.437821788411924
634.8541666666666 22.9074419681421 22.437222980670093
635.3541666666666 22.907439148881366 22.43664958184656
635.8541666666666 22.907438175578655 22.43606005615495
636.3541666666666 22.90745513599267 22.435475835588363
636.8541666666666 22.907478412845933 22.434902440625617
637.3541666666666 22.907489028153066 22.43432822870532
637.8541666666666 22.907515199630787 22.433758537641367
638.3541666666666 22.907539553323648 22.43318718182286
638.8541666666666 22.907581013017907 22.43261929468901
639.3541666666666 22.907627057981937 22.432059173805442
639.8541666666666 22.907670956030582 22.431502811757436
640.3541666666666 22.907719694832736 22.43094617351042
640.8541666666666 22.907779957753664 22.430395222462487
641.3541666666666 22.907836963747748 22.4298401824704
641.8541666666666 22.907909706770067 22.429297087736533
642.3541666666666 22.907984303265113 22.428749710824263
642.8541666666666 22.90806125265133 22.428207010044666
643.3541666666666 22.908152276969474 22.42767459050659
643.8541666666666 22.908241735691366 22.427141852573108
644.3541666666666 22.908331326820086 22.42660776630489
644.8541666666666 22.908444384903206 22.426077190327902
645.3541666666666 22.908544114522307 22.425551200098603
645.8541666666666 22.908650673727493 22.425036391911966
646.3541666666666 22.908778270793402 22.424510479323637
646.8541666666666 22.908900431354375 22.423993460366894
647.3541666666666 22.90903534177861 22.42348151870783
647.8541666666666 22.909164503264968 22.42296864285796
648.3541666666666 22.909299202618676 22.422466676315544
648.8541666666666 22.909453663501086 22.421968003246292
649.3541666666666 22.90959955387217 22.42145704165519
649.8541666666666 22.909756300976483 22.420965738891717
650.3541666666666 22.909929675729984 22.420470182792243
650.8541666666666 22.910090223285135 22.419978325258082
651.3541666666666 22.910260666951476 22.419495457612868
651.8541666666666 22.910448466245604 22.419012134986573
652.3541666666666 22.910634533357864 22.418532375833852
652.8541666666666 22.91082452725291 22.418053938251006
653.3541666666666 22.911014653376363 22.417578046389096
653.8541666666666 22.911225004236833 22.417105498401018
654.3541666666666 22.911432770492127 22.416639023395028
654.8541666666666 22.911649081140908 22.416178557256565
655.3541666666666 22.911870566038512 22.415708386800453
655.8541666666666 22.91209283223275 22.415248908929705
656.3541666666666 22.912339795249498 22.4148026263796
656.8541666666666 22.91256369954737 22.414352902657843
657.3541666666666 22.912805627634945 22.413903625078273
657.8541666666666 22.91305856358823 22.413462395485325
658.3541666666666 22.91331080663468 22.413015157608307
658.8541666666666 22.91358469005437 22.41258200741389
659.3541666666666 22.91384740334498 22.412147731510505
659.8541666666666 22.91411994853258 22.411710737787498
660.3541666666666 22.914401477121604 22.411289014593365
660.8541666666666 22.91469101792054 22.41085559511298
