FastTrWP/PhaseSpace/IAs/snIa_0.51_30.00_-1.68_0.05.csv
# %ECSV 0.9
# ---
# datatype:
# - {name: time-rel, datatype: float64}
# - {name: g, datatype: float64}
# - {name: i, datatype: float64}
# schema: astropy-2.0
time-rel g i
[from data line 2146]
751.5 26.223113421877066 23.323856778925304
752.0 26.223697480426846 23.32486494618975
752.5 26.224359665687853 23.325876978236085
753.0 26.22501470665512 23.326895499083967
753.5 26.22567356117258 23.327907394567745
754.0 26.226283992342942 23.328924029488384
754.5 26.22697301092838 23.329945974234377
755.0 26.227675631189516 23.330959022495463
755.5 26.228344062126382 23.331974918216414
756.0 26.229035190611405 23.33299378628312
756.5 26.229751169618257 23.334001726263658
757.0 26.23042454662974 23.33502935616576
757.5 26.23117228193001 23.33604613115075
758.0 26.23188827236614 23.337058786249774
758.5 26.232646969505442 23.33807302083311
759.0 26.23339963097598 23.33909581863835
759.5 26.234174125206337 23.340116556293687
760.0 26.234950112223345 23.34112541803775
760.5 26.23572742914046 23.34214562716822
761.0 26.236529822503336 23.343172477217454
761.5 26.237324952898433 23.3441817121532
762.0 26.238095981867676 23.345191731166587
762.5 26.23893006086588 23.346215217455484
763.0 26.239742499405775 23.347224268847363
763.5 26.240644346991793 23.348262705807947
764.0 26.2414911005942 23.349264301625748
764.5 26.242331977022676 23.350291788814403
765.0 26.243199741938433 23.351306106998845
765.5 26.244087568382923 23.352325199266023
766.0 26.244955192076304 23.35335249850167
766.5 26.2458642194795 23.354354874497595
767.0 26.24678186045133 23.355384594526846
767.5 26.24768973916214 23.356397350378924
768.0 26.2486289221062 23.357414193351996
768.5 26.249578201831266 23.358422316053876
769.0 26.25049070166653 23.35945599933394
769.5 26.25146015033134 23.360469988296508
770.0 26.252434278998443 23.36149018368671
770.5 26.253388047696138 23.362503594526487
771.0 26.254409107615935 23.36351970610167
771.5 26.25537423874507 23.36453926821612
772.0 26.25643027455323 23.365544848594233
772.5 26.25743303003524 23.366572391209374
773.0 26.258418376697243 23.367590353803326
773.5 26.259505016577567 23.36861134391379
774.0 26.260547102773423 23.369626928285538
774.5 26.261591141500684 23.37064685029095
775.0 26.2626933446452 23.371653950502118
775.5 26.263785265937713 23.372670529508085
776.0 26.264893750936047 23.37368608710467
776.5 26.26598039864245 23.37469697102259
777.0 26.267094773983196 23.37572078922041
777.5 26.26821169805499 23.376721170795225
778.0 26.269350005578357 23.377746135731776
778.5 26.270545794162953 23.378758931116955
779.0 26.271651682197003 23.379776183160775
779.5 26.272831925076968 23.380772198487485
780.0 26.274038008912083 23.381799932951473
780.5 26.275206065719114 23.38280231507461
781.0 26.276395914342668 23.38382370633572
781.5 26.277620156596647 23.384838423207164
782.0 26.278846250735874 23.385853222733125
782.5 26.280080715167415 23.38684668464253
783.0 26.28128880894603 23.38787611487231
783.5 26.282595017454135 23.388876411493392
784.0 26.28386922900006 23.389895818603094
784.5 26.285111664205626 23.39090261685311
785.0 26.286440371504373 23.39190746362661
785.5 26.287724985656613 23.39292351966696
786.0 26.28906155957049 23.39392412771927
786.5 26.290385104100192 23.39494251771351
787.0 26.291707931879507 23.39595186475206
787.5 26.293036391976585 23.396947836775862
788.0 26.294419091741403 23.39796352098552
788.5 26.29578483356343 23.398967610710898
789.0 26.297191091247573 23.39997463268849
789.5 26.298589556879076 23.400985870749537
790.0 26.299990194302765 23.402002262461767
790.5 26.301392591426634 23.402988981199133
791.0 26.302840269339818 23.403995795587353
791.5 26.304276248778933 23.405005235283483
792.0 26.305762941628874 23.406019667644046
792.5 26.307205813771727 23.40702430260828
793.0 26.308720922424833 23.408028249181235
793.5 26.310177168996418 23.409036127138595
794.0 26.31171289833477 23.410030012546766
794.5 26.31318986330878 23.411033316023552
795.0 26.314760893350506 23.41204171752508
795.5 26.31627964003147 23.413049310137755
796.0 26.317862572554237 23.41405219577194
796.5 26.319414847236665 23.41505948581004
797.0 26.320998638870865 23.416058761551145
797.5 26.32259268544903 23.41708006835228
798.0 26.32422001749439 23.418073151500877
798.5 26.325799493467198 23.419070060901017
799.0 26.327455084439304 23.42007386608463
799.5 26.329073560623574 23.421081959342303
800.0 26.330750257916947 23.4220777560721
800.5 26.332417635260757 23.42308582001701
801.0 26.334114131375163 23.424081694697072
801.5 26.335794021653463 23.425094935977274
802.0 26.337545476171695 23.426082972842206
802.5 26.339270705809213 23.427085144424712
803.0 26.34094293369085 23.42808427019827
803.5 26.342650759985734 23.42908715359095
804.0 26.344449262296497 23.430081759162846
804.5 26.346248760961117 23.431089390160725
805.0 26.34800052897075 23.432076453198356
805.5 26.349804822447318 23.433082941151472
806.0 26.351606724680995 23.434075125682075
806.5 26.35346605323388 23.435072797991413
807.0 26.3552628967369 23.43607165222987
807.5 26.357123420347985 23.43706538685291
808.0 26.358986043820124 23.438071534888586
808.5 26.36088949468981 23.439061832749566
809.0 26.362780145994506 23.44006729378974
809.5 26.364660699490056 23.441042101199805
810.0 26.366575352805356 23.4420555037959
810.5 26.368514124790995 23.443048713139202
811.0 26.370445610515777 23.444040804340332
811.5 26.372421881507265 23.445031286515515
812.0 26.374350081123715 23.446029453915106
812.5 26.376401872595594 23.44701102048154
813.0 26.378325263786596 23.448008966355264
813.5 26.38036595524236 23.44899079452278
814.0 26.382402227100062 23.44997871689828
814.5 26.384409606435923 23.450980783815744
815.0 26.386480689485758 23.451968613553554
815.5 26.388519546855164 23.45296244247651
816.0 26.390616800915257 23.453937925727555
816.5 26.3927275670122 23.45493144703395
817.0 26.39478787112975 23.45591639689586
817.5 26.396921603621266 23.456909982960568
818.0 26.39904824153586 23.457889797716064
818.5 26.401180576340654 23.458871668312376
819.0 26.4033522573863 23.459856996957967
819.5 26.40556049816204 23.46083514446876
820.0 26.40772585830264 23.461819115291487
820.5 26.409923620868398 23.462806307838157
