FastTrWP/PhaseSpace/IAs/snIa_0.45_30.00_-0.04_-0.14.csv
# %ECSV 0.9
# ---
# datatype:
# - {name: time-rel, datatype: float64}
# - {name: g, datatype: float64}
# - {name: i, datatype: float64}
# schema: astropy-2.0
time-rel g i
[from data line 1770]
467.5 24.23197761515622 22.871681173836347
468.0 24.233887873457217 22.872596663595424
468.5 24.235816315707677 22.873513526668503
469.0 24.23774711796773 22.87441817238957
469.5 24.23965942426179 22.875340117067044
470.0 24.24157927918353 22.87624583569648
470.5 24.243489051680378 22.8771635490887
471.0 24.24542531305828 22.87807760106409
471.5 24.24732906884922 22.879000489700783
472.0 24.24924810273535 22.879910864029092
472.5 24.2511822668196 22.88082379596682
473.0 24.25310637739585 22.881751544144862
473.5 24.25503835376391 22.88267610333111
474.0 24.256968659762347 22.883587518886447
474.5 24.258895761126553 22.884513692365612
475.0 24.260821967357842 22.885426598610955
475.5 24.26275193012106 22.886365799468912
476.0 24.26467224308805 22.887282711697384
476.5 24.266624259842416 22.888209450676232
477.0 24.26854425688312 22.88912970531696
477.5 24.27047972831264 22.890060875475562
478.0 24.272403219918086 22.890986816287455
478.5 24.274355086310084 22.891910988202703
479.0 24.276278852697835 22.892840116960073
479.5 24.278213425386785 22.89376721173926
480.0 24.280145953304803 22.89470228109497
480.5 24.282086948872845 22.895629307566963
481.0 24.28402136540751 22.896554380468878
481.5 24.285968091438193 22.89748516491386
482.0 24.287920791858784 22.89842516353123
482.5 24.28985385186138 22.899358195096436
483.0 24.29180817750989 22.900293124927767
483.5 24.293742616816566 22.901224177176257
484.0 24.29568824106213 22.90216676957638
484.5 24.29762564642354 22.90310030120521
485.0 24.299569293020838 22.904034175590557
485.5 24.301505147269648 22.904966538597673
486.0 24.303454268555367 22.90591417032725
486.5 24.30541263804788 22.90684008579028
487.0 24.307338448200788 22.90779815978774
487.5 24.309292270700546 22.908735564725276
488.0 24.311227111437077 22.909672761633885
488.5 24.313201087341234 22.910608651929635
489.0 24.315145480772294 22.911564522376633
489.5 24.317090121616967 22.912507165231133
490.0 24.31903429030667 22.913452724370554
490.5 24.32098350208973 22.9144030778238
491.0 24.322934226759262 22.915337770993496
491.5 24.324871566292142 22.91628540324224
492.0 24.326848529628048 22.917231596142763
492.5 24.328791834822656 22.918183959839723
493.0 24.33075033258944 22.919136080153617
493.5 24.332715242774707 22.920081507793277
494.0 24.334640972824985 22.921025961205046
494.5 24.33661709935574 22.921982895278973
495.0 24.33855832510075 22.92293324358569
495.5 24.340527717213263 22.923886400161592
496.0 24.34248653731928 22.924839243764392
496.5 24.34443931215293 22.925788265054827
497.0 24.346398610078616 22.926746907743556
497.5 24.34834923623597 22.92770758951733
498.0 24.35031235971571 22.928659854274237
498.5 24.352285077016177 22.92960807014342
499.0 24.35424398140297 22.930573701724203
499.5 24.356205219703643 22.93152315849191
500.0 24.358162146610546 22.932489697812652
500.5 24.360137333376674 22.93344096806976
501.0 24.362095084060943 22.93441030955826
501.5 24.36406366160856 22.93537060244653
502.0 24.366036660145998 22.936326492917193
502.5 24.368009823384575 22.937291373199777
503.0 24.369961462790407 22.938255118892986
503.5 24.371942788662622 22.93922280272148
504.0 24.373907821020794 22.94017408296826
504.5 24.375874327186384 22.941147089003834
505.0 24.37784534945367 22.942120730292
505.5 24.379821168944822 22.9430736547895
506.0 24.38178189851588 22.944053558639766
506.5 24.383751269572194 22.94501339917882
507.0 24.38574198270544 22.945977964548028
507.5 24.387727214405537 22.946956137639653
508.0 24.389695574872505 22.947918429075553
508.5 24.391674483081363 22.94889277207334
509.0 24.393645272777288 22.94986238168007
509.5 24.39561204404417 22.950830068828218
510.0 24.39759656897198 22.9518082165003
510.5 24.399572758302945 22.95277828834071
511.0 24.40155373606813 22.953758096783847
511.5 24.403533618660607 22.95473342976731
512.0 24.405525761650203 22.955702950592762
512.5 24.40751861941992 22.95667878744603
513.0 24.40948873831822 22.957656802205967
513.5 24.41148654859443 22.958634786860724
514.0 24.41346766149313 22.95960735613646
514.5 24.415449763687647 22.96059429626702
515.0 24.41744020314043 22.961572846687627
515.5 24.419436060853613 22.96254315822576
516.0 24.42140347218087 22.963541456741584
516.5 24.42341110378406 22.964524102283693
517.0 24.425395495306255 22.965511438601563
517.5 24.427368976067406 22.966495375205227
518.0 24.429378706180593 22.967479746639498
518.5 24.431374812936333 22.968482361150592
519.0 24.433363988485407 22.969464576157883
519.5 24.435355160003 22.970459602688603
520.0 24.437360068227328 22.971460541084106
520.5 24.439352264819373 22.972453871972483
521.0 24.441332726107184 22.97344783305933
521.5 24.44332997482516 22.974456298772374
522.0 24.44532017170086 22.97545481491816
522.5 24.44733831018577 22.97645722042324
523.0 24.449323547634137 22.97745836258382
523.5 24.451338871876608 22.97846471918885
524.0 24.453331275719567 22.979468732303676
524.5 24.455338163044754 22.98047125065391
525.0 24.457321861686097 22.981475263108834
525.5 24.4593235107127 22.98247825058334
526.0 24.461337327657727 22.983500530657743
526.5 24.463344364719298 22.984518836175294
527.0 24.465336707209808 22.985515639901948
527.5 24.46734055732851 22.98652699802597
528.0 24.46934453844616 22.987539450004327
528.5 24.47135786386207 22.98854375513485
529.0 24.473350311750714 22.989555895414536
529.5 24.475354779376683 22.99056949718662
530.0 24.477369247918407 22.991584999527475
530.5 24.479362885535906 22.992597196178323
531.0 24.481398882512046 22.993610648761113
531.5 24.48338538504228 22.994618346023692
532.0 24.485394582466228 22.995641936100263
532.5 24.48739868472476 22.996651788132564
533.0 24.48942397210214 22.997673089699088
533.5 24.49142437145319 22.998680392704415
534.0 24.493435537318582 22.999690886378552
534.5 24.49546055578636 23.000714541338883
535.0 24.497456298453923 23.001728475249816
535.5 24.499484788255028 23.002741106513955
536.0 24.50149904783437 23.00375001453489
536.5 24.503499581964128 23.004765197567572
537.0 24.505535419167913 23.005784302617815
537.5 24.50755517555473 23.006801278309645
538.0 24.509553628870716 23.00780995080079
538.5 24.511584156722904 23.008826565069008
539.0 24.513605843696546 23.009836987543707
539.5 24.515606637325238 23.01084777082596
540.0 24.517630816117865 23.011862937473676
540.5 24.51964509271901 23.012877703834587
541.0 24.521666527341406 23.013882403873325
541.5 24.523698624943734 23.014889913325423
542.0 24.52572806981975 23.01590088597238
542.5 24.527741285044566 23.016914279178486
543.0 24.52974745165615 23.017926448582653
543.5 24.531787542115584 23.01891808049199
544.0 24.533797482998786 23.019922075838583
544.5 24.535842313387064 23.020929157356505
545.0 24.537868304191836 23.02193844401527
545.5 24.539886622798083 23.022942278382633
546.0 24.541931643706114 23.023941373472695
546.5 24.543935104010327 23.024939288103603
547.0 24.545955569668415 23.025938802666982
547.5 24.548001827452207 23.02693472274818
548.0 24.550026067169192 23.027933584320873
548.5 24.552046526291726 23.028929945800073
549.0 24.55408322897287 23.029917432159333
549.5 24.556123538966716 23.030905082626155
550.0 24.558153600312203 23.031909688127534
550.5 24.560190740831025 23.032900307610408
551.0 24.56220115166195 23.033887591376555
551.5 24.564254928544663 23.034892481899085
552.0 24.566279585617153 23.03587809950009
552.5 24.568306908496503 23.036867281378814
553.0 24.570362724331712 23.037853628391296
553.5 24.572384790706877 23.038854174551954
554.0 24.574413293616413 23.039840965188226
554.5 24.576469975891747 23.040831322984193
555.0 24.5784794730527 23.04182373542956
555.5 24.58053684942375 23.042812947006773
556.0 24.582567396869983 23.0438032707351
556.5 24.584598350648225 23.044796604136565
557.0 24.586642142314545 23.045783876845473
557.5 24.588684884598358 23.04677341959976
558.0 24.590750299291365 23.04775568839146
558.5 24.59276520006759 23.048752159787988
559.0 24.594820365800647 23.049734303050204
559.5 24.596858682499118 23.050733811433552
560.0 24.598899164289897 23.0517105272564
560.5 24.60092898944147 23.052691271131106
561.0 24.60297087483626 23.05369451441811
561.5 24.605002313278277 23.054664997367684
562.0 24.60706286188248 23.055649749697672
562.5 24.609112193896074 23.056642423277406
563.0 24.61116649411337 23.057629968132794
563.5 24.613185301637333 23.058608802513362
564.0 24.615231447656093 23.059604599557776
564.5 24.61728151286185 23.060567013932317
565.0 24.619328116843462 23.061557277049335
565.5 24.621383582604782 23.06254425966405
566.0 24.62342016427764 23.063527631703366
566.5 24.625477081852512 23.064509235674553
567.0 24.627528834941174 23.065476285773634
567.5 24.629567675632657 23.066461008579616
568.0 24.631634516572362 23.067440196062634
568.5 24.633662611835142 23.068415700338512
569.0 24.635712113462116 23.069391181701242
569.5 24.63776204228865 23.070365465966955
570.0 24.63982257443263 23.071351320300106
570.5 24.64185497699285 23.07233035189785
571.0 24.643914955229537 23.073307336647435
571.5 24.645963743544883 23.074272084872863
572.0 24.64802242129307 23.075247429735114
572.5 24.650067573536397 23.076216522896978
573.0 24.652101018959478 23.07718911371601
573.5 24.654167988704167 23.07815421723985
574.0 24.65622012772026 23.079136745840472
574.5 24.658248439886925 23.080099374475683
575.0 24.660304779582233 23.081071692557348
575.5 24.66237110565874 23.08204053000674
576.0 24.664413181181057 23.083005262480917
576.5 24.666465821831437 23.083971466192004
577.0 24.668528499764474 23.084931624663017
577.5 24.670575478926686 23.08591455649223
578.0 24.672625666637714 23.08687503070812
578.5 24.674669471385656 23.0878286730919
579.0 24.676721905656976 23.08879957789495
579.5 24.678775860452006 23.08974705562292
580.0 24.680827281857027 23.09071256470313
580.5 24.68288167398609 23.091668855007068
581.0 24.684928093660194 23.092627054553596
581.5 24.686988811057894 23.093592702779503
582.0 24.689035265430913 23.094543413187267
582.5 24.691089315045115 23.095491137400522
583.0 24.693153762537715 23.09645672131093
583.5 24.69520352256499 23.09740521012252
584.0 24.697249199899534 23.098363649862314
584.5 24.69930046910754 23.099308009742593
585.0 24.701355912056133 23.100260182757495
585.5 24.70341423435257 23.101211426702058
586.0 24.705440966761095 23.102161025021072
586.5 24.707504993063022 23.10309715919601
587.0 24.709551175635575 23.104060833750843
587.5 24.711623285185837 23.104999235989187
588.0 24.71366948478989 23.1059484803491
588.5 24.715731941967157 23.106890306612655
589.0 24.717777089563413 23.107832084180252
589.5 24.719826042672608 23.10877425685503
590.0 24.721895619458408 23.109720493038832
590.5 24.723943666020634 23.110660080120763
591.0 24.7259984915914 23.11160474845794
591.5 24.728056236886996 23.112543838863022
592.0 24.730117912955013 23.113476972724087
592.5 24.73217461533612 23.11441661505819
593.0 24.734220256884893 23.11535853560297
593.5 24.73627634903938 23.116301318768077
594.0 24.738332851321317 23.11723392801994
594.5 24.740378042395193 23.118177665979648
595.0 24.742437624451753 23.11910342741337
595.5 24.74450862387203 23.120040955545782
596.0 24.746537466133482 23.120967364329896
596.5 24.74860887998466 23.12190010123862
597.0 24.750656844676367 23.122825015699924
597.5 24.75268893653983 23.12376101126407
598.0 24.754765930742906 23.124690542503203
598.5 24.756826659507407 23.125618367218756
599.0 24.758870734021095 23.12654661586839
599.5 24.760932706682006 23.127473483751196
600.0 24.762972092874197 23.12840094746653
600.5 24.7650198280143 23.129318395835554
601.0 24.76707849098822 23.130252585942316
601.5 24.769149754752103 23.131170831191636
602.0 24.7711780772889 23.13209416255511
602.5 24.773227107112806 23.133016116728275
603.0 24.77529578838077 23.133928901711634
603.5 24.7773407766105 23.13484708729586
604.0 24.779372745215152 23.13577093460914
604.5 24.781425615267057 23.136670849274278
605.0 24.783477253881095 23.137601833679796
605.5 24.78554255632821 23.138512517186083
606.0 24.78757240674362 23.139425124602933
606.5 24.789634976080066 23.140337794511918
607.0 24.791691514873126 23.141247054542173
607.5 24.793718073535835 23.142157647297644
608.0 24.79573791345208 23.143068539538394
608.5 24.797813386285377 23.14397804164502
609.0 24.79986259419438 23.14488314013499
609.5 24.801886246102633 23.145785838740185
610.0 24.8039353760343 23.14668680177164
610.5 24.80597149493311 23.147594296097974
611.0 24.808006222526068 23.148496138656895
611.5 24.810071369506268 23.149393910783395
612.0 24.81209538832342 23.150299712973453
612.5 24.814116805867947 23.15120401695915
613.0 24.81618083573499 23.152089271980252
613.5 24.818205058514287 23.152992736759476
614.0 24.820247257866754 23.153887149283968
614.5 24.822253227338873 23.154770163441356
615.0 24.824303460428958 23.155673309294457
615.5 24.826358288938714 23.15656218648852
616.0 24.8283852259061 23.15745487323146
616.5 24.83040408154993 23.158345184730965
617.0 24.832424745293665 23.15922773204743
617.5 24.834444550253963 23.160108673545135
618.0 24.83648612005172 23.160999598568417
618.5 24.838518840353593 23.161892551239763
619.0 24.840530424238686 23.162773265555145
619.5 24.84255060263361 23.163649506625063
620.0 24.844581757963535 23.164533708741786
620.5 24.846608050914398 23.165418505026377
621.0 24.848624685457498 23.166297065537478
621.5 24.8506399267473 23.16716391465142
622.0 24.852666801524098 23.168046852514674
622.5 24.854659983610595 23.16893038442963
623.0 24.856708563203153 23.169794434802782
623.5 24.85873066044938 23.17066956275599
624.0 24.860746326116235 23.1715429158286
624.5 24.86276290017408 23.172418157098523
625.0 24.864773186660027 23.173292436604687
625.5 24.866787519678567 23.17415313644308
626.0 24.868799165971 23.175026311623665
626.5 24.87080508740427 23.175892149532476
627.0 24.872823022813453 23.176752163254402
627.5 24.87484794033457 23.177615603304083
628.0 24.87685448314815 23.178478324262354
628.5 24.87888441935143 23.179344787226015
629.0 24.88088010995768 23.180210254614344
629.5 24.882889305268364 23.18107148832478
630.0 24.884886472719852 23.18192353291598
630.5 24.886904858620262 23.18278779820929
631.0 24.888868808934035 23.183637536553718
631.5 24.890897389258985 23.18449157909115
632.0 24.89290605322589 23.185353541976728
632.5 24.89491182826798 23.186198745194744
633.0 24.896896114757936 23.18705070955678
633.5 24.8989026559136 23.187908082319705
634.0 24.900898410311044 23.18875294443533
634.5 24.902885901338156 23.18960321382867
635.0 24.904885839218338 23.190444046197456
635.5 24.906858650000867 23.191294358525035
636.0 24.908871899730798 23.192129906460224
636.5 24.910847998003604 23.192968207645563
637.0 24.912828063190148 23.193809122834494
637.5 24.914818087678967 23.194647983544986
638.0 24.916803965976566 23.19549575714205
638.5 24.91879331973607 23.19631735554655
639.0 24.920775567991807 23.19716182987596
639.5 24.922737941412638 23.19799007719618
640.0 24.924720430543367 23.198824216406
640.5 24.926691405293077 23.199655350223125
641.0 24.928688201125595 23.20048938497945
641.5 24.93064294636515 23.201313163891978
642.0 24.93260642279783 23.202137656449217
642.5 24.934570366964653 23.202959518689106
643.0 24.936520647278243 23.20378816221977
643.5 24.938497578981643 23.204606292319298
644.0 24.940442125915396 23.20542847373478
644.5 24.9424120050189 23.206242089793406
645.0 24.94436331031878 23.207060388613545
645.5 24.946333713660714 23.207873258298562
646.0 24.948266942698464 23.208687541913577
646.5 24.95023217205383 23.209502658975126
647.0 24.95217975960187 23.21032530176007
647.5 24.954112462425698 23.21111825442701
648.0 24.956052492128187 23.211919485897837
648.5 24.95797864035059 23.21273056788034
649.0 24.959923311144678 23.213538017794143
649.5 24.961855554000092 23.21433631670616
650.0 24.963797897263692 23.215140869324156
650.5 24.965725214859802 23.215928230610597
651.0 24.967625009737155 23.216730561466555
651.5 24.96955780874654 23.217529720349294
