FastTrWP/PhaseSpace/IAs/snIa_0.55_30.00_0.14_0.15.csv
# %ECSV 0.9
# ---
# datatype:
# - {name: time-rel, datatype: float64}
# - {name: g, datatype: float64}
# - {name: i, datatype: float64}
# schema: astropy-2.0
time-rel g i
[from data line 1445]
878.8333333333334 24.670384107443745 22.33302603116477
879.3333333333334 24.67226154216511 22.333434006042026
879.8333333333333 24.674141909298932 22.333850900707326
880.3333333333334 24.67601309063449 22.334269869118643
880.8333333333334 24.677865892165826 22.334680512314385
881.3333333333333 24.67974676698279 22.335099583099776
881.8333333333334 24.681623229381174 22.335513476738505
882.3333333333334 24.68352613531385 22.335935317346852
882.8333333333333 24.685392984992394 22.336348776412454
883.3333333333334 24.687243944196673 22.336762358777303
883.8333333333334 24.689141282514587 22.337180896695944
884.3333333333333 24.69101109302134 22.33760328582575
884.8333333333334 24.692873081398858 22.338021850991442
885.3333333333334 24.694746810820504 22.33844387080337
885.8333333333333 24.69661506174198 22.33887250652519
886.3333333333334 24.698492336730247 22.339294227567763
886.8333333333334 24.700358509260152 22.339716564548944
887.3333333333333 24.702235392445697 22.34013817532073
887.8333333333334 24.704103437682967 22.34056637333275
888.3333333333334 24.705980002978457 22.340995578247004
888.8333333333333 24.70783901158768 22.341422567893666
889.3333333333334 24.70969797624988 22.34184746766592
889.8333333333334 24.71158438664332 22.34227680000557
890.3333333333333 24.713442494416462 22.34271014989663
890.8333333333334 24.715322469554536 22.34313529940887
891.3333333333334 24.717180043754748 22.343570566318256
891.8333333333333 24.719030907060212 22.343994926555396
892.3333333333334 24.720907902877766 22.344432933922462
892.8333333333334 24.72277945563267 22.34486197420494
893.3333333333333 24.724627401256193 22.345302218701725
893.8333333333334 24.726495405066288 22.345730370862626
894.3333333333334 24.72837917660582 22.346167321477605
894.8333333333333 24.730233169872356 22.346605644988983
895.3333333333334 24.732089141177088 22.347043574427463
895.8333333333334 24.733953931783045 22.34748072899691
896.3333333333333 24.73580725033992 22.347924180683513
896.8333333333334 24.737684465439447 22.348366192790685
897.3333333333334 24.73954757997676 22.348801162073965
897.8333333333333 24.741432179784283 22.349240562783272
898.3333333333334 24.743269460489227 22.349684617332347
898.8333333333334 24.74515320603809 22.35012348915096
899.3333333333333 24.74699540366892 22.350567721817928
899.8333333333334 24.748846146594232 22.351014024942657
900.3333333333334 24.750735765138508 22.35145671283622
900.8333333333333 24.752566594839216 22.35190796527071
901.3333333333334 24.754436233224 22.352354177945525
901.8333333333334 24.756286811581166 22.35280115321946
902.3333333333333 24.758155899424644 22.353249106088686
902.8333333333334 24.760018103559858 22.353693474494598
903.3333333333334 24.761854838116683 22.35415054593524
903.8333333333333 24.763734701885678 22.354592980780588
904.3333333333334 24.765566920183794 22.355045846560802
904.8333333333334 24.767444451967954 22.355493447806353
905.3333333333333 24.76929118018827 22.355950372285832
905.8333333333334 24.77114907881807 22.356398524522394
906.3333333333334 24.772995489684497 22.356859215752387
906.8333333333333 24.774851439641314 22.357309907970855
907.3333333333334 24.77671464924355 22.35776549213137
907.8333333333334 24.778577500022006 22.358223130884586
908.3333333333333 24.780436456150422 22.358680501102377
908.8333333333334 24.782317373429358 22.359139150720292
909.3333333333334 24.784158354249513 22.359595540685326
909.8333333333333 24.785998482046896 22.360054598639685
910.3333333333334 24.787867204754033 22.360512023270907
910.8333333333334 24.789705682045305 22.36097802756337
911.3333333333333 24.791588515146806 22.36143779553917
911.8333333333334 24.79344179029143 22.36189776347514
912.3333333333334 24.795285956514324 22.362358492759466
912.8333333333333 24.797164973774912 22.362828639287645
913.3333333333334 24.79898921450079 22.3632857266235
913.8333333333334 24.80086751622181 22.36375580612373
914.3333333333333 24.80271555029352 22.364211732296305
914.8333333333334 24.804552506976492 22.364681528548303
915.3333333333334 24.806413676192548 22.365153917475617
915.8333333333333 24.80825672436017 22.365621923394325
916.3333333333334 24.81013043218755 22.36608819846086
916.8333333333334 24.811982061428 22.36655195026035
917.3333333333333 24.8138339129711 22.367023580365995
917.8333333333334 24.815692564205136 22.367493760857982
918.3333333333334 24.817532100051736 22.367970321462074
918.8333333333333 24.819404881090353 22.368435153620414
919.3333333333334 24.821264109256663 22.368912473877455
919.8333333333334 24.823102811933772 22.369386417939012
920.3333333333333 24.82499329720457 22.369858362940846
920.8333333333334 24.826836283409015 22.370330207067614
921.3333333333334 24.828686294490026 22.370807546214113
921.8333333333333 24.830556151061934 22.371287655298406
922.3333333333334 24.832382722219307 22.37176061347041
922.8333333333334 24.83424846164871 22.372234395093805
923.3333333333333 24.83611451164851 22.37271508708551
923.8333333333334 24.83795677324335 22.373197388094248
924.3333333333334 24.839792415301673 22.373672613708088
924.8333333333333 24.841642438785527 22.37415922147289
925.3333333333334 24.8434973256801 22.37463716401799
925.8333333333334 24.8453398889586 22.375118641793744
926.3333333333333 24.847195953497994 22.375605110316428
926.8333333333334 24.849051747662365 22.3760857424389
927.3333333333334 24.850875681587418 22.376577056923654
927.8333333333333 24.852725761030893 22.377051980544913
928.3333333333334 24.85456912311994 22.377536725340406
928.8333333333334 24.85642043912005 22.378031694626127
929.3333333333333 24.85827404827411 22.378519159119698
929.8333333333334 24.860101028690572 22.379006647794554
930.3333333333334 24.861971523417203 22.37950532166486
930.8333333333333 24.863796448364454 22.379993177078063
931.3333333333334 24.865638893191317 22.38048152424993
931.8333333333334 24.86748420246426 22.38097279430457
932.3333333333333 24.869315692961433 22.38146781556985
932.8333333333334 24.871155083964666 22.381952483892643
933.3333333333334 24.873013643404683 22.382450028046797
933.8333333333333 24.874848176500727 22.382945284343418
934.3333333333334 24.87667360294759 22.38344307799277
934.8333333333334 24.8784990269155 22.383938100327114
935.3333333333333 24.880343401631375 22.384438646683293
935.8333333333334 24.882185911331803 22.38493371210152
936.3333333333334 24.884016920482843 22.385432729864426
936.8333333333333 24.885867395778778 22.385929121451472
937.3333333333334 24.88771241094377 22.386434782507777
937.8333333333334 24.889559459276068 22.386937199019663
938.3333333333333 24.891374037645235 22.387441527412268
938.8333333333334 24.893209050765506 22.387939122108293
939.3333333333334 24.89506622520146 22.38844135162808
939.8333333333333 24.896877292775706 22.388943107970295
940.3333333333334 24.89870141283495 22.389449815546065
940.8333333333334 24.900538783010834 22.389955380625388
941.3333333333333 24.902394230431785 22.390463054309908
941.8333333333334 24.90422203789697 22.390973021762832
942.3333333333334 24.906040542465583 22.391482761459915
942.8333333333333 24.9078820479185 22.391996639862107
943.3333333333334 24.909712312264233 22.392500317639865
943.8333333333334 24.91153656788328 22.393011345203504
944.3333333333333 24.91336636826656 22.39352771656959
944.8333333333334 24.915215726749565 22.394034730324698
945.3333333333334 24.91702638858196 22.394553297053577
945.8333333333333 24.91885929542147 22.395053815689185
946.3333333333334 24.920711518491707 22.395573610630464
946.8333333333334 24.922536315802184 22.39609326094878
947.3333333333333 24.924339581893655 22.39660751262223
947.8333333333334 24.926185188123764 22.39711770625817
948.3333333333334 24.928023682436983 22.397637299784403
948.8333333333333 24.929833449502375 22.398153290140293
949.3333333333334 24.931696108257007 22.39867100086613
949.8333333333334 24.9335112278444 22.399201123745808
950.3333333333333 24.93534367601353 22.399711998231282
950.8333333333334 24.937155212439865 22.40024076841648
951.3333333333334 24.938983144283956 22.40076081111882
951.8333333333333 24.94082855214227 22.401280244098626
952.3333333333334 24.94265589318974 22.401804825381546
952.8333333333334 24.944494371947975 22.40232711994414
953.3333333333333 24.946303227655797 22.402852880460024
953.8333333333334 24.948145587837146 22.403380146064166
954.3333333333334 24.94996329431087 22.40390882210248
954.8333333333333 24.95178934025247 22.40443379687923
955.3333333333334 24.953609607850975 22.404959244737285
955.8333333333334 24.95544314769078 22.405494024698186
956.3333333333333 24.957278777502246 22.406023302716108
956.8333333333334 24.959120874617646 22.40655239679079
957.3333333333334 24.96093440026094 22.407083663940984
957.8333333333333 24.962762885331774 22.40761325756465
958.3333333333334 24.964577187833985 22.408153656117843
958.8333333333334 24.966423063028923 22.408684965340445
959.3333333333333 24.96823018187016 22.40921926637008
959.8333333333334 24.970047906894706 22.409753520208874
960.3333333333334 24.971867115091506 22.410294317339883
960.8333333333333 24.973698319242605 22.41082925078579
961.3333333333334 24.975524493482283 22.411368105104987
961.8333333333334 24.977335796510097 22.411911809929805
962.3333333333333 24.979155748202952 22.412447832989454
962.8333333333334 24.980972036627016 22.41298859997542
963.3333333333334 24.982804570908502 22.41353352936084
963.8333333333333 24.984593578211754 22.414076586772758
964.3333333333334 24.986399741199186 22.41462644770307
964.8333333333334 24.988219457585682 22.415161218435593
965.3333333333333 24.990031755285113 22.41570900331346
965.8333333333334 24.9918372767338 22.41625079359411
966.3333333333334 24.993646234960153 22.41680335575403
966.8333333333333 24.99547225857096 22.417351049946063
967.3333333333334 24.997270835053076 22.41789991542315
967.8333333333334 24.99906262769138 22.418454849570544
968.3333333333333 25.000874311445397 22.41899927164454
968.8333333333334 25.002688073735545 22.419552962004484
969.3333333333334 25.004501859306142 22.42010738156457
969.8333333333333 25.00628555348203 22.420663183444862
970.3333333333334 25.008112664251048 22.42121404201749
970.8333333333334 25.00990085310004 22.421763594287746
971.3333333333333 25.011708354093077 22.422321385035914
971.8333333333334 25.01350168689664 22.42288694798407
972.3333333333334 25.01531812638379 22.42343724974795
972.8333333333333 25.017104476376794 22.423999300841633
973.3333333333334 25.018902750270744 22.424566488571585
973.8333333333334 25.020710779954083 22.425118339580564
974.3333333333333 25.02250021398452 22.425680790226696
974.8333333333334 25.02429425465275 22.426245345763178
975.3333333333334 25.026101981336886 22.426799001758585
975.8333333333333 25.0279242967688 22.427364813554135
976.3333333333334 25.029690695329457 22.42793093359954
976.8333333333334 25.031491876469175 22.428493660815615
977.3333333333333 25.033297362723076 22.42905755315782
977.8333333333334 25.03510388472376 22.429625959997676
978.3333333333334 25.03689995838031 22.43019279189035
978.8333333333333 25.038690207344008 22.430760950132292
979.3333333333334 25.04048602250564 22.431323709625897
979.8333333333334 25.04225561128021 22.431893750162224
980.3333333333333 25.044088858218583 22.432466144101895
980.8333333333334 25.04588578837396 22.43303594291622
981.3333333333334 25.047665460047188 22.433608629492646
981.8333333333333 25.049461275065266 22.434179254765425
982.3333333333334 25.05126232712016 22.434754662597378
982.8333333333334 25.053045484498053 22.435325982784768
983.3333333333333 25.05486588889829 22.435895283030053
983.8333333333334 25.056657171957877 22.436469654632425
984.3333333333334 25.05844684129518 22.437049133367744
984.8333333333333 25.060240984790994 22.437626135794662
985.3333333333334 25.062042909725953 22.438199282090103
985.8333333333334 25.063827290810217 22.438779043740034
986.3333333333333 25.065634294763377 22.439362704119702
986.8333333333334 25.06742750636107 22.43992704840654
987.3333333333334 25.069247809012943 22.4405130351639
987.8333333333333 25.071024846721805 22.441091382672912
988.3333333333334 25.07282890119642 22.441674863956393
988.8333333333334 25.07464091013071 22.442254282258393
989.3333333333333 25.076437166408525 22.442833651931338
989.8333333333334 25.07823984199714 22.443414567754406
990.3333333333334 25.080031251021015 22.443997679269444
990.8333333333333 25.081859307045107 22.444584408765383
991.3333333333334 25.08364349643225 22.445166686563788
991.8333333333334 25.085452131012865 22.44575618234228
992.3333333333333 25.087260853088672 22.44634295857129
992.8333333333334 25.089080477632173 22.44691960741459
993.3333333333334 25.09090073604437 22.447504144145206
993.8333333333333 25.0927076778205 22.448088848905673
994.3333333333334 25.094503652123556 22.44868688850348
994.8333333333334 25.09632826669762 22.449266897070693
995.3333333333333 25.09813217736729 22.44985968996385
995.8333333333334 25.099958832116563 22.450443225513563
996.3333333333334 25.10173174651625 22.451040389148076
996.8333333333333 25.103561521985785 22.451627911761868
997.3333333333334 25.105369425686938 22.45221642847019
997.8333333333334 25.107169986955707 22.452813822471214
998.3333333333333 25.108950937287894 22.45340137663305
998.8333333333334 25.110783979316963 22.453998405096787
999.3333333333334 25.112592870838448 22.454593883549187
999.8333333333333 25.114408411363286 22.455191250564972
1000.3333333333334 25.116176437377394 22.455784643231958
1000.8333333333334 25.118010046527793 22.45638613282392
1001.3333333333334 25.119799915653687 22.45697341314504
1001.8333333333334 25.12158850646969 22.457575705206942
1002.3333333333334 25.123424428467732 22.458173261720287
1002.8333333333334 25.125196727447218 22.45877460793168
1003.3333333333334 25.12701867717417 22.45938208805424
1003.8333333333334 25.128831547941882 22.459977524749895
1004.3333333333334 25.130631897402836 22.460581729196562
1004.8333333333334 25.132427274165675 22.461184939784772
1005.3333333333334 25.134256971900925 22.461788457480463
1005.8333333333334 25.13604637968903 22.46238413698537
1006.3333333333334 25.137849701899768 22.462993217660234
1006.8333333333334 25.139633072538302 22.46360406249757
1007.3333333333334 25.14144314384154 22.46421049197418
1007.8333333333334 25.143241632950485 22.464818558672953
1008.3333333333334 25.145044607595274 22.465434397054217
1008.8333333333334 25.146837015561424 22.466038968651155
1009.3333333333334 25.148639169972288 22.46664559385003
1009.8333333333334 25.150451472013323 22.467250741465186
1010.3333333333334 25.152253288422983 22.467868198984103
1010.8333333333334 25.154066141089157 22.46847698422446
1011.3333333333334 25.15586077645345 22.469089682093202
1011.8333333333334 25.157648255096007 22.46970139610739
1012.3333333333334 25.15946876379436 22.470313745763818
1012.8333333333334 25.161258393968957 22.470932418612982
1013.3333333333334 25.163043567906 22.47154948522821
1013.8333333333334 25.16487867461793 22.472162129390867
1014.3333333333334 25.166658670825296 22.472777484971758
1014.8333333333334 25.16847813578552 22.473397734587515
1015.3333333333334 25.17028265858094 22.474011734587176
1015.8333333333334 25.172057922918537 22.474629704848933
1016.3333333333334 25.17386593400805 22.475250306705995
1016.8333333333334 25.175677018286574 22.475876218275772
1017.3333333333334 25.177487470996365 22.476493765667588
1017.8333333333334 25.179290138968287 22.47711648969919
1018.3333333333334 25.18107649798958 22.47773139405142
1018.8333333333334 25.18292997395281 22.478358789232814
1019.3333333333334 25.184707978571566 22.47898133307823
1019.8333333333334 25.186518202034915 22.479597823965754
1020.3333333333334 25.18831513499527 22.48023391174725
1020.8333333333334 25.190133639553075 22.480853155234723
1021.3333333333334 25.191935610064217 22.481487613389916
1021.8333333333334 25.193750130779176 22.482105931510482
