FastTrWP/PhaseSpace/IAs/snIa_0.44_30.00_-0.80_0.00.csv
# %ECSV 0.9
# ---
# datatype:
# - {name: time-rel, datatype: float64}
# - {name: g, datatype: float64}
# - {name: i, datatype: float64}
# schema: astropy-2.0
time-rel g i
[from data line 1414]
313.0 24.104302955099605 22.516526705755897
313.5 24.10616944370524 22.51732772859752
313.9999999999999 24.108035261643902 22.518128825828278
314.5 24.109901311257286 22.518917077413402
315.0 24.111775335700663 22.519725725185214
315.4999999999999 24.113636339629522 22.520525319840413
316.0 24.11550877674754 22.521336835918092
316.5 24.117380092978983 22.522148573244554
316.9999999999999 24.119252839588825 22.522955707258227
317.5 24.12112538237973 22.523773623880977
318.0 24.122987064770932 22.524588594011583
318.4999999999999 24.124860403574285 22.525404298126077
319.0 24.126734714632477 22.526221146534205
319.5 24.128603797372254 22.527049929502457
319.9999999999999 24.13047946428101 22.52786815992234
320.5 24.132337044532033 22.52870056687769
321.0 24.13422789456757 22.529530584381714
321.4999999999999 24.1361034834787 22.530358853331887
322.0 24.137974437468316 22.53119792794553
322.5 24.13984531533032 22.532029529638876
322.9999999999999 24.141727121366007 22.532873462308313
323.5 24.143602668526583 22.53372020999037
324.0 24.14546234350845 22.53456951424768
324.4999999999999 24.14733146732698 22.53542511438556
325.0 24.149214408983227 22.536278527216457
325.5 24.151071641951646 22.537145433028606
325.9999999999999 24.152952286311535 22.538001904374383
326.5 24.15480409189732 22.53887612081348
327.0 24.1566898553117 22.53974932295909
327.4999999999999 24.158574369118263 22.540623980262076
328.0 24.16042861418559 22.541502443046262
328.5 24.162290540334098 22.542383211172687
328.9999999999999 24.164150912024947 22.543265411021437
329.5 24.166023721643143 22.544146564761192
330.0 24.16791118352938 22.545049219994393
330.4999999999999 24.169783770700892 22.545936063578683
331.0 24.171644490836776 22.546828094621052
331.5 24.17351126897391 22.547727289905847
331.9999999999999 24.175378552410333 22.54863318208688
332.5 24.177246726785757 22.549534815508743
333.0 24.179119096807234 22.550441071636875
333.4999999999999 24.180994725697126 22.551354319193543
334.0 24.18285976712886 22.552261637205206
334.5 24.18472826755171 22.553184879322185
334.9999999999999 24.186612765519946 22.55409529496406
335.5 24.188463865269632 22.555015682978052
336.0 24.19033493491809 22.555932619568722
336.4999999999999 24.192192201608318 22.556853504238774
337.0 24.194066212001772 22.557783050200282
337.5 24.195936279215555 22.558703998872446
337.9999999999999 24.19779191821145 22.55963245184558
338.5 24.19966937325968 22.56056461703526
339.0 24.20153749037803 22.5614970702359
339.4999999999999 24.20342205634786 22.562431846855592
340.0 24.205275730142834 22.563366539966392
340.5 24.207145527557586 22.564310605028197
340.9999999999999 24.209028900031594 22.56524370280461
341.5 24.210905240942118 22.56618673144995
342.0 24.212753314748433 22.567129766250574
342.4999999999999 24.21463381582023 22.56807136132079
343.0 24.216492011190848 22.56901170335984
343.5 24.218377861053085 22.56995262795973
343.9999999999999 24.220234554196875 22.57090360894398
344.5 24.22212412558858 22.57185812872391
345.0 24.224002948565797 22.57280088189415
345.4999999999999 24.225861181236702 22.573752342082756
346.0 24.22773827004344 22.5746992582963
346.5 24.229614751692825 22.575649350814647
346.9999999999999 24.231503963478048 22.57660400613434
347.5 24.233382082856586 22.57755243390769
348.0 24.235251386861457 22.578503591446545
348.4999999999999 24.23712888429368 22.57945747025549
349.0 24.239003903330413 22.58041079487193
349.5 24.240894167097373 22.581364764012626
349.9999999999999 24.242764499125155 22.582317380658488
350.5 24.244650519699764 22.58327006794831
351.0 24.246530278920787 22.584227399075978
351.4999999999999 24.24841340634865 22.585177711267747
352.0 24.250303594604784 22.586134721801802
352.5 24.252192483861354 22.587085260336192
352.9999999999999 24.254066925302237 22.58803858182782
353.5 24.255947974160375 22.588990465552726
354.0 24.25785696756348 22.589949287582904
354.4999999999999 24.259724687912772 22.590899405681245
355.0 24.261614736197824 22.59184910498543
355.5 24.263507233967914 22.592799014414304
355.9999999999999 24.265404026030915 22.59374775391278
356.5 24.26728824115406 22.59469953894112
357.0 24.269188722802056 22.595650788667726
357.4999999999999 24.271079445567963 22.596602635043137
358.0 24.272962865059352 22.597560930857455
358.5 24.27484926300975 22.598517372776822
358.9999999999999 24.276747858705882 22.5994787584186
359.5 24.278651996397116 22.60044446902971
360.0 24.280533382716946 22.60139860009501
360.4999999999999 24.282418113490035 22.602370317421723
361.0 24.284328015940396 22.60334028985076
361.5 24.286200378034366 22.60430374140992
361.9999999999999 24.28808084545473 22.6052669316176
362.5 24.28999914647863 22.60624300629071
363.0 24.291876957336473 22.607214921165728
363.4999999999999 24.293768041804213 22.608193227786
364.0 24.295669203106634 22.609165763204068
364.5 24.297575664272195 22.61015133130345
364.9999999999999 24.299444422583036 22.611124547053514
365.5 24.301345068476298 22.612098835947762
366.0 24.303237823733966 22.61307552818168
366.4999999999999 24.305143302805696 22.614060718696336
367.0 24.307025094599823 22.6150413271874
367.5 24.308925780226037 22.61602491903244
367.9999999999999 24.310823839911244 22.617008515163675
368.5 24.31270393697265 22.618001318885568
369.0 24.314607415423865 22.61898908792994
369.4999999999999 24.316515690715196 22.619968482005184
370.0 24.31839802610068 22.620955477738388
370.5 24.320306189022418 22.621941840765484
370.9999999999999 24.32219684084318 22.622933845473412
371.5 24.324085932797782 22.623932377312144
372.0 24.326004942669538 22.624919020012012
372.4999999999999 24.32790082857476 22.625912919489576
373.0 24.3297924120291 22.62689967974582
373.5 24.33169217367179 22.627890535176086
373.9999999999999 24.333594894678356 22.628881928475817
374.5 24.335489157566816 22.6298791932088
375.0 24.33740492780402 22.63087560647235
375.4999999999999 24.339282631972253 22.63186978747179
376.0 24.341203597284625 22.632861417290698
376.5 24.34312177538384 22.633858430896087
376.9999999999999 24.345016653181418 22.6348556531023
377.5 24.34690205487066 22.63584883119439
378.0 24.348808852990263 22.63684202685485
378.4999999999999 24.350727448624333 22.63783458793135
379.0 24.352634393490472 22.638836095563107
379.5 24.35456208180247 22.63982762249349
379.9999999999999 24.356472041095422 22.640820513569295
380.5 24.35837559603705 22.641824577206236
381.0 24.360276561042895 22.642815281660344
381.4999999999999 24.36218442117539 22.643815944012772
382.0 24.3640972872406 22.644802917402046
382.5 24.366020419676545 22.645800054497546
382.9999999999999 24.367941111988237 22.64678232827247
383.5 24.369836636047616 22.647787333172488
384.0 24.3717636299259 22.64878265944521
384.5 24.37366965594192 22.649772536966374
385.0 24.37559312047993 22.65075906982435
385.5 24.37751310607725 22.651756459698852
386.0 24.37944522837208 22.65274851273089
386.5 24.381365219744463 22.65373985559347
387.0 24.383277496482574 22.654726492494234
387.5 24.38520554407711 22.655715116821963
388.0 24.387131346433986 22.656707480842144
388.5 24.389067051187862 22.657695187705432
389.0 24.390995099941822 22.658679921319642
389.5 24.392928754626414 22.659665672002966
390.0 24.394860989596236 22.660646386840938
390.5 24.396783935446116 22.661632329209766
391.0 24.398720845192265 22.66261898815135
391.5 24.400660609692967 22.663596193992387
392.0 24.402588463090872 22.664581408645283
392.5 24.404509669405968 22.66557008887935
393.0 24.40645754013297 22.666545003930754
393.5 24.408383824655125 22.667530211562475
394.0 24.410334917802583 22.668515151374287
394.5 24.41226400845777 22.669495033419306
395.0 24.414203120912607 22.67047304927764
395.5 24.416141195532827 22.6714471603368
396.0 24.418082907510428 22.67244132194017
396.5 24.420013060116265 22.67341700787078
397.0 24.42194831125894 22.674390852750328
397.5 24.42388941502358 22.67538382615205
398.0 24.42583562663193 22.676360027069066
398.5 24.42777402961964 22.67734440062535
399.0 24.429728940630028 22.67831908824812
399.5 24.431669241776156 22.67930764747434
400.0 24.43360084781475 22.68029232242327
400.5 24.435556796786496 22.68126553522134
401.0 24.437505373025388 22.68224971705237
401.5 24.439425365553294 22.68322120534333
402.0 24.44139724678305 22.684211455870205
402.5 24.443331824484144 22.68517817050507
403.0 24.4452926234912 22.686158585840968
403.5 24.447232938779088 22.687145294439276
404.0 24.449177308257152 22.68811906476834
404.5 24.451128391128833 22.689107219949246
405.0 24.453084992689934 22.69008565771411
405.5 24.455032297818345 22.691061371106557
406.0 24.456989300903306 22.69204541183441
406.5 24.45895594652432 22.693026478270863
407.0 24.46089611716383 22.69400559125446
407.5 24.462842696865902 22.69498270210176
408.0 24.46480695198698 22.6959667390709
408.5 24.46675077715441 22.696941344935972
409.0 24.468717315901873 22.69792142781869
409.5 24.47067907007314 22.698892784458025
410.0 24.472648031454007 22.699876977169296
410.5 24.474588594687997 22.700862436650326
411.0 24.476555352605722 22.701836652221616
411.5 24.478524243800692 22.70282389041021
412.0 24.48049997978012 22.70379812360689
412.5 24.482446648686 22.704779895022938
413.0 24.484417143917945 22.70576124949962
413.5 24.48637996153152 22.706737951992476
414.0 24.488347765502464 22.707716633470408
414.5 24.490332057115953 22.708698863826925
415.0 24.49228718046282 22.70967726405047
415.5 24.49428546079066 22.710652232118672
416.0 24.4962317903874 22.71163746439126
416.5 24.498205703547033 22.712622494777488
417.0 24.500185028298933 22.713597436035275
417.5 24.502156226572676 22.714578414964844
418.0 24.50412796429914 22.715562273456925
418.5 24.50610802078056 22.716538419880404
419.0 24.508077180332045 22.717514892505363
419.5 24.510057312440473 22.718503613668652
420.0 24.512041571874967 22.71948669452996
420.5 24.514015599649102 22.72046636447716
421.0 24.516001766435988 22.721450570256433
421.5 24.517990466402996 22.722423461765437
422.0 24.51997006570286 22.723411979512424
422.5 24.521960884151927 22.724392338325693
423.0 24.52395293780629 22.725377540149438
423.5 24.525935230701418 22.726354110433174
424.0 24.527934220448735 22.727328726607393
424.5 24.529933450561465 22.728317262199056
425.0 24.531907459441232 22.729304468475007
425.5 24.533916410229452 22.730285768980423
426.0 24.535904584235805 22.73127807132939
426.5 24.537917233999607 22.732252158773942
427.0 24.53989136785795 22.73323350136687
427.5 24.54189478610938 22.734218297917558
428.0 24.54390367071187 22.73520914233969
428.5 24.54588820561044 22.736181225286277
429.0 24.547890089750723 22.73717009576965
429.5 24.5498964370679 22.738154534166103
430.0 24.55189967410837 22.73913280647955
430.5 24.5538910136273 22.740110069721098
431.0 24.555902994605383 22.741091818253373
431.5 24.557899996494328 22.742080433379265
432.0 24.559890476601378 22.74306295717231
432.5 24.56189598647135 22.744038910315183
433.0 24.563907465498556 22.745026006067395
433.5 24.565912701305862 22.746004546676755
434.0 24.567943366249686 22.74698967773327
434.5 24.569950104681133 22.74796808128412
435.0 24.571951997770157 22.748950778831695
435.5 24.573945809412116 22.749943432197174
436.0 24.57597230164785 22.750919621891793
436.5 24.57797887876984 22.75190106848806
437.0 24.5799836886925 22.75288386318836
437.5 24.582000592952035 22.753863759846055
438.0 24.584025413698825 22.754850853965188
438.5 24.586042407628153 22.755831375263536
439.0 24.588069445938984 22.75680661674338
439.5 24.590090285573073 22.757791427132858
440.0 24.592113463000945 22.758778500271546
440.5 24.594120540905237 22.759755144244775
441.0 24.596155912137554 22.76074450843682
441.5 24.598150551837534 22.761723031855347
442.0 24.600199542074925 22.76270834819509
442.5 24.602208621550265 22.76369342953867
443.0 24.604248257990754 22.76467445058723
443.5 24.606272407974785 22.76565479775535
444.0 24.608297783958854 22.76663817531968
444.5 24.610319988860518 22.767624785948577
445.0 24.612345277079296 22.76861286453353
445.5 24.61438295125431 22.7695938999835
446.0 24.616399389760346 22.77057259473064
446.5 24.618451325297666 22.771548741069225
447.0 24.620485891993585 22.772540193408513
447.5 24.62251688981744 22.77353196062526
448.0 24.62454637375235 22.77450544773498
448.5 24.62659764205856 22.77548887659712
449.0 24.62863664690783 22.776482631623452
449.5 24.63068294661789 22.777459895933063
450.0 24.632715641294844 22.778446204973136
450.5 24.63476529147418 22.779430059951768
451.0 24.636803046910394 22.780408647911216
451.5 24.638860939053075 22.781400124768005
452.0 24.64090301799446 22.782388286012164
452.5 24.64293987214336 22.783375561335063
453.0 24.644992031083774 22.78436302689064
453.5 24.647059970414308 22.785346279136135
454.0 24.64910739463067 22.786327824043106
454.5 24.651163578316847 22.78731914861515
455.0 24.653219406149294 22.788303887138042
455.5 24.655270709314557 22.789295892475625
456.0 24.657337234450093 22.79027646002821
456.5 24.659392498548268 22.791264703935383
457.0 24.661462102570198 22.79225261743687
457.5 24.663481706115608 22.793247035666894
458.0 24.665563759128016 22.794233209331054
458.5 24.667635295113616 22.79521759165618
459.0 24.66970496876174 22.79621143448729
459.5 24.671756068353865 22.797197838503877
460.0 24.673837708624063 22.79818775734298
460.5 24.67590036379097 22.799181754270936
461.0 24.677980573910702 22.800159408817805
461.5 24.68004566967135 22.80114391227801
462.0 24.68213238936084 22.802139454481434
462.5 24.684203289957715 22.80313194902062
463.0 24.68628214165221 22.804117851432633
463.5 24.688343160830343 22.80510428092345
464.0 24.690435236383568 22.806101543127998
464.5 24.69251660208224 22.807092837844152
465.0 24.69458114220957 22.80807863847442
465.5 24.69668201560214 22.80906076094857
466.0 24.698752399359037 22.810063553853702
466.5 24.700842802284168 22.811054048881154
467.0 24.702912914970057 22.81204363978301
467.5 24.704991405025964 22.81303266083009
468.0 24.707076282792045 22.814017775935493
468.5 24.709184686882075 22.815014566806315
469.0 24.711269841448363 22.816003933896546
469.5 24.71336127792334 22.817001303294187
470.0 24.715458840327912 22.81798876094053
470.5 24.717558988463047 22.81898075353602
471.0 24.71963762179927 22.819967405812505
471.5 24.721724024925656 22.82096767525939
472.0 24.72385527450973 22.82195548107708
472.5 24.72593265727837 22.82294991051145
473.0 24.728040809993818 22.82392687208319
473.5 24.730118479705602 22.824930931085937
474.0 24.732249288096853 22.82592332506775
474.5 24.734328347802773 22.826923547313918
475.0 24.73642968082791 22.827913275504805
475.5 24.73852063460634 22.82890268376693
476.0 24.74063714988308 22.82989232133863
476.5 24.74272488957769 22.8308825534992
477.0 24.744856215101983 22.831877387368834
477.5 24.74698842865053 22.832876297622047
478.0 24.749077744095487 22.83385850133357
478.5 24.751200777836566 22.834857840125814
479.0 24.75330556030118 22.83585700638373
479.5 24.755420097929445 22.836847817687783
480.0 24.757530242201394 22.83783507658082
480.5 24.75964650458215 22.838834686638847
481.0 24.761772950950366 22.83982587178916
481.5 24.763890587680226 22.840818661061867
482.0 24.766016062672122 22.841817008270958
482.5 24.76811760430663 22.842810207010594
483.0 24.770246060280122 22.843810084917706
483.5 24.772375277534454 22.844799897931477
484.0 24.77449915150639 22.845802650977554
484.5 24.776634133282137 22.846785163251532
485.0 24.778768106569924 22.84777859613606
485.5 24.780870721354372 22.84878026073477
486.0 24.783030495764926 22.849776212148786
486.5 24.785143872573553 22.850777696230317
487.0 24.787271063619816 22.85177125257998
487.5 24.78941802151132 22.85276396223957
488.0 24.791566201601004 22.853763703893534
488.5 24.79367447904795 22.854762250280878
489.0 24.795804605915702 22.855754856484175
489.5 24.797960492964354 22.85675469210606
490.0 24.8000997831815 22.85774172400569
490.5 24.802252450873983 22.858742885147457
