FastTrWP/PhaseSpace/IAs/snIa_0.40_30.00_-1.03_0.01.csv
# %ECSV 0.9
# ---
# datatype:
# - {name: time-rel, datatype: float64}
# - {name: g, datatype: float64}
# - {name: i, datatype: float64}
# schema: astropy-2.0
time-rel g i
225.16666666666666 26.985671693383612 25.211979376172025
225.66666666666663 26.96520337485805 25.20319013674785
226.16666666666666 26.94510295967337 25.194426481289884
226.66666666666666 26.92528998229529 25.185707349431027
227.16666666666663 26.90572629291612 25.177036135765533
227.66666666666666 26.886491545584917 25.168371781644872
228.16666666666666 26.867547792078028 25.159771771166074
228.66666666666663 26.848813070568852 25.151197013110156
229.16666666666666 26.830329593100007 25.142691946364344
229.66666666666666 26.81207936012836 25.13418708024767
230.16666666666666 26.794020669482464 25.12574415362455
230.66666666666666 26.776218080503146 25.1173371674468
231.16666666666666 26.75864388762307 25.108933678698186
231.66666666666666 26.74129302659384 25.100594111544247
232.16666666666666 26.72412833097478 25.092306426590028
232.66666666666666 26.707210849938974 25.084039840382417
233.16666666666666 26.690417037260175 25.07580224320173
233.66666666666666 26.673850261513593 25.06759945073152
234.16666666666666 26.657421588264715 25.05948042312552
234.66666666666666 26.641197995102218 25.05135311804024
235.16666666666666 26.62512844033721 25.04326640395658
235.66666666666666 26.609256194595638 25.03522596074123
236.16666666666666 26.59351504332388 25.027171934019737
236.66666666666666 26.57792858649881 25.019225947889076
237.16666666666666 26.562477731614223 25.01126888065491
237.66666666666666 26.547196535382792 25.0033308539009
238.16666666666666 26.53206039195323 24.995458808492206
238.66666666666666 26.517073877343105 24.98762103437416
239.16666666666666 26.502210610876574 24.979791267600273
239.66666666666666 26.487440475202774 24.97202535307312
240.16666666666666 26.472862706039532 24.964257513622808
240.66666666666666 26.458391888632896 24.956531159127636
241.16666666666666 26.444013856050816 24.948855434230772
241.66666666666666 26.42972652303046 24.941218169240734
242.16666666666666 26.415696225296614 24.9335777210778
242.66666666666666 26.401624405220723 24.92599237567393
243.16666666666666 26.3877031438197 24.91841879502403
243.66666666666666 26.373922242229604 24.91088173332612
244.16666666666666 26.360247688960712 24.903382384248548
244.66666666666666 26.346621710978553 24.89590938819749
245.16666666666666 26.33316008147986 24.8884481242531
245.66666666666666 26.319756070240135 24.881077717522974
246.16666666666666 26.306439429295732 24.873670903240836
246.66666666666666 26.293228726036443 24.86631803864897
247.16666666666666 26.28010992421707 24.859013096852593
247.66666666666666 26.267098558711513 24.85172917150066
248.16666666666666 26.2541470574321 24.844436627036444
248.66666666666666 26.241315730299725 24.83717977236243
249.16666666666666 26.228495618124295 24.829995433304084
249.66666666666666 26.215810062151824 24.822806983762675
250.16666666666666 26.20321605585865 24.815650975861235
250.66666666666666 26.190671742995054 24.808528817969936
251.16666666666666 26.178199579600072 24.801436955797254
251.66666666666666 26.165775825851334 24.794352076177578
252.16666666666666 26.15347391241766 24.78731221732985
252.66666666666666 26.14121025210774 24.780273187175137
253.16666666666666 26.12906494882996 24.773290505637643
253.66666666666666 26.116904579487464 24.76634573676819
254.16666666666666 26.104917818662905 24.75939717559424
254.66666666666666 26.092909066696286 24.752480238533337
255.16666666666666 26.080994370170792 24.74560371697132
255.66666666666666 26.069127439005797 24.738715796472583
256.1666666666667 26.057330111942093 24.731891098551237
256.6666666666667 26.04561945337259 24.72507999570718
257.1666666666667 26.033938161531207 24.718304911503182
257.6666666666667 26.022285891892473 24.711528026360725
258.1666666666667 26.010789322279212 24.70478738867925
258.6666666666667 25.99933560378675 24.69808589845666
259.1666666666667 25.987994509542368 24.691400747674223
259.6666666666667 25.976680223966092 24.684735142841532
260.1666666666667 25.965516995768013 24.678130385577674
260.6666666666667 25.95443396099048 24.671486404763783
261.1666666666667 25.943373848688502 24.664906263947394
261.6666666666667 25.93242889275587 24.658350824860005
262.1666666666667 25.92152539354975 24.651817590205873
262.6666666666667 25.910719440504128 24.64531210454036
263.1666666666667 25.89994157427487 24.638817562812207
263.6666666666667 25.889282909525235 24.632336950532483
264.1666666666667 25.87867819034948 24.625908135207176
264.6666666666667 25.868124282016733 24.61945985058336
265.1666666666667 25.85764915874472 24.613078955146253
265.6666666666667 25.847228881934857 24.606703478573202
266.1666666666667 25.83686767847575 24.600327873284506
266.6666666666667 25.82655957756141 24.59400950550485
267.1666666666667 25.81629822142391 24.587688887276293
267.6666666666667 25.8060862040752 24.581391679589277
268.1666666666667 25.795951602845516 24.575118750390345
268.6666666666667 25.785890129098455 24.568879963414908
269.1666666666667 25.775814163013393 24.56262867489498
269.6666666666667 25.76580753559999 24.556431705146085
270.1666666666667 25.75587924913878 24.550227678736512
270.6666666666667 25.745968329676163 24.544064080857645
271.1666666666667 25.736104365431526 24.5379161339119
271.6666666666667 25.72630899628788 24.53177512765044
272.1666666666667 25.716546475674186 24.525654912383402
272.6666666666667 25.706816591803204 24.5195711172615
273.1666666666667 25.69714397544061 24.513482761047957
273.6666666666667 25.687479359727913 24.50743475424392
274.1666666666667 25.677874325855274 24.501396049231452
274.6666666666667 25.668314459128233 24.495363453512354
275.1666666666667 25.65873770971131 24.489373263620916
275.6666666666667 25.649280277724884 24.483360070190567
276.1666666666667 25.63985022275197 24.477401706781027
276.6666666666667 25.630402710302292 24.471437930380574
277.1666666666667 25.62098173124462 24.46550703325459
277.6666666666667 25.61164090184389 24.459577091379824
278.1666666666667 25.602325095017733 24.45369247893511
278.6666666666667 25.592981643391607 24.447789389614123
279.1666666666667 25.583740103589022 24.441921727283958
279.6666666666667 25.574501739127907 24.436071097710474
280.1666666666667 25.565267223841907 24.43022142710732
280.6666666666667 25.55607069256412 24.424411597490888
281.1666666666667 25.546931995929278 24.418606940377142
281.6666666666667 25.537811916986335 24.412813519249443
282.1666666666667 25.52869411371323 24.407037535269982
282.6666666666667 25.51959874784737 24.401278514671457
283.1666666666667 25.51052802055593 24.395520612614327
283.6666666666667 25.5015168810745 24.38979370399672
284.1666666666667 25.492498612809214 24.384089364799348
284.6666666666667 25.483548944556865 24.378374900905655
285.1666666666667 25.474558387044972 24.37269039253076
285.6666666666667 25.46559435671977 24.367018685155468
286.1666666666667 25.456686372413955 24.361360012064623
286.6666666666667 25.447816274373288 24.355709149105728
287.1666666666667 25.438908911967935 24.350076050976547
287.6666666666667 25.430074230580964 24.344462145526755
288.1666666666667 25.421202725215398 24.338873133520433
288.6666666666667 25.41240542950924 24.333295613648936
289.1666666666667 25.40358556171348 24.32769241262676
289.6666666666667 25.394799556410863 24.322140706490693
290.1666666666667 25.386035077805808 24.316585639000785
290.6666666666667 25.377277223653202 24.311056685225175
291.1666666666667 25.368558500649403 24.305527640497182
291.6666666666667 25.35983364859396 24.3000069437132
292.1666666666667 25.35115955176166 24.294517627224074
292.6666666666667 25.342499589328696 24.289044730197162
293.1666666666667 25.333897823019875 24.283577374274515
293.6666666666667 25.325263065659918 24.278131538259853
294.1666666666667 25.316691791860677 24.272690169441834
294.6666666666667 25.308164623638202 24.267254121912075
295.1666666666667 25.29963411676946 24.261867595380156
295.6666666666667 25.291134545742974 24.256471246053653
296.1666666666667 25.2826956037131 24.251092676361573
296.6666666666667 25.274270089956627 24.245730924616137
297.1666666666667 25.26583138712568 24.24037973290553
297.6666666666667 25.25745772738839 24.235028796011196
298.1666666666667 25.249098033522333 24.229719240807693
298.6666666666667 25.240770474814695 24.224400905708798
299.1666666666667 25.23247624611281 24.21909930360386
299.6666666666667 25.22419517957099 24.213810864234397
300.1666666666667 25.215958687487596 24.2085392377137
300.6666666666667 25.207739917723075 24.203271715874383
301.1666666666667 25.199531261665513 24.19804279544344
301.6666666666667 25.19138032492917 24.19280556312514
302.1666666666667 25.183220897836904 24.187582704683393
302.6666666666667 25.17511129068442 24.182381314294936
303.1666666666667 25.167024458988372 24.177186820199722
303.6666666666667 25.158973938131833 24.171989128165375
304.1666666666667 25.150918653306515 24.16681015570939
304.6666666666667 25.142898708986543 24.16166951006895
305.1666666666667 25.134899736514775 24.156512625851043
305.6666666666667 25.12692628038685 24.151410685235213
306.1666666666667 25.118984008120723 24.14626426434968
306.6666666666667 25.11108723326156 24.14116544398247
307.1666666666667 25.103212417612546 24.136057562233766
307.6666666666667 25.09534003308779 24.1309828528153
308.1666666666667 25.087496373203656 24.125913779003305
308.6666666666667 25.07968676953185 24.120844175753344
309.1666666666667 25.07188546637724 24.1157971761288
309.6666666666667 25.064108850984223 24.110751439065005
310.1666666666667 25.056352538758894 24.105719829527047
310.6666666666667 25.04863642606555 24.10070667385193
311.1666666666667 25.040973302349684 24.095716623186014
311.6666666666667 25.03326568726722 24.090722735188397
312.1666666666667 25.025659453679104 24.085743558661562
312.6666666666667 25.01800709698626 24.080771496730794
313.1666666666667 25.010407863618916 24.075792921296774
313.6666666666667 25.00280762866574 24.070845817362635
314.1666666666667 24.995281292426302 24.06591590613807
314.6666666666667 24.987744903364224 24.060990052929718
315.1666666666667 24.980214629780896 24.056063221767154
315.6666666666667 24.97275135423213 24.051165064936345
316.1666666666667 24.965270973861973 24.046255291348043
316.6666666666667 24.957837359389305 24.04138061802414
317.1666666666667 24.950447139486723 24.036505333313045
317.6666666666667 24.94303401345364 24.031638094062497
318.1666666666667 24.93563622806076 24.02679414031489
318.6666666666667 24.92830810517022 24.021932846425784
319.1666666666667 24.920960580111796 24.01712213681136
319.6666666666667 24.913665236447827 24.012290967891094
320.1666666666667 24.90634913420854 24.007483366424943
320.6666666666667 24.89910969083215 24.00268287035061
321.1666666666667 24.891870016864516 23.99786895008127
321.6666666666667 24.884634577617177 23.99311778179388
322.1666666666667 24.87746302321805 23.988316052827305
322.6666666666667 24.870275070528084 23.983578167188256
323.1666666666667 24.86311777274534 23.978799576514895
323.6666666666667 24.855974155738288 23.97406054800132
324.1666666666667 24.848849931393126 23.969330578380244
324.6666666666667 24.84175964933797 23.96460738565096
325.1666666666667 24.83469256740126 23.959881204166354
325.6666666666667 24.82763754603148 23.955189627988126
326.1666666666667 24.820608000257792 23.95048273103027
326.6666666666667 24.81360955930233 23.945800036361106
327.1666666666667 24.806606576876504 23.9411429897409
327.6666666666667 24.799636771346396 23.936475455492513
328.1666666666667 24.792699190499448 23.93182135128285
328.6666666666667 24.785801984340917 23.92717646272967
329.1666666666667 24.7789004012322 23.922555477608583
329.6666666666667 24.771985785239288 23.91794156895084
330.1666666666667 24.765144584368826 23.913336149142165
330.6666666666667 24.75829965200873 23.90872368017869
331.1666666666667 24.751469459583934 23.904132143215733
331.6666666666667 24.744684209655272 23.899569518977057
332.1666666666667 24.737894970471622 23.894992831480725
332.6666666666667 24.731110809531312 23.89042568094228
333.1666666666667 24.724376011908426 23.885873479705285
333.6666666666667 24.717668255949775 23.88132651437436
334.1666666666667 24.710950444897236 23.876806698730014
334.6666666666667 24.70425661859884 23.87227995729149
335.1666666666667 24.697609242035533 23.867760743213946
335.6666666666667 24.690949844478922 23.863270901644334
336.1666666666667 24.684329399108485 23.858774557881613
336.6666666666667 24.67772027085607 23.854280942231718
337.1666666666667 24.671118320994015 23.84979240194959
337.6666666666667 24.664546868445125 23.84532896785315
338.1666666666667 24.65797355117583 23.840865922592982
338.6666666666667 24.651443711637413 23.83642688185054
339.1666666666667 24.64492846275684 23.831984197702884
339.6666666666667 24.638429888458294 23.82754954216765
340.1666666666667 24.631931862091005 23.823120315390668
340.6666666666667 24.625451346065873 23.81869808845653
341.1666666666667 24.619005805058553 23.814288246099157
341.6666666666667 24.612555279065393 23.80990201903893
342.1666666666667 24.606154842194986 23.805500640666594
342.6666666666667 24.5997383419338 23.801110184009335
343.1666666666667 24.593363438404378 23.796740729797516
343.6666666666667 24.587000477459732 23.79237800853426
344.1666666666667 24.5806453389353 23.7880095182908
344.6666666666667 24.574292323600133 23.783646101096195
345.1666666666667 24.5679818305414 23.77929405036471
345.6666666666667 24.56166184495283 23.77496708041125
346.1666666666667 24.555395027259106 23.770636319457466
346.6666666666667 24.54911672141146 23.766312218544776
347.1666666666667 24.542840016544204 23.762002800779438
347.6666666666667 24.53662061638851 23.757693216635673
348.1666666666667 24.530371767037025 23.75340073153389
348.6666666666667 24.52415296906603 23.74909930112704
349.1666666666667 24.517964245648862 23.744815033442674
349.6666666666667 24.511768717116492 23.740553401145714
350.1666666666667 24.505628728882556 23.736271392643907
350.6666666666667 24.499471528193133 23.732007528532336
351.1666666666667 24.49333085103301 23.727751913543838
351.6666666666667 24.48720556611516 23.72350607382762
352.1666666666667 24.481082763353818 23.71926742153687
352.6666666666667 24.475006300090584 23.715027541288926
353.1666666666667 24.46891801878469 23.710793286835457
353.6666666666667 24.46284996679507 23.706576694157793
354.1666666666667 24.45678938583061 23.702357303512073
354.6666666666667 24.45076279947689 23.69814705928311
355.1666666666667 24.444728491182662 23.69394068049054
355.6666666666667 24.43872459066176 23.689747485068754
356.1666666666667 24.432743508830978 23.685559892046825
356.6666666666667 24.42675564719486 23.68137832608131
357.1666666666667 24.420777915314883 23.677205273112186
357.6666666666667 24.414814872161465 23.673035843267655
358.16666666666663 24.408881253776272 23.66887019135328
358.6666666666667 24.402960172886488 23.664717249655244
359.1666666666667 24.397031589750586 23.66055740606211
359.66666666666663 24.391143494874154 23.656426770446405
360.1666666666667 24.385276052807008 23.652303126408675
360.6666666666667 24.379401548787328 23.648161849365362
361.16666666666663 24.373541895260335 23.644057001826752
361.6666666666667 24.3677024312434 23.639945597965127
362.1666666666667 24.36187676605286 23.635835467508812
362.66666666666663 24.356077239969203 23.631730543282945
363.1666666666667 24.350268269812396 23.627651162154457
363.6666666666667 24.344509189791125 23.623572256021323
364.16666666666663 24.338727161305 23.619489798221487
364.6666666666667 24.332967151708512 23.615433731381476
365.1666666666667 24.327233829366904 23.611376568336727
365.66666666666663 24.321518464340027 23.607314856474908
366.1666666666667 24.315797837377254 23.60327320985956
366.6666666666667 24.310101634273874 23.59923683938513
367.16666666666663 24.3044240328368 23.595205332142456
367.6666666666667 24.298752779547637 23.591169980145207
368.1666666666667 24.293097560785284 23.587151310340523
368.66666666666663 24.287446529772794 23.5831405919632
