FastTrWP/PhaseSpace/IAs/snIa_0.30_30.00_-0.28_0.10.csv
# %ECSV 0.9
# ---
# datatype:
# - {name: time-rel, datatype: float64}
# - {name: g, datatype: float64}
# - {name: i, datatype: float64}
# schema: astropy-2.0
time-rel g i
[from data line 1413]
282.5 23.3959321577896 22.593924057745856
283.0 23.397650457728506 22.595145787886818
283.4999999999999 23.399348235313596 22.596351557392445
284.0 23.40106673638775 22.597569205778875
284.5 23.402771259293488 22.598787055560084
284.9999999999999 23.404487399488957 22.600012823207493
285.5 23.40619686160388 22.60124470796249
286.0 23.407913909657005 22.602461012928337
286.4999999999999 23.409634743989912 22.603690102293832
287.0 23.4113702207584 22.604929736255755
287.5 23.413094931745007 22.60616436886108
287.9999999999999 23.414814684826858 22.607410246877734
288.5 23.416542147192217 22.608650498203033
289.0 23.418279109283663 22.609881167585332
289.4999999999999 23.420019076111682 22.61112684236567
290.0 23.421751943649713 22.61236553970662
290.5 23.423488052349605 22.613618502953404
290.9999999999999 23.42523213855353 22.61486159577974
291.5 23.426970116834063 22.616111607617555
292.0 23.428714578741676 22.617361991507387
292.4999999999999 23.43046026991708 22.618607338100063
293.0 23.432200912552908 22.619853788069094
293.5 23.433941299114387 22.62110500901621
293.9999999999999 23.435698359146237 22.622354773828583
294.5 23.437450389535286 22.62360821150105
295.0 23.439197147113124 22.62485664082762
295.4999999999999 23.440954928618154 22.62610449678432
296.0 23.44269387505264 22.627359201165458
296.5 23.444452513686237 22.62859812698443
296.9999999999999 23.446211738700285 22.629846663104672
297.5 23.447962149110904 22.631087349301424
298.0 23.449728737752473 22.632337680475434
298.4999999999999 23.451493007843194 22.63358102414705
299.0 23.453249096750838 22.63482188674203
299.5 23.455009691628987 22.636060511491504
299.9999999999999 23.456769957191646 22.637295562353756
300.5 23.458533324679948 22.638533654773802
301.0 23.460291851917432 22.639760949747956
301.4999999999999 23.462059574100834 22.64099424134434
302.0 23.46381529685242 22.642228776070915
302.5 23.46558651544892 22.643465714288105
302.9999999999999 23.46735562801646 22.6446913585966
303.5 23.46913263322092 22.645932307146715
304.0 23.470895002899525 22.647173901650746
304.4999999999999 23.472677099704548 22.648416757555022
305.0 23.474461963192894 22.649660460468404
305.5 23.476235108668458 22.650909798062692
305.9999999999999 23.47801094481102 22.652157713362527
306.5 23.479798905134036 22.653406730966093
307.0 23.48158226622878 22.65465728961803
307.4999999999999 23.483382727965342 22.655912654086112
308.0 23.485168537130082 22.657170109768114
308.5 23.486950717284287 22.65842965355386
308.9999999999999 23.488748729860408 22.659683588808754
309.5 23.49054203861303 22.660938495132953
310.0 23.49234680855377 22.662205521893526
310.4999999999999 23.494160412472027 22.66347554261931
311.0 23.495952456590047 22.66473253800861
311.5 23.497747852953882 22.66599985609661
311.9999999999999 23.499560287309286 22.667271163176483
312.5 23.501370012336267 22.66853317695724
313.0 23.503176109419243 22.669806147018527
313.4999999999999 23.50498790410089 22.671080345618755
314.0 23.506791433951577 22.67235056556285
314.5 23.50861228887275 22.673620404161504
314.9999999999999 23.510430085901216 22.674888200402417
315.5 23.512245007411302 22.676155527675345
316.0 23.514073617772343 22.677431055959495
316.4999999999999 23.515889612789294 22.6787082273986
317.0 23.517705812557388 22.67997331412608
317.5 23.51953791803437 22.68124131296432
317.9999999999999 23.521365534869506 22.68251303851246
318.5 23.523177703837256 22.683777532746028
319.0 23.525015211724924 22.685053276670345
319.4999999999999 23.526848750828865 22.686318705023012
320.0 23.52867926171005 22.687588833750354
320.5 23.530505856265872 22.688857646631348
320.9999999999999 23.532344033397532 22.69012496666992
321.5 23.534178749964198 22.691390859716293
322.0 23.536018750017163 22.69266027550994
322.4999999999999 23.53785755292771 22.693918384177685
323.0 23.539687510028816 22.695180839020654
323.5 23.541533225902626 22.696438952331427
323.9999999999999 23.543375497840664 22.69770187213875
324.5 23.54522105084119 22.69895375600437
325.0 23.547054824447223 22.700211695218044
325.4999999999999 23.548900830837226 22.70147237595904
326.0 23.550745948653162 22.70272668139794
326.5 23.552598074187937 22.703968688301842
326.9999999999999 23.554448474828874 22.705222192714814
327.5 23.556295196653597 22.70646933425533
328.0 23.558142260424646 22.70771819806679
328.4999999999999 23.559995511579466 22.708953646567217
329.0 23.56183755877341 22.710195370378464
329.5 23.563686212058176 22.71142900075961
329.9999999999999 23.565544163961224 22.712663259666826
330.5 23.567401026310385 22.713894377357313
331.0 23.56925629048103 22.715125694254823
331.4999999999999 23.571116616175118 22.716338576015485
332.0 23.57296792436921 22.717559801248587
332.5 23.574819917142968 22.71878914065568
332.9999999999999 23.57666543332098 22.71999546950997
333.5 23.578534201467207 22.721208409644866
334.0 23.580397391473724 22.722417184912295
334.4999999999999 23.582243030494425 22.723632887599972
335.0 23.584112802295934 22.724833337612328
335.5 23.58597010414531 22.72603596422643
335.9999999999999 23.587830955038438 22.72723975292713
336.5 23.58969377401391 22.728440670403888
337.0 23.591549383897185 22.729641136034648
337.4999999999999 23.593422879704168 22.730844667155296
338.0 23.595294671750565 22.732042151216252
338.5 23.597156475201828 22.73323104962197
338.9999999999999 23.599022581085375 22.73442956187459
339.5 23.600894447937854 22.735617195093422
340.0 23.602761403063333 22.7368053393122
340.4999999999999 23.604635615559264 22.73798917810158
341.0 23.606507437378976 22.73918228393523
341.5 23.60838004947848 22.74036626500351
341.9999999999999 23.610256748221417 22.741560969720553
342.5 23.612117004467514 22.74273832508878
343.0 23.6140042852819 22.743914962284038
343.4999999999999 23.61588064391793 22.745088637315234
344.0 23.617755252419272 22.74626293427433
344.5 23.6196443050081 22.747453100134273
344.9999999999999 23.6215246461395 22.748621984202828
345.5 23.623399251963654 22.74979861488916
346.0 23.625292046994563 22.75096185376669
346.4999999999999 23.627172631555396 22.752136592864026
347.0 23.62905514604179 22.75329739502776
347.5 23.630950748029733 22.75446792445691
347.9999999999999 23.63282476298078 22.75562403413538
348.5 23.634741150715755 22.75680014329193
349.0 23.63663263708925 22.75795652467651
349.4999999999999 23.63851180607794 22.759114405077643
350.0 23.640416608706186 22.76027261120781
350.5 23.642298777143953 22.761424667258407
350.9999999999999 23.644212290785337 22.76258796881153
351.5 23.646108617178072 22.76373699863897
352.0 23.647994148392133 22.764892042563073
352.4999999999999 23.649912736667865 22.766045905368237
353.0 23.651818764993372 22.767195075554795
353.5 23.653720278204545 22.7683480774814
353.9999999999999 23.655621993247273 22.76947767709633
354.5 23.657535955128182 22.77062235853068
355.0 23.6594336300523 22.771775258211232
355.4999999999999 23.66135374680699 22.772909173982757
356.0 23.663266922769463 22.774056212907254
356.5 23.665175824031973 22.775193184301795
357.0 23.66710020017114 22.776328274926065
357.5 23.669004504252538 22.7774726758685
358.0 23.670938716413193 22.778598917638597
358.5 23.672855110139807 22.77973247532396
359.0 23.674779968360852 22.78086172510076
359.5 23.676696412115223 22.781992843550007
360.0 23.678642636645648 22.78312386845451
360.5 23.68055332039471 22.784253136108582
361.0 23.682488791348657 22.78537802230654
361.5 23.684409191668315 22.78651124093535
362.0 23.686354441016448 22.787625907680905
362.5 23.688293114442274 22.788745241180447
363.0 23.69021867243987 22.789857251258297
363.5 23.69216787996432 22.79099066524695
364.0 23.694103683623887 22.79210091107427
364.5 23.69604188659876 22.793222503950595
365.0 23.69797747961655 22.794336242612538
365.5 23.699942988470056 22.795445766539693
366.0 23.701888125351882 22.796557120816022
366.5 23.703835523913362 22.797660226916662
367.0 23.705789438982073 22.79877493467199
367.5 23.7077343612227 22.79988166709615
368.0 23.70969240720832 22.80098400403192
368.5 23.711644687313807 22.80208659774669
369.0 23.713596389826627 22.80318452705267
369.5 23.71556149832756 22.804286682331462
370.0 23.717513470077407 22.80537917680283
370.5 23.719469021104274 22.80648197516319
371.0 23.721430820706317 22.807567862105348
371.5 23.723402506333247 22.80865650596359
372.0 23.72536243422813 22.809754753359208
372.5 23.72732355626901 22.81083289501779
373.0 23.729279062046942 22.81193220189653
373.5 23.731260381861254 22.813009883182684
374.0 23.733230182516234 22.814092524821884
374.5 23.735198966328156 22.8151717933147
375.0 23.73718392037903 22.81626177189779
375.5 23.73915866212016 22.817332269104483
376.0 23.741128510753548 22.81840534226299
376.5 23.743106214784714 22.819480386448205
377.0 23.745084642574245 22.820553792966436
377.5 23.747071573442035 22.821620819536122
378.0 23.74904525174913 22.82269507965019
378.5 23.751044350526342 22.823764980441304
379.0 23.75303696108454 22.824830284802275
379.5 23.75502297818729 22.825883115477676
380.0 23.75700608085694 22.826953032938388
380.5 23.758999709412457 22.828010114496426
381.0 23.761004694761688 22.829070322113516
381.5 23.76300134366926 22.83012810912597
382.0 23.765004279285154 22.831176685809233
382.5 23.76699599011748 22.832237686879843
383.0 23.768998557755992 22.833282669153526
383.5 23.771010291557552 22.834336970498534
384.0 23.77301710235075 22.835382732527158
384.5 23.775030671907118 22.836426992703664
385.0 23.777030620008016 22.837469769745805
385.5 23.77904284049896 22.838520576584152
386.0 23.78105339099928 22.839555138814717
386.5 23.783070751415735 22.840595860751026
387.0 23.785096536483383 22.841629786386978
387.5 23.78710641079305 22.84267301472793
388.0 23.789128027115805 22.843705981409762
388.5 23.791150139057752 22.844732671228787
389.0 23.793175321475914 22.84577093828753
389.5 23.795224042448865 22.846795788175577
390.0 23.797232121401706 22.847824467176338
390.5 23.799277310224817 22.84885183214314
391.0 23.80131440045272 22.84988056028685
391.5 23.803355507019827 22.850902064459248
392.0 23.80539120016614 22.85191801703711
392.5 23.807442818708463 22.852940854073292
393.0 23.80946846593912 22.853955033990413
393.5 23.811516478175143 22.85497857089537
394.0 23.813583367347142 22.85598534050877
394.5 23.81562577777693 22.856999500817984
395.0 23.817676099927265 22.858006004162416
395.5 23.819735630969014 22.859018369887856
396.0 23.821790495645384 22.86002344344749
396.5 23.823856062585094 22.86102245686507
397.0 23.825903437594015 22.862031501431588
397.5 23.827980949497576 22.86303533531357
398.0 23.830049233764846 22.864033728596493
398.5 23.832115918047055 22.86502727147246
399.0 23.83419409276162 22.866026427494578
399.5 23.83625558586902 22.867020711928138
400.0 23.838343020008477 22.868011135103394
400.5 23.840416085021236 22.868995933988423
401.0 23.842487317338183 22.86998094700634
401.5 23.844575143832245 22.870961432477355
402.0 23.846653245077654 22.871953165842157
402.5 23.848749983693168 22.87293412720912
403.0 23.850832679916433 22.873914795966733
403.5 23.85291388861092 22.874887651083245
404.0 23.85501877467346 22.875862723711215
404.5 23.857111030474346 22.876836692042446
405.0 23.85920298574859 22.877814167227022
405.5 23.861302719696347 22.878778200874525
406.0 23.86341536344375 22.879748939440546
406.5 23.865499886182945 22.880708754541462
407.0 23.86760718974214 22.88167450260021
407.5 23.86972793006121 22.882636670669637
408.0 23.87183427915827 22.883587909961385
408.5 23.873950077895365 22.88455320537664
409.0 23.876067417316854 22.885502701174033
409.5 23.878178995192222 22.88646381317897
410.0 23.880288612050208 22.887415555580336
410.5 23.882409277317166 22.888359638023704
411.0 23.884529509191292 22.889310564046514
411.5 23.886660942192798 22.890250981240996
412.0 23.888791303280364 22.891198649915747
412.5 23.8909125448447 22.89213668938116
413.0 23.893053456352185 22.893080857984028
413.5 23.89518989325209 22.89401061865012
414.0 23.897319269171543 22.89495465475879
414.5 23.899475442208438 22.895891595684343
415.0 23.901589231476763 22.896816286802576
415.5 23.903743426020934 22.897756364800507
416.0 23.905900105439635 22.89867828923535
416.5 23.90805102481407 22.89960718041336
417.0 23.91019385029032 22.900526042126685
417.5 23.912350533955436 22.901453957393056
418.0 23.91449614656054 22.90237341489153
418.5 23.916658713262635 22.90329212995301
419.0 23.918811245062628 22.90421419130121
419.5 23.920984911967192 22.90511702501118
420.0 23.923155109362582 22.906043971484124
420.5 23.925315903941495 22.90695145056914
421.0 23.927486277188024 22.907861246881946
421.5 23.92965469354425 22.9087635130189
422.0 23.93183876088202 22.909671794396836
422.5 23.93399884762898 22.91057516454687
423.0 23.936186852405747 22.911475449271435
423.5 23.938373111747783 22.91237351026142
424.0 23.940550349576412 22.91327518407431
424.5 23.9427442646744 22.91416403619209
425.0 23.944927602734552 22.91506896658803
425.5 23.947112237009254 22.915948956730258
426.0 23.949315204428988 22.91685266318984
426.5 23.951518195612636 22.91774166306887
427.0 23.953699106020487 22.918624645748643
427.5 23.955912605003242 22.91951256228141
428.0 23.95811839676028 22.920389130540265
428.5 23.960330206817936 22.921273913320448
429.0 23.962556067939683 22.9221431308371
429.5 23.96477462994418 22.923012009666508
430.0 23.96698256599233 22.92388478361985
430.5 23.96921456692239 22.92476427551167
431.0 23.971447578876287 22.925616515082826
431.5 23.973681191084175 22.926483859370258
432.0 23.975916759556206 22.927341384537176
432.5 23.978153670731437 22.928200798438848
433.0 23.98038909792251 22.9290542031131
433.5 23.982619181701136 22.92990796013871
434.0 23.98486925329314 22.930762640860152
434.5 23.987128477046035 22.93161024331915
435.0 23.989387308658987 22.93245564389846
435.5 23.99164596966561 22.93329384329474
436.0 23.99389706716812 22.934137073685193
436.5 23.99615980923243 22.934979373885433
437.0 23.998415834356067 22.93581390572708
437.5 24.000685970208192 22.936653508520536
438.0 24.00296045970975 22.937477765361507
438.5 24.005225778766906 22.938303829515675
439.0 24.007521921781752 22.939140834527937
439.5 24.009793907283385 22.939963780522238
440.0 24.01206650625449 22.94078720887699
440.5 24.014351119671595 22.941615672226135
441.0 24.016632213073734 22.94243496684434
441.5 24.018912165569617 22.943246300301873
442.0 24.02120649539789 22.944070848042482
442.5 24.023487943716436 22.94487738778865
443.0 24.0257768122843 22.945702528792214
443.5 24.02808389161347 22.946513404793937
444.0 24.030372612759365 22.947309672235715
444.5 24.03268004898816 22.948120118077867
445.0 24.034986097992498 22.948933133429314
445.5 24.037278924358056 22.94974024111952
446.0 24.039581207480232 22.950544383004395
446.5 24.041877575638487 22.9513451992419
447.0 24.044206150725312 22.952147837262945
447.5 24.046495525245824 22.95293769178545
448.0 24.048796981557278 22.953737354587382
448.5 24.051105433901586 22.95452926602096
449.0 24.053411190396282 22.955331772821804
449.5 24.05573055579325 22.956122068022786
450.0 24.058039347151908 22.95691686245609
450.5 24.06036432413485 22.957707529984734
451.0 24.06266629965383 22.958504459700695
451.5 24.06496878247384 22.959288087976887
452.0 24.067287777991886 22.96007222409864
452.5 24.06959695202479 22.9608633357865
453.0 24.071917825367905 22.961650361600647
453.5 24.07423882849015 22.96242186486628
454.0 24.076561816435603 22.9632128898644
454.5 24.078876149950588 22.963995240439008
455.0 24.081193628637898 22.96477909875403
455.5 24.083500229005445 22.965549954774684
456.0 24.085820570468528 22.966336913841594
456.5 24.088133223905285 22.967111743869143
457.0 24.090460897920195 22.967901398059908
457.5 24.09276692024129 22.968667767284494
458.0 24.0950876314718 22.969446791753384
458.5 24.097384640852695 22.970217582202515
459.0 24.09970284996543 22.970988366269683
459.5 24.102031299030493 22.971762171416042
