FastTrWP/PhaseSpace/IAs/snIa_0.32_30.00_-0.80_0.09.csv
# %ECSV 0.9
# ---
# datatype:
# - {name: time-rel, datatype: float64}
# - {name: g, datatype: float64}
# - {name: i, datatype: float64}
# schema: astropy-2.0
time-rel g i
[from data line 1073]
129.9999999999999 23.070678274133943 22.38491681875658
130.5 23.071781926118366 22.385066848251892
131.0 23.072889817230738 22.385225315120728
131.4999999999999 23.073995418055553 22.385382230367547
132.0 23.075105088955286 22.385535711237424
132.5 23.076232907355237 22.385692823120653
132.9999999999999 23.077344319691644 22.385866043085947
133.5 23.078470580556125 22.386025715062928
134.0 23.079603613846807 22.386196940202183
134.4999999999999 23.08071841086271 22.386364003452748
135.0 23.081863070277244 22.386534912866786
135.5 23.08299404489121 22.386713583785216
135.9999999999999 23.084145515060666 22.38688811371517
136.5 23.08529147138362 22.387066019560127
137.0 23.08642910866238 22.38725180601495
137.4999999999999 23.08758459925898 22.38743777917788
138.0 23.08874182445976 22.387630362237
138.5 23.089902248336365 22.38781837323423
138.9999999999999 23.091047670421773 22.388002337210096
139.5 23.092217269381145 22.388209922719646
140.0 23.093390835356054 22.38840066323922
140.4999999999999 23.094561504571224 22.388604359247548
141.0 23.095717576621904 22.388805728201415
141.5 23.09690618036168 22.389011628295407
141.9999999999999 23.098076266954113 22.389214032738572
142.5 23.09926179454337 22.38942826802605
143.0 23.10045482770285 22.38963534497782
143.4999999999999 23.10164139940462 22.389852256748227
144.0 23.10283316069876 22.39006861694118
144.5 23.104024262734384 22.390291012973673
144.9999999999999 23.105220765052547 22.390502282058435
145.5 23.106426516161815 22.390727944502856
146.0 23.107624191645158 22.390959621212527
146.4999999999999 23.108835211322255 22.39119222005876
147.0 23.110051636460994 22.39142508370801
147.5 23.11125621020649 22.39164671554714
147.9999999999999 23.11247792710619 22.391880850679414
148.5 23.11369887278837 22.39212549940156
149.0 23.114915925593557 22.39237242361404
149.4999999999999 23.11614806853402 22.392603579137887
150.0 23.117370201017614 22.39284840045245
150.5 23.118602591975254 22.393102264418477
150.9999999999999 23.119840817635207 22.3933434397847
151.5 23.12107651295124 22.39360120524281
152.0 23.122317485028447 22.393846933165236
152.4999999999999 23.12355671861953 22.394110277251844
153.0 23.124803008386575 22.394362061892345
153.5 23.1260441598885 22.394627687196117
153.9999999999999 23.12730595124833 22.394886001196134
154.5 23.128568537095294 22.395153484380337
155.0 23.129829952719604 22.395421531573007
155.4999999999999 23.13110152537915 22.395687526206757
156.0 23.132376989900845 22.39595920751195
156.5 23.13365999412129 22.396232399488447
156.9999999999999 23.134939209294192 22.396500411982373
157.5 23.13622401221054 22.396780974070353
158.0 23.137521112887477 22.397057934587444
158.4999999999999 23.13881914876918 22.39733346103497
159.0 23.140125192651972 22.397615491127585
159.5 23.141428699183678 22.39789959242481
159.9999999999999 23.142737715393608 22.39819308328107
160.5 23.144044642989048 22.39848161696258
161.0 23.14536096070375 22.39877309937939
161.4999999999999 23.146683536616408 22.399071086526924
162.0 23.148024797789827 22.39936165016012
162.5 23.149346472646446 22.399665355969127
162.9999999999999 23.150676148536263 22.399968210807863
163.5 23.152013820944322 22.40026124057318
164.0 23.153353559851304 22.400569141731765
164.4999999999999 23.15470198628018 22.400870886599513
165.0 23.156049651790646 22.40119130577073
165.5 23.15740568716791 22.40150936259105
165.9999999999999 23.158757068758625 22.401821575971326
166.5 23.160114216992728 22.402143253985226
167.0 23.161481019565088 22.402465190833357
167.4999999999999 23.162847383382736 22.402786283740603
168.0 23.164195597102008 22.403112002384475
168.5 23.165574205272478 22.403444257783455
168.9999999999999 23.166938140208146 22.403778534236586
169.5 23.16832305436027 22.40411346979021
170.0 23.169705903191826 22.40444659093707
170.4999999999999 23.17106584604415 22.40479042381875
171.0 23.172458235248214 22.405124097857488
171.5 23.17384705896464 22.405475346658182
171.9999999999999 23.17523494078255 22.40582856354786
172.5 23.176624824101175 22.406175024662545
173.0 23.178006588420196 22.406531420880327
173.4999999999999 23.179408446613014 22.406894493247293
174.0 23.180805413173037 22.40725347730671
174.5 23.18221164942464 22.40761625493827
174.9999999999999 23.183599414942478 22.40798450388446
175.5 23.18501203245819 22.408356120530808
176.0 23.186405075352567 22.40872469857819
176.4999999999999 23.18781340590966 22.409101889109245
177.0 23.18920981025113 22.409484994372036
177.5 23.19061851770865 22.40986872341105
177.9999999999999 23.192040253025112 22.410249549905856
178.5 23.19344690158935 22.4106469792855
179.0 23.194851903275442 22.411033270761138
179.4999999999999 23.196262201837605 22.411431006697864
180.0 23.197680803901733 22.4118252802022
180.5 23.19908741394984 22.412226744354452
180.9999999999999 23.200507780837896 22.412638045342497
181.5 23.20192011509702 22.4130463252596
182.0 23.203339942325915 22.41346050829216
182.4999999999999 23.204756154920283 22.413874039322636
183.0 23.206174063572206 22.414298677025325
183.5 23.207588059114084 22.414721777878974
183.9999999999999 23.2090092018352 22.41515202444056
184.5 23.210419267053936 22.415579062365133
185.0 23.211837078788097 22.41601297975915
185.4999999999999 23.213260778056593 22.41645491735628
186.0 23.214681362500865 22.4168996502131
186.5 23.216113817695003 22.417339164555155
186.9999999999999 23.21754730476327 22.417783238839814
187.5 23.218966263710698 22.418228868602554
188.0 23.220401840785463 22.41869081734077
188.4999999999999 23.221828620479663 22.41913894549494
189.0 23.22327603363163 22.41960147731628
189.5 23.224708009733078 22.420069005475263
189.9999999999999 23.226151379886687 22.42053285810144
190.5 23.22759988092599 22.42100402468054
191.0 23.229044120728947 22.421481017694923
191.4999999999999 23.23049073650475 22.421951291319175
192.0 23.231940404678966 22.422431688973695
192.5 23.233391598731608 22.422914194731234
192.9999999999999 23.234844438309565 22.423406584618707
193.5 23.236299570777845 22.423890639152386
194.0 23.237763221021503 22.42438215476808
194.4999999999999 23.23922444560132 22.424880343609843
195.0 23.240694259022572 22.425376933735755
195.5 23.242156557143694 22.42587599765214
195.9999999999999 23.243621845079062 22.426386073886803
196.5 23.24509272379625 22.42688704500079
197.0 23.246560265872304 22.427401872255306
197.4999999999999 23.248034425209653 22.427919226897252
198.0 23.249516878562382 22.428440490875715
198.5 23.250986420814144 22.42896227048687
198.9999999999999 23.25246625366431 22.429481313060528
199.5 23.253951452878518 22.43000981521969
200.0 23.25543769187293 22.430540861621118
200.4999999999999 23.256922948338776 22.431065252156483
201.0 23.2584079185885 22.43160755608116
201.5 23.259894232906145 22.432154444774767
201.9999999999999 23.261393954188332 22.43269195846439
202.5 23.262885212316906 22.433239756465234
203.0 23.264370094777608 22.43379260554447
203.4999999999999 23.265868019652917 22.434347088069796
204.0 23.26737126633917 22.43490223096776
204.5 23.26887510989696 22.435457765247925
204.9999999999999 23.270351872139138 22.43602019329563
205.5 23.27187638949194 22.43658794283629
206.0 23.27337272278747 22.437156170395355
206.4999999999999 23.27488457152723 22.437729742398798
207.0 23.276391766097973 22.43830214693255
207.5 23.277907577230522 22.43888730732096
207.9999999999999 23.279405555198906 22.439471471948163
208.5 23.280923104059706 22.44004923214202
209.0 23.282441086891744 22.440646320130337
209.4999999999999 23.283958979710167 22.44123153423039
210.0 23.28548299461193 22.441820128015756
210.5 23.286992085939442 22.442419456973926
210.9999999999999 23.288507838949847 22.4430215156525
211.5 23.29002715331729 22.4436316576317
212.0 23.291547797632294 22.444236288441918
212.4999999999999 23.29308413713532 22.444840651471786
213.0 23.294607413316616 22.445452875684055
213.5 23.296138532305868 22.44607301450396
213.9999999999999 23.29765492265215 22.446693915764925
214.5 23.29919067288078 22.44731660312275
215.0 23.30071965918 22.447940982808273
215.4999999999999 23.302253364392417 22.448573449846062
216.0 23.30378262228376 22.44920684812135
216.5 23.30532343747236 22.449838614396747
216.9999999999999 23.306853831502963 22.45048205983801
217.5 23.30838875981385 22.451124476064727
218.0 23.30992942787693 22.45176930129585
218.4999999999999 23.311470412065425 22.452425038800293
219.0 23.313015174549303 22.453071944200737
219.5 23.314558201892744 22.453724159966253
219.9999999999999 23.316095939548106 22.454393259394156
220.5 23.317643214635673 22.455055962078852
221.0 23.319193007063017 22.45572015081869
221.4999999999999 23.320748906034755 22.456399095597543
222.0 23.32230000742614 22.45706855663915
222.5 23.323854047246456 22.457747398327594
222.9999999999999 23.325418496011192 22.458427269213367
223.5 23.326962548208066 22.459119822443828
224.0 23.32852826950132 22.459804427490223
224.4999999999999 23.33008055601117 22.460492583171437
225.0 23.331658980155563 22.461189463588997
225.5 23.333219467155054 22.461892624148987
225.9999999999999 23.334783851501584 22.46259481794823
226.5 23.336344863967433 22.463299880839212
227.0 23.337915265569936 22.464003471365736
227.4999999999999 23.339481909293095 22.464718929349182
228.0 23.341057399512263 22.465436347810147
228.5 23.342631555993925 22.46615583867758
228.9999999999999 23.344212883713638 22.466883308015497
229.5 23.34579635560299 22.467611008121068
230.0 23.34737457878669 22.468334641497375
230.4999999999999 23.348964798128552 22.469064607312475
231.0 23.350542643764438 22.469804956093512
231.5 23.352125539390368 22.470544716645392
231.9999999999999 23.35372210033875 22.471290197930376
232.5 23.355305181054142 22.472039369317468
233.0 23.356893947478 22.47278509405087
233.4999999999999 23.358496015349118 22.4735426818537
234.0 23.360084285138576 22.474296008942996
234.5 23.361684652726442 22.475056217792655
234.9999999999999 23.36328860705737 22.47581874788141
235.5 23.36488778720184 22.47658320926127
236.0 23.36649500008141 22.477349903322867
236.4999999999999 23.368099408517352 22.478127005844073
237.0 23.369688359848997 22.47890487747199
237.5 23.371317692638918 22.479686974784407
237.9999999999999 23.372918555876836 22.480469636034897
238.5 23.374528527426477 22.48124767251586
239.0 23.37614098913449 22.482047979973792
239.4999999999999 23.377774651854825 22.482837501322372
240.0 23.379388131190673 22.483628229782294
240.5 23.381005987775065 22.484433158320844
240.9999999999999 23.382628351123348 22.485241001678467
241.5 23.384257899474715 22.486048365778135
242.0 23.385888344960428 22.48684458779274
242.4999999999999 23.38751862862267 22.487657206846695
243.0 23.389143712781095 22.488477199839924
243.5 23.39077617124672 22.489289870486534
243.9999999999999 23.39241594863024 22.49012186053722
244.5 23.39404368791402 22.490936333154504
245.0 23.39568721795579 22.491768592267004
245.4999999999999 23.397334408171982 22.492605848938297
246.0 23.398967922994963 22.493434555109914
246.5 23.40061629066918 22.49426752951767
246.9999999999999 23.402270844752906 22.49511261833284
247.5 23.40392753690708 22.495960148155287
248.0 23.405566988110692 22.496804638534556
248.4999999999999 23.407214999357095 22.497654540432613
249.0 23.40888380928555 22.498505675102525
249.5 23.41053312232923 22.499366967238924
249.9999999999999 23.41219333894736 22.500227449808833
250.5 23.41384732160529 22.501085934081445
251.0 23.415515617927145 22.50195650046181
251.4999999999999 23.417196299539413 22.502829926301064
252.0 23.418850989009613 22.503702854008928
252.5 23.420528777181584 22.504586076437704
252.9999999999999 23.422192084256693 22.50546877686287
253.5 23.423870580943618 22.506348791423378
254.0 23.425548922584134 22.50724552137101
254.4999999999999 23.427234407056083 22.50813577192052
255.0 23.42890292270222 22.50903702562791
255.5 23.430589395997877 22.50993062815155
255.9999999999999 23.432268814722228 22.510837382740895
256.5 23.433962001209046 22.511739960054868
257.0 23.435647233967188 22.512656508258694
257.4999999999999 23.43733627378937 22.513567961780275
258.0 23.43903833021671 22.514481883040524
258.5 23.440740163809473 22.515417971771985
258.9999999999999 23.442415128838388 22.51633856121201
259.5 23.44413032909842 22.517267303745783
260.0 23.445827223864626 22.51820195156718
260.4999999999999 23.447526331493698 22.519135255142736
261.0 23.449228061147664 22.52008116105213
261.5 23.45094409565139 22.521021248826955
261.9999999999999 23.45265156532328 22.521970491556953
262.5 23.454377356370326 22.52291874778638
263.0 23.45608147889671 22.523874301926035
263.4999999999999 23.457798714288277 22.52482475998482
264.0 23.45951214060808 22.525796497200346
264.5 23.46124037559299 22.526757517402118
264.9999999999999 23.462967832506628 22.527737743754294
265.5 23.464702798113603 22.528701302510456
266.0 23.466426228140435 22.529670687004433
266.4999999999999 23.46816026646178 22.53065320873833
267.0 23.469882925201077 22.531637797272552
267.5 23.471621877292435 22.532626292232845
267.9999999999999 23.473370316668113 22.533608298742106
268.5 23.47511784306767 22.53460420338284
269.0 23.476844184913027 22.53560478185429
269.4999999999999 23.478601132048517 22.536610493210645
270.0 23.480347244255526 22.53760584202379
270.5 23.482098562468643 22.53860867991203
270.9999999999999 23.48384979204272 22.53962483078219
271.5 23.485593724702426 22.54064214263668
272.0 23.487368942482547 22.54166414103608
272.4999999999999 23.489133300968525 22.542679630796513
273.0 23.4908902095089 22.543710745305518
273.5 23.49265434286479 22.544735874486804
273.9999999999999 23.494417088526408 22.545763081462344
274.5 23.49618643834053 22.546804848800562
275.0 23.497967258737532 22.547843145660135
275.4999999999999 23.49974789361248 22.54889282806529
276.0 23.501525259847252 22.549928201972524
276.5 23.503305943046943 22.55098261961257
276.9999999999999 23.50509089982478 22.552033434543482
277.5 23.50687469996601 22.553085617110604
278.0 23.508665050646265 22.55415421499814
278.4999999999999 23.510462540209463 22.555212414667825
279.0 23.51225912295583 22.556287815400474
279.5 23.514051338128592 22.5573493934534
279.9999999999999 23.515847405801317 22.558424172345717
280.5 23.51765494907715 22.559504781812375
281.0 23.51946374988635 22.560589854186883
281.4999999999999 23.521276766563986 22.561686066606512
282.0 23.523075331995805 22.562787831634147
282.5 23.52489802898492 22.563893615398097
282.9999999999999 23.526729501696707 22.5650006218913
283.5 23.528543700290342 22.566125008600896
284.0 23.53039474565969 22.567246517250858
284.4999999999999 23.532227744025928 22.568374077937975
285.0 23.53405947434288 22.569515088409005
285.5 23.535895599969795 22.570657394364734
285.9999999999999 23.537731000605415 22.571797781978734
286.5 23.5395723928487 22.57295510554703
287.0 23.541433066948233 22.574118921653096
287.4999999999999 23.54328627199395 22.575277384013475
288.0 23.54513725227266 22.576446780661747
288.5 23.546999400921305 22.577616927592004
288.9999999999999 23.548863056338412 22.578798920319127
289.5 23.550731552940242 22.579982434473216
290.0 23.552593397386353 22.581165659429754
290.4999999999999 23.55445911677116 22.582359660157092
291.0 23.55634077033332 22.583552942767483
291.5 23.55821712296756 22.584755445834958
291.9999999999999 23.560097097316547 22.585953885683505
292.5 23.56197470496927 22.587168741275864
293.0 23.56385704745085 22.588367632882502
293.4999999999999 23.565743735305293 22.589575921250923
294.0 23.567649452630967 22.590798730621945
294.5 23.56952926702517 22.59201468638857
294.9999999999999 23.57143121726144 22.59323220908174
295.5 23.573324323930343 22.59445958476141
296.0 23.57521986240872 22.595693234813933
296.4999999999999 23.57711513629691 22.596920632948375
297.0 23.579031161213194 22.598156675801558
297.5 23.58092819749031 22.599385776534074
297.9999999999999 23.582832163553228 22.60061805168554
298.5 23.584750613552355 22.601855231975307
