FastTrWP/PhaseSpace/IAs/snIa_0.70_30.00_-0.14_-0.01.csv
# %ECSV 0.9
# ---
# datatype:
# - {name: time-rel, datatype: float64}
# - {name: g, datatype: float64}
# - {name: i, datatype: float64}
# schema: astropy-2.0
time-rel g i
[from data line 2393]
1285.875 26.26669142783534 23.144478351338286
1286.375 26.267645550127348 23.145694268213894
1286.875 26.268575972204253 23.14688376808842
1287.375 26.269561807285736 23.148083337674624
1287.875 26.270486666712593 23.149282366503282
1288.375 26.2714247315176 23.150485314264664
1288.875 26.272340084952003 23.151680110569522
1289.375 26.27323211961031 23.15288249666438
1289.875 26.274136177454714 23.154079261645183
1290.375 26.274984825591368 23.1552787878168
1290.875 26.275883202150286 23.156479880931307
1291.375 26.276755169119234 23.157684746630174
1291.875 26.27758735597803 23.1588748893665
1292.375 26.278387801258557 23.160083002965205
1292.875 26.279227137050107 23.161271705264625
1293.375 26.280051898685887 23.162470593847594
1293.875 26.28075111534025 23.163666596107962
1294.375 26.281547068846418 23.164859201795025
1294.875 26.282325504591476 23.16606231688908
1295.375 26.283069360513124 23.167250582087632
1295.875 26.283758917117606 23.168452965502464
1296.375 26.284525968129593 23.169648475890845
1296.875 26.285254522509046 23.17084629031905
1297.375 26.28593915794419 23.172042170469073
1297.875 26.28664805400242 23.173230848547615
1298.375 26.287261707772622 23.17442639721427
1298.875 26.287942293317023 23.175616566246152
1299.375 26.28853164356815 23.17681125359476
1299.875 26.289182436356462 23.178006324178888
1300.375 26.289777542833065 23.17920758837298
1300.875 26.29040832465123 23.180392447296384
1301.375 26.290970835395985 23.181585642375495
1301.875 26.2915442214948 23.18277380155076
1302.375 26.29206718687266 23.183974153094653
1302.875 26.292639521930717 23.185154416837342
1303.375 26.29315392869572 23.186350644343563
1303.875 26.29367524853848 23.18754256100743
1304.375 26.294130628053672 23.188728513879774
1304.875 26.29461320085637 23.18991840286578
1305.375 26.295091213645698 23.19110832245512
1305.875 26.295563016986293 23.192299083198186
1306.375 26.295999815349475 23.193484604254337
1306.875 26.296427456314717 23.19467325559515
1307.375 26.296836443070713 23.195857173293835
1307.875 26.29716690986656 23.197044779627042
1308.375 26.297584961559338 23.198230285720594
1308.875 26.297940040960178 23.199422721746327
1309.375 26.29832158541348 23.20061005338208
1309.875 26.298635052806087 23.201796518662526
1310.375 26.298949237073657 23.20297913085855
1310.875 26.29926720103901 23.204158664956687
1311.375 26.29954830641085 23.205342127099303
1311.875 26.299858535350662 23.206539504447733
1312.375 26.300139623477612 23.207716948526027
1312.875 26.30041379652374 23.20890220062783
1313.375 26.300646909271045 23.21009310562504
1313.875 26.30089846830369 23.21126767465507
1314.375 26.301114057773866 23.21246386666452
1314.875 26.301315274658474 23.21363248812778
1315.375 26.301511293859633 23.214829576297348
1315.875 26.301665607118593 23.21601400904497
1316.375 26.301855816014506 23.21718990694869
1316.875 26.301955204146523 23.218365701829214
1317.375 26.302135211979856 23.21955631795867
1317.875 26.302251413210932 23.220754076678745
1318.375 26.302332215102517 23.22192850096828
1318.875 26.302486905983358 23.223094842376888
1319.375 26.302507385270953 23.224281174292987
1319.875 26.302572477309326 23.22545910553871
1320.375 26.302682946435464 23.22664146510773
1320.875 26.302712425224364 23.227821011690327
1321.375 26.30273348637557 23.22900355688827
1321.875 26.302762383496518 23.230184236044042
1322.375 26.302700336075702 23.23135158199478
1322.875 26.3027279179556 23.232538274935067
1323.375 26.302688592249297 23.23370803682473
1323.875 26.302626822634302 23.234888236278724
1324.375 26.302602288186364 23.236071817265366
1324.875 26.302520289799457 23.2372505947582
1325.375 26.30241744272943 23.238423061328156
1325.875 26.302314983602393 23.239597124467146
1326.375 26.302220215983652 23.240771981885562
1326.875 26.30206846380695 23.241941978429857
1327.375 26.30190812906578 23.243124922264688
1327.875 26.301782333465752 23.244283513961097
1328.375 26.301594381518093 23.245467425150412
1328.875 26.301429649572835 23.246640753639003
1329.375 26.301171149979453 23.247806051752093
1329.875 26.30099768355338 23.24897245240993
1330.375 26.30075642455315 23.250148124324216
1330.875 26.300486094263178 23.25131800821631
1331.375 26.300280068421642 23.252483544118473
1331.875 26.2999813028404 23.253664204737383
1332.375 26.299659350222036 23.254825424737547
1332.875 26.299336248913324 23.255995808397184
1333.375 26.299006158581882 23.25716234366996
1333.875 26.29871745839203 23.258332727563605
1334.375 26.298356902667535 23.259490549753174
1334.875 26.29793564050219 23.260655472318497
1335.375 26.29756922065393 23.261819367427403
1335.875 26.297192071898515 23.262987833472522
1336.375 26.296738370064098 23.264138944913718
1336.875 26.296346872063673 23.26531795002265
1337.375 26.295961530960817 23.266476062168373
1337.875 26.29546031128673 23.267636675610987
1338.375 26.294978037777877 23.26879474430895
1338.875 26.294464540250722 23.26995337956172
1339.375 26.29400190638034 23.271116270518934
1339.875 26.293432809493552 23.27226691375835
1340.375 26.292924697682494 23.27341584683863
1340.875 26.292361323175676 23.274577819587762
1341.375 26.291824959073224 23.275741749614504
1341.875 26.291188008187135 23.276897280776016
1342.375 26.290627858130687 23.27804595667702
1342.875 26.29000678727796 23.2791972730746
1343.375 26.289416639890376 23.280351463517942
1343.875 26.288776504467886 23.281506206889624
1344.375 26.288107380471985 23.28265805542766
1344.875 26.287400412947793 23.283806778363388
1345.375 26.28670776818447 23.284955640093557
1345.875 26.286067232346625 23.286098312870344
1346.375 26.28530823162788 23.287246930200396
1346.875 26.284591728382463 23.288393378065166
1347.375 26.283837001194122 23.28953957725249
1347.875 26.28308275684578 23.290689238496537
1348.375 26.282267143002024 23.291833815128264
1348.875 26.281443281761355 23.292971896879614
1349.375 26.28063780081569 23.294120210255187
1349.875 26.27975949318853 23.2952561910215
1350.375 26.278896426569812 23.29638278848381
1350.875 26.27800029426218 23.297523508798644
1351.375 26.27707628508409 23.29865566077306
1351.875 26.27601339412463 23.299787862214146
1352.375 26.275042341813833 23.3009259276604
1352.875 26.274021219539435 23.3020553104678
1353.375 26.272931491865886 23.30318117818246
1353.875 26.271860451550214 23.304305149804915
1354.375 26.270787357234482 23.305433253770403
1354.875 26.26960507101824 23.306556992016233
1355.375 26.26845063379583 23.30766890332905
1355.875 26.267293667858237 23.308804644447253
1356.375 26.26609978158062 23.309923385991446
1356.875 26.26488212239058 23.31103976885204
1357.375 26.26360969040625 23.312158296365254
1357.875 26.26240729777706 23.31327919852494
1358.375 26.261087480730843 23.314389120070725
1358.875 26.259792785075998 23.315506360754114
1359.375 26.25848218264668 23.316623384843126
1359.875 26.25718472538308 23.317740853978748
1360.375 26.255867483056576 23.318847442162834
1360.875 26.25447270256254 23.319956895719475
1361.375 26.25311865068356 23.321067823868983
1361.875 26.251705924714194 23.32217051524583
1362.375 26.250289314944517 23.32327533287335
1362.875 26.24887046190365 23.324387824068538
1363.375 26.24747158010088 23.325497898480677
1363.875 26.246041180672776 23.326604565205788
1364.375 26.244604361641226 23.327712332192352
1364.875 26.2431564821794 23.32880384114128
1365.375 26.241665612867124 23.329902241521804
1365.875 26.24021184270795 23.331013521199026
1366.375 26.238699492413936 23.33210888480656
1366.875 26.237230355067297 23.33321303394068
1367.375 26.23575004538694 23.33430845836861
1367.875 26.234218890854613 23.335405782299468
1368.375 26.232729083405882 23.336506115139933
1368.875 26.231212407606645 23.337603683801944
1369.375 26.229716790310384 23.338701181969167
1369.875 26.228198320221544 23.33981353904595
1370.375 26.226711420329455 23.340910121093103
1370.875 26.22517243103858 23.341996008731265
1371.375 26.223664669996474 23.34309441760531
1371.875 26.222120821115553 23.344183108252857
1372.375 26.22061647581102 23.345293003978945
1372.875 26.21906574580428 23.34638360391693
1373.375 26.21760788281849 23.34747599356541
1373.875 26.216048202896403 23.34856566140563
1374.375 26.21459220303487 23.34967271861308
1374.875 26.213063040064117 23.350767815317084
1375.375 26.21153951667567 23.351860358367592
1375.875 26.2100513201422 23.352951935813696
1376.375 26.20850203236118 23.354051584962605
1376.875 26.207065398055146 23.355137294097954
1377.375 26.205544323633134 23.35623846966383
1377.875 26.204094680084502 23.35733050759684
1378.375 26.202637687829714 23.35843252555285
1378.875 26.201194024038372 23.359528347678513
1379.375 26.19969537364396 23.360622793743882
1379.875 26.198297756563292 23.361723555849053
1380.375 26.19684036428634 23.36281007617153
1380.875 26.195406365024795 23.36390478907593
1381.375 26.194012566247213 23.364989291300677
1381.875 26.192618851305664 23.366104509348652
1382.375 26.191204707562715 23.36720331085898
1382.875 26.189832105560704 23.368302430481283
1383.375 26.188507427313663 23.369403526654796
1383.875 26.187141727669243 23.37049532380417
1384.375 26.185802251877696 23.37160044154739
1384.875 26.18446164722645 23.372703790225327
1385.375 26.18315154689437 23.37379692729847
1385.875 26.181918040605275 23.374906791521724
1386.375 26.180613449596464 23.376001980720588
1386.875 26.179324371982133 23.377115342794564
1387.375 26.17814618937213 23.378212704670077
1387.875 26.176916128671962 23.379313883112495
1388.375 26.175714315797386 23.380426377882507
1388.875 26.174515563044505 23.381529100818412
1389.375 26.173344787765615 23.38264182666188
1389.875 26.172162646911477 23.383747621585545
1390.375 26.171012793736587 23.384849838819918
1390.875 26.169801506102445 23.38595851801066
1391.375 26.168670045574487 23.38705963770764
1391.875 26.16747099044465 23.388173609596304
1392.375 26.1662423384537 23.389272564824893
1392.875 26.16505643034823 23.390382076618003
1393.375 26.163856877165852 23.391477444386588
1393.875 26.162623052248122 23.392575552293607
1394.375 26.16145939069915 23.39367967374374
1394.875 26.160233641732127 23.39479207226235
1395.375 26.158991256942706 23.39589346007385
1395.875 26.15776636537518 23.39698824414905
1396.375 26.15654184909221 23.398086640033988
1396.875 26.1553133706744 23.39919485469904
1397.375 26.154082768341937 23.400286598121077
1397.875 26.152853131398892 23.401390112405345
1398.375 26.151633841622086 23.402494434510338
1398.875 26.15040899809444 23.403604724899985
1399.375 26.149185385232165 23.40469009247213
1399.875 26.147969314636907 23.405785997523893
1400.375 26.14674340324674 23.40689404020024
1400.875 26.145538501864948 23.40798438302356
1401.375 26.144323962543975 23.409095970496207
1401.875 26.14313628915047 23.41019039507256
1402.375 26.141892978389517 23.411275629104196
1402.875 26.140709623486934 23.412368380399876
1403.375 26.139530723395644 23.413489554768287
1403.875 26.138285148211843 23.414567143611308
1404.375 26.137121972758596 23.415673364174978
1404.875 26.13591533148698 23.4167737250687
1405.375 26.134715613897157 23.41786872675797
1405.875 26.133525546503652 23.418976523798747
1406.375 26.132351518226393 23.420064290804707
1406.875 26.131213012313005 23.42116962906576
1407.375 26.130041277997865 23.422262391763095
1407.875 26.12890212849159 23.42336470534045
1408.375 26.12773432690053 23.42446184194047
1408.875 26.126590314026682 23.425564552011863
1409.375 26.12553488570819 23.426659349063907
1409.875 26.12441305055153 23.42775034437306
1410.375 26.123299615321756 23.42886572097197
1410.875 26.122177964054607 23.42996098360025
1411.375 26.121119765635452 23.431067887642634
1411.875 26.120018984151052 23.43217150264237
1412.375 26.118968925138006 23.433272638817403
1412.875 26.117896637161238 23.43437410491176
1413.375 26.116872846499373 23.435463843149662
1413.875 26.11583060727854 23.43656107205505
1414.375 26.114780713050724 23.43767911365612
1414.875 26.113820398784767 23.43877585014253
1415.375 26.11279705039431 23.439875690563888
1415.875 26.111780664834146 23.44097988649686
1416.375 26.1108818775444 23.442089407845117
1416.875 26.10990726567179 23.443190878421678
