FastTrWP/PhaseSpace/IAs/snIa_0.57_30.00_-0.37_-0.13.csv
# %ECSV 0.9
# ---
# datatype:
# - {name: time-rel, datatype: float64}
# - {name: g, datatype: float64}
# - {name: i, datatype: float64}
# schema: astropy-2.0
time-rel g i
[from data line 575]
429.6458333333333 23.36397741268229 22.8494491913883
430.1458333333333 23.36176313799518 22.847459303549055
430.64583333333326 23.35955966014575 22.84547527853473
431.1458333333333 23.357368070902428 22.84350136083969
431.6458333333333 23.35520509214007 22.841535903492087
432.14583333333326 23.353054019963075 22.839585993945413
432.6458333333333 23.35091027718387 22.837636725256907
433.1458333333333 23.348778766223802 22.835689045592954
433.64583333333326 23.346681619128262 22.833755920328002
434.1458333333333 23.344588730652028 22.83183092807822
434.6458333333333 23.342495401636878 22.829902842949963
435.14583333333326 23.340432081045996 22.827991943571927
435.6458333333333 23.338373517259914 22.82608871345007
436.1458333333333 23.336332703733515 22.82417695234357
436.64583333333326 23.334300700655916 22.822285009548974
437.1458333333333 23.33227930142464 22.820392698973112
437.6458333333333 23.330267694824055 22.818506096516558
438.14583333333326 23.328265478441736 22.816624106407595
438.6458333333333 23.326279540330596 22.81474482575961
439.1458333333333 23.324301870736264 22.812881089431272
439.64583333333326 23.322335682728603 22.811023191840505
440.1458333333333 23.32039095283132 22.809158684846906
440.6458333333333 23.318455094003482 22.80730561512474
441.14583333333326 23.316529220768313 22.805465987507525
441.6458333333333 23.314604912951804 22.803633319361477
442.1458333333333 23.312696583416287 22.801796218172843
442.64583333333326 23.31080525557295 22.799970362834642
443.1458333333333 23.308936527585246 22.798129666368006
443.6458333333333 23.30705745822303 22.79632428803009
444.14583333333326 23.30520293187542 22.794521408625815
444.6458333333333 23.30335201377388 22.79270774996521
445.1458333333333 23.301518459591776 22.790907081158487
445.64583333333326 23.299700922661863 22.789124171305698
446.1458333333333 23.297882905186924 22.78733654410244
446.6458333333333 23.296086928754693 22.78554387742364
447.14583333333326 23.294295682851214 22.78377663982015
447.6458333333333 23.292523957880768 22.782005582342038
448.1458333333333 23.290763296810603 22.78023848223053
448.64583333333326 23.289007415830053 22.778479977993168
449.1458333333333 23.28726514063151 22.776718184206025
449.6458333333333 23.28552805193308 22.774978077372396
450.14583333333326 23.28382389076976 22.773234762447146
450.6458333333333 23.282105337758363 22.771494413668222
451.1458333333333 23.280404735740888 22.769763682675183
451.64583333333326 23.278723235068735 22.768039535783164
452.1458333333333 23.27703885926395 22.766312400241745
452.6458333333333 23.275377869520085 22.764606802889084
453.14583333333326 23.27373141851361 22.762887388909483
453.6458333333333 23.272087215689936 22.761186123614713
454.1458333333333 23.27046247503757 22.75948787528227
454.64583333333326 23.268838989539965 22.757793124136022
455.1458333333333 23.267240348835223 22.756114929546403
455.6458333333333 23.265639404159472 22.75442510764842
456.14583333333326 23.264060153604134 22.752748130967106
456.6458333333333 23.26248775812327 22.751077302749657
457.1458333333333 23.26092741698412 22.749408158401394
457.64583333333326 23.25937008672479 22.747754150151557
458.1458333333333 23.257840061605265 22.746094876666618
458.6458333333333 23.256310167664125 22.744439937224175
459.14583333333326 23.254792986585283 22.742808513202064
459.6458333333333 23.253286150903083 22.74116092444411
460.1458333333333 23.251794488853044 22.739529616398436
460.64583333333326 23.25029379503432 22.73790296385706
461.1458333333333 23.24883814274227 22.736277708875132
461.6458333333333 23.24737882317085 22.73466018457424
462.14583333333326 23.245914497783765 22.73303968218926
462.6458333333333 23.24449741008866 22.731436736394656
463.1458333333333 23.243067154816085 22.729837630247708
463.64583333333326 23.241644867786878 22.728233741132037
464.1458333333333 23.24023755117043 22.726653859748286
464.6458333333333 23.238846950577624 22.725054740252382
465.14583333333326 23.237466837909622 22.723482484953106
465.6458333333333 23.2360864437595 22.721902714863816
466.1458333333333 23.234733751307495 22.720330588696925
466.64583333333326 23.23338742436034 22.71877436744481
467.1458333333333 23.232044888940496 22.717212610311293
467.6458333333333 23.230714304065373 22.715652896857435
468.14583333333326 23.229393957057063 22.71410385717254
468.6458333333333 23.22808868582072 22.712563367846936
469.1458333333333 23.226799045986695 22.711021630921138
469.64583333333326 23.22550798405762 22.709484780271477
470.1458333333333 23.224241539405497 22.707953128549036
470.6458333333333 23.222979402711292 22.706434058086842
471.14583333333326 23.2217260330263 22.704915162734647
471.6458333333333 23.22048708982141 22.703395014369228
472.1458333333333 23.219253226632564 22.70188168779516
472.64583333333326 23.218030094446227 22.700383776146857
473.1458333333333 23.21681112320246 22.698876597046738
473.6458333333333 23.215604364785356 22.697378787284677
474.14583333333326 23.214409866092204 22.69588815647452
474.6458333333333 23.213213832918882 22.694398249260868
475.1458333333333 23.21204961329421 22.692915375991845
475.64583333333326 23.210879230428336 22.691436185087895
476.1458333333333 23.20970932575665 22.68996380401606
476.6458333333333 23.20857423895339 22.688491414013228
477.14583333333326 23.20742564366061 22.68702394429605
477.6458333333333 23.206287554956397 22.685566942362435
478.1458333333333 23.20516925390161 22.684115197731654
478.64583333333326 23.204049682005255 22.682662104646813
479.1458333333333 23.20295110966424 22.681209728470574
479.6458333333333 23.201852562452913 22.67976573491233
480.14583333333326 23.20076561516357 22.678332109653752
480.6458333333333 23.199690321467056 22.676893229790906
481.1458333333333 23.198626323732256 22.67547035554688
481.64583333333326 23.19756968667532 22.674034932141723
482.1458333333333 23.196523157817886 22.672621032640397
482.6458333333333 23.195485760809376 22.671209233867977
483.14583333333326 23.194451362271526 22.669791876313017
483.6458333333333 23.193427118529893 22.668388951521806
484.1458333333333 23.192424195382483 22.666985939558842
484.64583333333326 23.19142346199275 22.665588986332494
485.1458333333333 23.19042254489528 22.664191763762048
485.6458333333333 23.18945564761306 22.662805411763244
486.14583333333326 23.188472784819755 22.661423779882703
486.6458333333333 23.187517965365004 22.660043377840516
487.1458333333333 23.186570632573087 22.658656750875608
487.64583333333326 23.185627552465576 22.657298278624232
488.1458333333333 23.184688969525872 22.655927738118315
488.6458333333333 23.183770177565574 22.65456088734775
489.1458333333333 23.182853548118576 22.65320659050567
489.6458333333333 23.181952598547877 22.651851511133096
490.1458333333333 23.181054463219436 22.650508412211828
490.6458333333333 23.18016145343404 22.649160581570005
491.1458333333333 23.179295794564446 22.6478207618834
491.6458333333333 23.178417983049687 22.646489189086644
492.1458333333333 23.177574414454103 22.645156524806506
492.6458333333333 23.176721269626704 22.643824827644828
493.1458333333333 23.1758902260815 22.642498926223297
493.6458333333333 23.175068179103967 22.641187359478344
494.1458333333333 23.174250550895984 22.639874970055914
494.6458333333333 23.173439755956696 22.63856195619165
495.1458333333333 23.172641977949866 22.637261680133783
495.6458333333333 23.171873270706467 22.63596240450013
496.1458333333333 23.171086589767768 22.634664933134353
496.6458333333333 23.17031468426018 22.63338535916029
497.1458333333333 23.169562172004174 22.632092973479672
497.6458333333333 23.16880755245692 22.630810877240265
498.1458333333333 23.16808771402151 22.629526824651805
498.6458333333333 23.167354720876602 22.628254641658103
499.1458333333333 23.166636820613697 22.626988473035855
499.6458333333333 23.1659279671836 22.625723509127518
500.1458333333333 23.165240813812247 22.624465079879585
500.6458333333333 23.164544852099162 22.623211104054842
501.1458333333333 23.163861711616587 22.62195791413204
501.6458333333333 23.16320793107002 22.620713955403865
502.1458333333333 23.162554544598358 22.61947808631082
502.6458333333333 23.16189602100625 22.618229639093
503.1458333333333 23.161270768581474 22.616994151277936
503.6458333333333 23.160656784440587 22.61577430465546
504.1458333333333 23.160035306502643 22.61455113269715
504.6458333333333 23.15942940606691 22.6133288992955
505.1458333333333 23.15884110373013 22.612109318348526
505.6458333333333 23.1582518175966 22.610907130979967
506.1458333333333 23.157679132663667 22.609691880369937
506.6458333333333 23.157118726854033 22.608497040784744
507.1458333333333 23.156562655030463 22.607294722991686
507.6458333333333 23.156023697537126 22.606100644267222
508.1458333333333 23.155491916794592 22.604917286210792
508.6458333333333 23.154969718328495 22.60373456653665
509.1458333333333 23.154464210369518 22.60255623569631
509.6458333333333 23.153962224954718 22.60138266767715
510.1458333333333 23.153477257852707 22.600200734319905
510.6458333333333 23.15299890632364 22.599035344090375
511.1458333333333 23.15254182027391 22.5978800851396
511.6458333333333 23.15207755834628 22.596707237549293
512.1458333333334 23.151646412352527 22.59555600811755
512.6458333333334 23.151208314994484 22.594409949736285
513.1458333333334 23.150795144248725 22.593256933714304
513.6458333333334 23.15038446500893 22.59211040384011
514.1458333333334 23.149981962938075 22.590977221350315
514.6458333333334 23.149591720686388 22.58983784652571
515.1458333333334 23.14921154040215 22.588707479128466
515.6458333333334 23.14884675914486 22.587584973664804
516.1458333333334 23.148477409850937 22.58644763073373
516.6458333333334 23.148138295005705 22.58533130868809
517.1458333333334 23.147795983665347 22.58421634791359
517.6458333333334 23.14746712911156 22.583106387360765
518.1458333333334 23.147141126684044 22.581989013171338
518.6458333333334 23.146834085922073 22.580887049189183
519.1458333333334 23.14653293049842 22.579783147565664
519.6458333333334 23.146244166917768 22.578690852182785
520.1458333333334 23.145960649999374 22.577604716796106
520.6458333333334 23.14568955144843 22.57651115275997
521.1458333333334 23.145422751313028 22.5754201002338
521.6458333333334 23.145166374345088 22.57432927725816
522.1458333333334 23.14493024667601 22.57325725604653
522.6458333333334 23.144687732195944 22.57218605877799
523.1458333333334 23.144464649163332 22.57112146173247
523.6458333333334 23.144248644979246 22.570055591292064
524.1458333333334 23.14403391629821 22.568995361286728
524.6458333333334 23.143830906875532 22.56792925559298
525.1458333333334 23.143643656327228 22.56687231669135
525.6458333333334 23.143458789161894 22.565828931873817
526.1458333333334 23.143292340473486 22.564774046192483
526.6458333333334 23.143120036772213 22.563733988681435
527.1458333333334 23.14295873198873 22.562691586133884
527.6458333333334 23.142810091684574 22.561655954591412
528.1458333333334 23.14266798340868 22.560615874604316
528.6458333333334 23.14253635596387 22.559581998660324
529.1458333333334 23.14241530849937 22.55856361251695
529.6458333333334 23.1422865271933 22.55754734749341
530.1458333333334 23.142174337397712 22.556529375843454
530.6458333333334 23.142078461060485 22.55551518102544
531.1458333333334 23.14198915716137 22.554498663643376
531.6458333333334 23.141900677194933 22.55349937841709
532.1458333333334 23.141812204072995 22.552492152586993
532.6458333333334 23.141744551338693 22.5514953394526
533.1458333333334 23.141681292514207 22.55050847574583
533.6458333333334 23.14162137926225 22.549511884088798
534.1458333333334 23.14157060415215 22.548532581572736
534.6458333333334 23.14152660082854 22.547539308394686
535.1458333333334 23.14149659790402 22.546556224036983
535.6458333333334 23.141456202918164 22.545575688105416
536.1458333333334 23.14144122058865 22.544601063108765
536.6458333333334 23.141430918535878 22.543636925034164
537.1458333333334 23.141415864901546 22.542664839151968
537.6458333333334 23.141417066341795 22.541711214102857
538.1458333333334 23.141423415548324 22.540750441643343
538.6458333333334 23.141427273872587 22.539789845177893
539.1458333333334 23.14145136041009 22.53883872748135
539.6458333333334 23.141481463778444 22.537894331145374
540.1458333333334 23.141510301559343 22.536953241618534
540.6458333333334 23.141544123207343 22.536011088568586
541.1458333333334 23.14158962600642 22.535075270685716
541.6458333333334 23.14164165323057 22.534136843364436
542.1458333333334 23.141687007643476 22.533207508360746
542.6458333333334 23.14175070397741 22.532282352464705
543.1458333333334 23.141818586330775 22.53135980428256
543.6458333333334 23.141889206949745 22.53044121909665
544.1458333333334 23.141957396496725 22.52953086519122
544.6458333333334 23.14205265142348 22.528614138276765
545.1458333333334 23.142146015768933 22.527699520667305
545.6458333333334 23.1422465028579 22.52680128749587
546.1458333333334 23.14234546465425 22.525904223770006
546.6458333333334 23.142458199626468 22.52499790731198
547.1458333333334 23.142580850122798 22.52410528366848
547.6458333333334 23.142714830494352 22.52321521767787
548.1458333333334 23.1428570707755 22.52233041591651
548.6458333333334 23.14302032858209 22.521447286535988
549.1458333333334 23.143182935643146 22.520560044515538
549.6458333333334 23.143363615670754 22.519685211937443
550.1458333333334 23.143548471876688 22.518815301002363
550.6458333333334 23.143743997053253 22.517947371492184
551.1458333333334 23.14395403220206 22.517077936783565
551.6458333333334 23.144161616280307 22.516214990623496
552.1458333333334 23.144395115734703 22.515357459492996
552.6458333333334 23.144639117461114 22.514501555038905
553.1458333333334 23.14489517008848 22.513657007797168
553.6458333333334 23.14515102146477 22.51279821263347
554.1458333333334 23.145407187199073 22.511953110017853
554.6458333333334 23.14568011262754 22.51111573945524
555.1458333333334 23.14596630185415 22.510272908513098
555.6458333333334 23.146260593392928 22.50944024320144
556.1458333333334 23.14655498262045 22.508602581816568
556.6458333333334 23.146863923151205 22.5077691175861
557.1458333333334 23.147178851401318 22.50694258720284
557.6458333333334 23.147500019777574 22.50612973157944
558.1458333333334 23.1478308197125 22.505312383412367
558.6458333333334 23.14817091206133 22.504499025541666
559.1458333333334 23.148528030097708 22.503686720347446
559.6458333333334 23.148877628072096 22.502871546250695
560.1458333333334 23.149238549346936 22.502064314059275
560.6458333333334 23.149603925982383 22.50126811300236
561.1458333333334 23.149968470431812 22.500461718414307
561.6458333333334 23.150363757106778 22.49966832901212
562.1458333333334 23.150745325751195 22.498875406090747
562.6458333333334 23.151130497178443 22.498087372087554
563.1458333333334 23.151536779757723 22.497298036159496
563.6458333333334 23.151939388922354 22.496509891544218
564.1458333333334 23.15236289876932 22.495733436294604
564.6458333333334 23.15277545739143 22.494963632390068
565.1458333333334 23.153192693602655 22.49419006190553
565.6458333333334 23.153617627973805 22.493413284022495
566.1458333333334 23.154053454880344 22.492646296485034
566.6458333333334 23.15448458497654 22.49187945448014
567.1458333333334 23.15493607489262 22.49111996485076
567.6458333333334 23.15536848146405 22.4903589424019
568.1458333333334 23.155819617035544 22.48960202399182
568.6458333333334 23.15627142894977 22.48885547810349
569.1458333333334 23.156736682145343 22.488105289774115
569.6458333333334 23.15720087492187 22.48735756266379
570.1458333333334 23.157661449573943 22.486606068661594
570.6458333333334 23.158130254784652 22.485874089186105
571.1458333333334 23.158608071427288 22.48513654843307
571.6458333333334 23.159080499360563 22.4843964053767
572.1458333333334 23.159557289502 22.483672713311368
572.6458333333334 23.16004075930055 22.48293683524723
573.1458333333334 23.160525803176377 22.482212729440512
