FastTrWP/PhaseSpace/IAs/snIa_0.4_20_1_-0.1.csv
# %ECSV 0.9
# ---
# datatype:
# - {name: time-rel, datatype: float64}
# - {name: g, datatype: float64}
# - {name: i, datatype: float64}
# schema: astropy-2.0
time-rel g i
[from data line 2501]
1235.4583333333333 -24.556780773371315 -26.56480637443343
1235.9583333333333 -24.555162363344106 -26.564242123192816
1236.4583333333333 -24.55356376005604 -26.563673476407562
1236.9583333333333 -24.551982943662686 -26.5631132406602
1237.4583333333333 -24.55036535537706 -26.562529381335942
1237.9583333333333 -24.548778259369307 -26.561963502814
1238.4583333333333 -24.547165674328095 -26.56140196918284
1238.9583333333333 -24.5455902789973 -26.5608347985485
1239.4583333333333 -24.54396884051174 -26.560269403748475
1239.9583333333333 -24.542385902829853 -26.559700471990688
1240.4583333333333 -24.54080180936931 -26.55913711401204
1240.9583333333333 -24.53925495037169 -26.558578910234797
1241.4583333333333 -24.5376703303803 -26.55801451872959
1241.9583333333333 -24.53608695411736 -26.557441071668116
1242.4583333333333 -24.534522000918187 -26.556877822425253
1242.9583333333333 -24.53294365247714 -26.556302861401846
1243.4583333333333 -24.531396550806626 -26.55574831390012
1243.9583333333333 -24.529825540425747 -26.55517826206931
1244.4583333333333 -24.528264077207357 -26.554610682988162
1244.9583333333333 -24.52674956853658 -26.554048276626453
1245.4583333333333 -24.525187492377757 -26.553484324374583
1245.9583333333333 -24.52364639554743 -26.55291725897545
1246.4583333333333 -24.522108344184687 -26.552353525199827
1246.9583333333333 -24.520576933967035 -26.551785932118186
1247.4583333333333 -24.519041898478786 -26.551221972612815
1247.9583333333333 -24.51753392442335 -26.550663841766763
1248.4583333333333 -24.515978215260926 -26.55011155120865
1248.9583333333333 -24.51447007185697 -26.549543562585917
1249.4583333333333 -24.512974662666846 -26.548976852083833
1249.9583333333333 -24.5114567662395 -26.548417729715084
1250.4583333333333 -24.50991991024731 -26.54785484637115
1250.9583333333333 -24.50843905448188 -26.547299231015543
1251.4583333333333 -24.50693113210263 -26.546729079694135
1251.9583333333333 -24.505421144906396 -26.5461648568577
1252.4583333333333 -24.503927713626116 -26.545605604386463
1252.9583333333333 -24.502419499878947 -26.54504481994646
1253.4583333333333 -24.50093954158958 -26.544485390680276
1253.9583333333333 -24.49946751607904 -26.543922799247305
1254.4583333333333 -24.497970811919345 -26.54337238244581
1254.9583333333333 -24.496508616976158 -26.54279302518703
1255.4583333333333 -24.495019191541978 -26.542241913953603
1255.9583333333333 -24.493562103263717 -26.54168775632162
1256.4583333333333 -24.492094092275117 -26.541120219989004
1256.9583333333333 -24.490640578074817 -26.540560683438372
1257.4583333333333 -24.489140666367135 -26.540005655086404
1257.9583333333333 -24.487694340358566 -26.539451436499828
1258.4583333333333 -24.486267864555135 -26.538889453681108
1258.9583333333333 -24.48479934147782 -26.538325532810035
1259.4583333333333 -24.483335373868695 -26.537764295674243
1259.9583333333333 -24.481907999666607 -26.537216752002983
1260.4583333333333 -24.480463734718533 -26.53666130377456
1260.9583333333333 -24.479013643094042 -26.53609968819954
1261.4583333333333 -24.477589979818724 -26.535541828284916
1261.9583333333333 -24.47615764946997 -26.534991090546338
1262.4583333333333 -24.474715733526033 -26.53443995052521
1262.9583333333333 -24.473302692181242 -26.533871878809094
1263.4583333333333 -24.471884507566987 -26.533321981088864
1263.9583333333333 -24.47049021456422 -26.53276886570203
1264.4583333333333 -24.469037607733895 -26.532205519067453
1264.9583333333333 -24.46765078473109 -26.531651770242796
1265.4583333333333 -24.466209329347116 -26.531099000443813
1265.9583333333333 -24.464804740184604 -26.53054422401611
1266.4583333333333 -24.46340382062205 -26.529988075919615
1266.9583333333333 -24.462003920929728 -26.529441573994013
1267.4583333333333 -24.460625397948238 -26.528885091565783
1267.9583333333333 -24.4592276502815 -26.528327284661117
1268.4583333333333 -24.457840076583945 -26.527779382609108
1268.9583333333333 -24.456454447428335 -26.52722394269409
1269.4583333333333 -24.455069940656635 -26.52667120036975
1269.9583333333333 -24.45369258732662 -26.526116797450555
1270.4583333333333 -24.452315479371872 -26.525563279448296
1270.9583333333333 -24.45093960662103 -26.525012130528516
1271.4583333333333 -24.44958431709926 -26.52446960904858
1271.9583333333333 -24.448202097534654 -26.523915049694185
1272.4583333333333 -24.446860990436754 -26.523364565607555
1272.9583333333333 -24.44546634212523 -26.522813581282687
1273.4583333333333 -24.444121595340636 -26.522258674067402
1273.9583333333333 -24.442770686264915 -26.52171927904011
1274.4583333333333 -24.441456460192015 -26.521166751545287
1274.9583333333333 -24.44011768966665 -26.520617579283634
1275.4583333333333 -24.438799439792575 -26.520066148574756
1275.9583333333333 -24.437434457143933 -26.51952284957001
1276.4583333333333 -24.43612069362682 -26.518981306366353
1276.9583333333333 -24.434798917786363 -26.518432655093562
1277.4583333333333 -24.43348186471967 -26.51788931834418
1277.9583333333333 -24.43219275351762 -26.517342227526463
1278.4583333333333 -24.430880954959786 -26.516801506028184
1278.9583333333333 -24.42959288561253 -26.516261117232478
1279.4583333333333 -24.428270456471324 -26.51572184475353
1279.9583333333333 -24.426994853867377 -26.515165100291085
1280.4583333333333 -24.425696424398225 -26.514630503768583
1280.9583333333333 -24.42444418485166 -26.514083899784303
1281.4583333333333 -24.42318215398856 -26.513543245487785
1281.9583333333333 -24.421845204769483 -26.51300096716851
1282.4583333333333 -24.420584598975235 -26.51247323417586
1282.9583333333333 -24.41933550873052 -26.51191804816504
1283.4583333333333 -24.418060266813576 -26.511387476339753
1283.9583333333333 -24.416810093945177 -26.510836452587974
1284.4583333333333 -24.41556340599623 -26.510300979624482
1284.9583333333333 -24.414295440807194 -26.50976416984463
1285.4583333333333 -24.41305836289601 -26.509219204294723
1285.9583333333333 -24.411818677859102 -26.508682581667724
1286.4583333333333 -24.41057586892579 -26.50814750646598
1286.9583333333333 -24.409330963400144 -26.507600842751586
1287.4583333333333 -24.408103023748815 -26.507053857613528
1287.9583333333333 -24.406918399673188 -26.50652260780745
1288.4583333333333 -24.405667841098495 -26.505975355648697
1288.9583333333333 -24.404387733159638 -26.505445663543618
1289.4583333333333 -24.40322780450401 -26.50490947322327
1289.9583333333333 -24.402030996416325 -26.5043702489087
1290.4583333333333 -24.40078685112666 -26.503832365877336
1290.9583333333333 -24.399578750761407 -26.50329440183494
1291.4583333333333 -24.39839841462282 -26.502754489158733
1291.9583333333333 -24.397192813029275 -26.502211331682975
1292.4583333333333 -24.39599570633621 -26.50166617646551
1292.9583333333333 -24.394793218116455 -26.501136768015122
1293.4583333333333 -24.3935985430574 -26.50059903568334
1293.9583333333333 -24.392415209032517 -26.50005394992066
1294.4583333333333 -24.3912307975161 -26.499514567177457
1294.9583333333333 -24.390073211917112 -26.498982514266913
1295.4583333333333 -24.388868373000122 -26.498432342456113
1295.9583333333333 -24.387673835444005 -26.49790017605693
1296.4583333333333 -24.386506591366526 -26.497362590961405
1296.9583333333333 -24.38533707982789 -26.496830762218373
1297.4583333333333 -24.384137967116168 -26.496283230874166
1297.9583333333333 -24.383010917741565 -26.495740050535428
1298.4583333333333 -24.38185891100283 -26.495200576472172
1298.9583333333333 -24.380666915504314 -26.49465977114644
1299.4583333333333 -24.379517561417686 -26.49411226519417
1299.9583333333333 -24.378365062314117 -26.493580847062553
1300.4583333333333 -24.37718188400932 -26.49304259550663
1300.9583333333333 -24.37603335766498 -26.492494175249995
1301.4583333333333 -24.374917374193746 -26.491957197383048
1301.9583333333333 -24.373767848053653 -26.491408351892108
1302.4583333333333 -24.37259778333299 -26.490864609959228
1302.9583333333333 -24.3714477521579 -26.49031781973683
1303.4583333333333 -24.370337291199444 -26.489782816030143
1303.9583333333333 -24.36917771847257 -26.48922916563427
1304.4583333333333 -24.368045433355586 -26.488687969858514
1304.9583333333333 -24.366900702210515 -26.488146198406696
1305.4583333333333 -24.365791371750298 -26.487596190090336
1305.9583333333333 -24.36466230704211 -26.487058012804788
1306.4583333333333 -24.363516479064437 -26.486512478517984
1306.9583333333333 -24.362407117754724 -26.48595856087045
1307.4583333333333 -24.361272143273244 -26.485415920060518
1307.9583333333333 -24.360177597719655 -26.48487245407439
1308.4583333333333 -24.359071868524033 -26.484337356141268
1308.9583333333333 -24.357980260511148 -26.483793631483135
1309.4583333333333 -24.356880023152797 -26.483254257760965
1309.9583333333333 -24.355812676941063 -26.48271540907565
1310.4583333333333 -24.354701882150508 -26.48217277032399
1310.9583333333333 -24.35362420560609 -26.481627639625486
1311.4583333333333 -24.35256823397315 -26.481095500907024
1311.9583333333333 -24.351458319272744 -26.480545301156685
1312.4583333333333 -24.35042632409261 -26.480008466478143
1312.9583333333333 -24.349367449194084 -26.47946737383764
1313.4583333333333 -24.348309239656864 -26.478926695516396
1313.9583333333333 -24.347256812841266 -26.478383234708435
1314.4583333333333 -24.346187347655995 -26.477850495590634
1314.9583333333333 -24.345143821968538 -26.477321575117774
1315.4583333333333 -24.34412385977826 -26.47677476053216
1315.9583333333333 -24.343061940603565 -26.476248405091138
1316.4583333333333 -24.342014549962812 -26.47569460941247
1316.9583333333333 -24.340970685671827 -26.475156135579564
1317.4583333333333 -24.3399600312408 -26.474617026254435
1317.9583333333333 -24.338931710008907 -26.474083783190203
1318.4583333333333 -24.337903674726608 -26.473535170869916
1318.9583333333333 -24.336895193108845 -26.473001979211258
1319.4583333333333 -24.3358826128227 -26.472459640644367
1319.9583333333333 -24.334812543146857 -26.47191590502007
1320.4583333333333 -24.333846356018164 -26.47136405063562
1320.9583333333333 -24.332814080676002 -26.470824831667947
1321.4583333333333 -24.331825811787596 -26.470275948314956
1321.9583333333333 -24.33080559540882 -26.4697426123943
1322.4583333333333 -24.329825360956335 -26.469206951090825
1322.9583333333333 -24.3288333218303 -26.46865603449517
1323.4583333333333 -24.327822536257404 -26.4681145628446
1323.9583333333333 -24.32681342302957 -26.467570735712876
1324.4583333333333 -24.32585039438216 -26.46703071662277
1324.9583333333333 -24.324852471163368 -26.466476887427923
1325.4583333333333 -24.323867826284395 -26.465925306754126
1325.9583333333333 -24.322842717610243 -26.465383494181737
1326.4583333333333 -24.321900641522305 -26.464836893368982
1326.9583333333333 -24.320915086801854 -26.464281692892317
1327.4583333333333 -24.319911191674592 -26.46374608518545
1327.9583333333333 -24.318926068926515 -26.46318756411874
1328.4583333333333 -24.31796880243517 -26.462640218243465
1328.9583333333333 -24.316971402631783 -26.462078662381465
1329.4583333333333 -24.316035610222567 -26.461530096591424
1329.9583333333333 -24.315059474582526 -26.460973751735946
1330.4583333333333 -24.31408008753199 -26.460421933201403
1330.9583333333333 -24.313098204991658 -26.459861659728663
1331.4583333333333 -24.312151108971403 -26.459303738098285
1331.9583333333333 -24.311149179588952 -26.45873847296906
1332.4583333333333 -24.310180423345244 -26.458189080868934
1332.9583333333333 -24.309210260479944 -26.45763497118413
1333.4583333333333 -24.308263140588103 -26.45706567150939
1333.9583333333333 -24.307273546922804 -26.45650461185568
1334.4583333333333 -24.306303776300034 -26.455937542701445
1334.9583333333333 -24.305334931820546 -26.455373870151924
1335.4583333333333 -24.304382187805146 -26.454799821638627
1335.9583333333333 -24.303404552601684 -26.454228287383263
1336.4583333333333 -24.302447232489296 -26.453672929049354
1336.9583333333333 -24.30149920085968 -26.453094529430054
1337.4583333333333 -24.300521594097244 -26.452514980682487
1337.9583333333333 -24.29953099726893 -26.451949745779253
1338.4583333333333 -24.298595432498708 -26.451373157275825
1338.9583333333333 -24.29759075021059 -26.450793808999858
1339.4583333333333 -24.296654913982913 -26.45022174518931
1339.9583333333333 -24.295705733725903 -26.44963223501097
1340.4583333333333 -24.294733850140652 -26.44905963349103
1340.9583333333333 -24.293766218802006 -26.448473033692533
1341.4583333333333 -24.29280860864082 -26.44789325456304
1341.9583333333333 -24.291860374528007 -26.44730592501142
1342.4583333333333 -24.29091261115945 -26.44671972523286
1342.9583333333333 -24.28995204955505 -26.44613914579621
1343.4583333333333 -24.289022139681244 -26.445547887135422
1343.9583333333333 -24.28806200751376 -26.44496385500299
1344.4583333333333 -24.287116399965104 -26.44437749308778
1344.9583333333333 -24.286155628537713 -26.443782344877004
1345.4583333333333 -24.285204778002214 -26.44320582752572
1345.9583333333333 -24.28431643640181 -26.442608586198414
1346.4583333333333 -24.283367790035438 -26.442028454434872
1346.9583333333333 -24.282434990021642 -26.44143403726237
1347.4583333333333 -24.28148139047461 -26.44083310646153
1347.9583333333333 -24.28058421247391 -26.440230812436667
1348.4583333333333 -24.279628831360554 -26.43964566136249
1348.9583333333333 -24.27866813837835 -26.43904110008494
1349.4583333333333 -24.27774586972868 -26.43846085039771
1349.9583333333333 -24.276832990982832 -26.437848311931592
1350.4583333333333 -24.275932590745732 -26.437254652452587
1350.9583333333333 -24.27499179824144 -26.43666212904439
1351.4583333333333 -24.274073308770845 -26.436055780596153
1351.9583333333333 -24.273168762956065 -26.435454579151617
1352.4583333333333 -24.27223683388877 -26.43485410921332
1352.9583333333333 -24.27136667315198 -26.43424991750264
1353.4583333333333 -24.2704487552222 -26.433645975681607
1353.9583333333333 -24.26951582916884 -26.433039639419235
1354.4583333333333 -24.268592978741314 -26.43245117053935
1354.9583333333333 -24.26769341955712 -26.431840579253986
1355.4583333333333 -24.26680645511682 -26.43123152665286
1355.9583333333333 -24.26590959442433 -26.430614845515738
1356.4583333333333 -24.264978382306943 -26.42999780646726
1356.9583333333333 -24.264097269839972 -26.429390167330865
1357.4583333333333 -24.263189549902947 -26.428774099711042
1357.9583333333333 -24.262294894568942 -26.428172921375893
1358.4583333333333 -24.261407566500562 -26.427560540157813
1358.9583333333333 -24.260502925427964 -26.426949752285637
1359.4583333333333 -24.259602289692197 -26.426326745712334
1359.9583333333333 -24.258697130991344 -26.425709587615536
1360.4583333333333 -24.25783141688243 -26.425095666645447
1360.9583333333333 -24.256924122624074 -26.424482545294698
1361.4583333333333 -24.25605288124811 -26.423860117066376
1361.9583333333333 -24.255131886257647 -26.423242569561985
1362.4583333333333 -24.25426246813027 -26.422625398816564
1362.9583333333333 -24.2534163817244 -26.422015901639092
1363.4583333333333 -24.252489529172564 -26.421391862846576
1363.9583333333333 -24.251658007117165 -26.42076156656941
1364.4583333333333 -24.250747606301296 -26.420145194400053
1364.9583333333333 -24.249875470175724 -26.41952912826927
1365.4583333333333 -24.24901095851419 -26.418901331140884
1365.9583333333333 -24.248144009965728 -26.418279198854915
1366.4583333333333 -24.247253087414094 -26.41765810574769
1366.9583333333333 -24.246383759350874 -26.4170274021209
1367.4583333333333 -24.24551610814168 -26.41640465609005
1367.9583333333333 -24.24466294961175 -26.415761309316807
1368.4583333333333 -24.24377911747004 -26.415143836171723
1368.9583333333333 -24.242935353002075 -26.41451628287676
1369.4583333333333 -24.242027349683383 -26.413870765257773
1369.9583333333333 -24.241224981067 -26.413250563999476
1370.4583333333333 -24.240323051095167 -26.41262666749695
1370.9583333333333 -24.239451018763745 -26.41198540835842
1371.4583333333333 -24.238607700198855 -26.411360456964648
1371.9583333333333 -24.237766031898943 -26.41071415296039
