FastTrWP/PhaseSpace/IAs/snIa_0.47_30.00_-0.38_0.08.csv
# %ECSV 0.9
# ---
# datatype:
# - {name: time-rel, datatype: float64}
# - {name: g, datatype: float64}
# - {name: i, datatype: float64}
# schema: astropy-2.0
time-rel g i
[from data line 1771]
478.5 24.860014005169102 22.749470297110527
479.0 24.862030763454946 22.750399244906887
479.5 24.86405528336933 22.751329993709028
480.0 24.866083836420977 22.75225503696506
480.5 24.868114161492457 22.753182155173345
481.0 24.870124833924955 22.75410608952457
481.5 24.87217034685543 22.75504081800662
482.0 24.874212146102078 22.75597796369783
482.5 24.87624510463513 22.756900186862723
483.0 24.878277054689363 22.75783018232811
483.5 24.88032333889883 22.75875754351782
484.0 24.88233108166478 22.759686433035363
484.5 24.884372269165965 22.760620963066337
485.0 24.88641082086744 22.761554225482588
485.5 24.888454428436404 22.762487805514823
486.0 24.890493416579638 22.76341897833259
486.5 24.892543760255897 22.76434387263532
487.0 24.894559881374747 22.76528242310567
487.5 24.89660712093949 22.766215463316534
488.0 24.89867660364492 22.767149797230545
488.5 24.90069134391151 22.768081216507625
489.0 24.902754019228418 22.76901673520505
489.5 24.90478454051148 22.769950578198006
490.0 24.906856342250087 22.770879822992434
490.5 24.90889155842791 22.77182007135698
491.0 24.910932926560708 22.772743092449463
491.5 24.91299210378173 22.773683215423834
492.0 24.915042281807715 22.774618309597656
492.5 24.91708155290801 22.775559082120886
493.0 24.91914743868704 22.776496283079585
493.5 24.921211360921646 22.777428493858054
494.0 24.9232596307021 22.778367730582655
494.5 24.925312879843204 22.77930198990163
495.0 24.927364075585313 22.78023258997305
495.5 24.929416547304257 22.78118206955473
496.0 24.931494964406355 22.782120200313013
496.5 24.93356246302715 22.783049065526093
497.0 24.935599316000953 22.78399411913651
497.5 24.93765080647703 22.78493527139363
498.0 24.939724287446396 22.78587158923536
498.5 24.941794043478552 22.786814661434782
499.0 24.9438618177043 22.787750103552924
499.5 24.94592658741508 22.788688928098164
500.0 24.947994851547676 22.789624580172777
500.5 24.950036726936844 22.79058170176239
501.0 24.952121556323906 22.791510845291434
501.5 24.95418803740919 22.792456847894126
502.0 24.95627401705317 22.793394924251658
502.5 24.95832447226597 22.794340982902984
503.0 24.96039163525147 22.79527507077502
503.5 24.962489373830174 22.796219439472722
504.0 24.964552173122332 22.797164543877614
504.5 24.96662251880613 22.798110610809776
505.0 24.96870920732624 22.79905499878516
505.5 24.97080066644507 22.80000673157392
506.0 24.972861071723337 22.80095059615981
506.5 24.97496916809446 22.801890267546728
507.0 24.977036875525812 22.802843638571243
507.5 24.97913832715655 22.80378939933619
508.0 24.981219546735417 22.804739839985267
508.5 24.983299664169735 22.805686888744148
509.0 24.985400155350877 22.806635453088436
509.5 24.98745784657709 22.807587684249825
510.0 24.989576202762564 22.808540784692745
510.5 24.99164572231509 22.809502299720307
511.0 24.993732094684447 22.810444886310314
511.5 24.99585271006861 22.81139889047228
512.0 24.997931774458614 22.812357279567472
512.5 25.000031138845458 22.813305869514174
513.0 25.00213155819704 22.814262245799853
513.5 25.004228214297257 22.815215322454904
514.0 25.006340046648226 22.816170887576806
514.5 25.008419949170047 22.817134293259876
515.0 25.010545861978564 22.8180839184079
515.5 25.012632519681638 22.8190497939566
516.0 25.014716333767307 22.819997848967116
516.5 25.0168209055504 22.820955352790698
517.0 25.01894243953211 22.821919245127283
517.5 25.021029507988427 22.822879173604598
518.0 25.023169450653025 22.82383395042612
518.5 25.02526055498356 22.824793226912696
519.0 25.027360852255125 22.825757276106067
519.5 25.02948082743629 22.82670426139097
520.0 25.0315851638638 22.827670478124258
520.5 25.033720663603226 22.828628374279788
521.0 25.03581285766355 22.829591048029254
521.5 25.03791007350745 22.830548969263887
522.0 25.040016651782064 22.83150724053803
522.5 25.042123946419142 22.83247341308617
523.0 25.04424931546091 22.83343196365212
523.5 25.046375915239885 22.834388706502896
524.0 25.04848350913298 22.83534983928626
524.5 25.050602692631053 22.83631299582877
525.0 25.05271503656723 22.83727266774347
525.5 25.05483106983428 22.838229508367117
526.0 25.05695080798249 22.8391923032072
526.5 25.05906476081708 22.840149819276032
527.0 25.06120990982138 22.84110491626877
527.5 25.063301626790025 22.842063122807083
528.0 25.065415391874776 22.84302325087905
528.5 25.0675422383282 22.84398527643292
529.0 25.069651491604226 22.844945626295402
529.5 25.0717818064456 22.845895494338993
530.0 25.073910105581128 22.846854509791488
530.5 25.07601238061564 22.847812143313924
531.0 25.078157039905076 22.848770813671244
531.5 25.080267389066606 22.849731851968027
532.0 25.08236947487999 22.850677036354114
532.5 25.084506831823226 22.851632498191158
533.0 25.086615139649126 22.85259546384481
533.5 25.088738516729798 22.853545236907088
534.0 25.090866259061862 22.85450048657687
534.5 25.09297607183475 22.855453701985383
535.0 25.095083012066397 22.856404558277184
535.5 25.097226361744106 22.857360132372598
536.0 25.099346951546423 22.858305018042927
536.5 25.10145544836228 22.859252650305454
537.0 25.103588281919524 22.860195126097654
537.5 25.105691554572548 22.861148940755605
538.0 25.107826284379932 22.86209896932126
538.5 25.109937271332598 22.863046768090186
539.0 25.112059628734734 22.863988288223887
539.5 25.1141691768437 22.86494358854588
540.0 25.11629359594866 22.865875707660173
540.5 25.11840830682591 22.86681759074095
541.0 25.120535571115795 22.86777161679217
541.5 25.12266637354483 22.868710775782283
542.0 25.124784181577485 22.869650487222227
542.5 25.126890413166336 22.870607818169795
543.0 25.12903251694594 22.87154729606747
543.5 25.131144282242047 22.872484461629675
544.0 25.133249912896424 22.873427680706474
544.5 25.135398930647984 22.87436471034408
545.0 25.137505170023697 22.875307540251733
545.5 25.139647672417674 22.87625831827871
546.0 25.141746741062363 22.87719828969209
546.5 25.143869489832706 22.878141729091034
547.0 25.14598793910072 22.87907690204939
547.5 25.148109662249478 22.880027744544936
548.0 25.150262481159075 22.880967949535894
548.5 25.152361993381316 22.881906177619346
549.0 25.154489620911427 22.88284746304271
549.5 25.156616711290724 22.883789207313704
550.0 25.158736226090213 22.88471860878362
550.5 25.160906696110512 22.885660364324778
551.0 25.162987655070026 22.886599627333013
551.5 25.165091794931488 22.88754262976349
552.0 25.1672356062696 22.888467152884743
552.5 25.16934273175312 22.889410266156503
553.0 25.171476763974464 22.890347644857115
553.5 25.173612085345816 22.89128013548909
554.0 25.175730966448103 22.892226752629558
554.5 25.17785819053288 22.893157081979748
555.0 25.179957015260257 22.89409228229392
555.5 25.18210739901981 22.89503439690961
556.0 25.184228776611274 22.895963690081167
556.5 25.186337718801376 22.896902721435186
557.0 25.188467011303164 22.897831979213134
557.5 25.19058863750879 22.89876737273061
558.0 25.19270588402064 22.89969522247679
558.5 25.194836419470068 22.90062937724663
559.0 25.196955613217867 22.90156192162993
559.5 25.199067491467375 22.902488202878352
560.0 25.201197394524883 22.903425206571093
560.5 25.203308234973164 22.90436429692884
561.0 25.205429988439384 22.90528850516512
561.5 25.207542776973124 22.906219574307755
562.0 25.209645325496375 22.907151617557034
562.5 25.21178895360172 22.908076888794504
563.0 25.213906605356314 22.909001359573004
563.5 25.216031971191157 22.909926100481123
564.0 25.218127477849063 22.91086306276536
564.5 25.220245061088384 22.911777669393846
565.0 25.222369052622966 22.912702349202668
565.5 25.22451851657026 22.913632507427373
566.0 25.226615331434303 22.914561847421147
566.5 25.228731025267486 22.915477869601517
567.0 25.230835698617877 22.916404070370348
567.5 25.232932995173307 22.917329666217576
568.0 25.235057011401988 22.918248351555278
568.5 25.237188696285212 22.919174666490708
569.0 25.239299451678928 22.9200995731712
569.5 25.241385887568764 22.921016014053492
570.0 25.2435141564148 22.921934414668527
570.5 25.24558516921896 22.922849963190025
571.0 25.247725226907445 22.92377468107048
571.5 25.24980769191325 22.924684490253455
572.0 25.251934996850203 22.925606935591883
572.5 25.254045620570377 22.926523786383463
573.0 25.256147872746624 22.9274372385934
573.5 25.258243310962957 22.928352254582602
574.0 25.260323771679907 22.929266336998538
574.5 25.262470805668464 22.930174420119393
575.0 25.264542833893366 22.93108283996287
575.5 25.26665700120534 22.93201367150321
576.0 25.26876178011364 22.932910639120717
576.5 25.270827116864996 22.933818371798232
577.0 25.272955417426704 22.934739352663325
577.5 25.27502763253338 22.93564264822639
578.0 25.277108733700494 22.936554442242787
578.5 25.279206499332968 22.937454323964353
579.0 25.28133720370064 22.938370841989673
579.5 25.283423787178908 22.939281856872945
580.0 25.285525724637644 22.94018604920494
580.5 25.287626315640914 22.94109100475962
581.0 25.289691316407964 22.941999974516666
581.5 25.291804857862353 22.942898894867106
582.0 25.29390253681513 22.94380448193956
582.5 25.29598859274266 22.944712914616893
583.0 25.29806839102251 22.94561518948371
583.5 25.300169292031427 22.946516525993243
584.0 25.302236207026773 22.947420010839107
584.5 25.304333835109112 22.94832921786291
585.0 25.30643205442027 22.94922185832362
585.5 25.308534753857703 22.950129746668967
586.0 25.31060209241771 22.951020456320485
586.5 25.312657429909912 22.951927761583857
587.0 25.314747867845885 22.95282091836979
587.5 25.316851759515984 22.953715310789953
588.0 25.31891546978183 22.95461865119622
588.5 25.320993717332804 22.955511390154438
589.0 25.323055746385084 22.956411310217536
589.5 25.32514672264362 22.957299684178235
590.0 25.32720636940033 22.958200805507396
590.5 25.329321197535236 22.959088835989636
591.0 25.331377613451856 22.95999186867192
591.5 25.333443056688484 22.96088668447777
592.0 25.335522415399296 22.961770036674064
592.5 25.33759052065121 22.96265429758266
593.0 25.33966194604759 22.96354927719914
593.5 25.341738542745162 22.96443236725564
594.0 25.343783796087216 22.965325600868898
594.5 25.345854896030374 22.96621864343917
595.0 25.347912864964602 22.967106409429128
595.5 25.349975802688167 22.967993340256115
596.0 25.352034135479492 22.96886342174767
596.5 25.354054615088902 22.96975553127821
597.0 25.3561490935962 22.97064330046659
597.5 25.358215562164972 22.971526492611236
598.0 25.36023008236566 22.972408536647848
598.5 25.362293587791843 22.973285396571033
599.0 25.364331426913278 22.974167558464842
599.5 25.36637484054102 22.975049717357944
600.0 25.368433581803245 22.97592320406889
600.5 25.370475888806425 22.976816157510132
601.0 25.372503536878636 22.977684723771947
601.5 25.374525958659078 22.978557982768457
602.0 25.376561492672568 22.979442339582633
602.5 25.378606117767962 22.98032414062082
603.0 25.38063238095988 22.981189150314933
603.5 25.382670716599584 22.98205997250529
604.0 25.384684235021133 22.98294285409196
604.5 25.38669483459417 22.983811091571074
605.0 25.388739639816485 22.984672647049265
605.5 25.390790866634244 22.98555161854456
606.0 25.392790971810577 22.986407902739295
606.5 25.39478068995336 22.98728101338858
607.0 25.39678690369268 22.988155953085094
607.5 25.398806913878403 22.98901658630086
608.0 25.4008614126528 22.98988488627049
608.5 25.402823970453955 22.990742491943404
609.0 25.40483541741592 22.991605958789762
609.5 25.40683158260572 22.992461061463054
610.0 25.40882968017941 22.99333450905992
610.5 25.410822695922157 22.994187874038765
611.0 25.41283136242857 22.995057919930915
611.5 25.41480884327737 22.99591917146721
612.0 25.416769630049046 22.996775751732564
612.5 25.418800398367438 22.997628297868616
613.0 25.420796627427308 22.998488222003324
613.5 25.42275018788612 22.99934358323698
614.0 25.424754765563897 23.000196721984647
614.5 25.426726281520835 23.00103890405332
615.0 25.428677127622468 23.001901239108488
615.5 25.430656320382003 23.00275303907086
616.0 25.43263471063062 23.003603975064873
616.5 25.43460789504089 23.004460125451807
617.0 25.436592191106 23.005308202668175
617.5 25.43854805025235 23.006156641913215
618.0 25.440485249069013 23.007005677114808
618.5 25.442477453353373 23.007855313012996
619.0 25.44443483537515 23.00870579746727
619.5 25.446375915408012 23.009542569768286
620.0 25.44834573769739 23.010391520064182
620.5 25.45030660079876 23.011234578783068
621.0 25.452237039787867 23.012074522327236
621.5 25.45417090104303 23.012929535267183
622.0 25.456145473273445 23.013769585861485
622.5 25.458052253734582 23.0146023979164
623.0 25.460028545880597 23.015445293736892
623.5 25.46196135280043 23.01627985325694
624.0 25.463883154946075 23.01712410201995
624.5 25.465812190921028 23.01795843097247
625.0 25.46770509434738 23.01878983197569
625.5 25.46964767898161 23.019631576763313
626.0 25.471573959972552 23.02046063063738
626.5 25.473496865836857 23.021282960539388
627.0 25.47542568603326 23.022122687208856
627.5 25.47732855197934 23.022959529375097
628.0 25.479215924410724 23.023781318321184
628.5 25.481111769151955 23.024608377115836
629.0 25.483015157740102 23.02543889242898
629.5 25.484902034015207 23.02626944950104
630.0 25.48682639601857 23.02709789057671
630.5 25.488700767986394 23.027921607509093
631.0 25.490612184990123 23.028744868923674
631.5 25.492475233544205 23.029557369459166
632.0 25.494303673610602 23.030383175345914
632.5 25.49622287737529 23.031207152785697
633.0 25.498093673965947 23.03201986440535
633.5 25.499983560040206 23.032844765811692
634.0 25.50185019197716 23.033662502696743
634.5 25.503682267242567 23.034472337956437
635.0 25.50554307767026 23.035287971323292
635.5 25.507377467947293 23.03610208189404
636.0 25.50922645381608 23.03690565771502
636.5 25.511061183465632 23.0377104425289
637.0 25.51293724357447 23.03853075154107
637.5 25.514779436559373 23.039338135960158
638.0 25.516609541797383 23.04014595086357
638.5 25.51842303698477 23.040956097917487
639.0 25.520258861391966 23.041758645426533
639.5 25.52207596814258 23.042569243611357
640.0 25.523855592669733 23.043356371959124
640.5 25.525669510255298 23.04416740546225
641.0 25.527504180417047 23.044966156346327
641.5 25.52929369951041 23.045756900407127
642.0 25.53109940234186 23.046558016809698
642.5 25.532878205841463 23.047356319095105
643.0 25.53467032593135 23.048149391704108
643.5 25.536439743303035 23.048937435022125
644.0 25.5382306934354 23.049726463196876
644.5 25.53999125615579 23.0505192289019
645.0 25.54177815333727 23.051308223557157
645.5 25.543501382331833 23.052094989152753
646.0 25.54525717984587 23.05288161231512
646.5 25.547019791592227 23.05365497765294
647.0 25.548748542132685 23.054457824704016
647.5 25.550484403124617 23.055230192115292
648.0 25.552215651851174 23.05600307651012
648.5 25.553901240540462 23.056772068533242
649.0 25.555615168744467 23.05756277382421
649.5 25.557299781063637 23.058324361815757
650.0 25.55899776245344 23.059081170776132
650.5 25.56067717716327 23.059856824051984
651.0 25.56234281350249 23.060620084852154
651.5 25.563998074668266 23.061380895526796
652.0 25.565656148563313 23.062146740538235
652.5 25.567320694462655 23.06291744253241
653.0 25.56896476167681 23.063661478613913
653.5 25.57059878879391 23.06441192033254
654.0 25.572257927801914 23.06517532409103
654.5 25.57385494322247 23.06592776905759
655.0 25.575466463801163 23.06668372461733
655.5 25.57709092690793 23.067428792111716
656.0 25.57871515414056 23.068189316285054
656.5 25.580312037296615 23.06893805621227
657.0 25.581907811448076 23.06967357911975
657.5 25.583488733679026 23.070425807008178
658.0 25.585077084688656 23.071159339187226
658.5 25.58664882063193 23.07190113182625
659.0 25.588244902479378 23.07265529600347
659.5 25.58981022034849 23.07338332623894
660.0 25.59137121272237 23.074123115557548
660.5 25.592938628318485 23.07485996117148
661.0 25.59448857936389 23.075607078758367
661.5 25.596058586864146 23.076346148862584
662.0 25.59761113170793 23.07707453555419
662.5 25.599153966545643 23.077805506812332
