FastTrWP/PhaseSpace/IAs/snIa_0.30_30.00_-0.28_0.10.csv
# %ECSV 0.9
# ---
# datatype:
# - {name: time-rel, datatype: float64}
# - {name: g, datatype: float64}
# - {name: i, datatype: float64}
# schema: astropy-2.0
time-rel g i
[from data line 867]
649.6666666666666 22.827880377069484 22.427707511004414
650.1666666666666 22.82797932012004 22.42723906987746
650.6666666666666 22.828089080920975 22.426769138643373
651.1666666666666 22.82820838234222 22.426312012808552
651.6666666666666 22.828318782327457 22.42585178532558
652.1666666666666 22.828437964354777 22.425392132906236
652.6666666666666 22.828568033675015 22.4249395933451
653.1666666666666 22.828699491765605 22.424482050038517
653.6666666666666 22.82883855110571 22.42403407624029
654.1666666666666 22.828979861111634 22.423595024420027
654.6666666666666 22.82913226411327 22.423143126554436
655.1666666666666 22.829285645208426 22.42270396842472
655.6666666666666 22.829439992223598 22.422272867568232
656.1666666666666 22.829620805915166 22.421824784473273
656.6666666666666 22.82978849934986 22.421399618550183
657.1666666666666 22.829959662386173 22.420970501093976
657.6666666666666 22.83014994393078 22.420542724050733
658.1666666666666 22.83032551412484 22.42011824165862
658.6666666666666 22.83052194122668 22.419694467411357
659.1666666666666 22.83072427053594 22.419275007988226
659.6666666666666 22.830928313331885 22.418862063989664
660.1666666666666 22.831137997304666 22.4184506902105
660.6666666666666 22.83134852928512 22.41804372674709
661.1666666666666 22.831573586526886 22.417632132464536
661.6666666666666 22.831797381553848 22.417225305018256
662.1666666666666 22.832039811709322 22.416822706239728
662.6666666666666 22.832280328223327 22.416425984169777
663.1666666666666 22.83253406921849 22.416028742834747
663.6666666666666 22.832790495250748 22.415625945583365
664.1666666666666 22.833048473035966 22.415248699628513
664.6666666666666 22.83331649244652 22.41485333470741
665.1666666666666 22.833585678523477 22.414471671753518
665.6666666666666 22.833878546742117 22.414074611021753
666.1666666666666 22.834153417704318 22.41369279961214
666.6666666666666 22.834465299271905 22.413317510880837
667.1666666666666 22.834751450910282 22.412940433648558
667.6666666666666 22.835065926147124 22.41255929904918
668.1666666666666 22.835370920486362 22.412183785188926
668.6666666666666 22.83569948863677 22.411822905745645
669.1666666666666 22.836022327115888 22.41144653975055
669.6666666666666 22.836350186459033 22.41108571729277
670.1666666666666 22.836685459581865 22.41072384729337
670.6666666666666 22.83702416044588 22.410360950971157
671.1666666666666 22.83737087569332 22.409999234577395
671.6666666666666 22.837723101118712 22.409653249794147
672.1666666666666 22.83808786013429 22.40929662866831
672.6666666666666 22.838446852185577 22.408943768492854
673.1666666666666 22.83882319593076 22.408600137560505
673.6666666666666 22.839188005854062 22.408257699010406
674.1666666666666 22.839573188046984 22.407916753521796
674.6666666666666 22.839953631880036 22.407575132173953
675.1666666666666 22.84034119494371 22.40724010111359
675.6666666666666 22.840736253447975 22.406901184453698
676.1666666666666 22.84113500600936 22.406568957295786
676.6666666666666 22.84153926437595 22.40623817297449
677.1666666666666 22.84195634979961 22.405924267678877
677.6666666666666 22.842354449642013 22.405593480470472
678.1666666666666 22.842771775335518 22.40527640212061
678.6666666666666 22.843201937640735 22.404956879285763
679.1666666666666 22.843617535008967 22.40464800378293
679.6666666666666 22.844057969664398 22.40432933938305
680.1666666666666 22.8444865077389 22.404021220199
680.6666666666666 22.844928617654286 22.403710504741035
681.1666666666666 22.845374570287404 22.403413618023635
681.6666666666666 22.845820064599348 22.403106605766567
682.1666666666666 22.846273522378166 22.402807407939747
682.6666666666666 22.846725501286095 22.402519298428395
683.1666666666666 22.847183347331473 22.402228134809388
683.6666666666666 22.84764882948164 22.401933622696305
684.1666666666666 22.848111579575935 22.40165405596119
684.6666666666666 22.848580041828864 22.401371589394646
685.1666666666666 22.849053017618278 22.401086784140993
685.6666666666666 22.84953918253635 22.400809592988615
686.1666666666666 22.85001168359571 22.40054123419782
686.6666666666666 22.850497528232875 22.400263227532527
687.1666666666666 22.850982549101147 22.399996042254603
687.6666666666666 22.851464507566224 22.399727159648528
688.1666666666666 22.851957409889337 22.399464518334995
688.6666666666666 22.85245460455533 22.399202737799463
689.1666666666666 22.852946390748613 22.398943949365968
689.6666666666666 22.853451646078025 22.398689252044008
690.1666666666666 22.853952531866717 22.398438825954052
690.6666666666666 22.854453816690675 22.398198170219818
691.1666666666666 22.854973794175333 22.39795184038818
691.6666666666666 22.855475704971077 22.39770684921913
