FastTrWP/PhaseSpace/IAs/snIa_0.34_30.00_-1.31_0.05.csv
# %ECSV 0.9
# ---
# datatype:
# - {name: time-rel, datatype: float64}
# - {name: g, datatype: float64}
# - {name: i, datatype: float64}
# schema: astropy-2.0
time-rel g i
[from data line 350]
-210.00000000000006 23.697105238434226 23.249774429705894
-209.5 23.69224408637731 23.246028177100374
-209.0 23.687409008921886 23.242275367083003
-208.50000000000006 23.682602889069212 23.238552751660254
-208.0 23.67783254038558 23.23484504455948
-207.5 23.673071303385065 23.23113310212294
-207.00000000000006 23.668337405683015 23.227449648924043
-206.5 23.663635673334497 23.223779348647188
-206.0 23.65896259111581 23.22012572021935
-205.50000000000006 23.654316186267966 23.216499509409665
-205.0 23.649706473029827 23.212866234384954
-204.5 23.645114933083526 23.209270586737873
-204.00000000000006 23.64055121966221 23.20568085143066
-203.5 23.636017420329473 23.202115722936384
-203.0 23.631516996198915 23.198565069274295
-202.50000000000006 23.627048293528567 23.195034406997305
-202.0 23.622602500600355 23.191517722275204
-201.5 23.61819080591333 23.188022595414985
-201.00000000000006 23.613805744939246 23.18453800362386
-200.5 23.609451352515105 23.18108611433397
-200.0 23.605151741470436 23.177655981339026
-199.50000000000006 23.600870606128808 23.174229836819663
-199.0 23.59661455837761 23.17084013818298
-198.5 23.59238370276635 23.16745275282454
-198.00000000000006 23.5882006030213 23.164092058448592
-197.5 23.584019625050217 23.160736330588122
-197.0 23.579864696624398 23.157391053238683
-196.50000000000006 23.57571397686118 23.154049368538132
-196.0 23.571568197939435 23.150725212667098
-195.5 23.567441431744918 23.14740810770911
-195.00000000000006 23.563328977715713 23.144092547067352
-194.5 23.559218588253557 23.140780080626694
-194.0 23.555146080934747 23.137486413648702
-193.50000000000006 23.55106330742717 23.134203245169598
-193.0 23.547012654057863 23.130924067798833
-192.5 23.542974509024916 23.127666311777997
-192.00000000000006 23.53894967342815 23.1243984560172
-191.5 23.534928173855107 23.121149492659963
-191.0 23.530943358517092 23.117917464303225
-190.50000000000006 23.526968957473006 23.11468578732746
-190.0 23.522995826021624 23.1114650432348
-189.5 23.519064133506845 23.108258661595535
-189.00000000000006 23.515121866968805 23.10506887653604
-188.5 23.51120998962066 23.101864723502942
-188.0 23.507304044964258 23.098696618300266
-187.50000000000006 23.503432516043787 23.09552457252898
-187.0 23.499554465096676 23.092379589342755
-186.5 23.49571227324236 23.089214300627216
-186.00000000000006 23.49188036296839 23.086099731532634
-185.5 23.488072410181076 23.082967153759554
-185.0 23.48427318944119 23.079857261442847
-184.50000000000006 23.48049490030469 23.07675462937282
-184.0 23.47672873906233 23.07366383386932
-183.5 23.47299112574431 23.070591613175782
-183.00000000000006 23.469270524588097 23.06751950164059
-182.5 23.46556974850827 23.064458772277796
-182.0 23.46188416312032 23.061422965166965
-181.50000000000006 23.458222230298826 23.058391351007515
-181.0 23.454563324907923 23.055363991700062
-180.5 23.45092670488111 23.052359316579654
-180.00000000000006 23.447318679482485 23.049373633147624
-179.5 23.44373146604642 23.04638764794315
-179.0 23.440162698311834 23.043423852738467
-178.50000000000006 23.436618027492724 23.040467608631133
-178.0 23.433073280408635 23.03752712503478
-177.5 23.4295671513444 23.034586737963263
-177.00000000000006 23.42607688531118 23.031666306320318
-176.5 23.422591034720025 23.02876393890369
-176.0 23.41915309221156 23.02586832481404
-175.50000000000006 23.41572007275456 23.022997443514058
-175.0 23.412309410893272 23.02013060193184
-174.5 23.40891625328989 23.017277142926588
-174.00000000000006 23.405538261910138 23.014437379480466
-173.5 23.402186551412743 23.011613508223373
-173.0 23.39887041866572 23.00879792873665
-172.50000000000006 23.395562991706136 23.006005400151114
-172.0 23.392270296402057 23.00321859389655
-171.5 23.3890140432946 23.000446348661733
-171.00000000000006 23.38578235618051 22.997684336409854
-170.5 23.382562101697992 22.994950147959248
-170.0 23.3793619701347 22.992221738833372
-169.50000000000006 23.37618692155938 22.98949679743737
-169.0 23.373029943433114 22.986799824407903
-168.5 23.369888206310012 22.98411751857512
-168.00000000000006 23.366785145088734 22.98145064447974
-167.5 23.363692575450884 22.97877560727937
-167.0 23.360621265038482 22.976148883387467
-166.50000000000006 23.35758633767089 22.973522443977732
-166.0 23.354551137259534 22.97090692436199
-165.5 23.351553713845902 22.968296468030523
-165.00000000000006 23.348574792116427 22.965709794550886
-164.5 23.345591341842947 22.963133624386845
-164.0 23.342641593671722 22.960560355633724
-163.50000000000006 23.339694341532855 22.958008975687637
-163.0 23.336775747586657 22.955454544865237
-162.5 23.33386999603935 22.952911527054045
-162.00000000000006 23.330978558409598 22.950386150473236
-161.5 23.328097514929528 22.947879412670748
-161.0 23.325239130689162 22.945367928212246
-160.50000000000006 23.3223879988322 22.94286302542876
-160.0 23.319550706730393 22.94036307611836
-159.5 23.316734187263076 22.93791075506514
-159.00000000000006 23.313931839003143 22.93544158587362
-158.5 23.311139908184334 22.9329749671486
-158.0 23.30838035438507 22.930533115027202
-157.50000000000006 23.30562687752217 22.928098152549715
-157.0 23.30287110656392 22.925675712272113
-156.5 23.300149441643473 22.923254909102905
-156.00000000000006 23.297439131005717 22.920849923616423
-155.5 23.294740063964884 22.918458164103317
-155.0 23.29204792797489 22.91607171938861
-154.50000000000006 23.28938471578045 22.91369696451396
-154.0 23.286733789037545 22.9113309818638
-153.5 23.28409551789486 22.908969122055453
-153.00000000000006 23.28147365148236 22.906626347282245
-152.5 23.27885254841636 22.90429973604789
-152.0 23.276257890923915 22.901956339649526
-151.50000000000006 23.27366751754173 22.899646799455184
-151.0 23.271114522460973 22.897344701695847
-150.5 23.268557139555035 22.895045819596195
-150.00000000000006 23.266018944021923 22.89275779151295
-149.5 23.263495592668924 22.890477471431517
-149.0 23.26097663692597 22.888205680814618
-148.5 23.25848232142047 22.88594734838473
-148.0 23.25600311404316 22.883696906651604
-147.5 23.25353248184676 22.88145724155268
-147.0 23.251084756702298 22.8792199115685
-146.5 23.2486390455181 22.87700496916751
-146.0 23.24621741305217 22.874797410974445
-145.5 23.243798306607474 22.872588544740683
-145.0 23.24139436974749 22.870398776635366
-144.5 23.239014209534265 22.868213686787648
-144.0 23.236643945707375 22.86603116811017
-143.5 23.234279516931924 22.86386353108037
-143.0 23.231935593495336 22.861711917576706
-142.5 23.229593316069884 22.859562176485404
-142.0 23.22727929600687 22.85742248780762
-141.5 23.224968808223117 22.855299252959625
-141.0 23.222677576243804 22.85317970934132
-140.5 23.22040390194369 22.851063175684278
-140.0 23.21813714060159 22.84896702765446
-139.5 23.215876131899247 22.84687529679195
-139.0 23.21365145799296 22.84478050429204
-138.5 23.211426047853017 22.842720853514486
-138.0 23.20919743752816 22.84064604074498
-137.5 23.207005277949317 22.838586421203324
-137.0 23.204820888341928 22.836537515763283
-136.5 23.202641370661553 22.834499721582002
-136.0 23.20048127360726 22.832460984826845
-135.5 23.198336461748625 22.830445606289082
-135.0 23.196200879798713 22.828431744845055
-134.5 23.194067510124817 22.82643276998604
-134.0 23.1919624330435 22.824434438988852
-133.5 23.18987169741639 22.822450212265775
-133.0 23.187784817841226 22.820474055244823
-132.5 23.185716026047544 22.818501603651
-132.0 23.183649715185783 22.816532930363675
-131.5 23.181590181563465 22.81456976943117
-131.0 23.1795391274939 22.81262322510413
-130.5 23.177523118214705 22.81067856453738
-130.0 23.1754886589123 22.808745525387373
-129.5 23.17349274409249 22.806818487241852
-129.0 23.171485998986007 22.80490200169778
-128.5 23.16949631077502 22.802988068996545
-128.0 23.16751395685249 22.80108536202317
-127.5 23.165550641055866 22.799198942141835
-127.0 23.16360722484216 22.797305973869317
-126.5 23.161656221585485 22.795422320700908
-126.0 23.159724446071493 22.7935551817492
-125.5 23.15780308123131 22.791687002553537
-125.0 23.15589256047617 22.789828040310027
-124.5 23.153993534425897 22.787974783036834
-124.0 23.15210487154492 22.7861419752648
-123.5 23.150221782073864 22.784302961926294
-123.0 23.148355150369888 22.78247632326575
-122.5 23.146498023085424 22.78065924073196
-122.0 23.144655722312102 22.778845982714188
-121.5 23.142812592499304 22.77704102448684
-121.0 23.14099367845644 22.775238647055723
-120.5 23.139177453293218 22.773455861620604
-120.0 23.137382951303977 22.771679817785362
-119.5 23.135583376731837 22.769894745113497
-119.0 23.13381094410299 22.768134944408107
-118.5 23.13204003012444 22.766373913952627
-118.0 23.130277498001874 22.764615200761416
-117.5 23.128525580077756 22.76287386362906
-117.0 23.12679488483987 22.761139653387712
-116.5 23.12506881972506 22.759407490442285
-116.0 23.123360293807718 22.757692423570028
-115.5 23.121651094256983 22.755968139736158
-115.0 23.119962217087995 22.7542663092149
-114.5 23.11827565261085 22.752568190442002
-114.0 23.116609426315236 22.750884113381737
-113.5 23.114948224064086 22.749190893793457
-113.0 23.113291568932233 22.74751518980409
-112.5 23.111663762216725 22.74584228652827
-112.0 23.110028974098704 22.744182579667328
-111.5 23.108410969577655 22.742531640733983
-111.0 23.106799347598628 22.7408914128786
-110.5 23.105214074973773 22.739248191827777
-110.0 23.1036254902073 22.73761257964233
-109.5 23.102046266874503 22.73598381931686
-109.0 23.10048971872504 22.734368354071208
-108.5 23.098935058856714 22.732757921997884
-108.0 23.097389650258812 22.731163003354887
-107.5 23.095858747210677 22.72956202555418
-107.0 23.09434463671904 22.72797720829626
-106.5 23.092837425556347 22.72639312716748
-106.0 23.09133719477356 22.724825621773974
-105.5 23.08985756858177 22.723258056993373
-105.0 23.088374570046632 22.721696793837317
-104.5 23.086909134445687 22.720155819934142
-104.0 23.08545729042683 22.71860812189753
-103.5 23.08401397086065 22.717077129070645
-103.0 23.082580027692504 22.715541105484796
-102.5 23.081164529430996 22.714025635143006
-102.0 23.079745125817894 22.712516583701277
-101.5 23.07835206875503 22.711009784953852
-101.0 23.07696041991935 22.7095089542971
-100.5 23.07557692896506 22.70801687636861
-100.0 23.074205395890974 22.706531836755754
-99.5 23.072853831495415 22.70505332141439
-99.0 23.071511668714905 22.703584969163757
-98.5 23.070163128569575 22.702128521900285
-98.0 23.068829959451875 22.700669950826683
-97.5 23.06751561177773 22.699223044266567
-97.0 23.066211660251984 22.697786175059306
-96.5 23.064903524589827 22.696358450304093
-96.0 23.063618281836938 22.694929354418818
-95.5 23.062343341826917 22.69350416077573
-95.0 23.06106281726123 22.69208525869798
-94.5 23.059807753506597 22.690675800373064
-94.0 23.058561409483605 22.6892769530181
-93.5 23.057318592611466 22.687888144911383
-93.0 23.056090525481437 22.686498272893694
-92.5 23.05486809708303 22.685118130358557
-92.0 23.053655469914872 22.683738921504172
-91.5 23.05244454400867 22.68237586549279
-91.0 23.051259702631484 22.68101985676738
-90.5 23.05006663801338 22.679665724234233
-90.0 23.048895169122044 22.67830832718915
-89.5 23.04773268237602 22.67696602085828
-89.0 23.0465725270866 22.675632226708757
-88.5 23.045425355931535 22.674306531608966
-88.0 23.04428844033597 22.672977694915488
-87.5 23.04315745496261 22.6716600204462
-87.0 23.042024635821083 22.67034946358411
-86.5 23.040922187534527 22.669047036881793
-86.0 23.03981075628642 22.667743242588728
-85.5 23.038731745795392 22.66645293680373
-85.0 23.03764459958101 22.665157674455365
-84.5 23.036560512785403 22.66387916876522
-84.0 23.035493800786128 22.66259068965106
-83.5 23.034423438139264 22.661325579294722
-83.0 23.03337259791874 22.660065159326695
-82.5 23.032341810392694 22.65880120733278
-82.0 23.031296663370778 22.657545412528876
-81.5 23.030271291842162 22.65629985793167
-81.0 23.0292554926104 22.655060668406826
-80.5 23.028239764660867 22.65381506795621
-80.0 23.027249404113252 22.652576180187552
-79.5 23.02625377392365 22.651359674576568
-79.0 23.025265054610934 22.65013174427676
-78.5 23.024293915698482 22.64891596910244
-78.0 23.023316659738626 22.647698789369247
-77.5 23.02236152052305 22.64649864420577
-77.0 23.02140028352113 22.64529346001368
-76.5 23.020459005846682 22.644095231643746
-76.0 23.019521617114968 22.642906972767314
-75.5 23.018593071625816 22.641727751390725
-75.0 23.017675723149665 22.640540685812457
-74.5 23.016762673376974 22.639358863293857
-74.0 23.015842729437033 22.63819154388643
-73.5 23.014957687810575 22.63702580269722
-73.0 23.014058152529575 22.63586085682597
-72.5 23.013180847061005 22.63469737160987
-72.0 23.012299626524953 22.633545902424803
-71.5 23.011440894340957 22.632398730040855
-71.0 23.010580037110238 22.631251420901304
-70.5 23.009724400066492 22.63012712199035
-70.0 23.008876643226962 22.628988973427674
-69.5 23.008051242340194 22.627857925404303
-69.0 23.00721552629325 22.62673601493818
-68.5 23.006392986122233 22.625615675660775
-68.0 23.005582365956002 22.624509300009738
-67.5 23.004780831045863 22.62339870813863
-67.0 23.00398143154402 22.6223000173429
-66.5 23.003207152610983 22.621212203249065
-66.0 23.002426999368033 22.620123831018596
-65.5 23.00165970199555 22.619049292767205
-65.0 23.0009104579778 22.61797179465741
-64.5 23.000152681383568 22.616901760125756
-64.0 22.99941406644055 22.61584716348723
-63.5 22.998679009277517 22.614778699329328
-63.0 22.997959234042405 22.61372774845944
-62.5 22.997248642504196 22.6126788043441
-62.0 22.996537357627634 22.611639693425012
-61.5 22.995837364908308 22.6106037697712
-61.0 22.995151118849364 22.609573127239948
-60.5 22.994470102170137 22.608547950807313
-60.0 22.993782886222792 22.607519926367118
-59.5 22.99311783601263 22.60650770441579
-59.0 22.992457989609136 22.605497628047395
-58.5 22.9918076876887 22.604486404195523
-58.0 22.9911563487479 22.60348026367742
-57.5 22.990523448617893 22.602485286386205
-57.0 22.98988968180349 22.60149208920762
-56.5 22.989258732871328 22.600498376465442
-56.0 22.988638644153895 22.599517977323913
-55.5 22.988042569497644 22.598535762644836
-55.0 22.98742673857572 22.597557800313737
-54.5 22.986835354028404 22.596593274567645
-54.0 22.986243202905364 22.595627810603713
-53.5 22.985664572312068 22.594660677629594
-53.0 22.985085793271306 22.593704334073475
-52.5 22.984515943016007 22.592747462645267
-52.0 22.983957348714583 22.59178866411729
-51.5 22.983387163551686 22.590835007166206
-51.0 22.982840410161636 22.58989759860716
-50.5 22.982291534787418 22.588950216065577
-50.0 22.981758033987653 22.58801549255513
-49.5 22.98123060874724 22.587073931293734
-49.0 22.98069762200759 22.586160317530705
-48.5 22.980175782248274 22.585220691971585
-48.0 22.979662637094734 22.584292428882694
-47.5 22.979148381193543 22.583374147061544
-47.0 22.978644790974542 22.58245771616613
-46.5 22.978148248622258 22.58153575057387
-46.0 22.977654724474796 22.58062763452572
-45.5 22.977159700747244 22.57971000135761
-45.0 22.976686060586555 22.57880160718703
-44.5 22.97620285621862 22.57789891326567
-44.0 22.975717691783444 22.57700271986773
-43.5 22.975264509124862 22.57610055951418
-43.0 22.9747925047543 22.57519613442417
-42.5 22.974336787878165 22.574309289738416
-42.0 22.973877378426813 22.57341575527375
-41.5 22.973426733330776 22.572528706628727
-41.0 22.97298105415606 22.571637714050663
-40.5 22.972545923701965 22.570750446258643
-40.0 22.97211277631373 22.569866105140854
-39.5 22.971678529734085 22.568981545194813
-39.0 22.971248394475158 22.56810729758091
-38.5 22.97082947293507 22.567215640921443
-38.0 22.97040774335037 22.566341442655297
-37.5 22.969995306006332 22.565473112958536
-37.0 22.96957746278307 22.56459718518208
-36.5 22.969172529883508 22.563732561558602
-36.0 22.968773190239332 22.562862390874862
-35.5 22.968386299124074 22.561996203544897
-35.0 22.96798645735313 22.561128903642313
-34.5 22.96760406897176 22.560272911013215
