FastTrWP/PhaseSpace/IAs/snIa_0.6_25_1_-0.1.csv
# %ECSV 0.9
# ---
# datatype:
# - {name: time-rel, datatype: float64}
# - {name: g, datatype: float64}
# - {name: i, datatype: float64}
# schema: astropy-2.0
time-rel g i
[from data line 1110]
536.1041666666666 -26.618858411868803 -27.67784815107554
536.6041666666666 -26.617923182813996 -27.6779865764712
537.1041666666666 -26.616981091127926 -27.67811688234424
537.6041666666666 -26.61604921600011 -27.67825124629003
538.1041666666666 -26.615103935358896 -27.678381461987932
538.6041666666666 -26.61415267397556 -27.678502306955014
539.1041666666666 -26.61317886525746 -27.678632509683702
539.6041666666666 -26.612216609311858 -27.678755081273753
540.1041666666666 -26.611254311079083 -27.678876400050633
540.6041666666666 -26.610278601431293 -27.67899705362182
541.1041666666666 -26.609295283880567 -27.679110690562908
541.6041666666666 -26.608304694146444 -27.67922981925154
542.1041666666666 -26.60731633021594 -27.679346561269313
542.6041666666666 -26.60631679597641 -27.67946161746891
543.1041666666666 -26.605313169900207 -27.679574591189212
543.6041666666666 -26.604294374583905 -27.679681177591885
544.1041666666666 -26.603272012751574 -27.679791145674105
544.6041666666666 -26.60224042851475 -27.679898156569628
545.1041666666666 -26.60119729450566 -27.68000136823879
545.6041666666666 -26.600146379070697 -27.68010035152315
546.1041666666666 -26.599097113853993 -27.680199953546868
546.6041666666666 -26.598019141752523 -27.68029654013931
547.1041666666666 -26.59694737398443 -27.680393931712345
547.6041666666666 -26.59586680831496 -27.680484226926218
548.1041666666666 -26.594768680195322 -27.680580235077706
548.6041666666666 -26.59366576885716 -27.680679199326192
549.1041666666666 -26.592570256852895 -27.68076139869698
549.6041666666666 -26.591456258853636 -27.6808431883882
550.1041666666666 -26.590338053051244 -27.680931566906036
550.6041666666666 -26.589205824372165 -27.681014610588235
551.1041666666666 -26.58805433441394 -27.681102370367764
551.6041666666666 -26.586918761142776 -27.681178213048266
552.1041666666666 -26.58576984240473 -27.681261215968775
552.6041666666666 -26.584605356829503 -27.68133650652723
553.1041666666666 -26.58343569169796 -27.681414319423364
553.6041666666666 -26.5822634986368 -27.68148663125738
554.1041666666666 -26.58108135291739 -27.68156002264604
554.6041666666666 -26.5799040542459 -27.681622752455823
555.1041666666666 -26.578718500977434 -27.68169328499134
555.6041666666666 -26.5775155306468 -27.681763448861908
556.1041666666666 -26.57630567495986 -27.68182617084378
556.6041666666666 -26.575102539448807 -27.68189086357774
557.1041666666666 -26.573882417499686 -27.681946756866736
557.6041666666666 -26.572662599570034 -27.682012212208736
558.1041666666666 -26.57142428631747 -27.68207026183106
558.6041666666666 -26.57020844869144 -27.682129630010888
559.1041666666666 -26.568959086057255 -27.682181129691177
559.6041666666666 -26.567719864440438 -27.68223741005957
560.1041666666666 -26.566456778864428 -27.68229343038877
560.6041666666666 -26.56520533601839 -27.68234242091824
561.1041666666666 -26.563960931109555 -27.682385871363774
561.6041666666666 -26.562683242042926 -27.682439918565574
562.1041666666666 -26.561411102875283 -27.682483401208163
562.6041666666666 -26.560138999933855 -27.6825270829119
563.1041666666666 -26.558867487713137 -27.682569134453615
563.6041666666666 -26.557592995172847 -27.6826120245293
564.1041666666666 -26.556302236810083 -27.682646743892867
564.6041666666666 -26.55500478282875 -27.68268860342325
565.1041666666666 -26.553712231246042 -27.6827306509078
565.6041666666666 -26.55240842924583 -27.682767562590733
566.1041666666666 -26.551115566667598 -27.682798886599095
566.6041666666666 -26.549813525689082 -27.68283345294585
567.1041666666666 -26.54849468571683 -27.68286417805716
567.6041666666666 -26.547191964782215 -27.68289130088032
568.1041666666666 -26.545873193222018 -27.682919847335903
568.6041666666666 -26.544549922649097 -27.682949259817164
569.1041666666666 -26.54323545760257 -27.682972958063008
569.6041666666666 -26.541908618927252 -27.68300121924345
570.1041666666666 -26.54057695744356 -27.683023113587986
570.6041666666666 -26.539250897808454 -27.683034421776
571.1041666666666 -26.537931013375005 -27.68306128074661
571.6041666666666 -26.536595633016127 -27.68307791441331
572.1041666666666 -26.535262400050637 -27.683096679994005
572.6041666666666 -26.53392218215105 -27.683116149804135
573.1041666666666 -26.53258580190045 -27.683129723290072
573.6041666666666 -26.531244379788717 -27.68314227492653
574.1041666666666 -26.529899747265144 -27.683158125566585
574.6041666666666 -26.528565563955016 -27.683168044131726
575.1041666666666 -26.52722449854636 -27.68316984944088
575.6041666666666 -26.525875243898728 -27.683183610430888
576.1041666666666 -26.524529954944192 -27.683195621064044
576.6041666666666 -26.523172978793305 -27.68319200221239
577.1041666666666 -26.521828766633245 -27.683197840378924
577.6041666666666 -26.520481878542306 -27.683207239482247
578.1041666666666 -26.51914367580227 -27.683208076234223
578.6041666666666 -26.517793426770982 -27.683211368548815
579.1041666666666 -26.51644266960815 -27.68321258331467
579.6041666666666 -26.51509833354528 -27.683211318600094
580.1041666666666 -26.51374757795951 -27.68320408186845
580.6041666666666 -26.512401683842334 -27.683206479856164
581.1041666666666 -26.511067545426226 -27.683191838558734
581.6041666666666 -26.509714688999836 -27.68318509558029
582.1041666666666 -26.50834526264019 -27.683183749840865
582.6041666666666 -26.50700087749978 -27.683176027069997
583.1041666666666 -26.50562770004763 -27.683163953091405
583.6041666666666 -26.50427108554968 -27.683148155594942
584.1041666666666 -26.50288348499666 -27.6831340362737
584.6041666666666 -26.50149194857294 -27.6831207184026
585.1041666666666 -26.500116561918365 -27.68310462095898
585.6041666666666 -26.498720372231265 -27.683081793378378
586.1041666666666 -26.49732764235603 -27.683063249318316
586.6041666666666 -26.49592915871512 -27.683039250569465
587.1041666666666 -26.494520813536244 -27.683014279630648
587.6041666666666 -26.49311235496353 -27.682990457548883
588.1041666666666 -26.491694722162098 -27.68295798965047
588.6041666666666 -26.490272754232546 -27.68293719677068
589.1041666666666 -26.48885356286968 -27.682909762547556
589.6041666666666 -26.487409290350094 -27.682875062471666
590.1041666666666 -26.4859784087685 -27.682844485487692
590.6041666666666 -26.484560440205467 -27.682809469604102
591.1041666666666 -26.48310762815244 -27.682774102047215
591.6041666666666 -26.48167568354847 -27.682740277881255
592.1041666666666 -26.480217416754716 -27.682697416344592
592.6041666666666 -26.47876641017044 -27.68266057922693
593.1041666666666 -26.477312361245335 -27.682621666257496
593.6041666666666 -26.47584858029047 -27.682578912015128
594.1041666666666 -26.474376102376695 -27.6825351564587
594.6041666666666 -26.472922274910474 -27.68248465473193
595.1041666666666 -26.471444315018907 -27.682434287835925
595.6041666666666 -26.46997143900624 -27.6823888527332
596.1041666666666 -26.46849269704819 -27.68234544490359
596.6041666666666 -26.467014688652863 -27.682294379632246
597.1041666666666 -26.465537190491055 -27.682244036671747
597.6041666666666 -26.46404916164957 -27.682182604759845
598.1041666666666 -26.46257445319352 -27.68213344511394
598.6041666666666 -26.461073358417373 -27.682079391375034
599.1041666666666 -26.459583068025225 -27.68201688445346
599.6041666666666 -26.458085946277393 -27.681954693953763
600.1041666666666 -26.456594118085484 -27.68190150600133
600.6041666666666 -26.455095567820823 -27.681834631541953
601.1041666666666 -26.4536020620907 -27.681772811230097
601.6041666666666 -26.452081696831684 -27.68170507373145
602.1041666666666 -26.450585944959105 -27.68163841978835
602.6041666666666 -26.449078862590632 -27.681582702150457
603.1041666666666 -26.447575386282058 -27.681512454756838
603.6041666666666 -26.446061960501158 -27.681442885471093
604.1041666666666 -26.444559343123096 -27.68136811239179
604.6041666666666 -26.44305152625108 -27.68129957025797
605.1041666666666 -26.44154332524591 -27.681228307904917
605.6041666666666 -26.440018588061225 -27.681152296040565
606.1041666666666 -26.438501139394486 -27.68108044949793
606.6041666666666 -26.43698481444721 -27.68100231195494
607.1041666666666 -26.43546800532432 -27.680922032717486
607.6041666666666 -26.433965269991514 -27.68084191805145
608.1041666666666 -26.432450782811046 -27.680768423328217
608.6041666666666 -26.43092780791262 -27.680682780343908
609.1041666666666 -26.429421584591623 -27.68059912533748
609.6041666666666 -26.427896217855174 -27.680521581697533
610.1041666666666 -26.426381226884608 -27.680437821928543
610.6041666666666 -26.42487560672398 -27.68034931852759
611.1041666666666 -26.42335479852138 -27.680264325410096
611.6041666666666 -26.42184141553544 -27.68017660982597
612.1041666666666 -26.420319983861145 -27.68008760174552
612.6041666666666 -26.41880735427094 -27.67999723718485
613.1041666666666 -26.417302863528622 -27.679912417557087
613.6041666666666 -26.415790853521713 -27.679817592053986
614.1041666666666 -26.414277855126475 -27.679721181337467
614.6041666666666 -26.412760830244586 -27.679623298611865
615.1041666666666 -26.411260551300728 -27.679533105697885
615.6041666666666 -26.409749235659817 -27.67943277004493
616.1041666666666 -26.408246726773136 -27.67934124435382
616.6041666666666 -26.406748285826474 -27.67924366835375
617.1041666666666 -26.405247274831254 -27.67914820444711
617.6041666666666 -26.40375368253027 -27.679042276259878
618.1041666666666 -26.4022525536734 -27.67893749183846
618.6041666666666 -26.400765320005686 -27.678842411417172
619.1041666666666 -26.399265188108878 -27.678733132717852
619.6041666666666 -26.397773741043306 -27.678635172956945
620.1041666666666 -26.396295351939266 -27.678526467834203
620.6041666666666 -26.39479830049632 -27.67842251990624
621.1041666666666 -26.393313338614757 -27.678314210251102
621.6041666666666 -26.391821144313838 -27.678206770955885
622.1041666666666 -26.390321877378863 -27.678100856192202
622.6041666666666 -26.388841069592917 -27.677986520670814
623.1041666666666 -26.38734609524473 -27.6778710697665
623.6041666666666 -26.385857838901096 -27.677758963010184
624.1041666666666 -26.384354998572228 -27.677644964092558
624.6041666666666 -26.382869370113582 -27.677527569014373
625.1041666666666 -26.381378298791848 -27.677413806429186
625.6041666666666 -26.379883475131365 -27.677291382921272
626.1041666666666 -26.378385957625813 -27.67716725855689
626.6041666666666 -26.37688046337381 -27.677043814901033
627.1041666666666 -26.37539030073136 -27.676930687805417
627.6041666666666 -26.373895463583278 -27.676799145688342
628.1041666666666 -26.372392528866136 -27.67668327716303
628.6041666666666 -26.37091043071003 -27.67656016553801
629.1041666666666 -26.36940105850298 -27.676427869047888
629.6041666666666 -26.367912225909215 -27.67629655196123
630.1041666666666 -26.36641639042406 -27.67616924394391
630.6041666666666 -26.36491998156293 -27.676041024760952
631.1041666666666 -26.363416622621635 -27.67591066622893
631.6041666666666 -26.36190454377798 -27.67577781811195
632.1041666666666 -26.360415028386917 -27.67563945145986
632.6041666666666 -26.35890730563474 -27.67549963746914
633.1041666666666 -26.357426751272584 -27.67536543895386
633.6041666666666 -26.355915486194206 -27.675229455222787
634.1041666666666 -26.354396328432767 -27.675093010996633
634.6041666666666 -26.352914199951076 -27.674950977408344
635.1041666666666 -26.35140473371955 -27.67480211779717
635.6041666666666 -26.349895592822087 -27.674667981161907
636.1041666666666 -26.348400005634133 -27.67452032310438
636.6041666666666 -26.346898146719077 -27.674373899464793
637.1041666666666 -26.345390751865235 -27.674234747087265
637.6041666666666 -26.343890911267486 -27.674083898351505
638.1041666666666 -26.342384469398755 -27.6739351163074
638.6041666666666 -26.34088921010148 -27.673783967865933
639.1041666666666 -26.339379904843256 -27.67363418494181
639.6041666666666 -26.337867873675012 -27.673481812915448
640.1041666666666 -26.336358447830285 -27.673329648972672
640.6041666666666 -26.33486644642243 -27.6731807849251
641.1041666666666 -26.333352054987497 -27.67302673317959
641.6041666666666 -26.331838808878267 -27.672862504707524
642.1041666666666 -26.33032896768855 -27.672706955403278
642.6041666666666 -26.328836304211585 -27.672554103221636
643.1041666666666 -26.327325381137353 -27.672390725841463
643.6041666666666 -26.325812450443028 -27.67223272241102
644.1041666666666 -26.32430910564881 -27.672059121875456
644.6041666666666 -26.32280103832926 -27.671900963609932
645.1041666666666 -26.321301675615597 -27.67174063195341
645.6041666666666 -26.319790523525896 -27.671574500003594
646.1041666666666 -26.318285510267202 -27.671405627466914
646.6041666666666 -26.316769299015853 -27.67124262744407
647.1041666666666 -26.315268368320652 -27.671070011946462
647.6041666666666 -26.31375238225646 -27.67090469474258
648.1041666666666 -26.312248582984203 -27.670728993080317
648.6041666666666 -26.310733818408817 -27.670562990383058
649.1041666666666 -26.309228814955866 -27.67038515925897
649.6041666666666 -26.307726857915267 -27.67021464135247
650.1041666666666 -26.306200974205392 -27.670033127681645
650.6041666666666 -26.30470295707621 -27.669857273691946
651.1041666666666 -26.303193416821948 -27.66967827514386
651.6041666666666 -26.301677365515207 -27.66949761357462
652.1041666666666 -26.300160907487125 -27.669318375790425
652.6041666666666 -26.29864415283849 -27.66913534538388
653.1041666666666 -26.297156397205576 -27.668960940208844
653.6041666666666 -26.295643266079306 -27.66877493577903
654.1041666666666 -26.294122498687436 -27.66858787262182
654.6041666666666 -26.292603017388743 -27.66840966965292
655.1041666666666 -26.291100960190924 -27.668230633461214
655.6041666666666 -26.28958906969643 -27.668036833465358
656.1041666666666 -26.288083197614647 -27.667849205396898
656.6041666666666 -26.28657657184594 -27.667661996253045
657.1041666666666 -26.28506190885435 -27.667470615082728
657.6041666666666 -26.28355196461467 -27.667276614180672
658.1041666666666 -26.28203472100296 -27.667088684582744
658.6041666666666 -26.28052597325518 -27.66688862286141
659.1041666666666 -26.279020434313594 -27.666694402175068
659.6041666666666 -26.277502164854646 -27.666499722496418
660.1041666666666 -26.275989665341545 -27.666303557470933
660.6041666666666 -26.27449119702331 -27.666103416109177
661.1041666666666 -26.272974644902884 -27.665901763546792
661.6041666666666 -26.27145966002544 -27.665700580665455
662.1041666666666 -26.269947419015423 -27.665501993298296
662.6041666666666 -26.268449397758506 -27.665300654648675
663.1041666666666 -26.266928940368672 -27.665093796815327
663.6041666666666 -26.265412064743767 -27.664890120755665
664.1041666666666 -26.263894970972927 -27.664687271092685
664.6041666666666 -26.262397659673823 -27.66447634166456
665.1041666666666 -26.26086980604054 -27.664265524082865
665.6041666666666 -26.25936868272732 -27.664054505705646
666.1041666666666 -26.257852571526815 -27.663838629555823
666.6041666666666 -26.256353404190765 -27.663629280765647
667.1041666666666 -26.254824104686534 -27.663416511630103
667.6041666666666 -26.253322440802624 -27.66320077309089
668.1041666666666 -26.251798493022957 -27.66298280053261
668.6041666666666 -26.250287736829016 -27.66276800453953
669.1041666666666 -26.248790061747137 -27.662536273913222
669.6041666666666 -26.24727283888358 -27.662330217518345
670.1041666666666 -26.245758734037416 -27.66210337297041
670.6041666666666 -26.24424232084921 -27.661881154913193
671.1041666666666 -26.24272963983422 -27.661660758612662
671.6041666666666 -26.241216255192352 -27.66143769756859
672.1041666666666 -26.23971045825794 -27.661213356215928
672.6041666666666 -26.238191776372815 -27.66097765176276
673.1041666666666 -26.236664183422928 -27.660752552471074
673.6041666666666 -26.235154820560197 -27.660530823319064
674.1041666666666 -26.23365041237891 -27.660300649550926
674.6041666666666 -26.232146865192178 -27.660063043376496
675.1041666666666 -26.230616055893677 -27.65983327736549
