FastTrWP/PhaseSpace/IAs/snIa_0.61_30.00_-0.65_0.10.csv
# %ECSV 0.9
# ---
# datatype:
# - {name: time-rel, datatype: float64}
# - {name: g, datatype: float64}
# - {name: i, datatype: float64}
# schema: astropy-2.0
time-rel g i
[from data line 287]
322.7708333333333 25.05104751126966 23.243758973036993
323.2708333333333 25.04662285838429 23.24057886386239
323.7708333333333 25.042171156263976 23.23739604783199
324.2708333333333 25.037747763573364 23.23421635039569
324.7708333333333 25.033343031096376 23.231047543776548
325.2708333333333 25.028970733153287 23.227872581018957
325.7708333333333 25.024563546076287 23.224708648603173
326.2708333333333 25.020172851251147 23.22155390188459
326.7708333333333 25.015800456459406 23.21840386171298
327.2708333333333 25.011453287441295 23.215264489155878
327.7708333333333 25.007083197361432 23.21211809747592
328.2708333333333 25.002732566432936 23.208969315644403
328.7708333333333 24.99837570234797 23.205839533495677
329.2708333333333 24.994051591787493 23.202701511941832
329.7708333333333 24.989743428279372 23.19957883489948
330.2708333333333 24.985426521949357 23.196452692508586
330.7708333333333 24.981099111695066 23.19333653577307
331.2708333333333 24.97679699381741 23.190226300236432
331.7708333333333 24.972521064666772 23.187106490870914
332.2708333333333 24.96822943224302 23.184013372704342
332.7708333333333 24.963944058941877 23.180894323303498
333.2708333333333 24.959674334110723 23.177799418097198
333.7708333333333 24.955425039081362 23.174708851727935
334.2708333333333 24.95113634714492 23.17162244160511
334.7708333333333 24.946927102638497 23.168525638239462
335.2708333333333 24.942680813088266 23.165450471369855
335.7708333333333 24.938443933595153 23.16237147817004
336.2708333333333 24.93421368387887 23.159286054468105
336.7708333333333 24.929975430154357 23.156220478872285
337.2708333333333 24.92581291536656 23.153155550589428
337.7708333333333 24.92161549938924 23.150093025654265
338.2708333333333 24.91741150164184 23.147033697890844
338.7708333333333 24.913202908216434 23.143976834688686
339.2708333333333 24.90901781895525 23.140912868866327
339.7708333333333 24.90484643860075 23.13787109460668
340.2708333333333 24.900696300196078 23.134823404012337
340.7708333333333 24.896543259925622 23.131784140883216
341.2708333333333 24.892382271827454 23.128750407043857
341.7708333333333 24.888239289262522 23.125711915915733
342.2708333333333 24.8841123006601 23.122691984185302
342.7708333333333 24.87997186546954 23.119660207409147
343.2708333333333 24.875838910178402 23.116630297948294
343.7708333333333 24.871731032308077 23.11361372951879
344.2708333333333 24.867618268517127 23.1105989452595
344.7708333333333 24.863510809051355 23.107583241872764
345.2708333333333 24.859425916936928 23.104581531333174
345.7708333333333 24.855323635384675 23.101568550737383
346.2708333333333 24.85124186542877 23.098564144394302
346.7708333333333 24.847183151669945 23.095570407239236
347.2708333333333 24.84310437276727 23.092561547425067
347.7708333333333 24.839037042636583 23.089577612781007
348.2708333333333 24.834989604761404 23.08658620943202
348.7708333333333 24.83093150892308 23.083604238175663
349.2708333333333 24.82688114477495 23.080617817683592
349.7708333333333 24.822791882094588 23.077622488577454
350.2708333333333 24.818767326294896 23.07464231769397
350.7708333333333 24.814670608469484 23.071641344408338
351.2708333333333 24.810600198227757 23.068654275973557
351.7708333333333 24.806510931200357 23.06566154643541
352.2708333333333 24.802431919065416 23.062671089856007
352.7708333333333 24.798355147387507 23.05968709194135
353.2708333333333 24.794266527137353 23.056680600809756
353.7708333333333 24.790187337935432 23.053692111446576
354.2708333333333 24.786112444851746 23.050711566002843
354.7708333333333 24.782044367484147 23.047713556886656
355.2708333333333 24.77794275947792 23.044716030419718
355.7708333333333 24.773853753128527 23.041743948709858
356.2708333333333 24.769775288825322 23.0387564055699
356.7708333333333 24.765711820401396 23.035763384993256
357.2708333333333 24.76163194995606 23.032776264203324
357.7708333333333 24.757560425139 23.029811471292007
358.2708333333333 24.75350352454 23.026829046449482
358.7708333333333 24.749439945375478 23.02385802555358
359.2708333333333 24.745371555648987 23.020884218240646
359.7708333333333 24.74132273680769 23.017911604596865
360.2708333333333 24.73727739684055 23.014945220807924
360.7708333333333 24.733241411389347 23.011987931774193
361.27083333333326 24.729217335877113 23.009027886761043
361.7708333333333 24.725202192271624 23.00606687615958
362.2708333333333 24.72117741671539 23.003120992606473
362.77083333333326 24.717171733693732 23.0001811294049
363.2708333333333 24.71316794724711 22.997236033480316
363.7708333333333 24.709181793236645 22.99429448739869
364.27083333333326 24.70521133463653 22.991364171283667
364.7708333333333 24.70122459557102 22.988432047946002
365.2708333333333 24.697277975735382 22.985511227725016
365.77083333333326 24.69331996372639 22.98259621735806
366.2708333333333 24.68938174975518 22.979683244943057
366.7708333333333 24.685464892351728 22.976778224040693
367.27083333333326 24.681546361883907 22.97387597956441
367.7708333333333 24.677635429424804 22.970979755994673
368.2708333333333 24.673782097350024 22.968099498343825
368.77083333333326 24.669898591071167 22.96520496761669
369.2708333333333 24.66602214768121 22.96233211576995
369.7708333333333 24.662190427690764 22.95947303608365
370.27083333333326 24.658343917899295 22.956596696851427
370.7708333333333 24.654530981770794 22.953745073412005
371.2708333333333 24.65073171746006 22.95089905615702
371.77083333333326 24.64693166983998 22.948063174176664
372.2708333333333 24.64315630375763 22.945226894995177
372.7708333333333 24.639409373860484 22.94240294122723
373.27083333333326 24.63566432981864 22.939577513321154
373.7708333333333 24.63194363284174 22.93677307762277
374.2708333333333 24.628232526677394 22.933967539981047
374.77083333333326 24.62454635772516 22.9311722075237
375.2708333333333 24.620874708758706 22.928384477185908
375.7708333333333 24.617207387863694 22.925611882118485
376.27083333333326 24.613586920444597 22.92284192931475
376.7708333333333 24.609965400232483 22.920078595423288
377.2708333333333 24.606366354873202 22.917325224953643
377.77083333333326 24.602772574641236 22.914577521403153
378.2708333333333 24.599213240823374 22.91185245969188
378.7708333333333 24.595674104286825 22.90912178967131
379.27083333333326 24.592148650362912 22.906406383394405
379.7708333333333 24.588639775014375 22.903702800226775
380.2708333333333 24.585157431977112 22.901006548272473
380.77083333333326 24.581700993008564 22.898317237929092
381.2708333333333 24.57824501862703 22.895641975984308
381.7708333333333 24.574842869936692 22.892969665434325
382.27083333333326 24.571442268191717 22.890314089031676
382.7708333333333 24.568062125029538 22.88766325244233
383.2708333333333 24.564708983095464 22.885039992042703
383.77083333333326 24.561370212666546 22.882409963532876
384.2708333333333 24.558055736382304 22.87979353004399
384.7708333333333 24.554766782282922 22.877179621119744
385.27083333333326 24.55150222792811 22.87459090648486
385.7708333333333 24.548247728944382 22.87201140551369
386.2708333333333 24.5450401823684 22.869440962027316
386.77083333333326 24.54183282764381 22.866877421173886
387.2708333333333 24.538645054254783 22.864325878203047
387.7708333333333 24.53547944976573 22.861775863564866
388.27083333333326 24.532345997740105 22.859231876440123
388.7708333333333 24.529199228917236 22.85669782577957
389.2708333333333 24.526059489809 22.854178705290018
389.77083333333326 24.522923435646774 22.851636433776893
390.2708333333333 24.519794373752 22.849123468691253
390.7708333333333 24.516682864279908 22.846605918574625
391.27083333333326 24.513586680659696 22.84409940614074
391.7708333333333 24.510491443655013 22.84158707720319
392.2708333333333 24.507397370013514 22.83909141325209
392.77083333333326 24.504327740590032 22.836601970623114
393.2708333333333 24.501248393146966 22.83410798917903
393.7708333333333 24.4982068543004 22.831621079994218
394.27083333333326 24.495150875169976 22.829142786731637
394.7708333333333 24.49211936988027 22.82666476310353
395.2708333333333 24.48908913707218 22.82419732857756
395.77083333333326 24.48606762826797 22.821743026205077
396.2708333333333 24.483069290808057 22.819281001940958
396.7708333333333 24.48008829031236 22.8168254169099
397.27083333333326 24.477101491530195 22.81438108639869
397.7708333333333 24.47412479066905 22.811938046394168
398.2708333333333 24.47115969522205 22.809510836453445
398.77083333333326 24.468202185214896 22.80708433849842
399.2708333333333 24.465267396788644 22.8046517864179
399.7708333333333 24.462347082628348 22.802240173554136
400.27083333333326 24.459421740032127 22.799829815086895
400.7708333333333 24.456517377437837 22.79742343671836
401.2708333333333 24.453625584091725 22.795023648724737
401.77083333333326 24.45074777258078 22.79263093099052
402.2708333333333 24.447890099146868 22.790248289759646
402.7708333333333 24.445040652633136 22.787869393206282
403.27083333333326 24.442191532378487 22.785498295832127
403.7708333333333 24.439350767091376 22.783132730934675
404.2708333333333 24.436526459275775 22.7807783739669
404.77083333333326 24.43372978366719 22.778425408304557
405.2708333333333 24.430925097220083 22.776079549825702
405.7708333333333 24.428150100142553 22.77373318157343
406.27083333333326 24.425376571872427 22.771393370983933
406.7708333333333 24.42263003069771 22.76907541190225
407.2708333333333 24.419895542232084 22.766762312547918
407.77083333333326 24.417161900914426 22.764446866184265
408.2708333333333 24.41445046817038 22.762137418581993
408.7708333333333 24.411759377732384 22.759842724665063
409.27083333333326 24.40906796339426 22.757547925236384
409.7708333333333 24.40639448546589 22.7552602929213
410.2708333333333 24.403737935279697 22.752988313668094
410.77083333333326 24.401089149021182 22.75070946716465
411.2708333333333 24.39846800057994 22.748456831565353
411.7708333333333 24.3958333595887 22.746192325182836
412.27083333333326 24.393246549222738 22.743947541113783
412.7708333333333 24.390654912465614 22.741709857079563
413.2708333333333 24.388088432139195 22.73947860956858
413.77083333333326 24.385519034466967 22.73725508548591
414.2708333333333 24.382981743914996 22.735035983959403
414.7708333333333 24.38045662407353 22.73281725999287
415.27083333333326 24.377929384375847 22.730615889418257
415.7708333333333 24.375449542104096 22.728415908691133
416.2708333333333 24.372963185821703 22.726228262487194
416.77083333333326 24.370489742402725 22.724053872852924
417.2708333333333 24.368033519688467 22.721871934193103
417.7708333333333 24.365590513397276 22.719716512905784
418.27083333333326 24.363170283724315 22.71755112849973
418.7708333333333 24.360781652708727 22.715410708482867
419.2708333333333 24.35837286562503 22.713255945167386
419.77083333333326 24.356009184322197 22.711124276005997
420.2708333333333 24.353646107512827 22.709013005632062
420.7708333333333 24.35130275067644 22.70688624021335
421.27083333333326 24.348974908289588 22.704777911314213
421.7708333333333 24.34665599559521 22.702680234774185
422.2708333333333 24.344367886768215 22.700583903192452
422.77083333333326 24.342086432483683 22.69849508009047
423.2708333333333 24.33982682488912 22.69641489260817
423.7708333333333 24.33757146370858 22.694357692783683
424.27083333333326 24.335343619768636 22.692306443459355
424.7708333333333 24.333130707122738 22.690235895749296
425.2708333333333 24.330944666148888 22.68819068079845
425.77083333333326 24.32876877893111 22.686159305675435
426.2708333333333 24.32659045724669 22.68413776024582
426.7708333333333 24.32443932236395 22.682106247376264
427.27083333333326 24.322303378929337 22.68010050624229
427.7708333333333 24.320177521836772 22.678093722631736
428.2708333333333 24.318052903285512 22.676089828571378
428.77083333333326 24.315950363577276 22.67408357154509
429.2708333333333 24.313866253704376 22.672102795367085
429.7708333333333 24.311760286976664 22.670114739430048
430.27083333333326 24.30968510516543 22.668133647358992
430.7708333333333 24.307620649704276 22.66616132339722
431.2708333333333 24.30559543129819 22.66419395883009
431.77083333333326 24.303527348068545 22.662233359376174
432.2708333333333 24.301498743311697 22.66027873833801
432.7708333333333 24.29947529802492 22.65833145853835
433.27083333333326 24.297483711101027 22.65639271585478
433.7708333333333 24.29548491197864 22.654446850798067
434.2708333333333 24.29349746438632 22.652518896467086
434.77083333333326 24.291511399390814 22.650593922126436
435.2708333333333 24.289560796672557 22.648676984523792
435.7708333333333 24.28761230073045 22.646770757216963
436.27083333333326 24.285679443746556 22.644859855832774
436.7708333333333 24.283735552528057 22.642953660660435
437.2708333333333 24.281819770788218 22.641064883925374
437.77083333333326 24.279918342499506 22.63917304637358
438.2708333333333 24.27800304045139 22.637290719412377
438.7708333333333 24.276127151109336 22.635410070089428
439.27083333333326 24.27424409797591 22.633539887475113
439.7708333333333 24.272380749839147 22.63167404214458
440.2708333333333 24.270530130410922 22.62981243859123
440.77083333333326 24.26869009605368 22.627959132531853
441.2708333333333 24.266852982381877 22.626108800113606
441.7708333333333 24.265031226448194 22.624263812652693
442.27083333333326 24.263222672693708 22.622436088600946
442.7708333333333 24.26143246856836 22.620594108227365
443.2708333333333 24.259641637910892 22.61877389607587
443.77083333333326 24.257855739581345 22.616945809459512
444.2708333333333 24.256102945405726 22.615136074386367
444.7708333333333 24.254319107377988 22.61332386901644
445.27083333333326 24.252583925281492 22.61151870693432
445.7708333333333 24.25086023015656 22.60972570719561
446.2708333333333 24.249124886830565 22.60792685370054
446.77083333333326 24.247411922166332 22.606138248192266
447.2708333333333 24.2457251697868 22.604361773253583
447.7708333333333 24.244010431891382 22.602589782937766
448.27083333333326 24.242337842426636 22.600820274347907
448.7708333333333 24.24067667186285 22.599044840226988
449.2708333333333 24.239008175699304 22.597284825369492
449.77083333333326 24.237350016392256 22.595534657253932
450.2708333333333 24.235699929027284 22.593792399069773
450.7708333333333 24.234089469220486 22.592041948788687
451.27083333333326 24.232465843312227 22.590304039049272
451.7708333333333 24.230840610901673 22.588574311600148
452.2708333333333 24.229247706513767 22.58684758011536
452.77083333333326 24.22765793497064 22.58512164753297
453.2708333333333 24.226073932862448 22.58341505718423
453.7708333333333 24.224503798169913 22.58169393444732
454.27083333333326 24.222956813448853 22.579995025068847
454.7708333333333 24.22141604054807 22.578295444788267
455.2708333333333 24.219881137764425 22.576602817408315
455.77083333333326 24.21835127374926 22.57491086456217
456.2708333333333 24.216829044730055 22.573223259494664
456.7708333333333 24.21531726997548 22.571548795766528
457.27083333333326 24.213838336732273 22.56987960514021
457.7708333333333 24.21234050569702 22.56820271732417
458.2708333333333 24.21087857802449 22.566542094930675
458.77083333333326 24.209395503059312 22.56488882341162
459.2708333333333 24.207957238948595 22.563230611198513
459.7708333333333 24.206507316634283 22.561586924913165
460.27083333333326 24.205072004215364 22.559941161826043
460.7708333333333 24.203642789188763 22.558309059215635
461.2708333333333 24.202241713812217 22.55667494604888
461.77083333333326 24.200839453001066 22.555048209208035
462.2708333333333 24.199439421896827 22.55342512378205
462.7708333333333 24.198056779740867 22.551809756345044
463.27083333333326 24.19666872557643 22.55019839956702
463.7708333333333 24.195327533975185 22.54858984811385
464.2708333333333 24.19397477895352 22.546991197304806
464.77083333333326 24.192630868846226 22.545401801993957
465.2708333333333 24.191282896684264 22.543804054645435
465.7708333333333 24.189966193284068 22.542218565075615
466.27083333333326 24.188645853417896 22.540636260994546
