FastTrWP/PhaseSpace/IAs/snIa_0.55_30.00_0.14_0.15.csv
# %ECSV 0.9
# ---
# datatype:
# - {name: time-rel, datatype: float64}
# - {name: g, datatype: float64}
# - {name: i, datatype: float64}
# schema: astropy-2.0
time-rel g i
[from data line 1772]
497.5 25.268554744518624 22.508380497052688
498.0 25.270398763712073 22.50903413815456
498.5 25.27221820249213 22.50969466834256
499.0 25.274051154454536 22.51035164304128
499.5 25.275892165218984 22.511003610634837
500.0 25.277756484513265 22.51166157290584
500.5 25.27956571605346 22.5123282467219
501.0 25.281415433794756 22.512979284994557
501.5 25.283256551348966 22.51364317767291
502.0 25.285075831282864 22.514302896743473
502.5 25.2869132679553 22.514962553705868
503.0 25.288749756410063 22.515624014113133
503.5 25.29060945447647 22.516293029025928
504.0 25.29242542408362 22.516949775239308
504.5 25.294289988968195 22.517619257871058
505.0 25.296110731025617 22.518280717825526
505.5 25.29796499073733 22.51895409223429
506.0 25.299798590581524 22.51961705342724
506.5 25.301648092348948 22.520288774632867
507.0 25.303488172599824 22.52095064386193
507.5 25.305318434911364 22.521621344601613
508.0 25.307177389809915 22.52229560526539
508.5 25.309040786910813 22.522965772256004
509.0 25.310864418555457 22.523637719067292
509.5 25.312717515598145 22.524307405587894
510.0 25.314550312291445 22.52497619534315
510.5 25.316408202005817 22.52565571122133
511.0 25.318253562390044 22.526332968577506
511.5 25.32009016582022 22.52701282329632
512.0 25.321934515450298 22.527682510720307
512.5 25.323806726139818 22.52835990973375
513.0 25.325645987068818 22.529042241119967
513.5 25.327488902678525 22.529712966234815
514.0 25.329349042792614 22.530397145322475
514.5 25.331207269022393 22.531078924910982
515.0 25.33302930931365 22.531757995861618
515.5 25.33489556593593 22.532445730571965
516.0 25.33673306125268 22.533128957763232
516.5 25.338601970852217 22.53380722172527
517.0 25.34045507179688 22.534490032237006
517.5 25.342341858287316 22.53518523457689
518.0 25.34416084040517 22.535872371883713
518.5 25.34606398449619 22.536551332138927
519.0 25.347897329112897 22.537249662374276
519.5 25.349747073115246 22.53793658611638
520.0 25.351598263350972 22.538628019204868
520.5 25.35347249296821 22.539313746767654
521.0 25.355334652359502 22.54000912363142
521.5 25.35720032336784 22.540704552339307
522.0 25.359045311123705 22.541394300349005
522.5 25.360931135228633 22.54208720915015
523.0 25.36278875968685 22.542789057350507
523.5 25.364645346768544 22.543480036635874
524.0 25.366529524770467 22.544169803828208
524.5 25.368375499591806 22.544880782340506
525.0 25.370248840329413 22.545583045844428
525.5 25.37214001881784 22.546282021195545
526.0 25.374006264437803 22.54698098791033
526.5 25.375841917160898 22.547676620889693
527.0 25.377702920019765 22.548377404914177
527.5 25.37960534009748 22.549085730241423
528.0 25.38144201813742 22.549788376711643
528.5 25.38335843162504 22.550492920849198
529.0 25.385188625633756 22.551198648043744
529.5 25.38709201746633 22.55190161581099
530.0 25.38892265753697 22.552609575556552
530.5 25.39080310083238 22.553322686465197
531.0 25.39268041547213 22.554032403847245
531.5 25.394561718052692 22.55474086089364
532.0 25.396429187966323 22.555446068046546
532.5 25.398298076287897 22.55615972203813
533.0 25.400184279370702 22.556877709410855
533.5 25.402067154017324 22.55759141489408
534.0 25.403910750381126 22.558303692213265
534.5 25.4058242198454 22.559015611273704
535.0 25.40768193334724 22.559725391265587
535.5 25.409556924630657 22.56045428030216
536.0 25.41145159224836 22.56116388705258
536.5 25.413317465953416 22.561890326037965
537.0 25.41520442826954 22.562607591966017
537.5 25.41708067234625 22.56333303020185
538.0 25.418925109907487 22.564049308501218
538.5 25.420838693572087 22.5647707054436
539.0 25.422697466064925 22.565492269559183
539.5 25.424571163148837 22.566215006172214
540.0 25.42647078628221 22.566940799935704
540.5 25.428333109764992 22.56766325155336
541.0 25.430224529890275 22.56839736124646
541.5 25.43210479428987 22.56911851671193
542.0 25.433970776149074 22.569856008808408
542.5 25.435857381950747 22.570582465324378
543.0 25.437754048054245 22.571304084791137
543.5 25.439638549105474 22.572045975355735
544.0 25.441506791082436 22.572768864892986
544.5 25.44344488698947 22.57350586408332
545.0 25.44531455832916 22.574240265835115
545.5 25.4471551741319 22.574981617954784
546.0 25.449048480598893 22.575713988333277
546.5 25.45099327474518 22.57645433635435
547.0 25.45286649027075 22.577189363374334
547.5 25.454740942649355 22.5779257294749
548.0 25.456649622348017 22.578670772508577
548.5 25.458517417290487 22.579407057612674
549.0 25.46039005103014 22.58015160610509
549.5 25.46228746397179 22.580901523280758
550.0 25.464210780712044 22.581648149445318
550.5 25.466085392254243 22.58238488292289
551.0 25.467987101468502 22.583129118434172
551.5 25.4698837525174 22.583879889218213
552.0 25.471764280521725 22.584629561156095
552.5 25.47363610658785 22.585371239540123
553.0 25.47554101292926 22.58612467564323
553.5 25.47747115767028 22.586878544569018
554.0 25.479343723660474 22.587634362523037
554.5 25.481253742006924 22.588384763469232
555.0 25.48315811547006 22.58914363214435
555.5 25.485060966234784 22.58989668660714
556.0 25.486949590902523 22.590659409585605
556.5 25.488869940893526 22.591418566405935
557.0 25.49075773114406 22.592174335832837
557.5 25.49264841305208 22.592926690801516
558.0 25.494552656895642 22.593692131018113
558.5 25.496473585393108 22.594451412842254
559.0 25.498355446515 22.59522193018407
559.5 25.500304585721377 22.595995584229073
560.0 25.502183513759064 22.596747743247377
560.5 25.504089531697936 22.59751862518946
561.0 25.5059997964185 22.59828788240933
561.5 25.507935814360557 22.599056380348177
562.0 25.509821753231275 22.59983326122469
562.5 25.511736922994533 22.600599678059385
563.0 25.513679700642953 22.60137518282505
563.5 25.51554626860144 22.602150490522483
564.0 25.51748916286334 22.602923017298153
564.5 25.519392125813425 22.60369404110396
565.0 25.52130004974355 22.60447203566327
565.5 25.52325021115437 22.605248262856634
566.0 25.52514095759683 22.606033789320247
566.5 25.52704005768344 22.606812661027913
567.0 25.52896118698183 22.607598992014047
567.5 25.530870540217713 22.608371726224284
568.0 25.532780515730206 22.60915776121201
568.5 25.534707272518844 22.60995162387976
569.0 25.53661322708856 22.61073154716497
569.5 25.538554870065827 22.611522689154615
570.0 25.54046236996252 22.612306060051417
570.5 25.54239335571589 22.61310377984995
571.0 25.544300623432203 22.613889972551707
571.5 25.54620794973596 22.614679813244614
572.0 25.54814270129395 22.61547426857583
572.5 25.550054260205187 22.616271193038106
573.0 25.551961456334208 22.61707234684598
573.5 25.553921910337817 22.617860682307345
574.0 25.555840712781208 22.61866080764392
574.5 25.557746390913177 22.61945910032498
575.0 25.55964901914949 22.620252266531637
575.5 25.561587810419574 22.62105494249239
576.0 25.5635217548867 22.621855093715062
576.5 25.565446438080237 22.622655612355302
577.0 25.567360700455506 22.623465038000816
577.5 25.569291480610627 22.624270171216565
578.0 25.57122246715936 22.62507576915578
578.5 25.57315197107442 22.62588115769541
579.0 25.575080926624068 22.626697742403174
579.5 25.577027767851224 22.62750545527823
580.0 25.578938797137493 22.628317529079286
580.5 25.580850527153494 22.629128605664427
581.0 25.58279063587736 22.629942671052405
581.5 25.584720414549132 22.63075089145317
582.0 25.58664515882611 22.631565159218443
582.5 25.588593855516205 22.632384988359195
583.0 25.59051349475547 22.6332053099458
583.5 25.59244741305102 22.63401791878975
584.0 25.59439432311048 22.63483835685281
584.5 25.59631730454047 22.635664379318747
585.0 25.59826771223697 22.63648106405836
585.5 25.600202595652547 22.63731293642654
586.0 25.60213042545101 22.638127863520232
586.5 25.604044549739832 22.63896154060508
587.0 25.605981375059766 22.63977920593389
587.5 25.60791281511548 22.64061210762491
588.0 25.609841908172445 22.641439723912523
588.5 25.611802129038775 22.64227449964985
589.0 25.613738825684695 22.64309878393002
589.5 25.61569496571093 22.643935223553168
590.0 25.61763017043556 22.644768001100882
590.5 25.61956489026136 22.645596242810477
591.0 25.62153433634827 22.646433550449085
591.5 25.623442618858085 22.64727233674778
592.0 25.625388552547015 22.648104956581516
592.5 25.627336778904045 22.648949022896247
593.0 25.62925401280708 22.6497890076979
593.5 25.631225742539016 22.650629466115547
594.0 25.633153509138857 22.65146970401872
594.5 25.635102504890938 22.652314941630777
595.0 25.63706440444163 22.653156142516092
595.5 25.638976689094093 22.65400647095156
596.0 25.640981418292846 22.65485565230179
596.5 25.642901461417633 22.655701534525775
597.0 25.644811913916943 22.656551452304434
597.5 25.646793638422885 22.657393790731923
598.0 25.64872247406051 22.658251569298308
598.5 25.650691502980138 22.659103598151265
599.0 25.652609110056595 22.659952010096113
599.5 25.654624996651144 22.660814769623986
600.0 25.65652069848025 22.661674978791595
600.5 25.658503132487617 22.662528090998517
601.0 25.660460330782776 22.66339151023208
601.5 25.662387812254842 22.664264223616847
602.0 25.664332042795653 22.665128218689286
602.5 25.66632121772183 22.66598561569713
603.0 25.668272774297964 22.6668552950104
603.5 25.67023302993332 22.667721163851073
604.0 25.67219512845956 22.668603793423408
604.5 25.67413952136196 22.66947491517504
605.0 25.676085895179668 22.670353588805526
605.5 25.678048641157094 22.671234137440997
606.0 25.680005678547026 22.672113293165044
606.5 25.681995857557883 22.672989652965597
607.0 25.683956217247395 22.673873089159393
607.5 25.68587146275469 22.674760730877846
608.0 25.687834651593796 22.67564635883752
608.5 25.68982008218609 22.67653702209044
609.0 25.691756642901918 22.67742564904706
609.5 25.693745086458502 22.678321021552676
610.0 25.695692337052634 22.679213582752556
610.5 25.69764734078153 22.68010056165928
611.0 25.699628129860788 22.681000025773344
611.5 25.70155942890439 22.68189355570861
612.0 25.70354850780543 22.68279438838542
612.5 25.705502128952503 22.683686263779393
613.0 25.707464786136516 22.684583760524937
613.5 25.709430830952066 22.68548311149648
614.0 25.711412802704064 22.686391068347582
614.5 25.713378386796396 22.6872904275352
615.0 25.71535883800633 22.68820053478677
615.5 25.71728406101297 22.689105972588305
616.0 25.719276120711353 22.690012858893454
616.5 25.72123652151952 22.690915386376368
617.0 25.723223961942598 22.691824975314848
617.5 25.7251781510207 22.69273358180993
618.0 25.727102925427545 22.693636079523035
618.5 25.729106636396523 22.694544420687205
619.0 25.731057984944968 22.69546163963328
619.5 25.73304038012231 22.696372001775266
620.0 25.735003757215008 22.69727695254386
620.5 25.73697668264984 22.698200271259417
621.0 25.7389520302122 22.699108958122892
621.5 25.74091908140687 22.700023256685782
622.0 25.742901962456855 22.700935506136183
622.5 25.744849626221345 22.701851194295575
623.0 25.74684102961581 22.70277238615581
623.5 25.748784912402442 22.7036867804633
624.0 25.750755724434935 22.704603576910106
624.5 25.75271249712508 22.705521979452303
625.0 25.754695967214385 22.70644006933096
625.5 25.756689828324998 22.707348578578443
626.0 25.758657688689013 22.70826398473016
626.5 25.760593644649482 22.709190148924158
627.0 25.762594478897945 22.710095717799184
627.5 25.764558150780452 22.711020789386062
628.0 25.766498242096105 22.711932455754145
628.5 25.76846756728491 22.712841860917024
629.0 25.770448126364496 22.713769347018477
629.5 25.772397945801092 22.7146800271812
630.0 25.7743965503009 22.71560044227119
630.5 25.776347393474595 22.716517475513957
631.0 25.778327229464324 22.71743393772948
631.5 25.780276603017743 22.718357129057075
632.0 25.782279054537693 22.719260720512434
632.5 25.784212500317466 22.72017820097052
633.0 25.786193590861068 22.7211006280328
633.5 25.788145901608786 22.721999088886314
634.0 25.79012951808167 22.722913443749086
634.5 25.79209618247735 22.723834726638387
635.0 25.794061758234204 22.72474627503457
635.5 25.796032891174093 22.72566376720488
636.0 25.79796158665934 22.726576809244797
636.5 25.79992885594062 22.727482601231983
637.0 25.801903862223448 22.728391980470217
637.5 25.803903136151956 22.72931388367477
638.0 25.805812417672538 22.730218593435122
638.5 25.807781984776664 22.731136765681033
639.0 25.80976996171023 22.732046265163817
639.5 25.811722056820216 22.732957967767796
640.0 25.813673819352964 22.73387155018698
640.5 25.81562340067275 22.734793589209342
641.0 25.81760188353666 22.735697227473857
641.5 25.819565802736637 22.736616267009502
642.0 25.821559504982826 22.73752998952597
642.5 25.82349750657853 22.738445905021955
643.0 25.82545698132038 22.739366699474694
643.5 25.82742595321449 22.740286843543576
644.0 25.829389398154227 22.741203158136255
644.5 25.831347590854243 22.74211522833307
645.0 25.833339638825944 22.74303792887565
645.5 25.835300220900443 22.743954853235103
646.0 25.837204330222676 22.744872975919108
646.5 25.839205246607804 22.74579182399603
647.0 25.841141606246573 22.746713508298846
647.5 25.84313198573721 22.74762785540943
648.0 25.845076777581355 22.748548699911662
648.5 25.84700707401724 22.749473077802925
649.0 25.84899186946594 22.750389199552767
649.5 25.850948146147672 22.751313413584697
650.0 25.852927137331747 22.752227601697715
650.5 25.85490401095599 22.753154852658845
651.0 25.85683468835168 22.754068155280084
651.5 25.858803724369746 22.754991587046195
652.0 25.86074874550466 22.75591696252851
652.5 25.862715764146852 22.756845379774248
653.0 25.864663328088223 22.75776871108608
653.5 25.866602293908947 22.758686349405476
654.0 25.86856679971016 22.759602206187267
654.5 25.870526788403833 22.76052807053062
655.0 25.87249528387257 22.76145209040107
655.5 25.874431293926875 22.762385813911262
656.0 25.876398347530504 22.763307427783804
656.5 25.8783464920429 22.7642290342421
657.0 25.88030122434235 22.76515359256205
657.5 25.882276676455888 22.766079148934022
658.0 25.884219988620313 22.76700139455307
658.5 25.886117217001786 22.76792863827361
659.0 25.888111754917496 22.768856167920738
659.5 25.89006708028876 22.769777656606543
660.0 25.89201794516175 22.770702125313264
660.5 25.8939584011356 22.77162414492027
661.0 25.89591099626988 22.77254968945162
661.5 25.897839916255414 22.773480954399716
662.0 25.899811716920684 22.774396375296988
662.5 25.90172153765372 22.77532417121877
663.0 25.903679094647906 22.77625801087386
663.5 25.90563581146239 22.77718109308597
664.0 25.90755623094193 22.77810454096272
664.5 25.909503209180155 22.779036691226263
665.0 25.91142433370016 22.77995307030761
665.5 25.91336496021938 22.780885015863635
666.0 25.915309029160408 22.78180627216073
666.5 25.917286155999424 22.78272579226119
667.0 25.919192270577682 22.78365677902417
667.5 25.921148048147845 22.7845847091289
668.0 25.92307001358908 22.785506395170906
668.5 25.924978393769607 22.786437459028072
669.0 25.926906628532606 22.78736835527113
669.5 25.928872180532224 22.78829147023491
670.0 25.930783345477764 22.78921298741443
670.5 25.932710912555986 22.790136236521725
671.0 25.934682265039815 22.791066748707898
671.5 25.93655992989519 22.79199773050001
672.0 25.938475269633102 22.792922231533748
672.5 25.94038757058966 22.79385129298668
673.0 25.942328822049472 22.794766544890873
673.5 25.94422315363439 22.795692401130193
674.0 25.94618175141777 22.79661006985963
674.5 25.948071602985657 22.797539317957124
675.0 25.949981514568936 22.798467286198274
675.5 25.951887806236307 22.799400936934056
676.0 25.953855759705455 22.800317639774388
676.5 25.955746267735528 22.80124150235647
677.0 25.95767670213224 22.802172821698584
677.5 25.959539440562594 22.80310472437406
678.0 25.961491994549796 22.80402771152834
678.5 25.963397562529963 22.804950165374443
679.0 25.965314929084556 22.805878469625036
679.5 25.967245765814337 22.806804715064683
680.0 25.969124038318398 22.807727707257847
680.5 25.971055977761694 22.80865648246984
681.0 25.97295136830317 22.80958289986117
681.5 25.974876530077946 22.810516185461953
