FastTrWP/PhaseSpace/IAs/snIa_0.70_30.00_-0.14_-0.01.csv
# %ECSV 0.9
# ---
# datatype:
# - {name: time-rel, datatype: float64}
# - {name: g, datatype: float64}
# - {name: i, datatype: float64}
# schema: astropy-2.0
time-rel g i
[from data line 2510]
824.0 26.28810016495288 23.282652687099056
824.5 26.287384692377177 23.283807237266103
825.0 26.28678267416493 23.284951103073716
825.5 26.286037885782353 23.28609926242291
826.0 26.28530264899333 23.287255975220926
826.5 26.284587123268757 23.288395171790768
827.0 26.283827474112826 23.28954808084893
827.5 26.283077872258783 23.290680242539253
828.0 26.282289514514737 23.291819710706825
828.5 26.281526560937355 23.29297104006877
829.0 26.280664072795652 23.294116446663963
829.5 26.27977377829025 23.295245090907514
830.0 26.27885019280918 23.296383011312017
830.5 26.2779875013156 23.29752295074978
831.0 26.27704880760637 23.298659184790008
831.5 26.276027620312504 23.29979355873034
832.0 26.2750225073021 23.300920362942165
832.5 26.27403084479723 23.30204670802635
833.0 26.272914805747625 23.30319232766469
833.5 26.271886292508377 23.304309143120385
834.0 26.270732101230337 23.305439733492832
834.5 26.269588027523078 23.306549370598695
835.0 26.26844313742314 23.3076817433302
835.5 26.267238707664802 23.308798875475816
836.0 26.266120742113415 23.309922796907273
836.5 26.264862708242358 23.31104915684145
837.0 26.263644820433612 23.31216055615777
837.5 26.26234773201174 23.31328321545135
838.0 26.261083495161657 23.314397693004413
838.5 26.2597857969563 23.31550411689022
839.0 26.25849584467599 23.316616943752067
839.5 26.257164680147152 23.31773971306543
840.0 26.255847119542874 23.31884642900977
840.5 26.254474475668626 23.319967163540692
841.0 26.25307086550074 23.321064365567764
841.5 26.2517038656517 23.322166153543943
842.0 26.25034289361143 23.323283239396538
842.5 26.248886603269806 23.324380870737393
843.0 26.247478622848174 23.32550374797949
843.5 26.24605349259937 23.32660212415364
844.0 26.244574005875506 23.32770990477844
844.5 26.243138318195477 23.328809153498153
845.0 26.24167354843879 23.329904287835987
845.5 26.240177697330054 23.331004556965105
846.0 26.238698980021468 23.332109110491
846.5 26.237212880447892 23.333197832121705
847.0 26.235752731516534 23.334301165824968
847.5 26.234218202750856 23.335405411510926
848.0 26.232723872611277 23.33651146706943
848.5 26.231232903914474 23.33760897727339
849.0 26.229711120645682 23.3386951713622
849.5 26.228196868465275 23.33980068582995
850.0 26.226663886155983 23.34089797297398
850.5 26.22519599209969 23.342000151200036
851.0 26.223651917092354 23.3430980082349
851.5 26.222152112364057 23.344190233857596
852.0 26.22061215184406 23.3452870790997
852.5 26.21914995820984 23.346384392000918
853.0 26.21755507367498 23.34748135615087
853.5 26.216099199479416 23.348571001364373
854.0 26.214574494908753 23.349666590649214
854.5 26.213055616000304 23.350766330922816
855.0 26.21157612697335 23.35185748395758
855.5 26.210035250613714 23.352955490480227
856.0 26.20855886245346 23.35405513712025
856.5 26.20704633506318 23.35514299663105
857.0 26.20556340622098 23.35624708111924
857.5 26.204121330678806 23.35732572664267
858.0 26.202602635053882 23.358431140413998
858.5 26.20115782685286 23.359525192122756
859.0 26.199726188759445 23.360619897339596
859.5 26.198268921722967 23.361715402447658
860.0 26.196822457969308 23.36281222063471
860.5 26.195393459232893 23.363918843345708
861.0 26.194000266435516 23.365011514171712
861.5 26.19261866330409 23.366103275326733
862.0 26.19121369142894 23.367200722447944
862.5 26.189863524610168 23.368299705678794
863.0 26.18846021954584 23.369396820577776
863.5 26.187107601586682 23.37049698948666
864.0 26.185792387603723 23.371592467827725
864.5 26.184448182400324 23.372704720973907
865.0 26.18320663313082 23.373797413438844
865.5 26.181862186143015 23.374905807567472
866.0 26.1806008499866 23.376002321820103
866.5 26.17934459527217 23.377111287698362
867.0 26.178107229671426 23.378218668149167
867.5 26.176901188984388 23.379320517873854
868.0 26.175663192920663 23.3804306667227
868.5 26.174486176312147 23.38152747962458
869.0 26.17332706933484 23.382641917406467
869.5 26.17215612337068 23.383747538115024
870.0 26.170986804981354 23.384852861656146
870.5 26.169808646226983 23.385965644558482
871.0 26.168652679817917 23.38706456435694
871.5 26.167429803570172 23.388167659420933
872.0 26.166252020975513 23.389272079417275
872.5 26.16504243252991 23.390378185042756
873.0 26.163857262017626 23.39149343306449
873.5 26.16259896641302 23.39257958131117
874.0 26.161415735340196 23.393684895487414
874.5 26.1602031068941 23.394786384781177
875.0 26.15897399826165 23.395896178816734
875.5 26.15778848860348 23.3969949847341
876.0 26.156567359493494 23.39809722902517
876.5 26.155309543327743 23.39919061947939
877.0 26.154091839022694 23.400291119053456
877.5 26.152882877627977 23.40138609645884
878.0 26.15162241926271 23.4024889233546
878.5 26.15042255430901 23.40358958628009
879.0 26.14924362339448 23.40469453549636
879.5 26.148012386920545 23.405785363752074
880.0 26.146755731929844 23.40688937501938
880.5 26.145538670848794 23.4079924185162
881.0 26.14433819424072 23.409086439416413
881.5 26.14310945997844 23.41018315406218
882.0 26.14190721829123 23.411280697169445
882.5 26.140664887454122 23.412384936625212
883.0 26.13950596327337 23.413481795165254
883.5 26.138274341442923 23.414588090148712
884.0 26.137115413949278 23.41567044887708
884.5 26.135923785367808 23.416772408995776
885.0 26.13470944222628 23.417878397545998
885.5 26.133534433532773 23.418982871930154
886.0 26.132364723600098 23.420078232269557
886.5 26.131182746535035 23.421164765937256
887.0 26.13006132799928 23.42226676102792
887.5 26.128885913455285 23.42336478498964
888.0 26.12776017068462 23.424462066666266
888.5 26.126635659800122 23.425567792047364
889.0 26.125474231693882 23.42665941568415
889.5 26.124400924821533 23.427760138976517
890.0 26.123290418286725 23.428860522142983
890.5 26.12219667268753 23.429962971375986
891.0 26.12110389351743 23.431072352339747
891.5 26.120015982674317 23.43216511889581
892.0 26.118956752423497 23.43326083253537
892.5 26.11793708785705 23.434363578341525
893.0 26.11687125119261 23.435469458291657
893.5 26.1158256394847 23.436559195281163
894.0 26.114810103444192 23.43766591659326
894.5 26.11382402119379 23.43877142581027
895.0 26.112806936984796 23.43988178846292
895.5 26.111840969175617 23.44097255099402
896.0 26.110871478939135 23.442090626417635
896.5 26.109891478330155 23.44319217684506
