FastTrWP/PhaseSpace/IAs/snIa_0.65_30.00_1.05_-0.08.csv
# %ECSV 0.9
# ---
# datatype:
# - {name: time-rel, datatype: float64}
# - {name: g, datatype: float64}
# - {name: i, datatype: float64}
# schema: astropy-2.0
time-rel g i
[from data line 1437]
224.5 23.93464905520282 22.28348580500084
225.0 23.93612380229356 22.283789276933273
225.4999999999999 23.93760770064237 22.28408908931366
226.0 23.939080773897174 22.284400132984853
226.5 23.940554419267308 22.284708647439075
226.9999999999999 23.94201496431787 22.285028441132425
227.5 23.94349052241995 22.285340171767526
228.0 23.944936032916374 22.28565232909919
228.4999999999999 23.94640042406984 22.285973160892535
229.0 23.947856273038028 22.28628586624651
229.5 23.949305946084564 22.2866073110184
229.9999999999999 23.950750875679713 22.286933656070154
230.5 23.952215407481905 22.28725503468774
231.0 23.953668527887906 22.2875804118505
231.4999999999999 23.955112726938484 22.287911178308015
232.0 23.95654462034472 22.288236239402845
232.5 23.95797857281121 22.288567802988304
232.9999999999999 23.95941506716752 22.288896400673075
233.5 23.96086322421548 22.289238290335163
234.0 23.962285247976688 22.289572595262534
234.4999999999999 23.963719553054826 22.289903996614918
235.0 23.965145212091414 22.290242379945774
235.5 23.966574973384663 22.29058788255952
235.9999999999999 23.967996773439 22.29092344936571
236.5 23.96941372104606 22.29127357278597
237.0 23.970839703266506 22.29161802231502
237.4999999999999 23.972250338628207 22.291972055840823
238.0 23.9736491616206 22.29231199842241
238.5 23.975064160547618 22.292665663049632
238.9999999999999 23.976479347912367 22.29302674740548
239.5 23.977864683483784 22.29337273602427
240.0 23.979276072195393 22.293726349568765
240.4999999999999 23.98066466762073 22.294089366913244
241.0 23.982061420701562 22.29444708799744
241.5 23.983467528023453 22.29480222016565
241.9999999999999 23.98485621488909 22.2951677638291
242.5 23.986245151389554 22.295535278483296
243.0 23.987641859817263 22.29588867001782
243.4999999999999 23.989024357533584 22.296264683486395
244.0 23.990413769169518 22.296632235823747
244.5 23.99177684493001 22.29700344130581
244.9999999999999 23.99317169826397 22.2973679803769
245.5 23.994539489118893 22.29774340756841
246.0 23.995903793444455 22.298113961408372
246.4999999999999 23.997297450347585 22.298495474221973
247.0 23.998656366769033 22.29887784586502
247.5 24.000042529754147 22.299245135884227
247.9999999999999 24.001381467586228 22.299634287241872
248.5 24.002759051351013 22.300009071935996
249.0 24.00412092510723 22.300394289649674
249.4999999999999 24.005466288450158 22.30078147102337
250.0 24.00683548744499 22.301163482004466
250.5 24.00817147725949 22.30155962768542
250.9999999999999 24.009532452727903 22.301948222588162
251.5 24.010872260269835 22.302332588289463
252.0 24.012222998775748 22.30272504202106
252.4999999999999 24.013559264955667 22.30312160294456
253.0 24.01491597502195 22.303513142154443
253.5 24.01624458354791 22.30390568360796
253.9999999999999 24.017590419600946 22.304307085188185
254.5 24.01891933489641 22.304707285922657
255.0 24.02025410364977 22.305108603089344
255.4999999999999 24.021588603159678 22.30550920961633
256.0 24.02292032661455 22.305912608946695
256.5 24.024241583427827 22.306314324665596
256.9999999999999 24.02556960894911 22.306720265817653
257.5 24.026889531943052 22.307127307741105
258.0 24.028204428874975 22.30753105416454
258.4999999999999 24.029540126868877 22.307942902728893
259.0 24.030839598346823 22.308356943824826
259.5 24.032154642157778 22.30877083445399
259.9999999999999 24.033467935598196 22.309187209630966
260.5 24.034779387335217 22.309597772281514
261.0 24.03608836373793 22.310020599870178
261.4999999999999 24.037398299159285 22.310430826316242
262.0 24.03869494188833 22.310849754500598
262.5 24.04000927597024 22.311269047199605
262.9999999999999 24.04130607887605 22.311697092558042
263.5 24.042597852293692 22.312121394494685
264.0 24.043888266816328 22.31254641552036
264.4999999999999 24.04514744795926 22.31297855848219
265.0 24.046424403532995 22.313410448045783
265.5 24.04770688540848 22.313843304910655
265.9999999999999 24.04896402916183 22.31426821156544
266.5 24.050216921457455 22.314713772269897
267.0 24.05147405519649 22.315145733503364
267.4999999999999 24.05272080165728 22.31559277928401
268.0 24.053949368817253 22.316032630554517
268.5 24.05518560082772 22.31647940676674
268.9999999999999 24.05641622123281 22.31692218347912
269.5 24.057647297411414 22.317377767325933
270.0 24.058869255393304 22.317818472567627
270.4999999999999 24.060072092608547 22.318277798549072
271.0 24.061283786347644 22.318724020762104
271.5 24.062483291489293 22.319186874685567
271.9999999999999 24.063686377548777 22.319645506130662
272.5 24.064890272132942 22.320105660424325
273.0 24.06608371927142 22.320563407487
273.4999999999999 24.067267438514893 22.3210328729987
274.0 24.068471930898177 22.321498272553914
274.5 24.06965275926698 22.321958381740643
274.9999999999999 24.070823527718655 22.322426619290056
275.5 24.071999393711934 22.32290667986556
276.0 24.07316803182178 22.323367764527582
276.4999999999999 24.074350997178744 22.323846868107236
277.0 24.075522608384624 22.32431266895231
277.5 24.076664534838365 22.324796012837048
277.9999999999999 24.07784895556397 22.32527520054653
278.5 24.079005306222882 22.325752075479596
279.0 24.080155392146196 22.32623313587187
279.4999999999999 24.08131586248979 22.32671663549262
280.0 24.0824733382418 22.32720232643484
280.5 24.08361765475192 22.327679246431437
280.9999999999999 24.084790226502445 22.328165166442165
281.5 24.085931262513256 22.328654171498545
282.0 24.087076170346158 22.32913874260692
282.4999999999999 24.08823274907583 22.32963272134758
283.0 24.08937782372052 22.3301187144016
283.5 24.090506746764575 22.330616383546218
283.9999999999999 24.09167152243377 22.331107527569586
284.5 24.092815477811882 22.331600075897345
285.0 24.09395450864317 22.3321040640532
285.4999999999999 24.09509146639046 22.3325963199059
286.0 24.096243234324216 22.33308889592777
286.5 24.097394308114218 22.33358758262213
286.9999999999999 24.098531953471745 22.334087438121884
287.5 24.09968280033494 22.334586163731984
288.0 24.10082296757274 22.335087438729303
288.4999999999999 24.101966474080555 22.335596160634225
289.0 24.103122044991228 22.336095527496962
289.5 24.10425785626735 22.336600757757736
289.9999999999999 24.105420748152923 22.337105225376952
290.5 24.10657918653193 22.33761445956639
291.0 24.107740310218283 22.338114866064593
291.4999999999999 24.108892406141727 22.33862186385405
292.0 24.110055205263986 22.33912883886752
292.5 24.111220997630983 22.33963646975478
292.9999999999999 24.112381351138687 22.340149842313632
293.5 24.113554004383122 22.340659705411426
294.0 24.114720941836808 22.34117333469053
294.4999999999999 24.115897984704333 22.34167955811174
295.0 24.117074332586853 22.342198123812544
295.5 24.118253121537222 22.342707709409737
295.9999999999999 24.119447786431223 22.343213106013607
296.5 24.12061565291053 22.343734480270744
297.0 24.12180298598829 22.34424138929938
297.4999999999999 24.123004340099364 22.344756635539493
298.0 24.124210781933787 22.345272358347977
298.5 24.12540368519926 22.34578901487497
298.9999999999999 24.126622548251056 22.346300271729564
299.5 24.127827856658147 22.346812895807343
300.0 24.129046412346824 22.34733439446657
300.4999999999999 24.130272045075166 22.34784995345834
301.0 24.131507146520708 22.34836772480889
301.5 24.132736857152253 22.348881429322912
301.9999999999999 24.133969679377994 22.349399020943352
302.5 24.13522617485434 22.34991277773183
303.0 24.136465724159617 22.350435607600566
303.4999999999999 24.137722347473705 22.350953232310285
304.0 24.138967356331523 22.351470450114945
304.5 24.140206209619844 22.351994561699247
304.9999999999999 24.141455535456902 22.352514434052964
305.5 24.142698640222036 22.353037776097025
306.0 24.14396328924949 22.353561393824975
306.4999999999999 24.145198562314036 22.35409048197439
307.0 24.146456333584048 22.354613602579427
307.5 24.147702964304834 22.35514567533199
307.9999999999999 24.148966339883927 22.355670274887466
308.5 24.15020881485855 22.35620252136134
309.0 24.15147051698736 22.356730594313223
309.4999999999999 24.15272533227439 22.35726135772329
310.0 24.15397943657442 22.35779209299373
310.5 24.155239219845598 22.358327059109023
310.9999999999999 24.1565036484034 22.35886187661313
311.5 24.157761855294577 22.359397235360042
312.0 24.159023261195458 22.35993775924724
312.4999999999999 24.160289816674045 22.36047222085109
313.0 24.161552745644585 22.361009935691122
313.5 24.162813272441895 22.361548363953958
313.9999999999999 24.164073267665792 22.362093105216196
314.5 24.165350713925704 22.3626319430088
315.0 24.166618991091894 22.36317422393741
315.4999999999999 24.167890591813247 22.36371333811639
316.0 24.169168686750947 22.36426100837802
316.5 24.170426981061794 22.364804947093326
316.9999999999999 24.171710894545086 22.365352185733293
317.5 24.17299750172846 22.365898443668183
318.0 24.174282199760665 22.366442995098275
318.4999999999999 24.175547286185125 22.36699080240856
319.0 24.176830809004972 22.367534734642888
319.5 24.178111352973872 22.368095958477472
319.9999999999999 24.17940046299295 22.36864217936563
320.5 24.18069676355457 22.369198408518564
321.0 24.181999617980154 22.369752322995197
321.4999999999999 24.183270081938204 22.370299818946826
322.0 24.184578112096986 22.37085681595886
322.5 24.18586719839011 22.371415850162123
322.9999999999999 24.187159337691646 22.371968013520632
323.5 24.1884525433727 22.3725272819885
324.0 24.189780540362463 22.373084044111508
324.4999999999999 24.191081648039177 22.37364251290973
325.0 24.192398939679784 22.374200720830228
325.5 24.193706566668887 22.374756999710947
325.9999999999999 24.19503772568841 22.375317774275423
326.5 24.19633154145643 22.375878495420643
327.0 24.197650559819593 22.37644457730358
327.4999999999999 24.19898017082796 22.377007570686178
328.0 24.200309168875126 22.37756990100328
328.5 24.20164206349139 22.378128356939833
328.9999999999999 24.20295633115402 22.378701648591402
329.5 24.204293586414725 22.379264798393695
330.0 24.205652466298044 22.379833549848843
330.4999999999999 24.206987126892017 22.380404585812833
331.0 24.208315780343188 22.380967477957363
331.5 24.209658023160692 22.381530839720313
331.9999999999999 24.21100906516034 22.382101572039616
332.5 24.21235686001889 22.382665985112943
333.0 24.213713856045334 22.383240520192906
333.4999999999999 24.21507658121896 22.383811580508137
334.0 24.216436526256373 22.384380783349158
334.5 24.217812753906074 22.38495385648457
334.9999999999999 24.219165134213117 22.385525605028374
335.5 24.22054805307785 22.38609662216122
336.0 24.221927283481893 22.386673265286426
336.4999999999999 24.22329838795351 22.387242430144614
337.0 24.224699978537654 22.38782367351179
337.5 24.226065712363265 22.38839980454875
337.9999999999999 24.22747121453139 22.388967929550606
338.5 24.228863350277518 22.38954627291655
339.0 24.230275684990858 22.39012356702834
339.4999999999999 24.231654071529146 22.390696009922113
340.0 24.233080458052157 22.391279395783638
340.5 24.234490820464586 22.3918551941778
340.9999999999999 24.23590286276504 22.39243237844814
341.5 24.23733192216845 22.39301580604088
342.0 24.23875672629145 22.393590982146677
342.4999999999999 24.240181713387976 22.394178176780596
343.0 24.241612342509807 22.394755209325794
343.5 24.243043531622885 22.39533220758768
343.9999999999999 24.24447407542555 22.395918373651828
344.5 24.245918824709594 22.396503131706265
345.0 24.24738247421699 22.397082424157514
345.4999999999999 24.24882530285 22.397675403800918
346.0 24.250270368801342 22.398256515372793
346.5 24.251710357620148 22.398839565579806
346.9999999999999 24.253189575991847 22.399432130523685
347.5 24.254653245781668 22.40001603135811
348.0 24.25610936536144 22.400609761889175
348.4999999999999 24.25757779261392 22.401194811831505
349.0 24.259058289368326 22.401778600941373
349.5 24.260532114667328 22.40238518801938
349.9999999999999 24.26198547506022 22.402969043670357
350.5 24.26349267643554 22.403555333433403
351.0 24.2649663844627 22.40415400903627
351.4999999999999 24.266453862639047 22.40474764329703
352.0 24.267960045642628 22.405342368279648
352.5 24.269445245199353 22.40593847954058
352.9999999999999 24.270949549910416 22.406534235060498
353.5 24.27244870320328 22.40712925133776
354.0 24.27395588266804 22.407727581119946
354.4999999999999 24.275449431480215 22.40832392966197
355.0 24.276980866042138 22.40891824866621
355.5 24.278483829105397 22.409523067194932
355.9999999999999 24.280001623311147 22.410126484328106
356.5 24.281538095605608 22.410723046257676
357.0 24.283045785879615 22.411325776740934
357.4999999999999 24.284589822106632 22.411925413201352
358.0 24.28612776691907 22.41252728521374
358.5 24.287659156479336 22.41313404012628
358.9999999999999 24.289197851617715 22.413741188515605
359.5 24.290745220638676 22.41435062463543
360.0 24.292273114601898 22.414953412885083
360.4999999999999 24.29383705841424 22.41555550447125
361.0 24.29539944933652 22.41616721322358
361.5 24.296965305880644 22.416777201290003
361.9999999999999 24.298516776287467 22.417383576764493
362.5 24.300076882145426 22.417985506306827
363.0 24.30165772313543 22.41860285342787
363.4999999999999 24.303215996937922 22.419216470586733
364.0 24.304801140985667 22.419820500331433
364.5 24.30637547930033 22.420433950167688
364.9999999999999 24.307960757529067 22.421057797943185
365.5 24.30954542050497 22.42166646556493
366.0 24.31112048660777 22.422280158068205
366.4999999999999 24.312739119189203 22.42289765255997
367.0 24.31432256388757 22.423514430947517
367.5 24.31592905904062 22.424131905997445
367.9999999999999 24.31754052463762 22.424746960620652
368.5 24.319134829370526 22.42537521387845
369.0 24.320763920930737 22.425991127181177
369.4999999999999 24.3223717556777 22.42661062250143
370.0 24.32397438485463 22.427227334562325
370.5 24.325614037729718 22.42784542472817
370.9999999999999 24.327236649043872 22.428468868957843
371.5 24.3288756192111 22.429089087015328
372.0 24.330488636908775 22.42972910315999
372.4999999999999 24.33214522963191 22.430337806177786
373.0 24.333776253010527 22.4309685706761
373.5 24.33542111708816 22.43159034548889
373.9999999999999 24.337078409252435 22.432218956686793
374.5 24.3387205813018 22.43284596213368
375.0 24.340380181810275 22.43348011202681
375.4999999999999 24.342038832655874 22.43410686893578
376.0 24.34368951192337 22.43473735867523
376.5 24.34536990426004 22.43536065289768
376.9999999999999 24.347046300327445 22.43598912904578
377.5 24.348718801267168 22.436625223241165
378.0 24.35040194251167 22.437256439092145
378.4999999999999 24.352083449073305 22.437887970451683
379.0 24.353760961283992 22.438514175342362
379.5 24.355460451929574 22.43915766506106
379.9999999999999 24.357155541383907 22.439788231793226
380.5 24.358843000133255 22.440425734349102
381.0 24.360551557923905 22.44106424544183
381.4999999999999 24.362248712537774 22.441695127503944
382.0 24.36397497890131 22.442340229633864
382.5 24.36566339026491 22.442976323676916
382.9999999999999 24.36738309021409 22.4436192252479
383.5 24.369116158248634 22.444254857753467
384.0 24.370846326586086 22.444893578746317
384.4999999999999 24.37257903234539 22.445544714025015
385.0 24.374291948161584 22.446185822720317
385.5 24.37603799899732 22.44682636316157
385.9999999999999 24.37777599352171 22.447468502329905
386.5 24.379525279425792 22.448114995422692
387.0 24.381288935282093 22.44875762501513
387.4999999999999 24.38302879538197 22.449411141332774
388.0 24.384791985084288 22.450054815540106
388.5 24.38656487852483 22.45070052403292
388.9999999999999 24.388331739531253 22.45135246108656
389.5 24.390116201225492 22.45200348260372
390.0 24.391889709884534 22.452647874580578
390.4999999999999 24.39366989840641 22.453300349241303
391.0 24.39544263949532 22.453949642734194
391.5 24.39724798947257 22.4546080670002
391.9999999999999 24.399019066521063 22.455256923353474
392.5 24.400825575196514 22.455911962327527
393.0 24.40262662121183 22.45656636395967
393.4999999999999 24.404435018842477 22.457224691890914
