FastTrWP/PhaseSpace/IAs/snIa_0.6_25_1_-0.1.csv
# %ECSV 0.9
# ---
# datatype:
# - {name: time-rel, datatype: float64}
# - {name: g, datatype: float64}
# - {name: i, datatype: float64}
# schema: astropy-2.0
time-rel g i
[from data line 2775]
1368.6041666666667 -23.267980795535067 -26.579373877037963
1369.1041666666667 -23.27000510621748 -26.57812837094889
1369.6041666666667 -23.272150037414256 -26.57689511193345
1370.1041666666667 -23.274184429380046 -26.575638828148538
1370.6041666666667 -23.276313625158824 -26.574414636763642
1371.1041666666667 -23.278517024758326 -26.57315989634005
1371.6041666666667 -23.28066421664373 -26.571913405265693
1372.1041666666667 -23.28282754414831 -26.570675720100326
1372.6041666666667 -23.285092510272666 -26.56942157034564
1373.1041666666667 -23.287298832186845 -26.56819173585189
1373.6041666666667 -23.289483386901853 -26.566936290687643
1374.1041666666667 -23.291758670521816 -26.56569488760465
1374.6041666666667 -23.29403568383554 -26.56444595703846
1375.1041666666667 -23.296282442229845 -26.563200378242733
1375.6041666666667 -23.29855603944332 -26.561962208556274
1376.1041666666667 -23.30081961039028 -26.56070937054892
1376.6041666666667 -23.30307495513971 -26.55947559149842
1377.1041666666667 -23.305327843422315 -26.558221026026416
1377.6041666666667 -23.307629781529585 -26.55697802183102
1378.1041666666667 -23.30982894188352 -26.555727496391835
1378.6041666666667 -23.3121007028878 -26.55447561540939
1379.1041666666667 -23.314291580336825 -26.55324418727143
1379.6041666666667 -23.3165387837169 -26.552005061685296
1380.1041666666667 -23.318763231641686 -26.550755585448094
1380.6041666666667 -23.32095081671611 -26.549511125954176
1381.1041666666667 -23.323078973670338 -26.548278811223604
1381.6041666666667 -23.325285920616956 -26.547028864719472
1382.1041666666667 -23.327406096153386 -26.545784342302426
1382.6041666666667 -23.3295214968564 -26.544541239777686
1383.1041666666667 -23.331584049335234 -26.543312858118504
1383.6041666666667 -23.33366749514966 -26.54206084816153
1384.1041666666667 -23.335668970487514 -26.540830204009794
1384.6041666666667 -23.337714665152987 -26.53960160739807
1385.1041666666667 -23.33966687510618 -26.538367684052282
1385.6041666666667 -23.341597733657643 -26.537115613103598
1386.1041666666667 -23.343492702978594 -26.535885677149857
1386.6041666666667 -23.345414219942526 -26.534667725693502
1387.1041666666667 -23.34727182444081 -26.533433827386908
1387.6041666666667 -23.349049068853457 -26.532203671798683
1388.1041666666667 -23.350862015497746 -26.53095897041238
1388.6041666666667 -23.352683009546396 -26.529741746284337
1389.1041666666667 -23.354546154946952 -26.528508669991556
1389.6041666666667 -23.356450035654753 -26.527275269970495
1390.1041666666667 -23.35833435048095 -26.5260435502238
1390.6041666666667 -23.360282473483057 -26.524811017225268
1391.1041666666667 -23.362275065222853 -26.523575584426034
1391.6041666666667 -23.364311091160275 -26.52234165665587
1392.1041666666667 -23.366309523987987 -26.521120277944643
1392.6041666666667 -23.368326893758784 -26.519873828313408
1393.1041666666667 -23.370438171960725 -26.51864808749604
1393.6041666666667 -23.372498817199116 -26.517396798332978
1394.1041666666667 -23.37458900635393 -26.51617250788852
1394.6041666666667 -23.37672015250373 -26.514946788885617
1395.1041666666667 -23.378837831672858 -26.513705193888235
1395.6041666666667 -23.381033152083674 -26.512473173383487
1396.1041666666667 -23.38319829051421 -26.511237884985775
1396.6041666666667 -23.385311087108217 -26.51000680891306
1397.1041666666667 -23.387506440631235 -26.508763294777413
1397.6041666666667 -23.389705458999707 -26.5075290926905
1398.1041666666667 -23.391933121303815 -26.506289977632505
1398.6041666666667 -23.39411579534978 -26.50506268383429
1399.1041666666667 -23.3963719803456 -26.50381427402604
1399.6041666666667 -23.398546670831067 -26.502589085178755
1400.1041666666667 -23.4008429809472 -26.50134625193877
1400.6041666666667 -23.40305511182976 -26.500112017946343
1401.1041666666667 -23.405294899624533 -26.498882504781278
1401.6041666666667 -23.407545163959703 -26.497652540851554
1402.1041666666667 -23.40976504167815 -26.49639887154947
1402.6041666666667 -23.412041447376435 -26.49517429749769
1403.1041666666667 -23.41430288759005 -26.493934567482476
1403.6041666666667 -23.41655491594267 -26.492704094619413
1404.1041666666667 -23.418765535241572 -26.491467275102703
1404.6041666666667 -23.42100221786844 -26.490224968001918
1405.1041666666667 -23.423249836855366 -26.489004750978072
1405.6041666666667 -23.42551275832745 -26.487780229112804
1406.1041666666667 -23.427784902535535 -26.48652985322198
1406.6041666666667 -23.429950507481617 -26.485308315845245
1407.1041666666667 -23.432153735556696 -26.4840610597994
1407.6041666666667 -23.43441032107156 -26.482843692395143
1408.1041666666667 -23.43658298220165 -26.48161448592009
1408.6041666666667 -23.438761887905226 -26.480386686533734
1409.1041666666667 -23.440972968760224 -26.479152163154126
1409.6041666666667 -23.443062019370913 -26.477920597154778
1410.1041666666667 -23.445243614178736 -26.476685676974334
1410.6041666666667 -23.447409693150295 -26.475464763394584
1411.1041666666667 -23.44953489186308 -26.474228539967495
1411.6041666666667 -23.451602966290462 -26.473009825698153
1412.1041666666667 -23.453742893138262 -26.47178826369831
1412.6041666666667 -23.455813740266795 -26.47056355573326
1413.1041666666667 -23.457848197304823 -26.46933909018069
1413.6041666666667 -23.4598896199536 -26.468110673729374
1414.1041666666667 -23.46195516280519 -26.4668959762355
1414.6041666666667 -23.463968632402906 -26.46567612880263
1415.1041666666667 -23.465889349500657 -26.46445336277038
1415.6041666666667 -23.467850710486772 -26.463221899103694
1416.1041666666667 -23.469819504427267 -26.462012384336823
1416.6041666666667 -23.471725317089525 -26.460785394757217
1417.1041666666667 -23.473589973987366 -26.459568719838554
1417.6041666666667 -23.475460740035828 -26.458359851569732
1418.1041666666667 -23.477293817202984 -26.457150426974813
1418.6041666666667 -23.47908637224432 -26.455931225793442
1419.1041666666667 -23.48090681727655 -26.454715674986748
1419.6041666666667 -23.482676549231588 -26.453505151536962
1420.1041666666667 -23.48437538831565 -26.452310881002347
1420.6041666666667 -23.486085504633827 -26.451092962453547
