FastTrWP/PhaseSpace/IAs/snIa_0.68_30.00_0.26_0.02.csv
# %ECSV 0.9
# ---
# datatype:
# - {name: time-rel, datatype: float64}
# - {name: g, datatype: float64}
# - {name: i, datatype: float64}
# schema: astropy-2.0
time-rel g i
[from data line 574]
391.1458333333333 24.3539697744626 22.658117031904283
391.64583333333326 24.351749911997615 22.65627990934387
392.1458333333333 24.349516896815295 22.654444351054735
392.6458333333333 24.347326598840496 22.652627868943323
393.14583333333326 24.345142518277072 22.65080116668765
393.6458333333333 24.34295909138175 22.648989991652414
394.1458333333333 24.340779516683668 22.647182360056618
394.64583333333326 24.338605441539926 22.645380924559248
395.1458333333333 24.336436147161855 22.643580133098652
395.6458333333333 24.33429403027137 22.641786123921182
396.14583333333326 24.332147147078835 22.639999707857285
396.6458333333333 24.330015187815146 22.638217405825802
397.1458333333333 24.327890696419246 22.636433109633348
397.64583333333326 24.32578566816438 22.634663593437754
398.1458333333333 24.32368564053947 22.632892731380487
398.6458333333333 24.321577239792916 22.631129280469725
399.14583333333326 24.319521910492305 22.629377837880096
399.6458333333333 24.317446808243858 22.627622281934926
400.1458333333333 24.31538283200528 22.625884448229733
400.64583333333326 24.31332568655779 22.62414219797444
401.1458333333333 24.31128936565685 22.622403523531336
401.6458333333333 24.309257078056326 22.620678528265493
402.14583333333326 24.307251244058516 22.618956266471038
402.6458333333333 24.305223143595253 22.617236072353073
403.1458333333333 24.303224709745606 22.615523438156956
403.64583333333326 24.301239993136537 22.613814420411707
404.1458333333333 24.29926951254131 22.612119457577883
404.6458333333333 24.29728799761009 22.610422279973463
405.14583333333326 24.295334076117886 22.608739077813418
405.6458333333333 24.293395519382486 22.607053756498075
406.1458333333333 24.29144747889733 22.605382304591917
406.64583333333326 24.289536508755546 22.60370659374724
407.1458333333333 24.287627158671597 22.602037879646055
407.6458333333333 24.285723759833225 22.60037719882993
408.14583333333326 24.28382680774146 22.59873126058914
408.6458333333333 24.281954995861238 22.59708184839137
409.1458333333333 24.280095826908934 22.595441396763096
409.64583333333326 24.278241603375342 22.593800280977668
410.1458333333333 24.27638057569976 22.59218192996859
410.6458333333333 24.274574183664765 22.590557283507962
411.14583333333326 24.272747835041777 22.58893797540324
411.6458333333333 24.27091576910364 22.587333405476365
412.1458333333333 24.26913085103896 22.585728682720784
412.64583333333326 24.26735056235666 22.58412741563475
413.1458333333333 24.265587941022876 22.582544739606693
413.6458333333333 24.26381004663917 22.580956170708404
414.14583333333326 24.262074711289007 22.57938504421689
414.6458333333333 24.26035905721562 22.577810730574388
415.1458333333333 24.258616599517723 22.576247199393404
415.64583333333326 24.256891976479096 22.574686803309795
416.1458333333333 24.255191532291104 22.573124152354005
416.6458333333333 24.253495732290887 22.57157400238746
417.14583333333326 24.251798796586815 22.570023853983244
417.6458333333333 24.250110652977114 22.56848481371012
418.1458333333333 24.248427475302897 22.566938930538303
418.64583333333326 24.246754731227192 22.565415415754046
419.1458333333333 24.245112111090563 22.563885299926657
419.6458333333333 24.243452932947985 22.562361736460193
420.14583333333326 24.241815693069178 22.56083799786309
420.6458333333333 24.240175574389625 22.559322705663693
421.1458333333333 24.23853888870895 22.557819978134095
421.64583333333326 24.23692422753984 22.556314557616865
422.1458333333333 24.235325741845763 22.55481788766764
422.6458333333333 24.233700996473445 22.553320580984536
423.14583333333326 24.23213384127745 22.551823620238025
423.6458333333333 24.2305217205309 22.550341837056376
424.1458333333333 24.228947818706747 22.548855266511374
424.64583333333326 24.227377141864828 22.54738933770102
425.1458333333333 24.22581366419664 22.545903760011818
425.6458333333333 24.224273195260928 22.544443408878113
426.14583333333326 24.222713783924256 22.54298151249664
426.6458333333333 24.221181475135417 22.541516080201013
427.1458333333333 24.219647585054155 22.540068044840588
427.64583333333326 24.218145332485275 22.538615861763148
428.1458333333333 24.216635876099964 22.537170084741053
428.6458333333333 24.21511003965842 22.535728800531537
429.14583333333326 24.213623051338452 22.534294814327236
429.6458333333333 24.212121268533913 22.532860134128363
430.1458333333333 24.210661469954108 22.5314372650462
430.64583333333326 24.2091862839894 22.53001532154514
431.1458333333333 24.207715333608974 22.528597811370012
431.6458333333333 24.20624966929733 22.527188069869002
432.14583333333326 24.204819368179788 22.525778965010748
432.6458333333333 24.203369530980797 22.524369639880078
433.1458333333333 24.20193174332258 22.522965715759582
433.64583333333326 24.200521044232815 22.52157772985832
434.1458333333333 24.19909001591634 22.520183463234208
434.6458333333333 24.19768680002263 22.51878844711242
435.14583333333326 24.196281780739763 22.517416452844245
435.6458333333333 24.19489363772115 22.516035229132125
436.1458333333333 24.193500645894083 22.51466273935007
436.64583333333326 24.19213644347384 22.513299415920866
437.1458333333333 24.190750139855584 22.51193169727496
437.6458333333333 24.18939597159345 22.510574522066854
438.14583333333326 24.188044236284348 22.509219305754414
438.6458333333333 24.18669729115798 22.50786837059499
439.1458333333333 24.185370224969297 22.50652374537955
439.64583333333326 24.1840371092095 22.50518102273559
440.1458333333333 24.182720171014317 22.503846480551708
440.6458333333333 24.181399335992737 22.50251201921264
441.14583333333326 24.180100228283756 22.50118204974094
441.6458333333333 24.178795743796716 22.499861343567133
442.1458333333333 24.17750442496398 22.49854206895685
442.64583333333326 24.17623108956608 22.49723014607759
443.1458333333333 24.17495200218095 22.495908094720967
443.6458333333333 24.17369260619366 22.494610850244253
444.14583333333326 24.17242760059205 22.49330893071327
444.6458333333333 24.171189142907107 22.492008964512543
445.1458333333333 24.16993463586015 22.49071775859012
445.64583333333326 24.16870090813957 22.489425327559253
446.1458333333333 24.167479078303067 22.48813946223219
446.6458333333333 24.166265260039765 22.486864429049987
447.14583333333326 24.16503527183746 22.48558871349113
447.6458333333333 24.163854537538832 22.484308254710285
448.1458333333333 24.162669486226616 22.48304980867222
448.64583333333326 24.161464085561168 22.48178001804529
449.1458333333333 24.160281140554 22.480524501082723
449.6458333333333 24.15912059728232 22.479277577284048
450.14583333333326 24.157944599942557 22.478016074144684
450.6458333333333 24.15679591821924 22.476773466315404
451.1458333333333 24.155637230636003 22.475533257950797
451.64583333333326 24.15451008000956 22.47430041895288
452.1458333333333 24.15337227882901 22.473067139139182
452.6458333333333 24.15226709375384 22.47183496634969
453.14583333333326 24.151146077048278 22.470611578329418
453.6458333333333 24.15003111745882 22.46939776235934
454.1458333333333 24.148932098820573 22.468173548115537
454.64583333333326 24.147833570444604 22.46696665249455
455.1458333333333 24.146743305355123 22.465758521685835
455.6458333333333 24.145676856387897 22.46455560818715
456.14583333333326 24.144598912024495 22.463364569768704
456.6458333333333 24.14353661722749 22.462161219797064
457.1458333333333 24.142469737469234 22.460968494557765
457.64583333333326 24.14142737292043 22.45978025008936
458.1458333333333 24.140395424840072 22.458592097659956
458.6458333333333 24.1393463016246 22.45742185594834
459.14583333333326 24.138301961114944 22.456243073733436
459.6458333333333 24.137283662445952 22.455062753970886
460.1458333333333 24.13625474519117 22.453895715482894
460.64583333333326 24.135243238926336 22.452731646453365
461.1458333333333 24.134247813639213 22.451567217508263
461.6458333333333 24.13325498379775 22.450407102323176
462.14583333333326 24.132260362838018 22.44925584082711
462.6458333333333 24.13127081167827 22.448103996301647
463.1458333333333 24.13029270450132 22.44695059015615
463.64583333333326 24.12931268161394 22.445812540767523
464.1458333333333 24.128342779119592 22.444669179948974
464.6458333333333 24.12739976244483 22.443529773854863
465.14583333333326 24.12643507341723 22.442405123670234
465.6458333333333 24.125497670725732 22.441275107904936
466.1458333333333 24.12455578058943 22.44015130830483
466.64583333333326 24.123606938537332 22.439030808784413
467.1458333333333 24.122690978793507 22.437912901682402
467.6458333333333 24.121772078232702 22.436790434783553
468.14583333333326 24.120860821033382 22.43568694312266
468.6458333333333 24.119949535622062 22.434573426939263
469.1458333333333 24.11905872821787 22.433479344201494
469.64583333333326 24.11815751629708 22.432380806838367
470.1458333333333 24.117282260221437 22.431282472681083
470.6458333333333 24.116391502273817 22.430196444281655
471.14583333333326 24.115527283226854 22.42910855070636
471.6458333333333 24.11465855031876 22.428015894272608
472.1458333333333 24.11379259373556 22.426937324931608
472.64583333333326 24.11295172771456 22.42586237514091
473.1458333333333 24.112104865663298 22.424793997952396
473.6458333333333 24.111285308626552 22.423726564736914
474.14583333333326 24.110445349817596 22.422658228077694
474.6458333333333 24.10962367934442 22.42159679747489
475.1458333333333 24.108808668903126 22.420545187946814
475.64583333333326 24.107983693200094 22.419489917728818
476.1458333333333 24.10719976570945 22.418443422155697
476.6458333333333 24.10640466204117 22.41739286149878
477.14583333333326 24.105607672429525 22.416350165606445
477.6458333333333 24.10483341130856 22.415310919617248
478.1458333333333 24.104058557958567 22.414278306246903
478.64583333333326 24.10327747943327 22.413245829062518
479.1458333333333 24.102525576786633 22.412226912351887
479.6458333333333 24.10177009916632 22.411200413274667
480.14583333333326 24.101014011093937 22.410183641332967
480.6458333333333 24.100289467424645 22.409164681042345
481.1458333333333 24.09955744720059 22.40815224454567
481.64583333333326 24.098832897980706 22.407141107080054
482.1458333333333 24.098111899342463 22.40614390171345
482.6458333333333 24.097401015425316 22.40514206952904
483.14583333333326 24.096716303763607 22.40414550794498
483.6458333333333 24.096000658485906 22.40315271640155
484.1458333333333 24.095314648135098 22.402164589594477
484.64583333333326 24.094637415628924 22.401177659551635
485.1458333333333 24.09396758829281 22.400201101466006
485.6458333333333 24.09331705026199 22.399225254062518
486.14583333333326 24.0926498247484 22.398249550066595
486.6458333333333 24.09197763511129 22.397277692366853
487.1458333333333 24.091342616438492 22.396310909684196
487.64583333333326 24.090691065295534 22.395350884328163
488.1458333333333 24.090069790303072 22.394398989484863
488.6458333333333 24.08945121379555 22.39343715665698
489.1458333333333 24.088839804351014 22.39249205446939
489.6458333333333 24.08822428474558 22.3915463720077
490.1458333333333 24.08762388588441 22.39060329207902
490.6458333333333 24.087024567653543 22.389665730775057
491.1458333333333 24.086441082028426 22.38873402813863
491.6458333333333 24.085866848205917 22.38779556296505
492.1458333333333 24.085294553885433 22.38687408056036
492.6458333333333 24.084737410772018 22.385954855718637
493.1458333333333 24.084173108053953 22.385026484745374
493.6458333333333 24.083631975771883 22.384110066239806
494.1458333333333 24.0830829033669 22.383206643736667
494.6458333333333 24.08254392829624 22.382295521847055
495.1458333333333 24.082015776590882 22.381394275224213
495.6458333333333 24.081492801514862 22.38049418335254
496.1458333333333 24.080984121003336 22.379600006483148
496.6458333333333 24.080492684229977 22.378706838999655
497.1458333333333 24.07999401787525 22.37782143573306
497.6458333333333 24.079497714966763 22.376931280415494
498.1458333333333 24.079021066212228 22.37605076726134
498.6458333333333 24.07854992531807 22.37518131131946
499.1458333333333 24.0780810524377 22.37430075764825
499.6458333333333 24.077627329270776 22.373431359848478
500.1458333333333 24.07716788801986 22.372563426339575
500.6458333333333 24.076727241084622 22.371700569807963
501.1458333333333 24.07628904968686 22.37084118556236
501.6458333333333 24.075867398540368 22.36999261742981
502.1458333333333 24.075437054037113 22.369131976465294
502.6458333333333 24.075012428024188 22.368289094116605
503.1458333333333 24.074605149340766 22.36744205253071
503.6458333333333 24.07420769683806 22.366595327554815
504.1458333333333 24.073820330101046 22.365762433223573
504.6458333333333 24.07344614828378 22.364920139368188
505.1458333333333 24.07305450832672 22.364098832867757
505.6458333333333 24.072680055777465 22.36326119121028
506.1458333333333 24.07231693969585 22.36244198401574
506.6458333333333 24.071957047103552 22.361615297964423
507.1458333333333 24.071593061888446 22.360800144558567
507.6458333333333 24.071255167195403 22.359991889892278
508.1458333333333 24.070918492631495 22.359175843031878
508.6458333333333 24.07059423180926 22.35836826555576
509.1458333333333 24.070255068433323 22.357562733839607
509.6458333333333 24.069931275358385 22.35676141316341
510.1458333333333 24.069614028644516 22.35596534735684
510.6458333333333 24.069307196186628 22.35516949509475
511.1458333333333 24.069006207100067 22.354383731837167
511.6458333333333 24.068709823249502 22.353599336424935
512.1458333333334 24.068426908438912 22.352813814851203
512.6458333333334 24.068138521999995 22.35203338945648
513.1458333333334 24.067873967660155 22.35125231471516
513.6458333333334 24.06759231611542 22.350480111430947
514.1458333333334 24.067337218501464 22.349705995986227
514.6458333333334 24.067079295155057 22.348936108084246
515.1458333333334 24.066833088765314 22.348173683395665
515.6458333333334 24.066582612367853 22.34741618450332
516.1458333333334 24.066350335612213 22.346654749206337
516.6458333333334 24.06611455019661 22.34591117619214
517.1458333333334 24.065895203253625 22.345153572320584
517.6458333333334 24.065671553951166 22.344397119489393
518.1458333333334 24.065456717865807 22.343654244859366
518.6458333333334 24.0652597847089 22.342915735745525
519.1458333333334 24.06505804176701 22.342171354274
519.6458333333334 24.06485850860912 22.341429147719385
520.1458333333334 24.06465073769735 22.340698698530833
520.6458333333334 24.064469317075535 22.339972240890724
521.1458333333334 24.06429459260754 22.339244197042582
521.6458333333334 24.064120234698095 22.33851878235069
522.1458333333334 24.063954546713965 22.337798831084456
522.6458333333334 24.06379259745482 22.337086040538473
523.1458333333334 24.06363120481085 22.336372019353206
523.6458333333334 24.063478692934652 22.335658040191188
524.1458333333334 24.063321478859542 22.334943968850546
524.6458333333334 24.06319283617239 22.334249950101423
525.1458333333334 24.0630642333426 22.33353701898942
525.6458333333334 24.062919624507284 22.332836737890705
526.1458333333334 24.062800807383983 22.332144201593096
526.6458333333334 24.0626784417767 22.33144907205957
527.1458333333334 24.06257009589134 22.33075344377552
527.6458333333334 24.062444226158128 22.330067168444838
528.1458333333334 24.062345612090116 22.329385097536203
528.6458333333334 24.06224173849532 22.328700712170523
529.1458333333334 24.062153714969835 22.328017168432027
529.6458333333334 24.062069570408365 22.327342684063254
530.1458333333334 24.061986812871687 22.326670388244565
530.6458333333334 24.06190357310195 22.32600304189107
531.1458333333334 24.06182079621886 22.325328040994897
531.6458333333334 24.061764482794068 22.324669046993357
532.1458333333334 24.061705230986476 22.324005908141483
532.6458333333334 24.0616312011692 22.323340711752678
533.1458333333334 24.061596057162408 22.322687589837248
533.6458333333334 24.06154777257533 22.32203311842095
534.1458333333334 24.061496942453687 22.32137651157624
534.6458333333334 24.06146674185117 22.32073660177167
