FastTrWP/PhaseSpace/IAs/snIa_0.56_30.00_-1.12_-0.12.csv
# %ECSV 0.9
# ---
# datatype:
# - {name: time-rel, datatype: float64}
# - {name: g, datatype: float64}
# - {name: i, datatype: float64}
# schema: astropy-2.0
time-rel g i
[from data line 1774]
540.5 24.914630859850565 22.780138656601963
541.0 24.916781119098637 22.78097166898371
541.5 24.918938643933103 22.78178577497915
542.0 24.9211026842358 22.782613489035214
542.5 24.923268771033346 22.78344191960222
543.0 24.9254865029432 22.784268965467156
543.5 24.927668716412658 22.785101734599166
544.0 24.92985382038856 22.785934845584702
544.5 24.932065138839995 22.78676437607329
545.0 24.93426568405574 22.78760137530938
545.5 24.936482463004126 22.788430729621588
546.0 24.938721291982663 22.78926721434381
546.5 24.94092570648265 22.790099148006288
547.0 24.943194556572898 22.79094185100467
547.5 24.945411306390728 22.791777263271822
548.0 24.947680764545105 22.792617190055196
548.5 24.94993169926463 22.793453938896917
549.0 24.952220083401432 22.794297689604868
549.5 24.954480760928707 22.795131860117937
550.0 24.95679032889759 22.795975774613044
550.5 24.959068451099785 22.796824682619622
551.0 24.96135959282725 22.797657736419286
551.5 24.96365898779272 22.79851509796449
552.0 24.96600317509266 22.799363196057367
552.5 24.96831068548165 22.800201126599692
553.0 24.970643493538788 22.801054756355242
553.5 24.97297576738689 22.801900324237817
554.0 24.975289962204204 22.80275752567441
554.5 24.977662327806346 22.80360470059318
555.0 24.980021850418762 22.804461072214558
555.5 24.982390753748277 22.80531708309953
556.0 24.98476359141108 22.806169601518278
556.5 24.98714929669601 22.80703164542794
557.0 24.989545991075936 22.807885777745547
557.5 24.991948785316758 22.80874111619765
558.0 24.99435107204207 22.809601000946877
558.5 24.9967786182005 22.81046165021275
559.0 24.999209464926455 22.811331441581583
559.5 25.001639530456256 22.812188536778223
560.0 25.004109255618097 22.81305102969703
560.5 25.006526187480706 22.813924161300015
561.0 25.008989567662667 22.814780646498292
561.5 25.01145430641143 22.815648700456606
562.0 25.013949772395776 22.81652098314305
562.5 25.016438881798052 22.8173999101562
563.0 25.018910367230948 22.818264852437306
563.5 25.02144215115677 22.819138528962107
564.0 25.02394118836473 22.820014459653763
564.5 25.02644588906543 22.820881236660643
565.0 25.02899876969647 22.821764926054158
565.5 25.03153049815216 22.822647085597367
566.0 25.034080851103923 22.8235193752555
566.5 25.03663722221885 22.824399593571982
567.0 25.03921816429267 22.825281983642295
567.5 25.04181642680429 22.826168550483665
568.0 25.044370171608534 22.827051741183606
568.5 25.046977636981097 22.82793735258999
569.0 25.04959546093498 22.82882479544738
569.5 25.052182516471824 22.829709846800057
570.0 25.054834196774802 22.8305891075998
570.5 25.057456488631217 22.831485136895992
571.0 25.06010799967345 22.8323726043193
571.5 25.062781101286916 22.8332809351428
572.0 25.065458372383898 22.834169906462147
572.5 25.068098487466163 22.835058362104085
573.0 25.07081526949559 22.83595658441348
573.5 25.07349392058495 22.836858201997238
574.0 25.076207020611434 22.837754284666204
574.5 25.078949553550693 22.838660492396233
575.0 25.08168605427056 22.8395619595334
575.5 25.084412933723236 22.840455764546753
576.0 25.087144296463748 22.841356267466363
576.5 25.089953119718945 22.842270242601327
577.0 25.092736067039763 22.843176232073056
577.5 25.095491960740034 22.844081719704693
578.0 25.098320206021036 22.844991164520764
578.5 25.1011351797915 22.84590159336951
579.0 25.10396642887573 22.846815383351363
579.5 25.106806054254605 22.847723812020618
580.0 25.109634018786124 22.848640741098386
580.5 25.11250557181906 22.84955290078686
581.0 25.11537034258953 22.850478591655623
581.5 25.118266552051658 22.85138948930397
582.0 25.12114416987763 22.852313984611165
582.5 25.124053432823963 22.853240178025004
583.0 25.126989198014662 22.854151000529164
583.5 25.129907020055434 22.855070589665022
584.0 25.132821854319744 22.855992930812125
584.5 25.135811416406785 22.856916954269796
585.0 25.13875563957146 22.857845309447026
585.5 25.14173602927667 22.85877825685272
586.0 25.14471008548655 22.85970456015921
586.5 25.147715594408318 22.86063705636028
587.0 25.150726551609445 22.86156435188368
587.5 25.15373493824754 22.862499778398494
588.0 25.156759422024486 22.863439486736034
588.5 25.159792268131657 22.864365593364646
589.0 25.162862572628942 22.865307689434818
589.5 25.165920075344452 22.86625022547037
590.0 25.169013164965072 22.86718336196987
590.5 25.172071253248397 22.86812739133817
591.0 25.175207820238974 22.86906740771153
591.5 25.178322515468032 22.870012492883433
592.0 25.181446973530356 22.87095615661385
592.5 25.184581119095238 22.8718996869241
593.0 25.187708809334787 22.872848849870184
593.5 25.19086674770884 22.873791893064848
594.0 25.194037243085866 22.874750309886593
594.5 25.197238135491055 22.87569515541337
595.0 25.200410104103504 22.876652214469683
595.5 25.203608634707084 22.877607777023687
596.0 25.20683816008919 22.878562045269465
596.5 25.210044006751758 22.87951818818026
597.0 25.21327902989 22.880477053679094
597.5 25.216541068757806 22.88143447261321
598.0 25.219796500107797 22.882391423529228
598.5 25.223042948326054 22.883350063766613
599.0 25.226326952449188 22.884322283758273
599.5 25.229641334442633 22.88529077969543
600.0 25.232951982497788 22.88625459649261
600.5 25.236262922177563 22.887224172277175
601.0 25.239562359335697 22.888188348920163
601.5 25.24292193876626 22.889157168103708
602.0 25.24626003437119 22.89013103885044
602.5 25.24966081159917 22.89109779132776
603.0 25.253035635846054 22.892072070444776
603.5 25.256412028101877 22.89304958937215
604.0 25.259828334386533 22.894023497112954
604.5 25.263221173368308 22.895005784091108
605.0 25.26661711036901 22.895983537068787
605.5 25.270064243278814 22.89697412634423
606.0 25.2735129446367 22.89794731240687
606.5 25.276938059539287 22.898936060408236
607.0 25.280415859003735 22.89992150569573
607.5 25.28388658280295 22.90090501441197
608.0 25.28737534833265 22.901900160649724
608.5 25.290869548216612 22.90288087710383
609.0 25.294390431314827 22.90387651843141
609.5 25.297915333709096 22.904868697210073
610.0 25.301477345872566 22.90585911520305
610.5 25.305082759716736 22.906860067762885
611.0 25.30868375245154 22.90786174567313
611.5 25.312319979844155 22.908853248330807
612.0 25.316005030622726 22.90986247027569
612.5 25.319718825215215 22.910861405658977
613.0 25.323441930568798 22.91187176357518
613.5 25.327175131844367 22.91288692464255
614.0 25.33094928228694 22.913895834287747
614.5 25.33479215055911 22.914908613289718
615.0 25.33861352602485 22.915919181093866
615.5 25.342468692329124 22.916938380951763
616.0 25.34633859394896 22.91794822897865
616.5 25.350242314306314 22.918963812701424
617.0 25.354181879925992 22.920000898570688
617.5 25.35812683064409 22.921015701623215
618.0 25.362105519718952 22.922047254166532
618.5 25.366095035411117 22.92307874248278
619.0 25.37012351373422 22.924106103771376
619.5 25.37415345106757 22.925133045347156
620.0 25.37820510167618 22.926172237909267
620.5 25.38228873812809 22.92720074462356
621.0 25.386390754442388 22.928234826466767
621.5 25.390463284089137 22.929274895098253
622.0 25.394620847641125 22.93031539516693
622.5 25.39877101699696 22.93134286583195
623.0 25.402944704675505 22.93238884131022
623.5 25.407108221465503 22.933430889206324
624.0 25.41131912051306 22.93447856107493
624.5 25.415509986234124 22.93551958134076
625.0 25.419747301875454 22.936568312596606
625.5 25.423990088952145 22.937619007155938
626.0 25.42824483217142 22.938665735988923
626.5 25.43251450755357 22.9397148148602
627.0 25.43676903139979 22.94076457020276
627.5 25.44105765691932 22.941825562459893
628.0 25.445338853689453 22.942877773838784
628.5 25.44964846484721 22.943922152759807
629.0 25.453946959089766 22.944990591897753
629.5 25.458309459481537 22.946044017775588
630.0 25.462614215262377 22.947096878740204
630.5 25.466940864956268 22.948155496534177
631.0 25.471284030520344 22.94922273886881
631.5 25.47561468504423 22.950286118962325
632.0 25.47996250724537 22.951346803795047
632.5 25.484300534474016 22.95240979003816
633.0 25.488665353349155 22.95347594370125
633.5 25.49304249291344 22.95453151692469
634.0 25.497374906375143 22.955592313341057
634.5 25.50171132780106 22.956671165267256
635.0 25.506058794898774 22.957741591323998
635.5 25.51044313970952 22.958805373999777
636.0 25.514766414783075 22.959876678561564
636.5 25.5191530159836 22.96094266244548
637.0 25.523457943507246 22.96201836857268
637.5 25.52776431481302 22.96308816285558
638.0 25.532091666127794 22.964154386096013
638.5 25.536423110642126 22.965228161331183
639.0 25.540693088343357 22.96630315024009
639.5 25.545024581357424 22.967373945841413
640.0 25.54930620455356 22.968448531920146
640.5 25.553575448396494 22.96951720670371
641.0 25.557842679775508 22.97060496628527
641.5 25.56206291395665 22.971667488346426
642.0 25.566336339193253 22.97274282610648
642.5 25.57051969025948 22.9738190633336
643.0 25.574718368453762 22.974892976258392
643.5 25.578905621316824 22.975972073547325
644.0 25.58308311422515 22.97704801394343
644.5 25.587182505932876 22.978115746745907
645.0 25.5913161558271 22.97920543950516
645.5 25.595394619112444 22.980272870057206
646.0 25.599445054356913 22.981349988785986
646.5 25.60351018822075 22.982432174722597
647.0 25.607521023584855 22.983506439137976
647.5 25.61153422571477 22.984576971610995
648.0 25.615571121400937 22.98565838234202
648.5 25.619604624625847 22.98673366416881
649.0 25.62366196838959 22.987815242646867
649.5 25.627658731395883 22.98890589584973
650.0 25.631700234075545 22.989980684083626
650.5 25.635759257696336 22.99106544594442
651.0 25.639764224218826 22.992146958082543
651.5 25.64379270736774 22.993227371316397
652.0 25.647823236873553 22.994325171790017
652.5 25.651828968910507 22.995405948975744
653.0 25.655848540297093 22.996492435868575
653.5 25.65986231630227 22.99758462124732
654.0 25.663919184343044 22.998677967181198
654.5 25.667890184321394 22.999763400487723
655.0 25.67190784252802 23.000840775483717
655.5 25.67587135819902 23.001943853720235
656.0 25.67985400877197 23.00303550009204
656.5 25.683849643564574 23.004135356244433
657.0 25.687853845906872 23.005229249499443
657.5 25.69184645697559 23.00632796290372
658.0 25.695781176384287 23.007414573915923
658.5 25.699768935251083 23.008514097148186
659.0 25.703733886503958 23.00961842095163
659.5 25.707662551388154 23.0107086163911
660.0 25.711600769703196 23.011817091566847
660.5 25.71557524842128 23.01290623952736
661.0 25.719483279079697 23.014012731315653
661.5 25.723423586173766 23.01510712696123
662.0 25.72729884453122 23.016214664138246
662.5 25.731188418710012 23.01731075625828
663.0 25.735067365474823 23.018424562614964
663.5 25.738993872476534 23.019531433657395
664.0 25.742817644728415 23.020631416136744
664.5 25.74668469268945 23.021736770848772
665.0 25.750520689558947 23.022841245153046
665.5 25.75439339139909 23.023961284391884
666.0 25.758179776508943 23.0250712911322
666.5 25.761976536167165 23.026186060314757
667.0 25.765795781776404 23.027287474455512
667.5 25.769579611664316 23.0284014699944
668.0 25.773335191708576 23.029515683172683
668.5 25.777084537099263 23.030625343976503
669.0 25.780824197826448 23.03173676901807
669.5 25.78454895832852 23.03284688563631
670.0 25.788246369874038 23.033973396435993
670.5 25.79194794188098 23.035092439490406
671.0 25.79558278353861 23.036203283384022
671.5 25.79925598927876 23.037319794213165
672.0 25.80286455432317 23.038439230871482
672.5 25.80647937525692 23.039558681013595
673.0 25.810101612711374 23.04068198882419
673.5 25.813693005562822 23.041798089660173
674.0 25.817237789354863 23.042911634172295
674.5 25.82076566192992 23.04403628436625
675.0 25.824283797671477 23.045153676128574
675.5 25.82774940417171 23.046283467849534
676.0 25.831247463821825 23.047408381682196
676.5 25.83467521259238 23.04854150510542
677.0 25.838124144177385 23.049663616811713
677.5 25.84148849282876 23.050793624060127
678.0 25.844901871364954 23.05191022005744
678.5 25.84824376674446 23.05304327474063
679.0 25.8515671147521 23.054169999436503
679.5 25.854861098680296 23.055296017098257
680.0 25.85812639570072 23.056435655454948
680.5 25.86139211753009 23.05755823166107
681.0 25.864598787354286 23.058683868427266
681.5 25.8677799251816 23.059817451246673
682.0 25.870936313821417 23.060953026876362
682.5 25.874083005648913 23.06209477102835
683.0 25.87720444921937 23.06321861546624
683.5 25.880272555193837 23.064358780649414
684.0 25.883305618959763 23.065491889695622
684.5 25.88632528662474 23.06662428438368
685.0 25.88932327401684 23.06775962164806
685.5 25.892277907372033 23.068896961181142
686.0 25.89523509748332 23.070033226851443
686.5 25.898183662266888 23.071166553147606
687.0 25.901058491484324 23.072311712671436
687.5 25.90395346055374 23.073447377532965
688.0 25.906840330485306 23.074596739335107
688.5 25.90968459494114 23.07573592552751
689.0 25.9124842179631 23.07687650173989
689.5 25.91524228907302 23.078028486901026
690.0 25.91802964069433 23.07916747378208
690.5 25.92073923623896 23.080307471429307
691.0 25.923475588933375 23.081452031862998
691.5 25.92615131468917 23.082604394723848
692.0 25.928796443352446 23.08375297561728
692.5 25.93142692973568 23.08489784672058
693.0 25.934028760908706 23.086039757323856
693.5 25.936639896777812 23.087189246352043
694.0 25.93916270893864 23.08835214180555
694.5 25.941694389848315 23.089494243206477
695.0 25.944169852918616 23.090646646460435
695.5 25.946644704375533 23.091801380558742
696.0 25.94906466242254 23.09295359608583
696.5 25.95147550159119 23.09411405636024
697.0 25.953852186300264 23.095257347783754
697.5 25.956221507734863 23.096422170340535
698.0 25.958514315261176 23.09757916332643
698.5 25.960802940550263 23.098737230615008
699.0 25.963066539375383 23.09988905208416
699.5 25.965284443038517 23.101052461739297
700.0 25.967479101067074 23.102214762061692
700.5 25.969651262279726 23.10337143585415
701.0 25.971750900544947 23.104531025101895
701.5 25.973880784445527 23.105691904203127
702.0 25.97593502066991 23.106846869644745
702.5 25.977951403315988 23.10802458073585
703.0 25.979958407045732 23.109190989849097
703.5 25.981904122376555 23.110347666254288
704.0 25.983834782327534 23.111518078622932
704.5 25.985741509697338 23.11268828322669
705.0 25.987592953032973 23.113856059359232
705.5 25.989405547762384 23.115020749675455
706.0 25.991213610322305 23.116196226342474
706.5 25.992936024300665 23.117358979204386
707.0 25.994682662873522 23.11854006478105
707.5 25.996346940001104 23.119707400041946
708.0 25.997953632829457 23.120873214776484
708.5 25.999575328634453 23.12205433790373
709.0 26.001168173852705 23.123234319413406
709.5 26.002706062281252 23.124403969270396
710.0 26.00418033078094 23.125578302484957
710.5 26.00564493037154 23.12675014125434
711.0 26.007063227077964 23.12793629813836
711.5 26.008436059568332 23.129116526179327
712.0 26.009781906724236 23.130293751936165
712.5 26.011048895429674 23.13146810319337
713.0 26.0123159710227 23.132655568143758
713.5 26.013580529093524 23.13383269896949
714.0 26.014762017183376 23.135020933336406
714.5 26.015898373494096 23.136200951682618
715.0 26.01699160351282 23.137382935847914
715.5 26.018051174728836 23.138574658752894
716.0 26.01907842786776 23.139764986818538
716.5 26.020048683429692 23.14093667033694
717.0 26.020964061115524 23.142129613050933
717.5 26.0218341093212 23.143316482588997
718.0 26.022738167465175 23.144513622171175
718.5 26.023515066199362 23.145704452771447
719.0 26.02428177843607 23.146887289878947
719.5 26.025024957192706 23.148081759612037
720.0 26.025682119111273 23.149277013982363
720.5 26.026339289487183 23.150473747389388
721.0 26.02694317521979 23.15166283947125
721.5 26.02749751137654 23.15285744238939
722.0 26.027988594012307 23.154049129536553
722.5 26.02846141846799 23.155253126236573
723.0 26.0289059038778 23.1564440036054
723.5 26.029363844082493 23.157641371831808
724.0 26.029724420632817 23.15883861105759
724.5 26.030034015535172 23.160050945996097
