FastTrWP/PhaseSpace/IAs/snIa_0.36_30.00_0.69_-0.08.csv
# %ECSV 0.9
# ---
# datatype:
# - {name: time-rel, datatype: float64}
# - {name: g, datatype: float64}
# - {name: i, datatype: float64}
# schema: astropy-2.0
time-rel g i
[from data line 576]
461.02083333333326 23.024197186940107 22.96010525922002
461.5208333333333 23.022258172905477 22.958246175266886
462.0208333333333 23.020337608752193 22.956408786311933
462.52083333333326 23.01842293367784 22.95456136638908
463.0208333333333 23.016518218699037 22.9527334406874
463.5208333333333 23.014632447090047 22.950915109688808
464.02083333333326 23.012757663003335 22.949100828315345
464.5208333333333 23.010886296141294 22.9472993564492
465.0208333333333 23.009035425929657 22.945495764067545
465.52083333333326 23.007200121825264 22.943703667421197
466.0208333333333 23.00536277975238 22.941925495808213
466.5208333333333 23.00353269523034 22.940147483228767
467.02083333333326 23.001727889675607 22.938376166194804
467.5208333333333 22.999916928183943 22.936605941468052
468.0208333333333 22.998126533206925 22.93484791020729
468.52083333333326 22.99633682688814 22.933093946447602
469.0208333333333 22.994557969838745 22.93135627297677
469.5208333333333 22.99279137250169 22.92961683539251
470.02083333333326 22.991036712604497 22.927883791683893
470.5208333333333 22.989291667674046 22.926165653040638
471.0208333333333 22.987541088222514 22.92443827195635
471.52083333333326 22.985812323913034 22.92273414604223
472.0208333333333 22.98408161477753 22.92102935038525
472.5208333333333 22.982369103393665 22.919319257865677
473.02083333333326 22.980666999075858 22.917635118746848
473.5208333333333 22.978963565167362 22.91593091321817
474.0208333333333 22.97728193055315 22.914251595627952
474.52083333333326 22.975598520751007 22.91257772417497
475.0208333333333 22.973933473898338 22.910911898360816
475.5208333333333 22.97227514923566 22.909253316120587
476.02083333333326 22.970619261398166 22.90759642482342
476.5208333333333 22.968973676150803 22.90594891867841
477.0208333333333 22.967343426920785 22.90430451234919
477.52083333333326 22.96571306646582 22.90266955554766
478.0208333333333 22.964101223809244 22.901030732159427
478.5208333333333 22.9624915570305 22.89940678092401
479.02083333333326 22.960898007779527 22.89779236126803
479.5208333333333 22.959301812990148 22.896181149898677
480.0208333333333 22.957721448378642 22.894568617823627
480.52083333333326 22.956151851742593 22.892965696298752
481.0208333333333 22.954591686357183 22.89137139515832
481.5208333333333 22.953035966062004 22.889782954433173
482.02083333333326 22.9514872103487 22.888208261843094
482.5208333333333 22.949952329101574 22.8866237687914
483.0208333333333 22.948418565631652 22.885055674866003
483.52083333333326 22.946908531520993 22.88348350262094
484.0208333333333 22.94540003104274 22.88193268901569
484.5208333333333 22.94389451607159 22.880387113731693
485.02083333333326 22.942403303495766 22.878837952379676
485.5208333333333 22.94091087673319 22.877306368816832
486.0208333333333 22.93943925882968 22.875770132170423
486.5208333333333 22.93797665213048 22.87424249779795
487.0208333333333 22.936515730006576 22.8727215464596
487.5208333333333 22.935074720019003 22.87120382269181
488.0208333333333 22.933635624817114 22.869694511599445
488.5208333333333 22.932191373606653 22.868193218415684
489.0208333333333 22.93077360725482 22.866706819216304
489.5208333333333 22.929359523547674 22.865205362641028
490.0208333333333 22.92795520720416 22.86372157436187
490.5208333333333 22.92655965793927 22.862240475085883
491.0208333333333 22.925174292488506 22.860772973743696
491.5208333333333 22.923793808663163 22.85930864175759
492.0208333333333 22.922423202677173 22.857842798534772
492.5208333333333 22.921060076771298 22.856393168905104
493.0208333333333 22.91970849613612 22.85494594752926
493.5208333333333 22.918366502357365 22.853495570519154
494.0208333333333 22.917040358037024 22.852069679137795
494.5208333333333 22.915708646004767 22.850632523216333
495.0208333333333 22.914386873087373 22.84921151553432
495.5208333333333 22.913080075631367 22.847790766541557
496.0208333333333 22.91178383280636 22.846376331194435
496.5208333333333 22.910488248108294 22.84497147234238
497.0208333333333 22.90920743770009 22.843566956541906
497.5208333333333 22.90794017172775 22.842170297037615
498.0208333333333 22.906674482320412 22.84079128024246
498.5208333333333 22.905418851557737 22.839398867977266
499.0208333333333 22.904161707897845 22.838027286988844
499.5208333333333 22.902915217738627 22.836654258259372
500.0208333333333 22.901683958442163 22.835282939311085
500.5208333333333 22.900456124256486 22.833918634813045
501.0208333333333 22.89924460226027 22.83255843497239
501.5208333333333 22.89802227258341 22.83120355588071
502.0208333333333 22.896820609895112 22.82985482093453
502.5208333333333 22.895613652705727 22.828505701269563
503.0208333333333 22.89441934308659 22.827169151862883
503.5208333333333 22.89324154205055 22.825853670302344
504.0208333333333 22.892069334634616 22.82452154098335
504.5208333333333 22.890892912735655 22.82319262497509
505.0208333333333 22.88973387542061 22.821880956468547
505.5208333333333 22.888574420303236 22.820557457232443
506.0208333333333 22.88743323598434 22.819267318007554
506.5208333333333 22.886295170330975 22.8179586202311
507.0208333333333 22.88516280143867 22.816666377546866
507.5208333333333 22.884040062528893 22.815365875545943
508.0208333333333 22.88292209100279 22.814083674471156
508.5208333333333 22.881815426929965 22.812801232773936
509.0208333333333 22.88071729131421 22.811530193770544
509.5208333333333 22.87961927027584 22.810258583522867
510.0208333333333 22.878526063562408 22.80899620401396
510.5208333333333 22.877455762174034 22.80773433466372
511.0208333333333 22.876389717951966 22.806477894596654
511.5208333333333 22.87532959513142 22.80523710011124
512.0208333333334 22.874263037121587 22.80398938787046
512.5208333333334 22.873222831932047 22.802749828931205
513.0208333333334 22.872185866390783 22.801516253435125
513.5208333333334 22.871155614439836 22.80029007320969
514.0208333333334 22.870127329354734 22.79907278304096
514.5208333333334 22.86910093938364 22.797851212762485
515.0208333333334 22.86810705573813 22.796637883316365
515.5208333333334 22.86709470564169 22.795431376731425
516.0208333333334 22.866112010115856 22.794230141916344
516.5208333333334 22.865113832526674 22.793029473205767
517.0208333333334 22.86414592802924 22.79183971678084
517.5208333333334 22.863177257271662 22.790656263333858
518.0208333333334 22.862212509945774 22.789476567268345
518.5208333333334 22.861265014177874 22.78829346025747
519.0208333333334 22.86031530450412 22.787135030088695
519.5208333333334 22.859383069267277 22.785966924342674
520.0208333333334 22.858455754415296 22.78481093626255
520.5208333333334 22.857530207749896 22.783653239707945
521.0208333333334 22.856615042878566 22.78250632483338
521.5208333333334 22.85571381797872 22.781369339441724
522.0208333333334 22.85482173406935 22.780229162562758
522.5208333333334 22.853935603559496 22.779103043149114
523.0208333333334 22.853046260041584 22.77797380215457
523.5208333333334 22.85216995222127 22.776846638212312
524.0208333333334 22.85130755435013 22.775729245596498
524.5208333333334 22.85045319401744 22.774621519036916
525.0208333333334 22.84960566648387 22.77351875117706
525.5208333333334 22.848754203806294 22.77241538818206
526.0208333333334 22.8479281375631 22.771319101949544
526.5208333333334 22.847109065691377 22.77023895696566
527.0208333333334 22.846286677176018 22.769150863398437
527.5208333333334 22.845487868981383 22.76807245043186
528.0208333333334 22.844681068985253 22.76699934558327
528.5208333333334 22.84390046996995 22.76594036043854
529.0208333333334 22.843111535030488 22.7648751810215
529.5208333333334 22.84233507733303 22.763813059605084
530.0208333333334 22.841572170324405 22.762768002516122
530.5208333333334 22.840814139718706 22.76172604507969
531.0208333333334 22.84007007197482 22.760677576094427
531.5208333333334 22.839328833342428 22.75964696407209
532.0208333333334 22.838596735399275 22.758624666150283
532.5208333333334 22.837875685877066 22.75760020648945
533.0208333333334 22.83715024029679 22.756573661814606
533.5208333333334 22.83644818994961 22.75556578271365
534.0208333333334 22.83575156072697 22.754563872890657
534.5208333333334 22.835060869186563 22.75356038580217
535.0208333333334 22.83437332339366 22.752569498739103
535.5208333333334 22.833693137083735 22.751570375957364
536.0208333333334 22.833031501866337 22.750586378269592
536.5208333333334 22.832377430398736 22.74961105106793
537.0208333333334 22.831720840100846 22.748637767823112
537.5208333333334 22.831073977272077 22.74766622666741
538.0208333333334 22.830445087043696 22.746697674219078
538.5208333333334 22.829809447626634 22.74574295876794
539.0208333333334 22.82919424791952 22.744778529728013
539.5208333333334 22.828588667228278 22.743825380284868
540.0208333333334 22.827972038156265 22.742888147571158
540.5208333333334 22.827373085095488 22.741942563595785
541.0208333333334 22.826782597101815 22.741018445191294
541.5208333333334 22.82620220453033 22.740076158459473
542.0208333333334 22.825616744543346 22.7391564196152
542.5208333333334 22.825050025750397 22.738233072983377
543.0208333333334 22.8244884681593 22.73731240702265
543.5208333333334 22.823940940329134 22.736405215211263
544.0208333333334 22.823394129100617 22.735494866539796
544.5208333333334 22.822850961379647 22.734588136446035
545.0208333333334 22.822316712490696 22.733695095290724
545.5208333333334 22.821791026851596 22.73280355652082
546.0208333333334 22.821275087069957 22.731899322697036
546.5208333333334 22.820766636028175 22.731030082723183
547.0208333333334 22.820247961795864 22.730132445093805
547.5208333333334 22.8197538012125 22.729268859824128
548.0208333333334 22.8192455413364 22.728389180748223
548.5208333333334 22.81877233176475 22.72752608836257
549.0208333333334 22.81828845658356 22.726659340416603
549.5208333333334 22.81780793527907 22.725801087065555
550.0208333333334 22.817346498792766 22.72494055866322
550.5208333333334 22.816875657853966 22.724092415984913
551.0208333333334 22.816431335558054 22.723240065715085
551.5208333333334 22.815981828164702 22.72239795660483
552.0208333333334 22.815536164038317 22.721560443664607
552.5208333333334 22.815097660546012 22.720720477397496
553.0208333333334 22.814669795945655 22.71988967092282
553.5208333333334 22.814249631022246 22.71905923501066
554.0208333333334 22.813835765045223 22.71824398006622
554.5208333333334 22.813416873767643 22.717418146729003
555.0208333333334 22.813009527848838 22.716598242437517
555.5208333333334 22.812607511147377 22.715779182752726
556.0208333333334 22.812214027177763 22.714980339903686
556.5208333333334 22.811820768597034 22.714173083377467
557.0208333333334 22.81144046521912 22.713369651854187
557.5208333333334 22.81106039315584 22.712566873300737
558.0208333333334 22.810691199116366 22.711784768185346
558.5208333333334 22.810326037037107 22.710983982888884
559.0208333333334 22.80996091154782 22.710198295658245
559.5208333333334 22.80960285650579 22.709416421934595
560.0208333333334 22.809258503066495 22.70862954638707
560.5208333333334 22.80891426444873 22.707859300982083
561.0208333333334 22.80857156255635 22.707079007239876
561.5208333333334 22.808232325612877 22.70631360231657
562.0208333333334 22.807908011158844 22.70553891228778
562.5208333333334 22.80758778600886 22.7047806554568
563.0208333333334 22.807257228728403 22.70401272156557
563.5208333333334 22.80694569948484 22.703266223151935
564.0208333333334 22.806643676800068 22.702508845278906
564.5208333333334 22.806347358312138 22.70175565993288
565.0208333333334 22.806058408353863 22.701022477861187
565.5208333333334 22.805786320102527 22.700285122613142
566.0208333333334 22.80550599230648 22.699550267220285
566.5208333333334 22.805239919198442 22.698825159183937
567.0208333333334 22.80498341957795 22.69810265457494
567.5208333333334 22.80473915209146 22.697390281935526
568.0208333333334 22.804498330090432 22.696678713310877
568.5208333333334 22.804260062010076 22.69595868626405
569.0208333333334 22.80402531902442 22.69525952127462
569.5208333333334 22.803813474841608 22.694557826626024
570.0208333333334 22.80359894813106 22.693865352222865
570.5208333333334 22.803386934686273 22.69317424956315
571.0208333333334 22.803192202364603 22.69248445574985
571.5208333333334 22.80298895818589 22.691798882841567
572.0208333333334 22.80280602313703 22.691114192482683
572.5208333333334 22.802623964002777 22.690442717242348
573.0208333333334 22.80244699422388 22.68976955129354
573.5208333333334 22.802281753893062 22.689103046026105
574.0208333333334 22.802120180438067 22.68843791560979
574.5208333333334 22.801963201971947 22.68778125861529
575.0208333333334 22.80181093109345 22.687117663830918
575.5208333333334 22.801667069439585 22.68646869620541
576.0208333333334 22.80151962458618 22.68580587913371
576.5208333333334 22.801388576996686 22.685163304827327
577.0208333333334 22.801263910626727 22.6845206583926
577.5208333333334 22.801136436287198 22.683886818193532
578.0208333333334 22.801021516184548 22.683247370066763
578.5208333333334 22.800908174534335 22.68261007156034
579.0208333333334 22.80079034446437 22.681975881569876
579.5208333333334 22.800688153431615 22.68134945499378
580.0208333333334 22.800587215587118 22.68072307303047
580.5208333333334 22.800494122544798 22.680095498060734
581.0208333333334 22.80040408266093 22.679484136701152
581.5208333333334 22.80032462493231 22.678862358014698
582.0208333333334 22.800237542623133 22.678237286004503
582.5208333333334 22.8001629691745 22.677635708724782
583.0208333333334 22.800081680852372 22.677023540636437
583.5208333333334 22.800014261056248 22.676405107767316
584.0208333333334 22.799941787599217 22.675799423899498
584.5208333333334 22.799886153871647 22.675205938636026
585.0208333333334 22.79982250429564 22.674602994785694
585.5208333333334 22.799775860973913 22.674001237136157
586.0208333333334 22.799715790491085 22.673401172064615
586.5208333333334 22.79965834499762 22.672807500332514
587.0208333333334 22.799619284044475 22.67221448962674
587.5208333333334 22.79957412863756 22.671613852316504
588.0208333333334 22.799535826518763 22.671030331459594
588.5208333333334 22.79949382514991 22.670440523953626
589.0208333333334 22.799461478093935 22.669852360926512
589.5208333333334 22.799435498371444 22.66927817377509
590.0208333333334 22.799396656722728 22.668679975671196
590.5208333333334 22.799378672943163 22.66810271945836
591.0208333333334 22.79933948504041 22.667520139254414
591.5208333333334 22.799327694490156 22.66693721073246
592.0208333333334 22.7992909621347 22.66635401564161
592.5208333333334 22.799277963907553 22.665778886619734
593.0208333333334 22.79925568825349 22.66521521597303
593.5208333333334 22.799237038422678 22.66463002265265
594.0208333333334 22.799221324040225 22.664053903721054
594.5208333333334 22.799216549366644 22.663481237660253
595.0208333333334 22.799195830357135 22.66290855259189
595.5208333333334 22.79919042869448 22.662327498679538
596.0208333333334 22.7991731710935 22.661766056312935
596.5208333333334 22.799171047957586 22.661192885902885
597.0208333333334 22.799162578629645 22.66062424981573
597.5208333333334 22.79916221263385 22.660057687855037
598.0208333333334 22.79916731404953 22.659493889649983
598.5208333333334 22.79917384411576 22.658934631474313
599.0208333333334 22.799175395019276 22.658375147099378
599.5208333333334 22.79919851669588 22.657811301615965
600.0208333333334 22.79920625220091 22.657259407524567
600.5208333333334 22.799225510380047 22.656698309991018
601.0208333333334 22.799244261663727 22.656145464754196
601.5208333333334 22.799273615368527 22.655602530082128
602.0208333333334 22.799294714395884 22.65504165908043
602.5208333333334 22.799329141375363 22.654500690656427
603.0208333333334 22.799360610448648 22.653951815952396
603.5208333333334 22.79940378015943 22.65341412239714
604.0208333333334 22.799437683237883 22.652864156420023
604.5208333333334 22.799489965003502 22.652322886455348
