FastTrWP/PhaseSpace/IAs/snIa_0.61_30.00_-0.12_-0.13.csv
# %ECSV 0.9
# ---
# datatype:
# - {name: time-rel, datatype: float64}
# - {name: g, datatype: float64}
# - {name: i, datatype: float64}
# schema: astropy-2.0
time-rel g i
[from data line 2048]
1137.125 25.06040344173378 22.809352922581894
1137.625 25.062315218743535 22.81035113122195
1138.125 25.06423005803508 22.811348072217243
1138.625 25.066164612855513 22.812348560247525
1139.125 25.068080145645695 22.813354165691923
1139.625 25.070018453585053 22.814351694760198
1140.125 25.071930375947446 22.815363795420165
1140.625 25.073891478876348 22.816353194690826
1141.125 25.07584213398892 22.817375902778302
1141.625 25.077778518136707 22.818383984804925
1142.125 25.07972181252061 22.81939121683486
1142.625 25.081655551377505 22.820401709756016
1143.125 25.083588122697712 22.821411919150382
1143.625 25.085544441929343 22.822424885395137
1144.125 25.08752789994949 22.82344515910061
1144.625 25.089478769839996 22.824458443130787
1145.125 25.091409904039693 22.82547131271071
1145.625 25.09339384498447 22.826493870553524
1146.125 25.09536644589442 22.827518410122106
1146.625 25.097340531182425 22.828533559790188
1147.125 25.099305214897246 22.829561986149617
1147.625 25.101288079450764 22.830578133818406
1148.125 25.10327730948745 22.831604349671576
1148.625 25.105259661143386 22.832627263385
1149.125 25.10723165268738 22.833662565518456
1149.625 25.109213479855534 22.834688674967186
1150.125 25.111219840353037 22.835713899338227
1150.625 25.11320795458593 22.836747320807483
1151.125 25.11520297835025 22.83778115974687
1151.625 25.11722178782299 22.838813272116433
1152.125 25.119215703902647 22.839848365393518
1152.625 25.12122814753084 22.840877810577815
1153.125 25.12324246540544 22.841919029364597
1153.625 25.12524029533878 22.842955617948103
1154.125 25.127270607149438 22.84399786496552
1154.625 25.129273467112746 22.845040082703694
1155.125 25.131301986367234 22.846082743193573
1155.625 25.133299176375314 22.84712716881936
1156.125 25.135326207567957 22.848171474584944
1156.625 25.137374422628525 22.84921875173214
1157.125 25.13939662898913 22.850264701164754
1157.625 25.141421289383548 22.85131924745544
1158.125 25.14345708653813 22.85237431628776
1158.625 25.145501541966627 22.85342085831377
1159.125 25.147535078741022 22.854468845805602
1159.625 25.1495938482051 22.85552752026726
1160.125 25.151657071457176 22.856576656984473
1160.625 25.15370081195777 22.857644700666985
1161.125 25.155776445352963 22.858700356293895
1161.625 25.157866128916886 22.859760074441816
1162.125 25.159929496281592 22.86083338159586
1162.625 25.1620105460767 22.861894411253147
1163.125 25.164143451428274 22.862966078797786
1163.625 25.166230083127648 22.864034985304933
1164.125 25.16833127565713 22.865111330489203
1164.625 25.170470358886412 22.866181894881763
1165.125 25.17261609382683 22.86726076122044
1165.625 25.174713831989493 22.868342602061894
1166.125 25.17685768942154 22.869414412585193
1166.625 25.179004258737603 22.870496150455143
1167.125 25.181135517963035 22.871587029966093
1167.625 25.183297622615306 22.872673707914693
1168.125 25.18545738576296 22.87375575689735
1168.625 25.187609899532468 22.87484497092077
1169.125 25.18977398005235 22.875938180847726
1169.625 25.19196042284002 22.877035784735178
1170.125 25.19413548805158 22.878113640379446
1170.625 25.196327551956035 22.87922205216166
1171.125 25.198526386627 22.88031778062563
1171.625 25.200686489958734 22.881413371711226
1172.125 25.202927865296722 22.882524324315984
1172.625 25.20512011233627 22.8836157558665
1173.125 25.20729067290226 22.884718106719042
1173.625 25.209534359442834 22.88582362271822
1174.125 25.211718390928148 22.886930736293827
1174.625 25.21392766405127 22.888030800643335
1175.125 25.21615522989391 22.889143225424647
1175.625 25.21837973617132 22.890259481751613
1176.125 25.22057836224854 22.89136296180173
1176.625 25.22283367383677 22.892478587558088
1177.125 25.225039845968894 22.893593244704192
1177.625 25.22725659934718 22.894702627068824
1178.125 25.229498483550834 22.895814420783545
1178.625 25.231738302991538 22.896934885231023
1179.125 25.233950019177346 22.898053850570633
1179.625 25.236162620133655 22.899170957825767
1180.125 25.23842521940427 22.90029119455284
1180.625 25.24067031297782 22.901415702597113
1181.125 25.24287690053001 22.90253781047086
1181.625 25.24514298718159 22.90365239102308
1182.125 25.24734070768543 22.904781928590356
1182.625 25.249579705569335 22.905899184979454
1183.125 25.251813089302267 22.907024879750935
1183.625 25.25404953030641 22.90815362609314
1184.125 25.25629444663776 22.909275475736564
1184.625 25.258504555290774 22.91040249848784
1185.125 25.260741894676872 22.911525803908862
1185.625 25.2629748807757 22.912653014351434
1186.125 25.265183472910856 22.91379517125302
1186.625 25.26744827678552 22.914902694639355
1187.125 25.26962284958121 22.916035275591
1187.625 25.271853328230755 22.9171695209308
1188.125 25.2740715884744 22.918297195936653
1188.625 25.276292973760963 22.91942881995447
1189.125 25.278483406132462 22.92055361814853
1189.625 25.280676814376413 22.92168634953226
1190.125 25.28288649958812 22.922818590400283
1190.625 25.285085418119003 22.923952355607437
1191.125 25.287276637997664 22.92507687988211
1191.625 25.28943819892988 22.9262107097045
1192.125 25.291671717734744 22.927345186635968
1192.625 25.293845574406664 22.928473113006564
1193.125 25.295984373570803 22.929602465054145
1193.625 25.29816286932516 22.93073457784012
1194.125 25.3003079351666 22.931864373284895
1194.625 25.30249218816953 22.933004177516857
1195.125 25.304625644836612 22.934133842158122
1195.625 25.30678229495753 22.935268766876156
1196.125 25.308918922278668 22.936399361854267
1196.625 25.311017198082787 22.937521142119106
1197.125 25.313139946057866 22.938659542965254
1197.625 25.315258071592766 22.939784333853233
1198.125 25.317354643607636 22.940912281519307
1198.625 25.319478084244672 22.94204509315698
1199.125 25.32155698227061 22.943175268095185
1199.625 25.32363464815246 22.944306732404776
1200.125 25.325761469874593 22.945437913671107
1200.625 25.32788514662983 22.946574848299733
1201.125 25.329956201563174 22.947708999804806
1201.625 25.332038688544856 22.948840134877607
1202.125 25.334147163244054 22.949978885785434
1202.625 25.33624833062715 22.95111094193228
1203.125 25.338335748939368 22.95224783573595
1203.625 25.34043300790451 22.953397058673865
1204.125 25.34249328439786 22.95452738828026
1204.625 25.344575751002463 22.955666545824638
1205.125 25.346647914265294 22.956792351115297
1205.625 25.348756735904146 22.957945515896792
1206.125 25.350830975094357 22.959092762929476
1206.625 25.352909928438592 22.960228016780768
1207.125 25.354962760960365 22.96137221071084
1207.625 25.357043939379345 22.96250849987056
1208.125 25.359124030176318 22.963659156347582
1208.625 25.361166255799176 22.964797831207587
1209.125 25.363239098356427 22.96593628705804
1209.625 25.36528053759838 22.967087196085167
1210.125 25.36734505059499 22.968230556500227
1210.625 25.36941983715095 22.969381168814024
1211.125 25.37147767769752 22.9705195788662
1211.625 25.373499394002152 22.97166343775395
1212.125 25.37555268084128 22.972828040239026
1212.625 25.3775942621508 22.97395910346184
1213.125 25.379649054237486 22.97511896652086
1213.625 25.381692982064653 22.976266844114576
1214.125 25.383709855216686 22.97741724250606
1214.625 25.38571255618389 22.978564824938083
1215.125 25.387754064712638 22.979712003376886
1215.625 25.389781732773486 22.98086904800405
1216.125 25.391766823879113 22.98201698605474
1216.625 25.393795112939486 22.983173861849316
1217.125 25.395798688873448 22.984328591908103
1217.625 25.39781932857041 22.98548220175276
1218.125 25.399827812870733 22.986639726872728
1218.625 25.401824053770916 22.987791010220697
1219.125 25.4037886959075 22.98894517114105
1219.625 25.40575986020244 22.99010289557517
1220.125 25.407765749237697 22.991253530251328
1220.625 25.40974622681553 22.992402605309113
1221.125 25.41170512320566 22.993561703666387
1221.625 25.41369707467609 22.99472635479908
1222.125 25.415657008940258 22.995876705606754
1222.625 25.41760308143395 22.99703539960654
1223.125 25.419577134008495 22.998206899905583
1223.625 25.421505302060083 22.999356026205856
1224.125 25.42347165505173 23.000523748612338
1224.625 25.425390897639986 23.00168298861856
1225.125 25.427329487108814 23.002844117109756
1225.625 25.429250386297944 23.00400080479065
1226.125 25.431163700423397 23.005157658049878
1226.625 25.433075585130467 23.006320630311357
1227.125 25.43496854654324 23.007480787421546
1227.625 25.436882106320837 23.008639746634984
1228.125 25.438765612201102 23.009807460145133
1228.625 25.440663736754033 23.010975230683112
1229.125 25.442567306729202 23.0121380898738
1229.625 25.44444354634343 23.01329187943548
1230.125 25.44630499201553 23.014457739326836
1230.625 25.44819570193337 23.015627690345127
1231.125 25.45003572757515 23.01679080834797
1231.625 25.45186250220215 23.017955864872867
1232.125 25.45368529958347 23.019126776422112
1232.625 25.455548484748064 23.020280441453394
1233.125 25.457384882762334 23.021452915516804
1233.625 25.459218277151876 23.02261314794547
1234.125 25.46100405152188 23.023784217738577
1234.625 25.46280658557762 23.02493898179573
1235.125 25.46461955096458 23.026117900452515
1235.625 25.466394812888066 23.0272830280511
1236.125 25.468161571387874 23.028442628585452
1236.625 25.46997042098473 23.02962422276766
1237.125 25.47170872668326 23.03078352485917
1237.625 25.473481084861515 23.03195294998813
1238.125 25.475227171852268 23.033113696282328
1238.625 25.47699077787169 23.03429095711586
1239.125 25.47874043171712 23.0354466393721
1239.625 25.480482504034377 23.03663816196694
1240.125 25.482234672329497 23.037788818108282
1240.625 25.48392277932703 23.038967714219297
1241.125 25.48567724367015 23.040144453779355
1241.625 25.48737828345142 23.041318417975646
1242.125 25.489076801975 23.042479174369703
1242.625 25.49076843185087 23.043655744146022
1243.125 25.49245299875265 23.044837805219718
1243.625 25.494157788116937 23.046007769361193
1244.125 25.49582823583565 23.047175214155008
1244.625 25.497508265552323 23.04834387057909
1245.125 25.499192849965453 23.04951255774622
1245.625 25.500830891911278 23.050697734219643
1246.125 25.502530358162034 23.05187840170352
1246.625 25.504177186432642 23.053053691285015
1247.125 25.50581381321699 23.054229319229485
1247.625 25.507423966179104 23.055405074540364
1248.125 25.509057261865657 23.056581538485624
1248.625 25.51067650283507 23.057762327524443
1249.125 25.5123112384212 23.05893682823228
1249.625 25.51390826154456 23.060110016350727
1250.125 25.515494129158867 23.06129338010868
1250.625 25.51708817978991 23.06246998141463
1251.125 25.518699133795213 23.06365137482722
1251.625 25.520245312437208 23.064826189276907
1252.125 25.52180161928881 23.066009320521673
1252.625 25.523378175776518 23.067189504212568
1253.125 25.5249261374516 23.06837466767071
1253.625 25.526472728373186 23.069562421323063
1254.125 25.52801209837539 23.07072366230651
1254.625 25.529548101576545 23.07191550065596
1255.125 25.53108434968636 23.073092545262938
1255.625 25.532592993993013 23.07428328578641
1256.125 25.534095967342747 23.075460379951252
1256.625 25.535572309555768 23.076644999948144
1257.125 25.537091348588877 23.077833628664862
1257.625 25.538578103063028 23.079011311239398
1258.125 25.540025401553553 23.080208235177047
1258.625 25.541503849420618 23.08138820956752
1259.125 25.54298083564122 23.082565203607675
1259.625 25.5443929043054 23.083753956594872
1260.125 25.54585615231233 23.08493883522447
1260.625 25.547282853966212 23.086124142594837
1261.125 25.54867694632555 23.0873082971841
1261.625 25.550119725958996 23.088496760553436
1262.125 25.551522202527185 23.089692993590475
1262.625 25.552894296899694 23.090879589415053
1263.125 25.55428534150686 23.09206600428545
1263.625 25.55567855745663 23.09325614513717
1264.125 25.557021715427084 23.094439660650274
1264.625 25.558380993456375 23.095625887686666
1265.125 25.55972612418005 23.096823889042888
1265.625 25.561082498748902 23.098014388890974
1266.125 25.56240199831906 23.099203448143008
1266.625 25.563715176564 23.100387627010193
1267.125 25.56501915420113 23.10158368212377
1267.625 25.56630976228054 23.102776432121846
1268.125 25.567612208865995 23.103958650349504
1268.625 25.56888751399491 23.105156889676955
1269.125 25.57016559072168 23.106351140748757
1269.625 25.571464750876697 23.107546843318858
1270.125 25.57266984152458 23.108732801950673
1270.625 25.57392975711521 23.10992769719364
1271.125 25.57513910859932 23.111122755921635
1271.625 25.576354274590585 23.112311382313923
1272.125 25.57757153234794 23.113507889598633
1272.625 25.578791831211962 23.114705130249753
1273.125 25.579978614098184 23.11589226444267
1273.625 25.5811486322156 23.11708731761213
1274.125 25.58230827793507 23.118294456671997
1274.625 25.58345562020748 23.11948590767573
1275.125 25.584615258471707 23.12067420689492
1275.625 25.585746355266817 23.121874361624716
1276.125 25.58687501284139 23.1230731041221
1276.625 25.587987258682503 23.124262281795627
1277.125 25.58909325926426 23.125460938834724
1277.625 25.59020132165926 23.126650143185152
1278.125 25.591282686222602 23.127860316550937
1278.625 25.592382804555104 23.129063316552305
1279.125 25.593451278225512 23.1302635186775
1279.625 25.594526543062134 23.131458851003792
1280.125 25.59556094052807 23.13266949656175
1280.625 25.596595057798325 23.133855189588864
1281.125 25.597607003609358 23.13505875776525
1281.625 25.59862329343103 23.136263313322388
1282.125 25.5996589123394 23.13745871067546
1282.625 25.600652849823543 23.138668621164552
1283.125 25.601648369785842 23.139866385770883
1283.625 25.60263015979045 23.141064804863536
1284.125 25.603619066373522 23.14226284701034
1284.625 25.604558053078822 23.143472692458147
1285.125 25.605499183238113 23.144679269446303
1285.625 25.606455266999298 23.145880163795354
1286.125 25.607369103949203 23.147086504286484
1286.625 25.60832951327996 23.148295785161785
1287.125 25.609220371749828 23.149500358741058
1287.625 25.610133580500595 23.15070167839405
1288.125 25.61102680653574 23.15190902577376
1288.625 25.61187871191899 23.153112010955983
1289.125 25.612743049524198 23.154321794576013
1289.625 25.61356619148929 23.155528936090786
1290.125 25.614425688150867 23.15674528746603
1290.625 25.61526916776984 23.15794388861412
1291.125 25.61611261512042 23.15915225986592
1291.625 25.616886232726408 23.16035972530115
1292.125 25.617692755553154 23.16157231459821
1292.625 25.618495773582275 23.16277907365063
1293.125 25.61925751634391 23.16398807705218
1293.625 25.620050966652247 23.16520226250919
1294.125 25.62077488828923 23.166406547319784
1294.625 25.621539231141433 23.16761595283184
1295.125 25.62227914105476 23.168832260162766
1295.625 25.62297585988361 23.17003478300744
1296.125 25.62369772136735 23.171258143407087
1296.625 25.62439218264401 23.17246274917002
1297.125 25.625068337886546 23.173666868996232
1297.625 25.62574808271631 23.174882728922064
1298.125 25.626440286271325 23.176098002179778
1298.625 25.627067268715436 23.17730410668359
1299.125 25.627709651433804 23.17851576739479
1299.625 25.628293512899344 23.179731006011455
1300.125 25.6289418516643 23.180939441706357
1300.625 25.629531463749803 23.182153431597648
1301.125 25.630129228778152 23.18335774840098
1301.625 25.630694412454137 23.184580271573324
1302.125 25.631248775433196 23.185790156702364
1302.625 25.63179907364846 23.187006758163008
1303.125 25.63233310189432 23.18820733215413
1303.625 25.632908566746927 23.189432943153328
1304.125 25.633361760226308 23.19064594038865
1304.625 25.633885909646995 23.191860343241544
1305.125 25.634369999055856 23.193082869638143
1305.625 25.634873849488102 23.194284243588147
1306.125 25.63530465472093 23.195505536283033
1306.625 25.635760165101644 23.19672378527221
1307.125 25.636196414836036 23.19794127938964
1307.625 25.636646686564596 23.199136646017188
1308.125 25.637041430437 23.200354839144875
1308.625 25.63743930747384 23.201576766624203
1309.125 25.63782619837564 23.202786733879254
1309.625 25.63818731311168 23.204005449167255
