FastTrWP/PhaseSpace/IAs/snIa_0.58_30.00_-1.78_-0.06.csv
# %ECSV 0.9
# ---
# datatype:
# - {name: time-rel, datatype: float64}
# - {name: g, datatype: float64}
# - {name: i, datatype: float64}
# schema: astropy-2.0
time-rel g i
[from data line 1740]
1094.25 25.425485511370006 22.771790239580817
1094.75 25.428180273350804 22.772777026766096
1095.25 25.430890873654597 22.773771623463823
1095.75 25.433601621435123 22.774758379750747
1096.25 25.436302514876292 22.775753108016616
1096.75 25.439074196828294 22.776745841833225
1097.25 25.441834432787438 22.77773925318069
1097.75 25.444639676038147 22.778739040333377
1098.25 25.44744242440344 22.77973449202452
1098.75 25.4502438854245 22.780734558687385
1099.25 25.453066384682288 22.78173399188897
1099.75 25.455921558426382 22.782740192670296
1100.25 25.45878775987832 22.783740907122684
1100.75 25.461637781997535 22.78474022414988
1101.25 25.464551341641226 22.78575087507079
1101.75 25.46748088885944 22.78675898594663
1102.25 25.470376324304375 22.78775824015407
1102.75 25.473326561006285 22.788765855977665
1103.25 25.476290995996003 22.78978254804843
1103.75 25.4793006031926 22.790788145569785
1104.25 25.482302865883298 22.79180329662962
1104.75 25.485288535308207 22.79282252806512
1105.25 25.488320199565507 22.79383702066044
1105.75 25.491387756595522 22.7948497459383
1106.25 25.494454615080947 22.795877257342937
1106.75 25.497533767298446 22.796896595371322
1107.25 25.50067061502402 22.79792164613835
1107.75 25.503770020229624 22.798933660522454
1108.25 25.506919732562746 22.79996164383317
1108.75 25.51009417510872 22.8009904633956
1109.25 25.513276816411818 22.802011296657348
1109.75 25.516459249056716 22.80304407263192
1110.25 25.519675515240294 22.804076077382707
1110.75 25.522929220787066 22.805105392591464
1111.25 25.526226673188916 22.806139287379246
1111.75 25.529473712851697 22.807171207303586
1112.25 25.532781744384504 22.808207578081703
1112.75 25.536081752827084 22.809244577427947
1113.25 25.539438026599015 22.810277405017306
1113.75 25.542811314121586 22.811324368701776
1114.25 25.546172303957178 22.812370460502827
1114.75 25.549587636315195 22.813408032530905
1115.25 25.55303303083406 22.81445857683401
1115.75 25.556458187244502 22.81550200902684
1116.25 25.55993542122235 22.816540740816684
1116.75 25.563451884751252 22.81759783605621
1117.25 25.566976446192594 22.818646961862182
1117.75 25.57050212389068 22.819698725086077
1118.25 25.574066047994112 22.820748548528496
1118.75 25.577680031672102 22.82179774738185
1119.25 25.581292249837546 22.82285609754096
1119.75 25.584930607213323 22.823912165473693
1120.25 25.588644700372566 22.824968903066086
1120.75 25.59232141281567 22.82603977439709
1121.25 25.59604191099526 22.827088217982535
1121.75 25.599784478069438 22.828151216510904
1122.25 25.603577054990655 22.82922224958817
1122.75 25.607350067324415 22.830290670222983
1123.25 25.611181564432968 22.83135491192047
1123.75 25.615005741908433 22.832418054519042
1124.25 25.618879027993597 22.833493566449548
1124.75 25.62277058870059 22.83456113861751
1125.25 25.626700244198833 22.835643782910623
1125.75 25.63064970046915 22.83671233228776
1126.25 25.63459980755664 22.83778900854102
1126.75 25.638585204463592 22.83886517104915
1127.25 25.64263300556871 22.83994634721501
1127.75 25.646691900230437 22.841025563839594
1128.25 25.650734682629146 22.84209838255073
1128.75 25.6548300023795 22.84318624078506
1129.25 25.65895166927813 22.84426565796739
1129.75 25.663111076026727 22.845352232149164
1130.25 25.667320165117694 22.84644234866756
1130.75 25.671490103186272 22.847528683238604
1131.25 25.675730425076466 22.84862089613266
1131.75 25.679998259419555 22.849707848601607
1132.25 25.684289975599363 22.850808914841924
1132.75 25.688541328783096 22.851894734277344
1133.25 25.692915248950342 22.852987911384663
1133.75 25.697272846215746 22.854092232032606
1134.25 25.701645377486276 22.855188568088064
1134.75 25.70609467340902 22.85629287448435
1135.25 25.710490457368 22.857394271852538
1135.75 25.714975898558293 22.858501266490553
1136.25 25.719461075357415 22.859595197045603
1136.75 25.72402052614685 22.86071395295354
1137.25 25.72853968012739 22.8618174912237
1137.75 25.733105240213646 22.86293269276377
1138.25 25.737748958859168 22.86403635672281
1138.75 25.742385244299612 22.865145892448254
1139.25 25.747055015959806 22.86627290019824
1139.75 25.751706637356982 22.867388058148805
1140.25 25.75646086847862 22.868499669725274
1140.75 25.76117139447981 22.869626798423283
1141.25 25.765961153767222 22.870743816695253
1141.75 25.77074856038269 22.871865614058592
1142.25 25.775588572815863 22.872996758514155
1142.75 25.78043531307701 22.87411702531688
1143.25 25.785354716397286 22.87524820038469
1143.75 25.790240878131563 22.876381786741216
1144.25 25.795187737670116 22.877505606942215
1144.75 25.800169731767784 22.87863472625223
1145.25 25.80516661843994 22.87976821517683
1145.75 25.81019227824829 22.880902147763532
1146.25 25.815271576818727 22.88204217474007
1146.75 25.82033799176991 22.883184662588203
1147.25 25.82548820699894 22.884328859942478
1147.75 25.830636411175362 22.885469313029233
1148.25 25.835814795257225 22.886613366943553
1148.75 25.84100253815061 22.8877614621363
1149.25 25.84626653007739 22.88890344548173
1149.75 25.851515791931384 22.89005282260898
1150.25 25.8568292180377 22.891203371228368
1150.75 25.862167915941406 22.892358952683804
1151.25 25.867532188960055 22.89351054843799
1151.75 25.87292830908116 22.89467153748599
1152.25 25.87832882292814 22.89581447500173
1152.75 25.88385455253821 22.896977163712755
1153.25 25.88941255978629 22.89814298134829
1153.75 25.89503366306326 22.899302980022796
1154.25 25.900768260750773 22.90048209739384
1154.75 25.906531018409954 22.901649771102267
1155.25 25.912371089320068 22.90281119018711
1155.75 25.918290045459496 22.903988973235435
1156.25 25.924254642256468 22.905161582475696
1156.75 25.93033659934654 22.906343718627195
1157.25 25.93648039235766 22.907512640938382
1157.75 25.94267163095442 22.90869633099667
1158.25 25.94896566381128 22.909880213074235
1158.75 25.95523242582206 22.911068025246415
1159.25 25.961649826317856 22.912255246702532
1159.75 25.96812059591641 22.913441262084042
1160.25 25.974603991959274 22.914635722257817
1160.75 25.981184981483754 22.915835614260512
1161.25 25.98781808897812 22.917026303618712
1161.75 25.99454072988294 22.918228306273075
1162.25 26.00128156792944 22.91941712727342
1162.75 26.00813485894124 22.920622870717363
1163.25 26.01501160321547 22.921831433986853
1163.75 26.021996877481016 22.923026826072878
1164.25 26.02898101330716 22.92424213244393
1164.75 26.03604626963257 22.925449491237757
1165.25 26.043171214892155 22.926663701363474
1165.75 26.050328922893126 22.92786636534808
1166.25 26.057617066007623 22.929088019489438
1166.75 26.064859808589635 22.930305771504113
1167.25 26.072177440726193 22.931523922500613
1167.75 26.079549300959386 22.932745945513595
1168.25 26.08701063503785 22.933958569813818
1168.75 26.09450287902191 22.935182741178657
1169.25 26.10201854755074 22.936405951474356
1169.75 26.109603087773007 22.937628785322968
1170.25 26.117201000708693 22.9388679844105
1170.75 26.12492864913309 22.940087100000632
1171.25 26.13255670779665 22.941321682674904
1171.75 26.140352962751724 22.942557774276437
1172.25 26.148135631059823 22.943791031732243
1172.75 26.156003577492157 22.9450234602962
1173.25 26.163886797414477 22.946246671612855
1173.75 26.171770699748762 22.947493909339816
1174.25 26.179737638160326 22.948730409626535
1174.75 26.18768637324194 22.94997502080568
1175.25 26.1957141591015 22.951219304820007
1175.75 26.203728898010652 22.95246650152723
1176.25 26.211795749403638 22.95370529627263
1176.75 26.219909761111836 22.9549644856366
1177.25 26.227974394281823 22.956195725943488
1177.75 26.236092778198334 22.957451021905193
1178.25 26.24422487722704 22.958702655278216
1178.75 26.252443626749603 22.959955102386843
1179.25 26.260623639517892 22.96120466244652
1179.75 26.268818887297115 22.962451189879634
1180.25 26.277036863805677 22.96371132054449
1180.75 26.285294272354562 22.96495994790415
1181.25 26.293440961433472 22.966222858336153
1181.75 26.30170659787298 22.967479625323307
1182.25 26.309906074122367 22.968737395591123
1182.75 26.318150656878807 22.96999705347701
1183.25 26.326368165555145 22.97126284519441
1183.75 26.33459087632999 22.972516483303348
1184.25 26.34281422669529 22.973794347343834
1184.75 26.35097844672115 22.975047415890625
1185.25 26.35915452551355 22.976308045246153
1185.75 26.367303175652474 22.97758273799826
1186.25 26.375458419770634 22.978847193824542
1186.75 26.383594493140965 22.980110657065875
1187.25 26.39165477545677 22.98138029236671
1187.75 26.39969260682924 22.982654068817922
1188.25 26.407696900893516 22.9839163177654
1188.75 26.415655687512412 22.985191461905117
1189.25 26.42358556890956 22.98645951562154
1189.75 26.431483501870957 22.987727832579793
1190.25 26.43928352959343 22.989008532649102
1190.75 26.447185828920293 22.990270734741294
1191.25 26.45500346729516 22.9915473117326
1191.75 26.462892850197022 22.992823780697584
1192.25 26.47085108643736 22.99410534782663
1192.75 26.47877266644747 22.99539022997411
1193.25 26.48674517863008 22.996665592616846
1193.75 26.4947163007445 22.99794731268459
1194.25 26.502693452165392 22.99923129916252
1194.75 26.510758910677655 23.00051667990708
1195.25 26.518755789132015 23.001803190023825
1195.75 26.52680977774739 23.00309445001266
1196.25 26.534905729132937 23.00438601435041
1196.75 26.542904899252704 23.005672692953993
1197.25 26.55105780682299 23.006964321011104
1197.75 26.559193052832693 23.008252357919975
1198.25 26.567331638540846 23.00954852515876
1198.75 26.575446494634445 23.010837823939198
1199.25 26.583631272651694 23.01213037392396
1199.75 26.591781074543984 23.01343325201107
1200.25 26.599950041268485 23.01474033182344
1200.75 26.608119725153845 23.016043165875857
1201.25 26.616325286044244 23.017343301277542
1201.75 26.624496013937655 23.018642281418135
1202.25 26.63277833402125 23.01995595678249
1202.75 26.64094232473999 23.021259546144492
1203.25 26.649191410413735 23.02256478220751
1203.75 26.657373739349687 23.023882886464055
1204.25 26.665619589154367 23.025181163200127
1204.75 26.673866524684286 23.026501004572726
1205.25 26.682072322553168 23.02781532516439
1205.75 26.690261899787394 23.029134090260772
1206.25 26.698521210991824 23.030447046544772
1206.75 26.70671988197215 23.031763046706168
1207.25 26.71494409292093 23.03308072758663
1207.75 26.723122922554147 23.034403440619286
1208.25 26.73135052759701 23.03571148579103
1208.75 26.739525742030814 23.03705491031625
1209.25 26.747654621157558 23.03837064470407
1209.75 26.75582520741891 23.039703136332797
1210.25 26.763959336454665 23.041028026319296
1210.75 26.772130609931388 23.04234574107042
1211.25 26.780248222231748 23.04368359970876
1211.75 26.78831620722622 23.045011218683275
1212.25 26.7964476016478 23.046350350365728
1212.75 26.804489483057164 23.04768136896471
1213.25 26.81244491044851 23.049018384309264
1213.75 26.820477154376864 23.050356397348445
1214.25 26.82841102357566 23.051701302271574
1214.75 26.836351665670954 23.053030831148252
1215.25 26.84428755283625 23.054371654399016
1215.75 26.852152278715522 23.055710845489106
1216.25 26.859999491465757 23.057048966627004
1216.75 26.867771732971242 23.058403018552234
1217.25 26.87557105637143 23.059756511118046
1217.75 26.88325345555574 23.061100703061527
1218.25 26.89089956440504 23.062451845518183
1218.75 26.898560777359748 23.06380145342733
1219.25 26.906094867360927 23.06514642472305
1219.75 26.913589761118377 23.066507150878497
1220.25 26.921059618618486 23.067859144662627
1220.75 26.928496936539844 23.06922275507913
1221.25 26.935801060320582 23.07058248317048
1221.75 26.94311821236102 23.07192825847698
1222.25 26.95037624968986 23.073292786572157
1222.75 26.957465202467592 23.074657725136873
1223.25 26.96458799193545 23.076013744469503
1223.75 26.971556398961237 23.077381558451783
1224.25 26.97851694629466 23.078740889051872
1224.75 26.985376911677548 23.080110187782257
1225.25 26.992159680548795 23.081477717686155
1225.75 26.998830603840176 23.082854677807525
1286.25 26.996508030551855 23.260213101867002
1286.75 26.98950143698573 23.261786623844575
1287.25 26.982488653101303 23.26336307610727
1287.75 26.975416973322343 23.264943170940647
1288.25 26.968174754178598 23.26652274314747
1288.75 26.96091674325016 23.268100266315592
1289.25 26.953672647963636 23.269686797241626
1289.75 26.9462376205024 23.27126675939102
1290.25 26.938751894994965 23.272843198766523
1290.75 26.931181523219646 23.274439600632295
1291.25 26.923640424956773 23.276027664974347
1291.75 26.91601663478931 23.277623248766194
1292.25 26.9082889408295 23.279206662215522
1292.75 26.900527506573578 23.280799670376933
1293.25 26.892655722320363 23.28241305414254
1293.75 26.8848228067574 23.284016088196758
1294.25 26.876874053765476 23.285612810675612
1294.75 26.868840015506482 23.287216987342184
1295.25 26.86081696416592 23.288819708716527
1295.75 26.85269088335847 23.29042433432312
1296.25 26.844563044567728 23.292023897042444
1296.75 26.83635769404271 23.293641617002994
1297.25 26.828085156479602 23.295250208995355
1297.75 26.819796787672846 23.29686651588264
1298.25 26.811465159246186 23.298486790295808
1298.75 26.80310031160524 23.300104218454575
1299.25 26.794654553223886 23.30172654695955
1299.75 26.786181905699856 23.303345630270652
1300.25 26.777693648148922 23.30496906010444
1300.75 26.769124419210097 23.30660480424271
1301.25 26.76059241421116 23.30823810811255
1301.75 26.751967685984223 23.309860228279526
1302.25 26.74323863522833 23.311484708722624
1302.75 26.734571825161453 23.31312325563973
1303.25 26.725824660221864 23.31476917687468
1303.75 26.717074710992406 23.316406388777384
1304.25 26.708252370594714 23.318036288601576
1304.75 26.69925168030163 23.31968760173702
1305.25 26.69021979123456 23.32133218657519
1305.75 26.680954579446812 23.322981952742392
1306.25 26.671751446099027 23.324642299665705
1306.75 26.662379424561387 23.32629560347957
1307.25 26.652862848724613 23.327948988275647
1307.75 26.643277027907533 23.329623842121237
1308.25 26.63363691437032 23.3312852309744
1308.75 26.62392156957091 23.332965081612855
1309.25 26.6141111874034 23.33462670775726
1309.75 26.604286838607855 23.3362990736016
1310.25 26.594494657658295 23.33797877245521
1310.75 26.58453613401191 23.339657981682876
1311.25 26.574574509072416 23.341342527854533
1311.75 26.564541661480167 23.34302726825247
1312.25 26.55452707929598 23.344721683390944
1312.75 26.544504722215922 23.346410167864793
1313.25 26.534436490418262 23.348111027308178
1313.75 26.52435892483701 23.34980670929161
1314.25 26.514273204340082 23.35150557441455
1314.75 26.504167275264138 23.353206303572
1315.25 26.49405774830595 23.35490153974261
1315.75 26.48400163997527 23.356613791156352
1316.25 26.4739896953858 23.358322779080694
1316.75 26.463897179400444 23.360045733706052
1317.25 26.453890324931557 23.361760279164375
1317.75 26.443873621743567 23.36346525274831
1318.25 26.433886601740028 23.36518507740138
1318.75 26.423944243903872 23.366915311746155
1319.25 26.413996666799108 23.368624480879816
1319.75 26.404167580037637 23.370352774360562
1320.25 26.39429766710945 23.37208728418972
1320.75 26.384544516771612 23.373801837970113
1321.25 26.37475290544451 23.375539010750053
1321.75 26.365045914827192 23.37727736370185
1322.25 26.355406435506975 23.37899737824394
1322.75 26.34582564252576 23.380736776414007
1323.25 26.336226665364 23.382477211445064
1323.75 26.32674842881702 23.3842054175647
1324.25 26.317323298912775 23.3859609842577
1324.75 26.307952164115278 23.38769019313864
1325.25 26.298673321075956 23.389440628625884
1325.75 26.289407759822264 23.39117477433808
1326.25 26.280276426353133 23.392930771767123
1326.75 26.27116660610945 23.39466967383349
1327.25 26.262122925277982 23.39641508933209
1327.75 26.253169148400485 23.39815853545256
1328.25 26.24428210023058 23.399907972053605
1328.75 26.235486910969357 23.40165616365934
1329.25 26.226770792513875 23.403408782335422
1329.75 26.218107979349796 23.40515842405193
1330.25 26.209586133181205 23.406912486050167
