FastTrWP/PhaseSpace/IAs/snIa_0.59_30.00_-1.16_-0.11.csv
# %ECSV 0.9
# ---
# datatype:
# - {name: time-rel, datatype: float64}
# - {name: g, datatype: float64}
# - {name: i, datatype: float64}
# schema: astropy-2.0
time-rel g i
[from data line 1734]
1046.3958333333333 24.931955878124825 22.683130056797822
1046.8958333333333 24.9332884830074 22.68398580151508
1047.3958333333333 24.934601217687714 22.68484712920085
1047.8958333333333 24.93598116567039 22.6857052099933
1048.3958333333333 24.937272352835812 22.68657101649012
1048.8958333333333 24.938625805941964 22.68743223610525
1049.3958333333333 24.93999533726667 22.68829509089477
1049.8958333333333 24.941345426302735 22.689156606904636
1050.3958333333333 24.9427268396063 22.690017690022426
1050.8958333333333 24.94411475374505 22.690884005707552
1051.3958333333333 24.945501355989816 22.691756838987782
1051.8958333333333 24.946882936222377 22.69261691518298
1052.3958333333333 24.94828538427096 22.693490917724738
1052.8958333333333 24.949712224811353 22.694358451206377
1053.3958333333333 24.95111754992628 22.695228766223117
1053.8958333333333 24.952537762569847 22.696098270178908
1054.3958333333333 24.953992822513904 22.696969172468428
1054.8958333333333 24.955435000090517 22.69784701661425
1055.3958333333333 24.95687823408328 22.69871428554525
1055.8958333333333 24.95832621898383 22.699587190690327
1056.3958333333333 24.959810153341706 22.700471343340823
1056.8958333333333 24.961267568379455 22.701338940127307
1057.3958333333333 24.96276889394388 22.702218472827745
1057.8958333333333 24.964275153093144 22.703088229409104
1058.3958333333333 24.96576548120271 22.703970049858494
1058.8958333333333 24.96728336073457 22.704844824470346
1059.3958333333333 24.968792520065758 22.705727297701582
1059.8958333333333 24.970314232562053 22.706606845927087
1060.3958333333333 24.97184692485829 22.707493833907098
1060.8958333333333 24.97337422096109 22.708372564174446
1061.3958333333333 24.97492730976777 22.709256479969735
1061.8958333333333 24.976506673346815 22.71014338446145
1062.3958333333333 24.97807870146557 22.711028917859892
1062.8958333333333 24.979635738016874 22.71191976304148
1063.3958333333333 24.98122154264046 22.712794144015263
1063.8958333333333 24.982823396249408 22.713694569253995
1064.3958333333333 24.98440542934621 22.714582564390213
1064.8958333333333 24.98602153933728 22.715469346903166
1065.3958333333333 24.987654239701026 22.716360567028026
1065.8958333333333 24.989278220961246 22.717252137266726
1066.3958333333333 24.990912662016093 22.718143880223952
1066.8958333333333 24.99258678729943 22.719039466070313
1067.3958333333333 24.99422893264731 22.71994173182498
1067.8958333333333 24.995883932815246 22.72083733455654
1068.3958333333333 24.997573136680003 22.721728324668092
1068.8958333333333 24.999232268258513 22.72262674497898
1069.3958333333333 25.000934822684428 22.723520907077955
1069.8958333333333 25.00260769058243 22.724426754608494
1070.3958333333333 25.00432668546211 22.725327626103674
1070.8958333333333 25.006068024462618 22.726228211030115
1071.3958333333333 25.00779657645716 22.727135356089356
1071.8958333333333 25.009521031366816 22.72803555549436
1072.3958333333333 25.01127980779242 22.72894625113656
1072.8958333333333 25.013017623404007 22.72984502481668
1073.3958333333333 25.01479330119572 22.730757034892576
1073.8958333333333 25.01655845269305 22.731664168326958
1074.3958333333333 25.01835229983676 22.732569536886174
1074.8958333333333 25.020153900463523 22.73348846589363
1075.3958333333333 25.021935838880687 22.73440020073588
1075.8958333333333 25.02373839712746 22.73530715894986
1076.3958333333333 25.025563732513145 22.736227059412233
1076.8958333333333 25.027392422536106 22.73713629372225
1077.3958333333333 25.029245316414087 22.738055743313865
1077.8958333333333 25.03111158821362 22.738973622375397
1078.3958333333333 25.0329931276432 22.739896419924726
1078.8958333333333 25.03480945761181 22.74080789394018
1079.3958333333333 25.03669525178816 22.741724754538765
1079.8958333333333 25.03858562616735 22.742648598041292
1080.3958333333333 25.0405108027342 22.74356963712959
1080.8958333333333 25.04238514947008 22.74449305516694
1081.3958333333333 25.04432912905262 22.745417015500674
1081.8958333333333 25.04623573768118 22.746338811169675
1082.3958333333333 25.04819090016863 22.747270222150892
1082.8958333333333 25.05012643267652 22.74819307620544
1083.3958333333333 25.052075434741305 22.749120135647154
1083.8958333333333 25.054048013908165 22.750046915390115
1084.3958333333333 25.05602815133245 22.75097603671334
1084.8958333333333 25.058038411178227 22.751911204828286
1085.3958333333333 25.060029688532527 22.752845631748574
1085.8958333333333 25.06202691063381 22.753772410736385
1086.3958333333333 25.06403882304637 22.754698750665362
1086.8958333333333 25.066064547509885 22.755640709725004
1087.3958333333333 25.068141567685466 22.756578345705684
1087.8958333333333 25.070198498294435 22.757509148871545
1088.3958333333333 25.072239086949992 22.758453136360902
1088.8958333333333 25.07430393587887 22.759389343213698
1089.3958333333333 25.076398467475514 22.760336668912807
1089.8958333333333 25.078498128401748 22.76127786365379
1090.3958333333333 25.080613982826428 22.762211059791863
1090.8958333333333 25.082708368054668 22.763149609373574
1091.3958333333333 25.084845084157266 22.76409873540187
1091.8958333333333 25.086981196662297 22.765039770317046
1092.3958333333333 25.08913733327841 22.765987804183723
1092.8958333333333 25.09129249586985 22.766942903512344
1093.3958333333333 25.09347396805703 22.7678870082682
1093.8958333333333 25.095659286255948 22.768834986704896
1094.3958333333333 25.09785352918952 22.76978435695325
1094.8958333333333 25.10007633533872 22.77073507487957
1095.3958333333333 25.102259140148927 22.77168789173714
1095.8958333333333 25.104490347613684 22.7726445371894
1096.3958333333333 25.106759206603435 22.773596153198735
1096.8958333333333 25.10901830271106 22.774558242309006
1097.3958333333333 25.11127440822639 22.77550546572718
1097.8958333333333 25.113544889499554 22.77646967375478
1098.3958333333333 25.11585194660228 22.77742812251709
1098.8958333333333 25.118146184409692 22.778382571895367
1099.3958333333333 25.12044945773972 22.779347638068725
1099.8958333333333 25.122777584415466 22.7803184256971
1100.3958333333333 25.125116414412155 22.78127340980644
1100.8958333333333 25.1274668792629 22.782243898043433
1101.3958333333333 25.1298579543052 22.783210720710827
1101.8958333333333 25.13222679759015 22.78417766539159
1102.3958333333333 25.13462678848932 22.785149574402496
1102.8958333333333 25.137017881741663 22.786123818790372
1103.3958333333333 25.13942957016657 22.787090340756183
1103.8958333333333 25.141862728352876 22.788060533880518
1104.3958333333333 25.144293680128804 22.78903470218375
1104.8958333333333 25.146736675930846 22.790004410628036
1105.3958333333333 25.149202752208137 22.790979276132802
1105.8958333333333 25.15167708053852 22.79195830226993
1106.3958333333333 25.1541846036965 22.792950425920306
1106.8958333333333 25.156686071043126 22.79391630065955
1107.3958333333333 25.159220713265157 22.794906065529045
1107.8958333333333 25.161741970278754 22.79588847223101
1108.3958333333333 25.164317167035705 22.79686757561513
1108.8958333333333 25.166879142361147 22.797852759797284
1109.3958333333333 25.169443286910674 22.798844093598206
1109.8958333333333 25.172026572446487 22.799830393777295
1110.3958333333333 25.174644983451717 22.800824997475324
1110.8958333333333 25.177259000539358 22.801812357168096
1111.3958333333333 25.17988693520886 22.80279823367525
1111.8958333333333 25.182539474930895 22.803797586689814
1112.3958333333333 25.185197244355393 22.804789102778717
1112.8958333333333 25.187894206778154 22.805784062674185
1113.3958333333333 25.190555488113432 22.806783063465673
1113.8958333333333 25.193289073138246 22.807775459642116
1114.3958333333333 25.196012452682307 22.808780459451118
1114.8958333333333 25.19874380579943 22.80978118676746
1115.3958333333333 25.201483302938104 22.81078161684686
1115.8958333333333 25.204248251913235 22.811791448209657
1116.3958333333333 25.20702650910485 22.812800178179952
1116.8958333333333 25.209844917751663 22.813811823512577
1117.3958333333333 25.212677440894552 22.81481702623696
1117.8958333333333 25.215503412954998 22.81581917838972
1118.3958333333333 25.21836190781308 22.81683599177096
1118.8958333333333 25.221214980865238 22.817846573733682
1119.3958333333333 25.22410162430888 22.81886202898539
1119.8958333333333 25.227010675979788 22.81987669066584
1120.3958333333333 25.2299414651041 22.82088456366047
1120.8958333333333 25.232905165717536 22.821913587423552
1121.3958333333333 25.23585700339288 22.82292654371032
1121.8958333333333 25.238812800687505 22.823952653185057
1122.3958333333333 25.241828789942545 22.824975197597066
1122.8958333333333 25.24482877812312 22.82599019971078
1123.3958333333333 25.247898659014364 22.827019432156128
1123.8958333333333 25.250928472140632 22.828043289570708
1124.3958333333333 25.253998296160706 22.829073624287464
1124.8958333333333 25.257090749367926 22.83010267997556
1125.3958333333333 25.260197031975423 22.831125194602556
1125.8958333333333 25.263300912661386 22.83215760427155
1126.3958333333333 25.266450693193715 22.83318335849989
1126.8958333333333 25.269622716867026 22.83422464897916
1127.3958333333333 25.27282102362683 22.835261120354197
1127.8958333333333 25.275989817405428 22.836302311246953
1128.3958333333333 25.279201475925337 22.837330965770953
1128.8958333333333 25.282425978775457 22.83836939558221
1129.3958333333333 25.285694641896587 22.839408197919933
1129.8958333333333 25.28896720512933 22.840449406320104
1130.3958333333333 25.292232047328483 22.841498479506637
1130.8958333333333 25.29554906104341 22.84253836187753
1131.3958333333333 25.29888701654761 22.843582798827953
1131.8958333333333 25.302223783444184 22.844633290168886
1132.3958333333333 25.30559922026952 22.845683803483237
1132.8958333333333 25.308959635549964 22.84673355330029
1133.3958333333333 25.31235641478393 22.847784659104487
1133.8958333333333 25.315767444444628 22.848844552149203
1134.3958333333333 25.319222570388185 22.84989280629384
1134.8958333333333 25.322655534054906 22.85095933285507
1135.3958333333333 25.32614018899391 22.85200763733061
1135.8958333333333 25.329628288048287 22.853069855749446
1136.3958333333333 25.333143717549508 22.854120871199267
1136.8958333333333 25.336650467149493 22.855186232279102
1137.3958333333333 25.340206510711894 22.856258800243772
1137.8958333333333 25.34378416321905 22.85731318484922
1138.3958333333333 25.347368599757107 22.85838500135265
1138.8958333333333 25.35096402782908 22.85944263974255
1139.3958333333333 25.354584734570466 22.860515532582
1139.8958333333333 25.35822258445391 22.86159091124789
1140.3958333333333 25.361901577380124 22.862654960322722
1140.8958333333333 25.36556685206701 22.86372917455575
1141.3958333333333 25.369269486661985 22.864811730242756
1141.8958333333333 25.372987033491757 22.865883681703785
1142.3958333333333 25.376721680215162 22.866962282586513
1142.8958333333333 25.38046468734725 22.86803784455275
1143.3958333333333 25.38422636662698 22.869118495941297
1143.8958333333333 25.388032691794955 22.870200227103222
1144.3958333333333 25.391817495298547 22.87128968724045
1144.8958333333333 25.39567449292299 22.87236202836843
1145.3958333333333 25.399528581053428 22.873454119168745
1145.8958333333333 25.403391553533986 22.874544813949733
1146.3958333333333 25.40728427585066 22.875635124592733
1146.8958333333333 25.411163878041908 22.876732666905234
1147.3958333333333 25.415115475101672 22.87781732125918
1147.8958333333333 25.419066754138626 22.878898924444805
1148.3958333333333 25.42302649870894 22.880005255876497
1148.8958333333333 25.42699423890361 22.881102733775034
1149.3958333333333 25.43101189732461 22.882200085356633
1149.8958333333333 25.43502037658145 22.88330330439492
1150.3958333333333 25.439052463027856 22.884403048109007
1150.8958333333333 25.443145007611307 22.885503787994214
1151.3958333333333 25.4471937936739 22.88660624152767
1151.8958333333333 25.451312767719575 22.887721493131565
1152.3958333333333 25.45541576036472 22.888816648485246
1152.8958333333333 25.459585441145236 22.889934389394185
1153.3958333333333 25.46374618825398 22.89104704221141
1153.8958333333333 25.46791207589707 22.892160897122874
1154.3958333333333 25.47212962573643 22.89326988643925
1154.8958333333333 25.476338353150595 22.894386411727133
1155.3958333333333 25.4806764018897 22.895509789784114
1155.8958333333333 25.484995958647573 22.896626916563267
1156.3958333333333 25.489404717124188 22.8977403882752
1156.8958333333333 25.493847964530552 22.898865771190845
1157.3958333333333 25.49833654351561 22.899996038182437
1157.8958333333333 25.502887843418044 22.901129154760262
1158.3958333333333 25.507444124105348 22.90226142040335
1158.8958333333333 25.512091941058955 22.90339026473106
1159.3958333333333 25.51677008800283 22.90453171296448
1159.8958333333333 25.52144993427946 22.905671587562246
1160.3958333333333 25.526214898278 22.90679967573372
1160.8958333333333 25.531066037742857 22.907947365354584
1161.3958333333333 25.535864132693984 22.909086108678558
1161.8958333333333 25.54074624384361 22.910240829148336
1162.3958333333333 25.545710282298412 22.911384920128377
1162.8958333333333 25.550651222813194 22.91253221236545
1163.3958333333333 25.55567547596833 22.913685023768426
1163.8958333333333 25.560718530590787 22.914830822639
1164.3958333333333 25.565808700191383 22.91599587767216
1164.8958333333333 25.570901269942787 22.91714381077132
1165.3958333333333 25.57610527950213 22.91830298352988
1165.8958333333333 25.581282592879283 22.919466573455153
1166.3958333333333 25.586470192416343 22.92062830922871
1166.8958333333333 25.5917208990034 22.92179204543264
1167.3958333333333 25.597056039351735 22.92294957121951
1167.8958333333333 25.602350087259413 22.924116177773428
1168.3958333333333 25.607727351304725 22.92528529962119
1168.8958333333333 25.61311196547626 22.92645699850781
1169.3958333333333 25.618547248409037 22.927625710287053
1169.8958333333333 25.623981388739672 22.928798337538936
1170.3958333333333 25.629473008620632 22.92996858068439
1170.8958333333333 25.634996698619787 22.931156581505597
1171.3958333333333 25.64050095308461 22.932334456635807
1171.8958333333333 25.646046389063017 22.93351005054312
1172.3958333333333 25.65163446038854 22.93468806654056
1172.8958333333333 25.657245983930128 22.935878466547514
1173.3958333333333 25.662849154827057 22.937055788826747
1173.8958333333333 25.668509877208564 22.938237943294332
1174.3958333333333 25.67416514031038 22.93941975969691
1174.8958333333333 25.67984770128082 22.940604141215463
1175.3958333333333 25.685525703279648 22.941793830444766
1175.8958333333333 25.69124495344395 22.94299784636252
1176.3958333333333 25.696980750837746 22.944173730650217
1176.8958333333333 25.702731322105812 22.94536820038288
1177.3958333333333 25.708458489128514 22.94656702887877
1177.8958333333333 25.714247389772694 22.947753310433928
1178.3958333333333 25.72003666440587 22.94895344770156
1178.8958333333333 25.725831731372466 22.950143031803513
1179.3958333333333 25.73157326461552 22.95134124477283
1179.8958333333333 25.7374071007838 22.95254513158237
1180.3958333333333 25.7432410968407 22.953737651927696
1180.8958333333333 25.749015573206563 22.95494145742232
1181.3958333333333 25.754803812001693 22.956138416485267
1181.8958333333333 25.760617603827743 22.957339358444855
1182.3958333333333 25.766393975733873 22.958544644601968
1182.8958333333333 25.77219854265156 22.95974697657755
1183.3958333333333 25.77798387889855 22.96095133961998
1183.8958333333333 25.78377741483561 22.96216187630998
1184.3958333333333 25.789595463040488 22.96336333320393
1184.8958333333333 25.79535250463936 22.964578355049067
1185.3958333333333 25.801086570052828 22.965780801701
1185.8958333333333 25.806828353193797 22.966992799592152
1186.3958333333333 25.812562243775975 22.96818374654392
1186.8958333333333 25.8182594132739 22.969400818908056
1187.3958333333333 25.82393717641078 22.970613805067458
1187.8958333333333 25.82963853420372 22.971826042088615
