FastTrWP/PhaseSpace/IAs/snIa_0.61_30.00_-0.12_-0.13.csv
# %ECSV 0.9
# ---
# datatype:
# - {name: time-rel, datatype: float64}
# - {name: g, datatype: float64}
# - {name: i, datatype: float64}
# schema: astropy-2.0
time-rel g i
[from data line 1031]
628.625 23.34746651591281 22.34063094109793
629.125 23.34823244770765 22.340287541388257
629.625 23.349010457531545 22.33994908287011
630.125 23.3497809336202 22.33961290581643
630.625 23.350556417132363 22.33927823326907
631.125 23.351343007066056 22.338944396864093
631.625 23.352130329559444 22.338617855908073
632.125 23.352918872023437 22.338289226712856
632.625 23.353721381066528 22.33796586784689
633.125 23.354527621829394 22.337643162139166
633.625 23.35532136235399 22.337322453541347
634.125 23.35611755376654 22.33701042256652
634.625 23.356942149481227 22.336689206909206
635.125 23.357760155737054 22.33638003372576
635.625 23.358584004203596 22.33606755433258
636.125 23.35939259934349 22.335764517520293
636.625 23.360223646702536 22.335462308643336
637.125 23.36106087008539 22.335161753071056
637.625 23.361892404351025 22.334857082056523
638.125 23.362734447547258 22.33457607420798
638.625 23.363578374642238 22.334278041297893
639.125 23.364424306728644 22.333983113651037
639.625 23.365279696407484 22.33370291067125
640.125 23.366133632616375 22.333415191805184
640.625 23.366989824194032 22.33313759321596
641.125 23.36786246344596 22.33285067267748
641.625 23.368723948640376 22.33257279551517
642.125 23.369608516214303 22.332295004342907
642.625 23.37048543951977 22.332027155967744
643.125 23.37136256084822 22.33176175277229
643.625 23.372249825250243 22.331491257302677
644.125 23.373140389455823 22.331229517231577
644.625 23.374035266177525 22.33097106166131
645.125 23.374935746848315 22.330712279395804
645.625 23.375840577623688 22.330454978806344
646.125 23.376745293849165 22.33019876010752
646.625 23.377659650650852 22.329948592792913
647.125 23.378567078208178 22.32970199319469
647.625 23.379494849927504 22.329459791216998
648.125 23.38041816911181 22.329215061176836
648.625 23.381348942043694 22.32898046487439
649.125 23.38228833655226 22.3287383823248
649.625 23.383220857987585 22.32850495323904
650.125 23.384163600070906 22.328275857574305
650.625 23.38510656298023 22.328043188079107
651.125 23.38605752603696 22.327824968816756
651.625 23.3870091756403 22.327596175351484
652.125 23.387972322449862 22.32738259035033
652.625 23.388943720207763 22.327160140243187
653.125 23.389908212852447 22.326949279107012
653.625 23.390883980867443 22.326733572558638
654.125 23.391854539521457 22.326525625799807
654.625 23.392838697594804 22.32632329050989
655.125 23.393834219939205 22.326122336887458
655.625 23.39482500733245 22.325919687728106
656.125 23.395810614027756 22.32572264569715
656.625 23.396818241463922 22.325524853127675
657.125 23.397809382522535 22.325337951100444
657.625 23.398829118563057 22.325150782083142
658.125 23.399843674451112 22.324964707281087
658.625 23.400868162851992 22.32478398884886
659.125 23.401891666792046 22.324597192317906
659.625 23.402930064121414 22.324422065188244
660.125 23.403969218928992 22.324251742454177
660.625 23.405007820851573 22.32408044241685
661.125 23.406067952500152 22.323910939904792
661.625 23.407117533510803 22.323746897924977
662.125 23.408177805855765 22.323587940734484
662.625 23.409245399642874 22.32343016731933
663.125 23.410317443868315 22.32327416111289
663.625 23.41140142880787 22.323118212486968
664.125 23.412499279949582 22.322981550991706
664.625 23.413593299003463 22.322823769436635
665.125 23.41466920698402 22.322687067796018
665.625 23.415790761550284 22.322550504221464
666.125 23.416903396532604 22.32240508389956
666.625 23.418001622778363 22.322279651664395
667.125 23.41913745403295 22.32214671955976
667.625 23.420258352535456 22.322020805939232
668.125 23.42138623214522 22.3218950188984
668.625 23.422514344851535 22.321766504311324
669.125 23.423659241039466 22.32165445650012
669.625 23.424817424233257 22.321528367788517
670.125 23.425975709556933 22.321423615110728
670.625 23.427122394631116 22.321299603362977
671.125 23.428273522997355 22.32119327163151
671.625 23.429452975537583 22.321085809605
672.125 23.430623967561427 22.320991350657614
672.625 23.43180517506994 22.32088358794917
673.125 23.432981052562397 22.320789719470113
673.625 23.434177437880983 22.32068717136793
674.125 23.4353662448072 22.320597335623162
674.625 23.436552643717757 22.32050737860137
675.125 23.437759106296944 22.320417262543835
675.625 23.438961022827044 22.32032391500126
676.125 23.440174422790534 22.320243102991128
676.625 23.441394931612628 22.320166106325175
677.125 23.44260236223174 22.32008257207672
677.625 23.443819999004297 22.32000574610174
678.125 23.445039694880666 22.319930970341005
678.625 23.446275520773384 22.319859681485656
679.125 23.44751211857686 22.319785356179054
679.625 23.44874913295972 22.319717590316948
680.125 23.449995763287582 22.319656530041986
680.625 23.451228072904 22.319592512657774
681.125 23.45249188140507 22.319529423595807
681.625 23.4537358117107 22.319471210195942
682.125 23.454997188837616 22.319414475132575
682.625 23.456251045747393 22.31935703277785
683.125 23.457516818921903 22.319307444575106
683.625 23.458777000586693 22.31925517651891
684.125 23.46004603358984 22.31920652380987
684.625 23.461325335954268 22.319157569433973
685.125 23.462602291745952 22.31911266118128
685.625 23.46388931793511 22.319070221388802
686.125 23.465171165932173 22.319030588367546
686.625 23.46645226433656 22.318998340579228
687.125 23.467745416961975 22.318952977097055
687.625 23.469032863085026 22.318915792584097
688.125 23.47032691197615 22.318876609655554
688.625 23.471639765039065 22.318853782436175
689.125 23.472930170531047 22.31882162039742
689.625 23.474240743815503 22.318801353033674
690.125 23.475545158139735 22.318770061023244
690.625 23.47685329048014 22.318736905684364
691.125 23.47815703412333 22.318720302354734
691.625 23.479473418713464 22.318696494796058
692.125 23.48078635955316 22.318673288628247
692.625 23.48211293556435 22.318656514504084
693.125 23.48342994633832 22.318642069380722
693.625 23.484742676654704 22.318630471902647
694.125 23.486066027963805 22.31860813616462
694.625 23.48739567269313 22.318599186907228
695.125 23.488729302755104 22.3185829436083
695.625 23.490051093101805 22.31858008897207
696.125 23.491376612183238 22.318572003920778
696.625 23.49271041826811 22.31856666406129
697.125 23.494054960733536 22.31856261230363
697.625 23.495378929176397 22.318559144926937
698.125 23.496736802532965 22.318557517024434
698.625 23.498092381240305 22.31856094705245
699.125 23.499432366831307 22.318566972304545
699.625 23.50080095165918 22.31857806883351
700.125 23.502156052999553 22.31858370419641
700.625 23.503526174605657 22.318596287263276
701.125 23.504908705819805 22.318610576586316
701.625 23.506284292090662 22.31863288535861
702.125 23.507682221932427 22.318652745503776
702.625 23.509071407471808 22.3186636937449
703.125 23.510454739503537 22.31869393734106
703.625 23.51185320178136 22.318727049863863
704.125 23.51325328141162 22.318751624221477
704.625 23.51467110822047 22.318783692160785
705.125 23.516071705344753 22.31881914347786
705.625 23.51748820637349 22.31884856686092
706.125 23.518910678764687 22.318887763103298
706.625 23.520335332952378 22.318927244081234
707.125 23.52175893555032 22.318970410467575
707.625 23.523199098755846 22.31901397392022
708.125 23.52462665863568 22.319053224763557
708.625 23.52607423711462 22.319108326319835
709.125 23.527521102172724 22.31915153669648
709.625 23.528967773209434 22.31921507376024
710.125 23.530426259301777 22.319259097950564
710.625 23.531869473965745 22.31931960445064
711.125 23.53334642554287 22.319374650905473
711.625 23.534806200633597 22.319435686930234
712.125 23.53627089697404 22.319499466328928
712.625 23.537748364951277 22.319561344864173
713.125 23.539212237463673 22.319632503237017
713.625 23.540694722041344 22.31969557167648
714.125 23.542169136729044 22.319761685066567
714.625 23.543665037183334 22.319835219758136
715.125 23.545157322632836 22.319907133780944
715.625 23.546648426108874 22.31998432584
716.125 23.54813893014427 22.32006368621313
716.625 23.54964607037306 22.32013464674232
717.125 23.55113946658014 22.320221868366854
717.625 23.552651778999795 22.32030071723876
718.125 23.554151627258648 22.320385654084976
718.625 23.555672855956434 22.32046312210278
719.125 23.557189305087277 22.32055289804301
719.625 23.558701078718705 22.320640291245766
720.125 23.56021501877298 22.320733740271987
720.625 23.56174376732756 22.320827651489203
721.125 23.563276433421137 22.320914482796933
721.625 23.56480519037191 22.321010179488713
722.125 23.566324259372426 22.321108160150224
722.625 23.567862364345157 22.321208819996166
723.125 23.56939713095601 22.32130660708867
723.625 23.570945637149233 22.321409863603993
724.125 23.572487503506565 22.321504415175472
724.625 23.57402180025391 22.321607567963216
725.125 23.57556853229405 22.321713250599053
725.625 23.57711411676287 22.321817369727114
726.125 23.57866273974386 22.32192335330673
726.625 23.58021259053548 22.32203973286929
727.125 23.581759614426243 22.32214642747858
727.625 23.583336047967194 22.322260603205656
728.125 23.584884899087008 22.322373752997425
728.625 23.586450235203174 22.322484497530823
729.125 23.588012598805676 22.322602706032878
729.625 23.589572955135004 22.322717574468967
730.125 23.59114638896513 22.32283407505607
730.625 23.592699967721387 22.322951478600558
731.125 23.594270395060903 22.323073990826686
731.625 23.595833513368262 22.323197875414138
732.125 23.597411219891423 22.3233173448711
732.625 23.598989421026765 22.32344209657601
733.125 23.600551413604116 22.323569819154176
733.625 23.602134876291522 22.323690455893196
734.125 23.60371164685577 22.32381637798187
734.625 23.605288482515213 22.323941108209098
735.125 23.606862732744382 22.32407543016698
735.625 23.60844513857437 22.324201753786433
736.125 23.610033672378442 22.324335261908832
736.625 23.611604755857208 22.324464784308816
737.125 23.61319581556209 22.32460369772034
737.625 23.61480456107723 22.324735567887792
738.125 23.616383710287362 22.324882245654262
738.625 23.61798460544701 22.325014674539783
739.125 23.61958692825577 22.32516172374678
739.625 23.621188892656857 22.325302195316837
740.125 23.62279815727274 22.32544572605153
740.625 23.6243996942003 22.325592619531015
741.125 23.626017602669023 22.325738344879905
741.625 23.62763303045714 22.325889742252244
742.125 23.6292471675915 22.326039843023846
742.625 23.630877429286116 22.326190787796673
743.125 23.63249856229631 22.326341079058935
743.625 23.634131929967484 22.32649876116206
744.125 23.635758879312693 22.32665880707892
744.625 23.637381125149744 22.32681101770805
745.1249999999999 23.639019208417178 22.32697615871661
745.625 23.640656613646055 22.327131294024433
746.125 23.642314225212036 22.327295561661906
746.6249999999999 23.643948702416367 22.32746718337765
747.125 23.64561143084396 22.32762775326263
747.625 23.647253741694087 22.327799524645382
748.1249999999999 23.64890640769659 22.32796529828219
748.625 23.650555744652074 22.328137588223186
749.125 23.652219879940006 22.328309151723257
749.6249999999999 23.65387182622659 22.328486299070704
750.125 23.655551967353272 22.328658867403426
750.625 23.657210442160583 22.328837951415153
751.1249999999999 23.65888394271789 22.329013391112852
751.625 23.660560028930576 22.32919612772617
752.125 23.66223283783409 22.32937903949937
752.6249999999999 23.66391353672846 22.329554369166576
753.125 23.665603119818492 22.329733570945432
753.625 23.667293366389263 22.32993241681481
754.1249999999999 23.66897207496379 22.330117278064495
754.625 23.670665738111495 22.330298273744713
755.125 23.67235814926947 22.33049704035424
755.6249999999999 23.67405976009666 22.33067978713242
756.125 23.675762257730693 22.330879771129425
756.625 23.67747257491883 22.331073072739063
757.1249999999999 23.67917707800331 22.331264651876403
757.625 23.680872832985465 22.33146583408551
758.125 23.68259886082526 22.331663301137567
758.6249999999999 23.684312998707963 22.33186716699336
759.125 23.686015648900355 22.332064787696808
759.625 23.687744989908538 22.332270173724936
760.1249999999999 23.68946919337523 22.33247181487438
760.625 23.691187055614563 22.332686123722524
761.125 23.692929174015465 22.332891181470828
761.6249999999999 23.694660395263 22.333094657706873
762.125 23.696384416756594 22.333309532357188
762.625 23.698143974172936 22.333520026088237
763.1249999999999 23.699877912547173 22.333731884933474
763.625 23.701620482959793 22.333949806666084
764.125 23.70337490644223 22.334167198095134
764.6249999999999 23.70511109216921 22.33438335486209
765.125 23.706866212039518 22.334603864213108
765.625 23.708625694810962 22.334810133389908
766.1249999999999 23.710381928028053 22.33504410839253
766.625 23.712145293950808 22.33527042471254
767.125 23.713904757943034 22.33548992364499
767.6249999999999 23.715674137021203 22.335721927422313
768.125 23.717429167356883 22.335946306073833
768.625 23.719216678228566 22.336175547522746
769.1249999999999 23.72099289460155 22.33640266223619
769.625 23.722766197659425 22.336635137856582
770.125 23.724551697554183 22.33686323525786
770.6249999999999 23.72632931308448 22.337103101552785
771.125 23.72813314129708 22.337332337374363
771.625 23.729906920037337 22.337575398305887
772.1249999999999 23.731706449435027 22.337807390150417
772.625 23.73349809232051 22.338055281612657
773.125 23.735301243859155 22.338296849414952
773.6249999999999 23.737099978937657 22.338532438892234
774.125 23.738907681586618 22.338774925824136
774.625 23.740702133226698 22.339023796199903
775.1249999999999 23.742522635766463 22.339271533143574
775.625 23.744337939671176 22.339527291844593
776.125 23.74615143049185 22.339772131532456
776.6249999999999 23.747982995139324 22.34002021720204
777.125 23.74980141076368 22.340275392925278
777.625 23.75163750862992 22.34053379830216
778.1249999999999 23.753475138447765 22.34078742996489
778.625 23.755304958291376 22.34104554153835
779.125 23.757155689547403 22.341302397224553
779.6249999999999 23.75898963982081 22.341563352692965
780.125 23.76084399155342 22.341831980067838
780.625 23.762694285099787 22.342089574854104
781.1249999999999 23.764548744202582 22.342359139897574
781.625 23.766401311226684 22.3426249752927
782.125 23.768271477183163 22.342898043261492
782.6249999999999 23.770127391650764 22.343164699245747
783.125 23.771997364406722 22.3434412777895
783.625 23.773859724129135 22.343714539616805
784.1249999999999 23.775740273212534 22.343987376729455
784.625 23.777625259733988 22.344265811196962
785.125 23.77951646013436 22.344536477935183
785.6249999999999 23.78140487590448 22.344827609765005
786.125 23.783289780724743 22.345100344642187
786.625 23.78518421489717 22.34539162883501
787.1249999999999 23.78707751135441 22.345674492094652
787.625 23.788986331578673 22.345956259819324
788.125 23.790881688795636 22.346244550140547
788.6249999999999 23.79278683372157 22.346532717625077
789.125 23.794693582389904 22.346821343779617
789.625 23.79662477587174 22.34710931032234
790.1249999999999 23.798534431443255 22.347407157036507
790.625 23.800454395391238 22.347697980862094
791.125 23.802380799882414 22.34799428940317
791.6249999999999 23.8042951845213 22.34828885343166
792.125 23.806231549068634 22.348591831016556
792.625 23.808181552130726 22.34889366549406
793.1249999999999 23.810098407214323 22.349194944120356
793.625 23.812035938042172 22.349498686186898
794.125 23.813981424879486 22.349797588250638
794.6249999999999 23.81594828252878 22.3501094543306
795.125 23.817884320165504 22.35041720824639
795.625 23.819850879526605 22.35072963763168
796.1249999999999 23.821810569157936 22.351037282135238
796.625 23.82376631029189 22.351342409176063
797.125 23.82571950564091 22.351650563836245
797.6249999999999 23.827693842908005 22.351959514674103
798.125 23.829673991143338 22.352290340408913
798.625 23.83164226792408 22.3526018163742
799.1249999999999 23.833615395865756 22.352918376512477
799.625 23.835598124174382 22.35324721328854
800.125 23.83757421393235 22.35355961888258
