FastTrWP/PhaseSpace/IAs/snIa_0.69_30.00_-1.12_-0.25.csv
# %ECSV 0.9
# ---
# datatype:
# - {name: time-rel, datatype: float64}
# - {name: g, datatype: float64}
# - {name: i, datatype: float64}
# schema: astropy-2.0
time-rel g i
[from data line 1731]
956.1458333333334 25.201452688078238 22.568815061059773
956.6458333333333 25.202565742485838 22.56970409952148
957.1458333333334 25.20357882018683 22.570590887286954
957.6458333333334 25.204545765254167 22.571473960289584
958.1458333333333 25.20543345153542 22.572375797183817
958.6458333333334 25.206271499801822 22.573257482082127
959.1458333333334 25.20703234652037 22.574144964742302
959.6458333333333 25.207699016506577 22.57503788326388
960.1458333333334 25.208301500391343 22.575932538585363
960.6458333333334 25.208804855431094 22.576832992287915
961.1458333333333 25.20928616746158 22.577726198618784
961.6458333333334 25.20966062640943 22.57862487506291
962.1458333333334 25.209996914061374 22.57952509585281
962.6458333333333 25.210208771663673 22.58042695100518
963.1458333333334 25.210418505529667 22.58131773114456
963.6458333333334 25.210511347284385 22.582226637884737
964.1458333333333 25.210545153738106 22.58312733912564
964.6458333333334 25.210492890588853 22.58403602720334
965.1458333333334 25.210419914213958 22.58495151647146
965.6458333333333 25.210218777375598 22.58585103226395
966.1458333333334 25.209973244185253 22.586758160856164
966.6458333333334 25.209656634450628 22.587665257205487
967.1458333333333 25.20928745123858 22.588580000212268
967.6458333333334 25.208814610936876 22.589492528977534
968.1458333333334 25.208312008035207 22.59040914990688
968.6458333333333 25.20771036773101 22.591321444001
969.1458333333334 25.20707144010772 22.59223993407423
969.6458333333334 25.20632463987567 22.593156691349606
970.1458333333333 25.205548251081872 22.594074074158744
970.6458333333334 25.204688379587566 22.59499780346891
971.1458333333334 25.203763744302048 22.59592172467848
971.6458333333333 25.2027819698214 22.596840333561268
972.1458333333334 25.20169716504411 22.597760596771813
972.6458333333334 25.200611254882332 22.598687753180513
973.1458333333333 25.199428798891063 22.599618149753518
973.6458333333334 25.198196336189124 22.600546944581723
974.1458333333334 25.196876589289857 22.60147243137034
974.6458333333333 25.195516695503606 22.602400362910757
975.1458333333334 25.19405394066748 22.603331642663136
975.6458333333334 25.1925776953254 22.604268423794657
976.1458333333333 25.191042983564245 22.605201438891513
976.6458333333334 25.189402725127458 22.606133610513975
977.1458333333334 25.187747810672615 22.60707748718403
977.6458333333333 25.186003657532716 22.6080077458426
978.1458333333334 25.184214260886208 22.608955373119937
978.6458333333334 25.18237053601661 22.609896865317758
979.1458333333333 25.18044109492566 22.610838574722262
979.6458333333334 25.178499920658748 22.61178201479624
980.1458333333334 25.176465720719328 22.61272083779659
980.6458333333333 25.174380129344193 22.61366554613497
981.1458333333334 25.17226389056075 22.61461895208871
981.6458333333334 25.170085125507065 22.615571627566005
982.1458333333333 25.16783828781272 22.616524885847866
982.6458333333334 25.165577446351254 22.617467814340124
983.1458333333334 25.16321213515036 22.618424316608877
983.6458333333333 25.160796797421416 22.619369317293454
984.1458333333334 25.158366296062695 22.620333979692294
984.6458333333334 25.15587499197145 22.621276687570088
985.1458333333333 25.153280630996264 22.622249472659842
985.6458333333334 25.150618721238768 22.62321367676039
986.1458333333334 25.147843755089486 22.624156428394468
986.6458333333333 25.1449154731848 22.625126368947942
987.1458333333334 25.141893506305646 22.62609581833262
987.6458333333334 25.138748369890124 22.627067721343295
988.1458333333333 25.135502981388402 22.628040131802656
988.6458333333334 25.132169344885916 22.629002393909225
989.1458333333334 25.128706998058668 22.62997220720477
989.6458333333333 25.125179035070637 22.630951218574182
990.1458333333334 25.121532764592367 22.631927712004135
990.6458333333334 25.117820988227404 22.63290864494238
991.1458333333333 25.113977524077505 22.633888337208997
991.6458333333334 25.11010188961872 22.634868419270898
992.1458333333334 25.106130805194976 22.63585402661555
992.6458333333333 25.102079131623974 22.636843918490417
993.1458333333334 25.09792291495849 22.637822361927054
993.6458333333334 25.093749345444895 22.638821239885004
994.1458333333333 25.089478421243246 22.63980320389683
994.6458333333334 25.08515405466904 22.640800959649297
995.1458333333334 25.080770338010907 22.641797361949273
995.6458333333333 25.076303754437298 22.642787469823432
996.1458333333334 25.071834876103324 22.64378399134104
996.6458333333334 25.067271171892564 22.64478862252043
997.1458333333333 25.062668535992504 22.645782757782488
997.6458333333334 25.05803004763849 22.646786074700138
998.1458333333334 25.053355584824416 22.64778959390224
998.6458333333333 25.048641513366363 22.64879169915719
999.1458333333334 25.04388629889869 22.649792819077238
999.6458333333334 25.039099187575623 22.650799979119284
1000.1458333333333 25.034283561151412 22.651810483642333
1000.6458333333334 25.029441368448868 22.65282461661156
1001.1458333333334 25.024548524325358 22.653838535484233
1001.6458333333333 25.019666416573372 22.65484677150532
1002.1458333333334 25.014744178854723 22.65585989677436
1002.6458333333334 25.009826075622282 22.656879420016356
1003.1458333333333 25.004886066826696 22.657894506515884
1003.6458333333334 24.999929373188763 22.658907077844738
1004.1458333333334 24.994985161187167 22.659930436019486
1004.6458333333333 24.990013517937584 22.66094969687545
1005.1458333333334 24.985043920020587 22.661962482831445
1005.6458333333334 24.98006929904136 22.66299610394656
1006.1458333333334 24.97511084145184 22.6640150109085
1006.6458333333334 24.97012637698752 22.665040202226002
1007.1458333333334 24.965160168434153 22.66606168496276
1007.6458333333334 24.960193155844888 22.667094301275217
1008.1458333333334 24.955273861778224 22.668126870439934
1008.6458333333334 24.95031399972991 22.669160075994654
1009.1458333333334 24.945409305292262 22.670185588211382
1009.6458333333334 24.940513016509904 22.671217216237686
1010.1458333333334 24.93560407732961 22.672236993432936
1010.6458333333334 24.930742726782867 22.673269581631423
1011.1458333333334 24.925916418863633 22.674310112330996
1011.6458333333334 24.921115549037886 22.675343998438503
1012.1458333333334 24.91628712814134 22.676371856168394
1012.6458333333334 24.911515100598244 22.677414973068256
1013.1458333333334 24.90680611044809 22.678446858247735
1013.6458333333334 24.90206103842041 22.6794911585027
1014.1458333333334 24.897399929097787 22.68052523512595
1014.6458333333334 24.8927600138608 22.681569221920547
1015.1458333333334 24.888128139204934 22.68260721049023
1015.6458333333334 24.883564599132313 22.683648076727195
1016.1458333333334 24.87903621018672 22.684688069354124
1016.6458333333334 24.874539428979816 22.685730296005822
1017.1458333333334 24.87012660358271 22.68677711117006
1017.6458333333334 24.865700747518943 22.687814996222336
1018.1458333333334 24.86134564061554 22.68886034551333
1018.6458333333334 24.85703372766831 22.689899474622337
1019.1458333333334 24.852748020299885 22.690952154727526
1019.6458333333334 24.848535543369692 22.6919925400735
1020.1458333333334 24.844398882729326 22.69304142543739
1020.6458333333334 24.84026956541946 22.69408831930171
1021.1458333333334 24.836230362275295 22.69512627469497
1021.6458333333334 24.832219202726826 22.69617338268843
1022.1458333333334 24.828266365412897 22.697223078320445
1022.6458333333334 24.824376166465477 22.698272938520837
1023.1458333333334 24.820542628664604 22.69932320663999
1023.6458333333334 24.81677677972566 22.70037138283811
1024.1458333333333 24.81307239558071 22.701414113393326
1024.6458333333333 24.80940526077973 22.702460412219597
1025.1458333333333 24.805844165230397 22.703504744758824
1025.6458333333333 24.802335912410175 22.70455609623236
1026.1458333333333 24.798803641152777 22.70561388516986
1026.6458333333333 24.79529460224136 22.70666066631652
1027.1458333333333 24.79175420197993 22.70771121763863
1027.6458333333333 24.788203217561865 22.70876571212358
1028.1458333333333 24.784644773428866 22.709817645055082
1028.6458333333333 24.781083771814473 22.710877387362522
1029.1458333333333 24.777495840227402 22.711933436148307
1029.6458333333333 24.773931287083272 22.712982014751045
1030.1458333333333 24.77033566123839 22.714050186796136
1030.6458333333333 24.76675953558628 22.715110409023684
1031.1458333333333 24.76317664650984 22.716172815592838
1031.6458333333333 24.759571939939068 22.717231043621055
1032.1458333333333 24.756004905845025 22.718293363209447
1032.6458333333333 24.752419147443593 22.7193598504159
1033.1458333333333 24.748840567980494 22.720419221241855
1033.6458333333333 24.74526231459221 22.721493832419664
1034.1458333333333 24.741707282382485 22.722564082110253
1034.6458333333333 24.738131400412534 22.723623601682238
1035.1458333333333 24.734571042358656 22.7247008417185
1035.6458333333333 24.731012579981204 22.725773433744475
1036.1458333333333 24.72747909851161 22.72684705804089
1036.6458333333333 24.723944224401727 22.72791287156658
1037.1458333333333 24.720447104968258 22.728985423542518
1037.6458333333333 24.716911015604364 22.73005585297481
1038.1458333333333 24.71341997184494 22.731133869041837
1038.6458333333333 24.709930352961393 22.732212293590766
1039.1458333333333 24.706492883692825 22.733290732726598
1039.6458333333333 24.703023045679696 22.734370766427354
1040.1458333333333 24.699583513280846 22.735449236153407
1040.6458333333333 24.696163288034594 22.736529148449158
1041.1458333333333 24.69278369900327 22.73761059069079
1041.6458333333333 24.689381175347652 22.73870094319363
1042.1458333333333 24.68605113065729 22.739771402204436
1042.6458333333333 24.68270052409245 22.74086095248379
1043.1458333333333 24.679402633248976 22.741941151100114
1043.6458333333333 24.676107185240575 22.74302952184123
1044.1458333333333 24.6728144978214 22.744117563536257
1044.6458333333333 24.66956534387 22.74520192170187
1045.1458333333333 24.666353874485036 22.746288890692526
1045.6458333333333 24.663158278991656 22.7473763238258
1046.1458333333333 24.66001496543722 22.7484581775499
1046.6458333333333 24.656846852488922 22.749554437753638
1047.1458333333333 24.653731982425757 22.750644236866542
1047.6458333333333 24.650668464230318 22.751734932988423
1048.1458333333333 24.647586297159485 22.75282575433145
1048.6458333333333 24.644572404642084 22.75391426747701
1049.1458333333333 24.64157511290618 22.755008564176528
1049.6458333333333 24.63861961540391 22.75610088043671
1050.1458333333333 24.635713012088697 22.75719924381821
1050.6458333333333 24.632793826389296 22.758292746873924
1051.1458333333333 24.629918086867658 22.75939050189415
1051.6458333333333 24.627119092118225 22.760478134653717
1052.1458333333333 24.624315332109052 22.761577568404967
1052.6458333333333 24.62156359252585 22.762672782685417
1053.1458333333333 24.618851401195418 22.76378460705073
1053.6458333333333 24.616166598369453 22.76487401554917
1054.1458333333333 24.613520265407654 22.765964953706575
1054.6458333333333 24.61092432526883 22.767068499379715
1055.1458333333333 24.608345545601097 22.768169340774534
1055.6458333333333 24.605831440228982 22.76926471100156
1056.1458333333333 24.603366998193827 22.770363774217923
1056.6458333333333 24.600921125585323 22.771474161479656
1057.1458333333333 24.59852384847441 22.772566472892827
1057.6458333333333 24.596141985071007 22.773673438057607
1058.1458333333333 24.593854673506822 22.774767757378854
1058.6458333333333 24.59157845174176 22.775875751524822
1059.1458333333333 24.589351023636162 22.776979636245027
1059.6458333333333 24.587160961069902 22.778079900774575
1060.1458333333333 24.58502723278629 22.7791839738051
1060.6458333333333 24.5829599614412 22.780288994833352
1061.1458333333333 24.580929942292514 22.78138239711396
1061.6458333333333 24.578921762166924 22.78250001099702
1062.1458333333333 24.576983481536516 22.783604482477898
1062.6458333333333 24.575115824379715 22.78470778808071
1063.1458333333333 24.57326078091436 22.78580798673413
1063.6458333333333 24.571470772413946 22.786919898136865
1064.1458333333333 24.569731970094168 22.78802236204975
1064.6458333333333 24.568056814254696 22.789127707059844
1065.1458333333333 24.566405447173647 22.790230559263396
1065.6458333333333 24.56483576631743 22.79134061039609
1066.1458333333333 24.563298271744507 22.7924489019712
1066.6458333333333 24.561805168283747 22.793555890475886
1067.1458333333333 24.560362465791137 22.794663373143532
1067.6458333333333 24.558930208919104 22.795761902907998
1068.1458333333333 24.557517290727333 22.79687220835072
1068.6458333333333 24.556147927002755 22.79798471745794
1069.1458333333333 24.55480335980608 22.79909219485308
1069.6458333333333 24.553517076292547 22.800195914115022
1070.1458333333333 24.552232954317248 22.80131587642348
1070.6458333333333 24.55098232112499 22.802422158516308
1071.1458333333333 24.549748203837453 22.803524591890532
1071.6458333333333 24.548576669420278 22.804642928509608
1072.1458333333333 24.54741270669547 22.80576012856872
1072.6458333333333 24.5462722754514 22.80686627500874
1073.1458333333333 24.545177164755533 22.807982577270085
1073.6458333333333 24.544123094926732 22.809096832477525
1074.1458333333333 24.543056188663662 22.810203678748863
1074.6458333333333 24.542063880878956 22.811323385706498
1075.1458333333333 24.5410550941073 22.812430656010577
1075.6458333333333 24.540096536461945 22.8135495729008
1076.1458333333333 24.53919681194605 22.814658805996576
1076.6458333333333 24.538272850410383 22.81578581705219
1077.1458333333333 24.537407985187976 22.81689736937736
1077.6458333333333 24.536559533433646 22.818014367759886
1078.1458333333333 24.535762665514472 22.819127826196123
1078.6458333333333 24.534971019788884 22.82024497533531
1079.1458333333333 24.53418228489047 22.82136187143355
1079.6458333333333 24.533465842051 22.82249164061723
1080.1458333333333 24.53274054867648 22.823596895513028
1080.6458333333333 24.532081003539844 22.824716905111817
1081.1458333333333 24.531439034866086 22.825850650703522
1081.6458333333333 24.5308176163513 22.826966191119645
1082.1458333333333 24.530240898473515 22.828087728652964
1082.6458333333333 24.529648292058784 22.829208472502216
1083.1458333333333 24.529121003472646 22.830333964159983
1083.6458333333333 24.528601625172396 22.831452656156756
1084.1458333333333 24.528124966202732 22.83257603755549
1084.6458333333333 24.527664116495806 22.833698227638465
1085.1458333333333 24.52724586611605 22.834830542531904
1085.6458333333333 24.526829237497797 22.83595784109567
1086.1458333333333 24.526463367888564 22.83709464112706
1086.6458333333333 24.5261105784368 22.83820989574417
1087.1458333333333 24.525787510317542 22.83933961042624
1087.6458333333333 24.525500362556386 22.84045871018247
1088.1458333333333 24.525233630287026 22.84160162037864
1088.6458333333333 24.524981231951678 22.842735250908326
1089.1458333333333 24.52477332093073 22.843858414875445
1089.6458333333333 24.524575387691616 22.84499066483121
1090.1458333333333 24.524419759275474 22.8461222026985
1090.6458333333333 24.524276892984528 22.84725543279729
1091.1458333333333 24.524198648488724 22.848383827228282
1091.6458333333333 24.524099260859167 22.849524119171388
1092.1458333333333 24.524041513687244 22.85066011056864
1092.6458333333333 24.523992999400388 22.851787826153217
1093.1458333333333 24.524022792369177 22.852927919624516
1093.6458333333333 24.52402079468204 22.854064801799048
1094.1458333333333 24.52407869960112 22.85519883141788
1094.6458333333333 24.524152387576756 22.856343423957867
1095.1458333333333 24.524242235009012 22.857479168696035
1095.6458333333333 24.5243772184324 22.85861501352918
1096.1458333333333 24.524526301146228 22.859757899669955
1096.6458333333333 24.524715108172444 22.860894353503923
1097.1458333333333 24.52490818849387 22.86203888306572
1097.6458333333333 24.525160680230474 22.863181557961454
1098.1458333333333 24.52540831185349 22.864326033132727
1098.6458333333333 24.525693999570603 22.865473150901437
