FastTrWP/PhaseSpace/IAs/snIa_0.52_30.00_-1.94_0.15.csv
# %ECSV 0.9
# ---
# datatype:
# - {name: time-rel, datatype: float64}
# - {name: g, datatype: float64}
# - {name: i, datatype: float64}
# schema: astropy-2.0
time-rel g i
-296.5 26.99067026796566 24.32339473769005
-296.0 26.966959709058173 24.316897307039092
-295.5 26.943602305486106 24.310401661109744
-295.0 26.920598481889307 24.303946068360748
-294.5 26.897882505720236 24.297486533626987
-294.0 26.875586728243018 24.29105294026388
-293.5 26.85355270763781 24.28463803571976
-293.0 26.831869621104524 24.278255674340194
-292.5 26.810449596694482 24.271866132014146
-292.0 26.789375575484456 24.265524237863303
-291.5 26.768562403298283 24.259181700162923
-291.0 26.74802988663545 24.25286528529145
-290.5 26.727767746365828 24.246542997460768
-290.0 26.707728723346982 24.240279770388877
-289.5 26.6880223771934 24.234004440813543
-289.0 26.668476175355586 24.227752918590888
-288.5 26.649206128803247 24.2215226111313
-288.0 26.630174279014508 24.215303969372208
-287.5 26.611351256503895 24.209102220003427
-287.0 26.592799917138258 24.202924320470387
-286.5 26.574407659815705 24.196771551585652
-286.0 26.556270310397725 24.190611596749278
-285.5 26.538310493550213 24.184471681306555
-285.0 26.52053074922052 24.17837347185989
-284.5 26.50298141852478 24.17226288064871
-284.0 26.485636521725358 24.166175973741314
-283.5 26.468427978456145 24.160133333683177
-283.0 26.451426415874003 24.154087405387852
-282.5 26.434598953009335 24.148066060575935
-282.0 26.417976459006244 24.142029498574104
-281.5 26.401497114537126 24.13605798438738
-281.0 26.38515705471586 24.130079429140103
-280.5 26.3689876326054 24.124116535184783
-280.0 26.3530521374918 24.11818527719491
-279.5 26.337157100464843 24.112234534519654
-279.0 26.321463556434587 24.106359063462584
-278.5 26.305918473473085 24.100454744418908
-278.0 26.290509493020835 24.094579516668418
-277.5 26.27524233981441 24.08872924960418
-277.0 26.260137603287788 24.08286047288945
-276.5 26.24513269272051 24.07704275733828
-276.0 26.230267544939466 24.071232776411485
-275.5 26.2155146803075 24.065435619605463
-275.0 26.200941845504428 24.059648843165395
-274.5 26.186479680295488 24.053875077090208
-274.0 26.172088511233945 24.048126929710843
-273.5 26.157879490253958 24.042392360706263
-273.0 26.143744517352857 24.03667170329207
-272.5 26.12972597818031 24.030960427395357
-272.0 26.11580629312243 24.02527800062464
-271.5 26.102072177376165 24.01958565076832
-271.0 26.088380771260745 24.013923223416583
-270.5 26.074866747745027 24.008266735753764
-270.0 26.061381824999337 24.002631906928528
-269.5 26.048008421180604 23.997019632297167
-269.0 26.03477356074648 23.991424451314558
-268.5 26.02160728797823 23.98581481453467
-268.0 26.008536513695898 23.980228376387664
-267.5 25.995585885603305 23.974653220830334
-267.0 25.98274093597414 23.969114136914172
-266.5 25.969921654264997 23.96357447343153
-266.0 25.957264069876246 23.95804625698147
-265.5 25.944679683641965 23.952538843347977
-265.0 25.932124082275337 23.9470326234488
-264.5 25.919736108785347 23.941550827628856
-264.0 25.90741326600135 23.936070050043856
-263.5 25.895149854513072 23.930611129594332
-263.0 25.882991957968816 23.925160776207793
-262.5 25.87089787890816 23.9197180505553
-262.0 25.858887823122668 23.91430070921362
-261.5 25.846971850919452 23.90888796688465
-261.0 25.835103942608036 23.903490782442343
-260.5 25.823346760241694 23.898098914879675
-260.0 25.8116206550979 23.892725418508597
-259.5 25.80000706575481 23.887364121514885
-259.0 25.788473457765477 23.882015116035788
-258.5 25.777003491401324 23.876684408581443
-258.0 25.765561707913673 23.87135100455027
-257.5 25.754208302313153 23.866046374076042
-257.0 25.742982598662035 23.860750410622046
-256.5 25.73178875474625 23.85545130370014
-256.0 25.720639839541043 23.850162792354833
-255.5 25.709585744726766 23.844891066616576
-255.0 25.698553791962276 23.83965200571523
-254.5 25.68764495163299 23.834388796082987
-254.0 25.676753615810558 23.829157481090817
-253.5 25.665958936505593 23.82393519016795
-253.0 25.65522147437351 23.818724994578506
-252.5 25.64450117576246 23.81351785576134
-252.0 25.63388459601926 23.808322918974856
-251.5 25.62329252831467 23.803143562995803
-251.0 25.612799886633645 23.797981004046648
-250.5 25.60236054073637 23.79281576153265
-250.0 25.591949747445682 23.787683398703493
-249.5 25.58161699966433 23.782538119379865
-249.0 25.571318507844204 23.777410472207556
-248.5 25.56109721609372 23.7722992203904
-248.0 25.550908233548633 23.767198502436152
-247.5 25.540807971430407 23.76209929101666
-247.0 25.530741457476868 23.757016889895674
-246.5 25.520725918581757 23.751943841466915
-246.0 25.510770431225257 23.746889592216462
-245.5 25.500913240957935 23.741846216451705
-245.0 25.491034294543667 23.736804574876814
-244.5 25.4812365274727 23.731774508922395
-244.0 25.47149910056231 23.72676718286939
-243.5 25.461797199040284 23.721768118307402
-243.0 25.452146370742312 23.71678299645496
-242.5 25.442543454032993 23.71179757718528
-242.0 25.433021278928123 23.706834718144833
-241.5 25.42351560590102 23.701873961284562
-241.0 25.41405151032473 23.696931675514527
-240.5 25.404682565671553 23.691989441681077
-240.0 25.3952889462056 23.687057202432726
-239.5 25.385986240430512 23.682142839103314
-239.0 25.37671040177537 23.67723725819262
-238.5 25.36749860373581 23.672344652204067
-238.0 25.358311377219724 23.667471263731414
-237.5 25.349198959266687 23.662591746080647
-237.0 25.340080718776573 23.657733743089167
-236.5 25.3310642329642 23.652879623251707
-236.0 25.32203186519727 23.64803870670127
-235.5 25.313056308238654 23.64320620590735
-235.0 25.304175057091864 23.63839081893886
-234.5 25.295278268151684 23.633580969277386
-234.0 25.28642546260368 23.628776536742684
-233.5 25.27762802758092 23.623980006398384
-233.0 25.26887342644151 23.61919146138358
-232.5 25.26014887338395 23.61442684101673
-232.0 25.251480386563152 23.60965055631983
-231.5 25.24283438469353 23.604911262145176
-231.0 25.23424017755695 23.600159784728312
-230.5 25.225651600090295 23.595432078639735
-230.0 25.217132659826813 23.59070213152114
-229.5 25.20862205886265 23.585986771465045
-229.0 25.200161711649187 23.581274645909982
-228.5 25.191757446927 23.576571138925946
-228.0 25.183361318455457 23.571883371466804
-227.5 25.174997821876296 23.567207395416858
-227.0 25.166685986203724 23.56253845453938
-226.5 25.158410008218762 23.557878613732072
-226.0 25.15017471445379 23.553220943624055
-225.5 25.141952228139964 23.548577196253188
-225.0 25.133755626529478 23.543940174816946
-224.5 25.125643510530455 23.539315316129695
-224.0 25.11753292615392 23.534696787586846
-223.5 25.10942513028057 23.530084031544746
-223.0 25.10138420108327 23.52547374086737
-222.5 25.09337445032353 23.52088407187725
-222.0 25.085369281612778 23.516310464216165
-221.5 25.077433098605987 23.51172669026791
-221.0 25.069517944331334 23.507167551095257
-220.5 25.06161176169037 23.50259547974414
-220.0 25.053758782178793 23.498053696369404
-219.50000000000006 25.045899430977432 23.493505168173073
-219.0 25.03812702703266 23.488977445839193
-218.5 25.03036400146371 23.48443946896065
-218.00000000000006 25.022619847727086 23.479926598189525
-217.5 25.014890932951104 23.475415713691106
-217.0 25.00721646579834 23.47091461334811
-216.50000000000006 24.999555232838023 23.466414498326852
-216.0 24.991925182425433 23.461931029225195
-215.5 24.984319030206265 23.45744893155286
-215.00000000000006 24.976773025350315 23.452972087357445
-214.5 24.969208663070575 23.44851772911148
-214.0 24.961705278021327 23.444057533224164
-213.50000000000006 24.954197138102035 23.439604690482945
-213.0 24.946748450163664 23.435170809191796
-212.5 24.93931676491737 23.430731721414162
-212.00000000000006 24.931908425081172 23.426312260319886
-211.5 24.924521933372205 23.421881436651315
-211.0 24.917123209408754 23.417451283805274
-210.50000000000006 24.90972737405727 23.41302769979685
-210.0 24.902318905193294 23.408601894437645
-209.5 24.894944469813023 23.404164423569775
-209.00000000000006 24.887575799127163 23.39973278864597
-208.5 24.8801597838307 23.395310227922103
-208.0 24.872789946098017 23.39088573273752
-207.50000000000006 24.865422582084065 23.38646450372426
-207.0 24.85806919074504 23.38204567492703
-206.5 24.850745765131556 23.377619173826826
-206.00000000000006 24.843414144361798 23.373195851460977
-205.5 24.83609167492928 23.368778603320308
-205.0 24.828779176198594 23.36436801263714
-204.50000000000006 24.82150853741937 23.359971568403964
-204.0 24.81421608479056 23.35556742723434
-203.5 24.806971563712963 23.35117573755609
-203.00000000000006 24.799745482584754 23.346766940223777
-202.5 24.79253183720553 23.34238490567065
-202.0 24.78531556337554 23.338012146381665
-201.50000000000006 24.778159430385717 23.333641286440603
-201.0 24.771033448587087 23.329272751774518
-200.5 24.763912685285053 23.324914909659483
-200.00000000000006 24.756809881400507 23.32056276800312
-199.5 24.749745056908065 23.3162233974556
-199.0 24.74271349750977 23.311889767948536
-198.50000000000006 24.735693249629847 23.307565067911845
-198.0 24.728707442818788 23.303249407845477
-197.5 24.721749419792406 23.29893794216058
-197.00000000000006 24.714839814824728 23.29464925845008
-196.5 24.707942217367705 23.290369759012908
-196.0 24.701072157945884 23.286095433863213
-195.50000000000006 24.69421840446953 23.281830087800692
-195.0 24.687426248973562 23.27757603169854
-194.5 24.680649861130636 23.27333173480679
-194.00000000000006 24.673963818285934 23.269102912148497
-193.5 24.66724105683752 23.264893097111596
-193.0 24.660571183524475 23.260684580542407
-192.50000000000006 24.653959955208812 23.256492035736642
-192.0 24.647362575727968 23.252312422715647
-191.5 24.640799853590213 23.248151567215885
-191.00000000000006 24.634284925435978 23.243985293423176
-190.5 24.627812681023432 23.23986424592546
-190.0 24.62137853158155 23.23574202418869
-189.50000000000006 24.61497095202384 23.23163636298778
-189.0 24.60860525230046 23.227535903212143
-188.5 24.602275922193897 23.22345770256183
-188.00000000000006 24.595995537471044 23.21939635916302
-187.5 24.58976187945037 23.21534602580211
-187.0 24.58355414627079 23.21131392330755
-186.50000000000006 24.57738182677343 23.207284555443422
-186.0 24.57127408146297 23.20329449511214
-185.5 24.56519748848484 23.19930847244636
-185.00000000000006 24.55916464618418 23.195343549414265
-184.5 24.55317178983794 23.191396588167613
-184.0 24.54722027386433 23.187460217043707
-183.50000000000006 24.541337864833174 23.18354488627994
-183.0 24.535465351887492 23.179641453743123
-182.5 24.529642854046262 23.175758838594756
-182.00000000000006 24.523874291678723 23.171904945187855
-181.5 24.51815422951944 23.168056385789516
-181.0 24.512473278944206 23.16422468894304
-180.50000000000006 24.5068340380615 23.160417166219922
-180.0 24.501235243661462 23.156634986674053
-179.5 24.49571585626145 23.152857664592116
-179.00000000000006 24.49019927256526 23.149104840738946
-178.5 24.484749248023455 23.14537916494343
-178.0 24.479340072557182 23.141676251146805
-177.50000000000006 24.473985979093197 23.13797065558839
-177.0 24.46867662261412 23.13429609878851
-176.5 24.463411803062975 23.130637929911387
-176.00000000000006 24.45820876266119 23.127003366269903
-175.5 24.45303983642278 23.123397171331646
-175.0 24.447887634488215 23.119803449089726
-174.50000000000006 24.4427641289898 23.116206922162775
-174.0 24.437658546548345 23.112610522418212
-173.5 24.432593235335315 23.109042726233962
-173.00000000000006 24.427519656659555 23.10548011224682
-172.5 24.422478954657652 23.10191572557983
-172.0 24.417463794150596 23.098369478769577
-171.50000000000006 24.412464907256762 23.09482999823029
-171.0 24.40748322186861 23.091299501196886
-170.5 24.402516100950585 23.08779112939332
-170.00000000000006 24.397570421823293 23.08427733402864
-169.5 24.392654236654337 23.080767684815427
-169.0 24.38777537906916 23.07727871228602
-168.50000000000006 24.382858945173535 23.073796037662625
-168.0 24.378034127218633 23.07032720116178
-167.5 24.373199120330092 23.066852122194838
-167.00000000000006 24.368397178752716 23.06341026282462
-166.5 24.36359597154383 23.059967737864646
-166.0 24.358839942904602 23.056541926754505
-165.50000000000006 24.354102808011664 23.053111267584786
-165.0 24.349369832216464 23.049714109085897
-164.5 24.344684522957124 23.046309857695753
-164.00000000000006 24.340001816227407 23.04291770347848
-163.5 24.3353658848795 23.039548598277747
-163.0 24.330735470857157 23.036178397947666
-162.50000000000006 24.32614178789594 23.03281861663698
-162.0 24.321554257944527 23.029474954008666
-161.5 24.317020970064796 23.02614371061445
-161.00000000000006 24.312481768430114 23.022821428335078
-160.5 24.307970430857267 23.01950914311047
-160.0 24.303494911837 23.01621097371118
-159.50000000000006 24.29904867268707 23.01292941720961
-159.0 24.294617202344313 23.00963925978059
-158.5 24.290208165352865 23.006381607640805
-158.00000000000006 24.285818909133994 23.00312317219099
-157.5 24.28146692195169 22.999886137830863
-157.0 24.277143579417704 22.99664945133317
-156.50000000000006 24.272839008157202 22.993432030571995
-156.0 24.268536142773264 22.99023269658263
-155.5 24.264299632348884 22.987041434825727
-155.00000000000006 24.26008027143038 22.983851382135327
-154.5 24.255872365142622 22.98068726135385
-154.0 24.25169485670837 22.977523396775858
-153.50000000000006 24.247564662272136 22.97437661190958
-153.0 24.243445647392296 22.971239773305783
-152.5 24.23934631646309 22.968125529103858
-152.00000000000006 24.235272562694995 22.965014009323834
-151.5 24.23121916557875 22.961926076045156
-151.0 24.22719601530224 22.95884071422613
-150.50000000000006 24.22323752667161 22.95576723862968
-150.0 24.21924996029048 22.95272175794516
-149.5 24.21532888513908 22.949671925889326
-149.00000000000006 24.211404079475393 22.946642189920023
-148.5 24.207532334173962 22.943625055511504
-148.0 24.20367003583386 22.940621117002664
-147.50000000000006 24.199856893782332 22.93763190109796
-147.0 24.196047171182435 22.934641813896906
-146.5 24.1922807448447 22.931682949801633
-146.00000000000006 24.18853761768824 22.928728078343607
-145.5 24.184830457747168 22.92579295241164
-145.0 24.181136311918124 22.922859302271355
-144.50000000000006 24.1774707066806 22.91995105012124
-144.0 24.17383372913493 22.917051361343283
-143.5 24.170242571468684 22.914170272814644
-143.00000000000006 24.166656402574528 22.911295103272632
-142.5 24.16311207081984 22.908442255494915
-142.0 24.15958337610174 22.905599043814178
-141.50000000000006 24.156087988006657 22.902766366207395
-141.0 24.15263566577931 22.899948111265033
-140.5 24.149203121047552 22.89714551580767
-140.00000000000006 24.14578904731009 22.89434910791816
-139.5 24.142411526353857 22.891570421451807
-139.0 24.139073986814154 22.88881111405352
-138.50000000000006 24.135724965144448 22.886069308515854
-138.0 24.132433336023745 22.883324990647832
-137.5 24.129131801129702 22.88059645371672
-137.00000000000006 24.125870754410528 22.87787757646255
-136.5 24.122623660994993 22.875161426169264
-136.0 24.119387949707264 22.872466866626052
-135.50000000000006 24.116192607319785 22.86977865554896
-135.0 24.112995715512216 22.86709177185933
-134.5 24.10983418466817 22.864424849397167
-134.00000000000006 24.106669006128683 22.86175983843213
-133.5 24.103544086150023 22.859118249881156
-133.0 24.100420369794563 22.85647669593311
-132.50000000000006 24.09733012528955 22.85384898892978
-132.0 24.094234855742492 22.851219056046684
-131.5 24.091191258306296 22.848613250431562
-131.00000000000006 24.088148915890095 22.84600702488938
-130.5 24.085130081780157 22.843417228381565
-130.0 24.082141022739457 22.84084323211313
-129.50000000000006 24.079144885850724 22.838270503307292
-129.0 24.0761936186677 22.835709541098336
-128.5 24.07322140911934 22.833158428104486
-128.00000000000006 24.07030457941932 22.830606624149294
-127.5 24.067391205315264 22.82807610573077
-127.0 24.06450382147623 22.825559236656467
-126.50000000000006 24.061611865346194 22.823031038252722
-126.0 24.058757365973086 22.820530506840786
-125.5 24.055921396111792 22.818035541342834
