FastTrWP/PhaseSpace/IAs/snIa_0.58_30.00_0.73_0.11.csv
# %ECSV 0.9
# ---
# datatype:
# - {name: time-rel, datatype: float64}
# - {name: g, datatype: float64}
# - {name: i, datatype: float64}
# schema: astropy-2.0
time-rel g i
[from data line 1769]
456.0 25.14970953519485 22.426855809297614
456.5 25.151483324160374 22.427453939295646
457.0 25.15327724531121 22.428055419022556
457.5 25.155023723173922 22.428660416282153
458.0 25.15680252230892 22.429257602666205
458.5 25.15857663439522 22.42986370275335
459.0 25.16031963219653 22.430463463168383
459.5 25.162130311187376 22.43106748615923
460.0 25.163917450546656 22.431678051419404
460.5 25.16565472037586 22.432281788984664
461.0 25.167422045587813 22.43288443541021
461.5 25.169228447550932 22.433493374025154
462.0 25.17097880564102 22.43411118476582
462.5 25.172729073222033 22.43471961430222
463.0 25.174498899509338 22.435323740739108
463.5 25.176280957281605 22.435936172713404
464.0 25.1780323779142 22.436557583090515
464.5 25.179793245151316 22.437164930748963
465.0 25.18156975626841 22.437772178061202
465.5 25.183344259186732 22.43839402522066
466.0 25.1850744012607 22.439010658730062
466.5 25.18686250693884 22.4396268127286
467.0 25.188623575057196 22.44024084707794
467.5 25.19038515281668 22.44086218041206
468.0 25.192129207556214 22.441479191096864
468.5 25.19389511961616 22.442092144792337
469.0 25.195659065220156 22.442723860629247
469.5 25.19740555743841 22.443341101133814
470.0 25.199169248383058 22.44396032626648
470.5 25.200928480921156 22.44458034506411
471.0 25.202669859510316 22.445206050822115
471.5 25.20444581316697 22.445831773981865
472.0 25.2061914374881 22.446462721610736
472.5 25.207941971079183 22.447088741701485
473.0 25.209695757578277 22.44771465938371
473.5 25.211457266409813 22.448335357092123
474.0 25.213204018727865 22.44896349585908
474.5 25.21497713775338 22.449592556139354
475.0 25.216697502869568 22.450223073415604
475.5 25.21845877142674 22.450849234790834
476.0 25.220218883569792 22.451480436626618
476.5 25.221967703889227 22.45211784765931
477.0 25.223722210128937 22.452743389608358
477.5 25.22548148642294 22.453378169546152
478.0 25.22721578097526 22.45401604268156
478.5 25.22894784706445 22.454647329995417
479.0 25.230722009626618 22.455282315649065
479.5 25.232483409550962 22.45591983636489
480.0 25.23418858656928 22.45655623736394
480.5 25.23595347876371 22.457191665201922
481.0 25.23766710318378 22.457834722727572
481.5 25.239438311257967 22.45846081808859
482.0 25.241182019186983 22.45910701621009
482.5 25.242936918925345 22.459753015261647
483.0 25.244680013509463 22.460393319888468
483.5 25.24641755881848 22.461034285270962
484.0 25.248150276907705 22.461676345597393
484.5 25.24990241883307 22.462316051494525
485.0 25.251640225784783 22.462962592932435
485.5 25.25336291297386 22.4635957342143
486.0 25.255105874672577 22.46424725148892
486.5 25.256860526955933 22.464892243138568
487.0 25.25859713036567 22.465538131699304
487.5 25.26033141240223 22.466186994759326
488.0 25.26209045619713 22.46683456964853
488.5 25.263804680448644 22.467486180106555
489.0 25.265530744412228 22.46812805346305
489.5 25.267305919674996 22.46878287675566
490.0 25.269011395922128 22.46942894812635
490.5 25.27073736162143 22.470078233505838
491.0 25.272480537993218 22.47072679704044
491.5 25.274208126411054 22.47137606035676
492.0 25.27595632672241 22.4720294392699
492.5 25.277709891242296 22.47268941130684
493.0 25.279421229807966 22.47333879196964
493.5 25.2811680420314 22.473992003617546
494.0 25.282911775971996 22.474645565602405
494.5 25.284637566789133 22.475304749008114
495.0 25.286364384958752 22.475955006352123
495.5 25.288085988989245 22.47661310716949
496.0 25.289818215083592 22.477271087519796
496.5 25.291552076436915 22.47793063351693
497.0 25.2932830742266 22.47858193504872
497.5 25.29499047600722 22.47924198702181
498.0 25.296715022221605 22.47991140444157
498.5 25.298450153553382 22.480564061873377
499.0 25.300171377998282 22.48122397764765
499.5 25.301895648122965 22.481887862561187
500.0 25.303623045815794 22.482555622907398
500.5 25.305314489220283 22.483219828087712
501.0 25.307065982865666 22.48387752998846
501.5 25.3087648204771 22.48454719525735
502.0 25.310517200630805 22.485210223050423
502.5 25.312213958317912 22.4858789791734
503.0 25.31393703999919 22.486544866303543
503.5 25.315636650808692 22.48721287454972
504.0 25.31735905418487 22.4878805159571
504.5 25.31905683442861 22.488548129277028
505.0 25.320769807586316 22.48921546061668
505.5 25.32249840650488 22.489888856531216
506.0 25.324197994992417 22.490560330037095
506.5 25.325904333912824 22.491227508955227
507.0 25.327605272811645 22.491900236745593
507.5 25.329341467653638 22.49257420493654
508.0 25.331028032728604 22.493251911673454
508.5 25.332707747128126 22.493930195713347
509.0 25.334430535867245 22.494604202192335
509.5 25.33615801958168 22.495275973691612
510.0 25.33784360127516 22.49596035309638
510.5 25.33952437266069 22.496629016332736
511.0 25.341251746536336 22.497314776620875
511.5 25.34293967137698 22.497991719376174
512.0 25.344664829852924 22.498671335426295
512.5 25.34634160894598 22.499350324372184
513.0 25.348037666782083 22.500038385704805
513.5 25.349748679955717 22.500718375086276
514.0 25.351447698808585 22.501399308998934
514.5 25.353132809360837 22.502088156619635
515.0 25.354813851186492 22.50277066920091
515.5 25.356512669509115 22.503460689596928
516.0 25.358207621246358 22.50413861211583
516.5 25.35989084894829 22.504831120945234
517.0 25.36160130317636 22.50551395475672
517.5 25.363302213805188 22.50620577387575
518.0 25.364972258442442 22.506898854408792
518.5 25.366674511960202 22.50759064001597
519.0 25.368349532746834 22.50827808184986
519.5 25.370039529045563 22.508972372802067
520.0 25.37173265301092 22.50966744735146
520.5 25.373396523598352 22.510362277388005
521.0 25.375076490930347 22.511055238405532
521.5 25.3767998345231 22.51175197194879
522.0 25.378480605978567 22.512448924483188
522.5 25.38012366573057 22.51315210017925
523.0 25.381803254786718 22.513844740982414
523.5 25.383482540003396 22.514542105860855
524.0 25.385191315827427 22.515244195600594
524.5 25.386857017335636 22.515945616825185
525.0 25.38853211881468 22.516649628297056
525.5 25.390198139589728 22.517352711066255
526.0 25.39188129461868 22.51805953452028
526.5 25.393563760099713 22.51875711246255
527.0 25.395214996611234 22.519467984967193
527.5 25.396915762592013 22.520164850689373
528.0 25.39857614880248 22.520867867983682
528.5 25.400266359732736 22.521586179918238
529.0 25.401926688219987 22.522295967237834
529.5 25.4036181597547 22.52300869094935
530.0 25.405258170256495 22.523721251311258
530.5 25.40692578075734 22.52443368711885
531.0 25.408565629824807 22.5251399972936
531.5 25.410259884604997 22.525857807662714
532.0 25.411949266628927 22.526574268044563
532.5 25.413594408229617 22.527291989220313
533.0 25.415269436188407 22.528000829440348
533.5 25.416919905804804 22.528722659719627
534.0 25.418589063137745 22.52943576650891
534.5 25.420244529307343 22.530157715665958
535.0 25.4219171176292 22.530873115051016
535.5 25.423560595013818 22.531596726965773
536.0 25.42521892572985 22.53232186607803
536.5 25.426887593516465 22.533041883038962
537.0 25.428544218804433 22.53376315356114
537.5 25.43016776346551 22.534486018605886
538.0 25.431825359096592 22.535211889742122
538.5 25.433464626902158 22.535938107506183
539.0 25.435125911049784 22.536659997700646
539.5 25.436793524384818 22.537390153124235
540.0 25.438454344553058 22.538120056902272
540.5 25.4400642473354 22.538842924852133
541.0 25.44171233176432 22.539576649374496
541.5 25.44336325363041 22.540302345699175
542.0 25.44501558814353 22.54104049865234
542.5 25.446649589399087 22.541774004654236
543.0 25.448277947165707 22.542505155584198
543.5 25.449917717840663 22.543235879305755
544.0 25.45156289805881 22.54397236165061
544.5 25.453179639167924 22.544707405196228
545.0 25.45480809353417 22.5454464024822
545.5 25.45641658236149 22.546186454744415
546.0 25.45808648793423 22.54692981678788
546.5 25.459716807788247 22.547655766377844
547.0 25.461312512183355 22.548396114398823
547.5 25.462982730941466 22.549140707667284
548.0 25.464609754219076 22.54988374269302
548.5 25.466228941767003 22.550629370561097
549.0 25.467859730299548 22.55137612596294
549.5 25.469495993100516 22.552122615584004
550.0 25.47108692496101 22.552873156212677
550.5 25.47271734958183 22.553613106330772
551.0 25.474314063612034 22.554356332773686
551.5 25.475944614299255 22.555117482833037
552.0 25.477558778321836 22.555862383103843
552.5 25.479158988998655 22.556612940167792
553.0 25.48078329586394 22.557369383487526
553.5 25.48240664765082 22.55811305078124
554.0 25.48401049487893 22.55887018252328
554.5 25.4856232166401 22.559620413805554
555.0 25.487231677703832 22.56038304186727
555.5 25.488823233420774 22.56114353215089
556.0 25.490428885260688 22.561903653620604
556.5 25.492036348046327 22.562659046624006
557.0 25.49364211767303 22.563422027926382
557.5 25.49522853208665 22.56418228905353
558.0 25.49682882617375 22.564943390157957
558.5 25.498442781121817 22.565704956286222
559.0 25.50003848830931 22.566475791459336
559.5 25.50163350259185 22.56724615113682
560.0 25.50323650610661 22.567998875453853
560.5 25.504834319113208 22.56877416702995
561.0 25.506383195047352 22.569543669206137
561.5 25.508005801044938 22.570310630123483
562.0 25.50959326041969 22.57108281673521
562.5 25.511198331381777 22.571847493078327
563.0 25.512773982513465 22.5726306333501
563.5 25.514348799263207 22.573403601758805
564.0 25.51595674122239 22.574172720120707
564.5 25.51752907103685 22.574953134829055
565.0 25.519096207382223 22.575733379505643
565.5 25.520667732849734 22.576512125258603
566.0 25.52225205485756 22.57729408919949
566.5 25.523816301303075 22.5780708089692
567.0 25.52542104026338 22.578857527086477
567.5 25.52699623782917 22.579635015668075
568.0 25.528556729092728 22.58042085137255
568.5 25.53011845872144 22.581199448604018
569.0 25.531679536756727 22.58199733682681
569.5 25.533266432196676 22.58278637009483
570.0 25.534816730218736 22.58357179922388
570.5 25.536411893119762 22.584358069980613
571.0 25.53796335162158 22.585159597284388
571.5 25.539507938826826 22.58594030761936
572.0 25.541110430634518 22.58674177552692
572.5 25.5426517346414 22.587529582414184
573.0 25.544175179379202 22.588332295274473
573.5 25.5457429171528 22.589124043839313
574.0 25.547279444018418 22.58991851315715
574.5 25.548865238936177 22.590729543884475
575.0 25.55039823516126 22.591530331843185
575.5 25.551940898652997 22.59233032704993
576.0 25.553473109944985 22.59313321632574
576.5 25.55502284537155 22.593935395255166
577.0 25.556541214894875 22.594737107507356
577.5 25.558117005042273 22.595546783541174
578.0 25.55964072913046 22.596358411387484
578.5 25.56115896968881 22.597159654140626
579.0 25.562702260852006 22.59796852916871
579.5 25.56422305677819 22.598777204357194
580.0 25.565719503154718 22.599600604367147
580.5 25.567292346782867 22.600402789581366
581.0 25.568798146989437 22.601223084660653
581.5 25.570318814944958 22.602032008541745
582.0 25.571847809921607 22.60285360983339
582.5 25.573363610045586 22.60367678020841
583.0 25.574882384175858 22.604490347452717
583.5 25.576371405670987 22.605303997948475
584.0 25.577914410597806 22.60613088571072
584.5 25.579428145598175 22.606949263795045
585.0 25.580940280960704 22.607774237087913
585.5 25.582444455943897 22.608597129072848
586.0 25.58393748508573 22.60942987638671
586.5 25.585419834162145 22.6102486417477
587.0 25.586940113951535 22.6110746217429
587.5 25.58844896294054 22.611902818875393
588.0 25.58993314034023 22.61273595835196
588.5 25.591482198594584 22.61357083819684
589.0 25.59296076321669 22.614401753216704
589.5 25.594441115931204 22.615228756527465
590.0 25.59593962699957 22.6160712365387
590.5 25.597421049759 22.616909048306685
591.0 25.598883568329857 22.617738501937204
591.5 25.600370162752526 22.61857691687384
592.0 25.601880089629 22.61942234208731
592.5 25.60336197172728 22.62025808033477
593.0 25.604851000833463 22.62110790178688
593.5 25.606328841725045 22.621949639684328
594.0 25.60780655601797 22.622793032321997
594.5 25.60931257604623 22.623630934111386
595.0 25.6107493790929 22.624480298094298
595.5 25.61220283129736 22.625333861847146
596.0 25.613710140312445 22.62617247463524
596.5 25.615160455318918 22.627023219005302
597.0 25.616646379320706 22.62787496674706
597.5 25.618090882685543 22.62872690260054
598.0 25.619574467076184 22.629583033348414
598.5 25.621033602179516 22.630443769928867
599.0 25.622525551154997 22.631294754559235
599.5 25.623956786804705 22.63214985943641
600.0 25.625392375256283 22.6330100426625
600.5 25.626883629374994 22.633863383141758
601.0 25.6283392946162 22.63471995855118
601.5 25.629781329054232 22.635590812135277
602.0 25.63126605087274 22.6364463701455
602.5 25.632728805852828 22.637305521583468
603.0 25.6341411732448 22.638180138872993
603.5 25.63562941105438 22.63904604172231
604.0 25.63709763817501 22.639911738486905
604.5 25.63851728535674 22.64077349039512
605.0 25.63995891812878 22.64164517679355
605.5 25.641417377812694 22.642519069352808
606.0 25.64283628127964 22.643392143774157
606.5 25.644264438395222 22.64425696919571
607.0 25.645736987101753 22.645125548006128
607.5 25.647176025377675 22.64600415105076
608.0 25.64861629792975 22.646887948253255
608.5 25.650031985514637 22.647761014554927
609.0 25.651476246536028 22.64864895398575
609.5 25.652886118854113 22.64953191816099
610.0 25.654307743961034 22.650423324347976
610.5 25.655752423216875 22.651300552181404
611.0 25.6571377068687 22.65219315341328
611.5 25.65853347174301 22.653081898303245
612.0 25.659911123228486 22.653976301732826
612.5 25.66130644543447 22.654870483492886
613.0 25.66271712208969 22.65576992151037
613.5 25.66408693974049 22.656670886946593
614.0 25.66551093505701 22.657566206866928
614.5 25.666866634319206 22.65846382639897
615.0 25.668269506882694 22.65937274448493
615.5 25.66964268163992 22.660276702088453
616.0 25.671003142988745 22.661189551044956
616.5 25.672368307424875 22.66209440072536
617.0 25.673731386301046 22.663001087845366
617.5 25.675094713662453 22.66391830603512
618.0 25.67644126648193 22.664832001991368
618.5 25.677803762859103 22.665741299882587
619.0 25.67917034929177 22.666654841561723
619.5 25.680515349205237 22.667570826058103
620.0 25.681874074043954 22.668495652090993
620.5 25.683209467350792 22.66941463396321
621.0 25.6845815829818 22.670326009019114
621.5 25.685872099462202 22.671255253955497
622.0 25.68726235180233 22.67217706243379
622.5 25.688564517317843 22.673106633564693
623.0 25.68993780628855 22.674030534992408
623.5 25.691250184629403 22.67494881499371
624.0 25.692604887117703 22.675882310519263
624.5 25.693929595264727 22.676813991785146
625.0 25.695266613849764 22.677738314643413
625.5 25.696595898245057 22.678674178637692
626.0 25.697902795656287 22.679599685127005
626.5 25.69927637392834 22.68053790667333
627.0 25.700594380280712 22.681468141724416
627.5 25.701936327349166 22.68240860196024
628.0 25.703236960364105 22.68333726200664
628.5 25.70459344244823 22.684276767836845
629.0 25.70592860185456 22.685205326426193
629.5 25.70724793795541 22.68614390918095
630.0 25.708573205131856 22.687082369472943
630.5 25.709921941632903 22.688021399430816
631.0 25.711241829062924 22.6889561397379
631.5 25.71258150445722 22.68990316177145
632.0 25.713927538472298 22.69083616442087
632.5 25.715240091946793 22.69178082286262
633.0 25.716576234661375 22.692722226117997
633.5 25.717906109661634 22.693656988878303
634.0 25.719256158122136 22.694597147931926
634.5 25.72058372021846 22.695544639205902
635.0 25.721931269231952 22.696487515875248
635.5 25.72328698220348 22.6974321620784
636.0 25.72461766713252 22.698366978200806
636.5 25.7259627826567 22.699303843969734
637.0 25.727322516239184 22.700252420422395
637.5 25.72869067556703 22.70119316363661
638.0 25.73004151765986 22.70213839056374
638.5 25.731406024031077 22.703068839020894
639.0 25.732776766360395 22.70401633410949
639.5 25.73410948577219 22.70496544139444
640.0 25.73551794285973 22.705892526536637
640.5 25.7368833530864 22.706839322766008
