FastTrWP/PhaseSpace/IAs/snIa_0.63_30.00_1.59_0.01.csv
# %ECSV 0.9
# ---
# datatype:
# - {name: time-rel, datatype: float64}
# - {name: g, datatype: float64}
# - {name: i, datatype: float64}
# schema: astropy-2.0
time-rel g i
[from data line 701]
404.75 24.02418910121249 22.490238034961134
405.25 24.02233714215881 22.488905276124918
405.74999999999994 24.020504566558007 22.48755873921724
406.25 24.018673531416486 22.486236992523896
406.75 24.016855261916152 22.4849023241023
407.24999999999994 24.015046588069975 22.483577691784753
407.75 24.01323349605792 22.48226406711117
408.25 24.011447638490754 22.480938386200005
408.74999999999994 24.009658824462605 22.479634307706494
409.25 24.007875417463186 22.478326508896657
409.75 24.00611047905962 22.47703004187706
410.24999999999994 24.00433389696671 22.475728896591516
410.75 24.002580680771196 22.47443221132447
411.25 24.00082216357102 22.4731448839514
411.74999999999994 23.999094274560207 22.471865208354522
412.25 23.99734974742364 22.470589179186078
412.75 23.995630334457147 22.469308938188355
413.24999999999994 23.993920770386655 22.468042425643546
413.75 23.992219117263282 22.46678131382169
414.25 23.99051602000021 22.465521491705942
414.74999999999994 23.988836753470263 22.464266357476077
415.25 23.98714694681907 22.46301569205006
415.75 23.98547116896658 22.461770814287224
416.24999999999994 23.98381838252487 22.46052782369741
416.75 23.982151219624754 22.45929026101635
417.25 23.980520158310824 22.458063785663995
417.74999999999994 23.97888039180409 22.45683290546755
418.25 23.97726551444755 22.455618036236636
418.75 23.975650023133852 22.454399580863505
419.24999999999994 23.97403342056723 22.453190325406524
419.75 23.972431638159534 22.451977559608707
420.25 23.9708398510922 22.450780095655244
420.74999999999994 23.96926227267214 22.449585269638895
421.25 23.967698048470282 22.448400959537462
421.75 23.96613339396921 22.44720380302475
422.24999999999994 23.964594615212285 22.44602586226357
422.75 23.96304460562988 22.444850585677262
423.25 23.961490879900364 22.443680041974773
423.74999999999994 23.959968881179535 22.442501722014057
424.25 23.9584512366441 22.441340901510518
424.75 23.956930106544334 22.440172358773932
425.24999999999994 23.955411993811687 22.439021991907882
425.75 23.95390695025986 22.437863926409758
426.25 23.952419514376196 22.436717803799723
426.74999999999994 23.95091537547045 22.435572815255547
427.25 23.949430133364814 22.434423632681604
427.75 23.947964450262656 22.433283514387405
428.24999999999994 23.946477085546867 22.432148662890658
428.75 23.94502215292842 22.431018032467964
429.25 23.943568819311004 22.429890576361196
429.74999999999994 23.942100378436066 22.428761110587967
430.25 23.940651478262424 22.427650868673258
430.75 23.939205111767873 22.426530992454296
431.24999999999994 23.937778459434472 22.42541335143024
431.75 23.93635594061226 22.424308186398072
432.25 23.934942122978207 22.42320259861085
432.74999999999994 23.933512581910975 22.422104030961087
433.25 23.932128368512014 22.421005774660593
433.75 23.930704742268322 22.419912422978964
434.24999999999994 23.929328698969826 22.418825152371728
434.75 23.927930594506414 22.417742679214733
435.25 23.926551877491875 22.416660415809776
435.74999999999994 23.925191411538613 22.41558101520893
436.25 23.92381172103782 22.41450273534822
436.75 23.922449513742585 22.41343766552633
437.24999999999994 23.921099894483394 22.412373278463807
437.75 23.919742276138464 22.411309238700365
438.25 23.918406719518856 22.41025364507646
438.74999999999994 23.917070035606006 22.409200858028445
439.25 23.915736914267292 22.40814859496959
439.75 23.914420064165004 22.407096806096092
440.24999999999994 23.91310875233171 22.40605592371727
440.75 23.911794740691 22.40501795475175
441.25 23.910490692956312 22.403982119684006
441.74999999999994 23.90919079146351 22.402944959441655
442.25 23.9079036247279 22.401925236727195
442.75 23.90662428786161 22.40089853011628
443.24999999999994 23.905343665259984 22.39987381117357
443.75 23.904041152479927 22.3988686878048
444.25 23.902803876843034 22.397847639360823
444.74999999999994 23.901547139591983 22.39683984153743
445.25 23.900278143040445 22.395837496303464
445.75 23.899042111632415 22.39483071396236
446.24999999999994 23.89780926292095 22.393845425089157
446.75 23.896574847225963 22.392841915691694
447.25 23.89534827807489 22.391859734087696
447.74999999999994 23.89413471026302 22.390878540868172
448.25 23.892919215210444 22.389894141609915
448.75 23.89170639605942 22.38891560163783
449.24999999999994 23.890498896700343 22.387935935977193
449.75 23.889304772303326 22.386967811084098
450.25 23.888122922459814 22.38600934124272
450.74999999999994 23.886939791936648 22.38504272370621
451.25 23.88576662730483 22.38408733042652
451.75 23.884600817651954 22.3831335210555
452.24999999999994 23.883443416860224 22.382178471583536
452.75 23.88229127468362 22.38123296166508
453.25 23.881126769113948 22.380286496780528
453.74999999999994 23.879990037752968 22.37934880399658
454.25 23.87886028045489 22.37841745105875
454.75 23.877722438110712 22.37748487869569
455.24999999999994 23.8765869773766 22.37655741548394
455.75 23.87548037071786 22.37563439312277
456.25 23.874357146247597 22.374715805180365
456.74999999999994 23.87326822037238 22.373795208457615
457.25 23.872165859127588 22.372887989645704
457.75 23.871068001854525 22.371978599348203
458.24999999999994 23.86997952673515 22.371074444407697
458.75 23.86890379459986 22.370172210822695
459.25 23.867834006629877 22.369280520165233
459.74999999999994 23.866768899028173 22.368392676693112
460.25 23.865705401831466 22.36750216101853
460.75 23.864651688842407 22.36661114648189
461.24999999999994 23.86360405463457 22.365734996606264
461.75 23.862563353467298 22.364855052155242
462.25 23.861518927834673 22.36397711827594
462.74999999999994 23.86049167992532 22.363111684717584
463.25 23.859473794904666 22.362237154404262
463.75 23.858447224891748 22.36137764683287
464.24999999999994 23.85743220830971 22.36051129914477
464.75 23.856408681589606 22.359654119130973
465.25 23.855420785496612 22.358796878768025
465.74999999999994 23.854416735249863 22.35794427578756
466.25 23.85342947357564 22.357105459506048
466.75 23.85243789711806 22.356256305420313
467.24999999999994 23.851442349739646 22.355413914579934
467.75 23.850478059837926 22.35457383412081
468.25 23.849492568891396 22.353744547350015
468.74999999999994 23.848542971826355 22.35290583174369
469.25 23.847569469790027 22.352085192798846
469.75 23.84661649335175 22.351256670331242
470.24999999999994 23.845669326395694 22.35042928397737
470.75 23.844731097125475 22.34962233801558
471.25 23.843786178369484 22.348806062412486
471.74999999999994 23.842854207914364 22.347994785337846
472.25 23.84191720604867 22.347183161591545
472.75 23.841003842023248 22.346378057384584
473.24999999999994 23.840075540024372 22.34557489876945
473.75 23.8391813175522 22.344782570456744
474.25 23.838262646393993 22.343988716895815
474.74999999999994 23.837375318842273 22.343194035197516
475.25 23.836461052076345 22.342409289742584
475.75 23.835581357994805 22.341625894073868
476.24999999999994 23.834689964238535 22.34084299871334
476.75 23.83382696350771 22.34005673167551
477.25 23.832952894441128 22.339289587913882
477.74999999999994 23.832082350112845 22.338523291081522
478.25 23.8312242164617 22.337752454349918
478.75 23.83036716353077 22.33698978682979
479.24999999999994 23.829506399099834 22.336230814677926
479.75 23.828662705205552 22.33546922184342
480.25 23.827824715471625 22.334725108245813
480.74999999999994 23.826993807547737 22.333971297730656
481.25 23.826163127156306 22.33322615355967
481.75 23.825350688044672 22.332484008004553
482.24999999999994 23.824522004983116 22.331746532108532
482.75 23.823722726348414 22.331012902043312
483.25 23.822912821048345 22.33027417671139
483.74999999999994 23.822112662591735 22.329553197832084
484.25 23.821324624551167 22.328822936811243
484.75 23.820534392694594 22.328102425813224
485.24999999999994 23.819747354785086 22.3273922253766
485.75 23.81897527435227 22.32667777796327
486.25 23.818210435165227 22.325965747549155
486.74999999999994 23.817442639101625 22.325256964297
487.25 23.816694981560072 22.324552991434565
487.75 23.81594097665445 22.323852714318193
488.25 23.81520077848084 22.323158214421632
488.75 23.81443991113067 22.322463370856415
489.25 23.813716987325876 22.321775639210124
489.75 23.8129888113532 22.321092516512504
490.25 23.81225715327095 22.32041081604953
490.75 23.81154609515493 22.319729082212802
491.25 23.81083309598891 22.31905488009923
491.75 23.810128352342822 22.318385590624764
492.25 23.80943138644199 22.317721880727646
492.75 23.808725346931997 22.317060607526088
493.25 23.808040437554094 22.31640058889573
493.75 23.807371435069342 22.315741485688708
494.25 23.806696948117715 22.315092690770136
494.75 23.806021235889947 22.31444376961324
495.25 23.80536561566072 22.313805818094103
495.75 23.804698220431835 22.313159186564114
496.25 23.8040505499578 22.312517283579414
496.75 23.803409410936816 22.31188704334235
497.25 23.8027622355578 22.31126305947378
497.75 23.802137294077667 22.310630501057762
498.25 23.801496418921815 22.310013929073467
498.75 23.800874999088173 22.309388784282707
499.25 23.800268610321716 22.30878593863229
499.75 23.79966150567376 22.30816930176973
500.25 23.799055013526186 22.30755589857589
500.75 23.79846593174609 22.30695909621501
501.25 23.797873295105347 22.306359859573742
501.75 23.79728305528472 22.305755398019937
502.25 23.796703950896116 22.305165871507533
502.75 23.79612278702618 22.304586627725293
503.25 23.795547186515257 22.30400269434294
503.75 23.794996547071158 22.303423759186135
504.25 23.794439406879473 22.30285358181911
504.75 23.793892568426593 22.30227575115604
505.25 23.793345512758304 22.301706059153666
505.75 23.792795032482267 22.30114054441682
506.25 23.79225130401045 22.300584516999493
506.75 23.791748018366448 22.300030677946058
507.25 23.791212459086502 22.299470061734002
507.75 23.790682358514147 22.298919578301472
508.25 23.790174308293427 22.298382607729607
508.75 23.789666033260485 22.29783550459008
509.25 23.789162676217217 22.29730197798787
509.75 23.788674331896335 22.29676453008529
510.25 23.788188499690893 22.296233873197757
510.75 23.787687307829565 22.295699676503475
511.25 23.787211392976456 22.295181476966647
511.75 23.786727365919084 22.29465501877533
512.25 23.786269042621797 22.29414060602756
512.75 23.785791787779964 22.293627646750412
513.25 23.785334991303365 22.293112037967163
513.75 23.784884657286764 22.292611371647048
514.25 23.784432897116396 22.29210747007389
514.75 23.78399629707885 22.291604178018247
515.25 23.783541656257544 22.291100612466703
515.75 23.78311832554823 22.290608228803592
516.25 23.782685830061354 22.2901226270896
516.75 23.782276963594366 22.289626192189445
517.25 23.78186018484046 22.289140817492914
517.75 23.781428168784057 22.288657939857572
518.25 23.781036529913084 22.288182798760523
518.75 23.78063406486822 22.287704060550155
519.25 23.780229878542244 22.28723536264556
519.75 23.779840884839437 22.286762052945406
520.25 23.77946439352319 22.286293377457657
520.75 23.779069432464894 22.285832157031408
521.25 23.778705419155493 22.285365239172922
521.75 23.778331242057806 22.28490830722578
522.25 23.777963034062005 22.284452784603385
522.75 23.777616221326568 22.283999295875127
523.25 23.777258873111894 22.283547285614
523.75 23.776908352251883 22.283097101217535
524.25 23.77655748622879 22.282653287851865
524.75 23.776205228467266 22.28221238974801
525.25 23.775882711303026 22.281768183765077
525.75 23.77556683893235 22.281331414970296
526.25 23.77523210701441 22.280899244969813
526.75 23.774928474662204 22.280467871394805
527.25 23.774595275443954 22.280035166384373
527.75 23.774291776334863 22.27960783614446
528.25 23.77399825675419 22.27918573618301
528.75 23.773690904446813 22.278758315984106
529.25 23.773399907509546 22.27834282960849
529.75 23.773112190302218 22.277931140784478
530.25 23.772834143146497 22.27751324652122
530.75 23.772542809416738 22.277099131472383
531.25 23.772262781698366 22.276685406178633
531.75 23.7720174240614 22.276276022352807
532.25 23.77174471918611 22.275876223787662
532.75 23.77149376942548 22.275474127345284
533.25 23.771243806805117 22.275070238831365
533.75 23.77098947313087 22.274672469980786
534.25 23.770753144621647 22.27427846128637
534.75 23.770501534286446 22.27388361646704
535.25 23.77028815826234 22.273488518974585
535.75 23.770052485491192 22.273098056391042
536.25 23.76984360028483 22.272708343842833
536.75 23.76960703035428 22.272323647641436
537.25 23.769396011428658 22.271941119250766
537.75 23.769195685744503 22.271557562811974
538.25 23.76899440757996 22.271179243405754
538.75 23.768787169493844 22.27079903939895
539.25 23.768609709229178 22.270427200605447
539.75 23.768415693931082 22.27004618850858
540.25 23.76822185573781 22.269673676300677
540.75 23.768066391725075 22.269311462831276
541.25 23.76788871099789 22.268951842704837
541.75 23.767727862978738 22.268594359016824
542.25 23.767562355587252 22.268234865917087
542.75 23.767417008830428 22.267888671750654
543.25 23.767256779218116 22.26753857740032
543.75 23.767126968242632 22.26719933550125
544.25 23.766994989988873 22.266853108018005
544.75 23.766852533616355 22.266517142449644
545.25 23.766725533775258 22.266180273494022
545.75 23.766617947747378 22.265851410807716
546.25 23.766502418235085 22.265518185125302
546.75 23.766398734030965 22.26519777704133
547.25 23.76627997567383 22.264873046725107
547.75 23.766178629229255 22.264560546991746
548.25 23.766087948688433 22.26424591073954
548.75 23.766003322359566 22.263929952990388
549.25 23.765928414507794 22.263625347717255
549.75 23.765843968717082 22.263315772184487
550.25 23.76576809826649 22.26300360616188
550.75 23.765702661804745 22.262705029169965
551.25 23.765638827737487 22.262411776847898
551.75 23.765582814075668 22.26211349648061
552.25 23.76552387293383 22.261823404651384
552.75 23.765473246101653 22.261522591581915
553.25 23.765435701330556 22.2612406056911
553.75 23.765391249407628 22.260950995416714
554.25 23.765360140562755 22.26067231243745
554.75 23.765330628906796 22.26038891923966
555.25 23.765312929112866 22.260104994942264
555.75 23.765293596052825 22.25982569718014
556.25 23.765283759709757 22.25955167492576
556.75 23.765284148719658 22.259285065231328
557.25 23.765266557813213 22.259001691998485
557.75 23.765257337632413 22.258737419058487
558.25 23.76527800717172 22.25846857361887
558.75 23.76528431637994 22.258196382319447
559.25 23.765298402188655 22.257933588931206
559.75 23.76531234537091 22.25767019041801
560.25 23.765349696615846 22.257408651295467
560.75 23.765369857035633 22.25714445061863
561.25 23.765391555590647 22.256892216291103
561.75 23.76544951164299 22.25663550996083
562.25 23.76548513045874 22.256373344381217
562.75 23.765535440916643 22.25612080152798
563.25 23.765574065091247 22.255867437424982
563.75 23.765628990801744 22.25561920921666
564.25 23.76568886439038 22.255366690947433
564.75 23.765759164059112 22.255115082140968
565.25 23.765840331909477 22.254865013856012
565.75 23.765898181868387 22.254621905336307
566.25 23.765987417721078 22.2543728654913
566.75 23.766061850214427 22.254130615845817
567.25 23.766149384981375 22.25388101776892
567.75 23.766235620462957 22.253634185484504
568.25 23.76633215480069 22.25338950929777
568.75 23.766425103553537 22.25314301703267
569.25 23.766539778755128 22.252905558839014
569.75 23.766645356176973 22.252666307080165
570.25 23.766750002672573 22.252426833986405
570.75 23.766857927599297 22.25218034230973
571.25 23.766991448969506 22.25194336711144
571.75 23.767096694642078 22.251702944766837
572.25 23.767233846928242 22.251466368750762
572.75 23.767374435997294 22.251219253493257
573.25 23.76750468329793 22.250983990629017
573.75 23.767637258670888 22.25074632337831
574.25 23.76779669101112 22.250505552652562
574.75 23.767945271960077 22.250265411906884
575.25 23.76807894419794 22.250020560259202
575.75 23.768235027067675 22.249783284973862
576.25 23.768395002553945 22.249540442528396
576.75 23.76855863335667 22.249301446483784
