FastTrWP/PhaseSpace/IAs/snIa_0.56_30.00_-1.12_-0.12.csv
# %ECSV 0.9
# ---
# datatype:
# - {name: time-rel, datatype: float64}
# - {name: g, datatype: float64}
# - {name: i, datatype: float64}
# schema: astropy-2.0
time-rel g i
[from data line 1080]
193.5 23.52439418646094 22.419915447143683
194.0 23.52606167943421 22.419969640834854
194.5 23.52773747743486 22.420036536174255
195.0 23.529409449343955 22.42009410177488
195.5 23.53109732260969 22.420156774713735
196.0 23.532781042196476 22.420222594000272
196.5 23.534446865949803 22.42029149430892
197.0 23.53613888304501 22.420357854863376
197.5 23.537825248200875 22.420425040233688
198.0 23.53952016376502 22.420499780415575
198.5 23.54120159227805 22.4205782870855
199.0 23.542897261343047 22.42064286414611
199.5 23.54460800097659 22.420727517358614
200.0 23.54630681543824 22.420802212942554
200.5 23.548003890669342 22.42088647417116
201.0 23.549723206078987 22.420965599645506
201.5 23.551431035262922 22.421056473854325
202.0 23.55314006264942 22.42114240172373
202.5 23.55486452746122 22.42123671337807
203.0 23.556592347413286 22.421320200659967
203.5 23.55832165475773 22.421414576901487
204.0 23.56004883367977 22.421514179440507
204.5 23.561792920375844 22.42160758895595
205.0 23.56353034616015 22.421714606581567
205.5 23.565275900493717 22.421812038724628
206.0 23.567021836529474 22.42191364542345
206.5 23.568774635082015 22.422024831787752
207.0 23.57052684001623 22.422131303657252
207.5 23.57227925906223 22.422243550014684
208.0 23.574041207706085 22.422351336462057
208.5 23.57580280331849 22.422471927253085
208.9999999999999 23.57757924721266 22.422583742274384
209.5 23.579344774317764 22.422699878769407
210.0 23.58111672531704 22.422822589650565
210.4999999999999 23.58289939625321 22.422945876827907
211.0 23.584690586164978 22.423072253627105
211.5 23.58647394732784 22.42319676128437
211.9999999999999 23.58825746598654 22.423322743836525
212.5 23.590063844211315 22.42346263469217
213.0 23.59186358365237 22.423587886260595
213.4999999999999 23.59366347156694 22.423727790518893
214.0 23.595461968110676 22.423861589976685
214.5 23.597279429227505 22.42399300114841
214.9999999999999 23.59908289252108 22.424138689118283
215.5 23.600911253634088 22.424277745838065
216.0 23.60272824589508 22.424428447849362
216.4999999999999 23.604536574165643 22.42456805549764
217.0 23.60637947172117 22.424718011131482
217.5 23.608203901033708 22.424869966595885
217.9999999999999 23.610047272540648 22.42502428637232
218.5 23.611876433148232 22.425165457071547
219.0 23.613722978846177 22.42533467908506
219.4999999999999 23.615573142754837 22.425487770601805
220.0 23.61742955446892 22.42564527526455
220.5 23.619276194424582 22.425811036730884
220.9999999999999 23.621143574521763 22.425975344425577
221.5 23.622999970928014 22.426147344839254
222.0 23.624849580832446 22.42630613876166
222.4999999999999 23.626729966733166 22.426480721048804
223.0 23.62860588842779 22.42664723292508
223.5 23.63046803518933 22.426818809583132
223.9999999999999 23.632354688658594 22.42699917792525
224.5 23.63423845006292 22.427171223967306
225.0 23.6361317536806 22.427347157216566
225.4999999999999 23.638016792266914 22.42753501071693
226.0 23.639908437045452 22.427716911009078
226.5 23.64179992940676 22.427895651381583
226.9999999999999 23.6437230684841 22.428087164972453
227.5 23.645621305201196 22.428277738428047
228.0 23.647518078181484 22.42846795279778
228.4999999999999 23.649441810701074 22.42865916065505
229.0 23.65135607788386 22.42885463374712
229.5 23.65328180014007 22.42904460777803
229.9999999999999 23.6552176969276 22.429246593178163
230.5 23.657128499585546 22.429444852931177
231.0 23.65905392629456 22.42964489067564
231.4999999999999 23.6609920383467 22.429844818787586
232.0 23.662935177222796 22.43005702225478
232.5 23.6648741661706 22.430258873098722
232.9999999999999 23.666832326835348 22.4304599940012
233.5 23.668768067409097 22.430677635968514
234.0 23.670729246644644 22.430891875257572
234.4999999999999 23.672677686514568 22.431103318312093
235.0 23.674636086408757 22.43132306498014
235.5 23.676611564033017 22.431538744088158
235.9999999999999 23.67859470193857 22.43175347742659
236.5 23.68055005618023 22.431982083076292
237.0 23.68252637834107 22.432195695739892
237.4999999999999 23.68451229332591 22.432428983256404
238.0 23.686499138463244 22.432658939200294
238.5 23.688489444342974 22.43288205208279
238.9999999999999 23.690486369114122 22.433117042659497
239.5 23.692489095245666 22.433351538303214
240.0 23.694495186021168 22.433590981772902
240.4999999999999 23.69650134871524 22.433826775494545
241.0 23.69852433081428 22.43407253222668
241.5 23.700543415753053 22.434316912875115
241.9999999999999 23.702564655414665 22.43456661729113
242.5 23.704605840386115 22.43480538649549
243.0 23.70662368921051 22.43505522569768
243.4999999999999 23.708674403223725 22.43531137798182
244.0 23.710713608016757 22.435567012338943
244.5 23.712765253870238 22.43581640626679
244.9999999999999 23.71480225978665 22.436070228640403
245.5 23.7168529117953 22.43633483065168
246.0 23.718920249306095 22.43659725911982
246.4999999999999 23.72099884901783 22.43686234387898
247.0 23.723065974369973 22.437123162180658
247.5 23.725137610613952 22.437390205800792
247.9999999999999 23.727232284360262 22.437659399577413
248.5 23.729291466718326 22.43792560516046
249.0 23.731391947184164 22.43820400158365
249.4999999999999 23.73347416448577 22.4384716161082
250.0 23.735579708872223 22.43875865405162
250.5 23.737677889429257 22.439027073825763
250.9999999999999 23.73979117553633 22.43931396598778
251.5 23.74190098834623 22.43959419454043
252.0 23.744007136545044 22.43988336732999
252.4999999999999 23.74612954822588 22.440172063714044
253.0 23.7482566964872 22.440455876153024
253.5 23.750386575976236 22.44074293784763
253.9999999999999 23.752508412157894 22.441036532304835
254.5 23.754646071048747 22.441332265038092
255.0 23.756791510659138 22.441628847466852
255.4999999999999 23.758934530753926 22.441919858990293
256.0 23.76109059401538 22.44222126675886
256.5 23.76324166372903 22.442521406151272
256.9999999999999 23.7654011225438 22.44282904484962
257.5 23.767561181678467 22.443134071042007
258.0 23.769731025542992 22.44344042501925
258.4999999999999 23.77189735001953 22.44375080219967
259.0 23.77408709897974 22.44406080393653
259.5 23.776256402970684 22.444368801990088
259.9999999999999 23.77843402405158 22.444683883606295
260.5 23.78062717983516 22.44500427159389
261.0 23.782820658687605 22.4453130499765
261.4999999999999 23.78501399192468 22.44563729819359
262.0 23.78722455467473 22.44595572932961
262.5 23.789435452700083 22.446272580383273
262.9999999999999 23.791637086989617 22.446595852091672
263.5 23.793842694845047 22.446925667117927
264.0 23.796055755887192 22.447254928607038
264.4999999999999 23.79829115646927 22.44759306673655
265.0 23.800515884236994 22.447915574509587
265.5 23.80274477263945 22.448246483308168
265.9999999999999 23.80496613302521 22.448581652631567
266.5 23.807209772129113 22.448914157918868
267.0 23.809459284944722 22.44925233041469
267.4999999999999 23.811699465580936 22.44959669159232
268.0 23.8139543478615 22.44993477237697
268.5 23.816212837157458 22.450275070892353
268.9999999999999 23.81847200922882 22.45062333452086
269.5 23.82073027545633 22.450963367717414
270.0 23.823003095321788 22.45130806502535
270.4999999999999 23.82526011631513 22.451667233524066
271.0 23.827544899747956 22.452009153319036
271.5 23.829819029723545 22.452363780773755
271.9999999999999 23.8321000445804 22.452716272715453
272.5 23.83438670367687 22.453065088467717
273.0 23.836683210099785 22.453427641188878
273.4999999999999 23.838982908067926 22.45378477685804
274.0 23.841283676986507 22.4541402683707
274.5 23.843614866535617 22.454511199515768
274.9999999999999 23.84594255845306 22.454870131555204
275.5 23.848284301890537 22.455242633921873
276.0 23.850620528121937 22.455616255503656
276.4999999999999 23.85296179929004 22.45599635118394
277.0 23.855321385519463 22.456364864299317
277.5 23.857700430146423 22.45675022414014
277.9999999999999 23.860087905188774 22.457134714830463
278.5 23.862462866724595 22.457513349870055
279.0 23.864865588165426 22.4578971644566
279.4999999999999 23.867265024488372 22.458294051198035
280.0 23.869670682889446 22.45867820976305
280.5 23.872088740245925 22.459065171840447
280.9999999999999 23.874510976789423 22.459466977531015
281.5 23.876939684453127 22.459866559325317
282.0 23.879363251967625 22.460260174425475
282.4999999999999 23.88181089596758 22.460661518911365
283.0 23.884264214948033 22.461073509530067
283.5 23.88671467263155 22.461476345984032
283.9999999999999 23.889176912461604 22.46187620343693
284.5 23.89164721352454 22.462287361308135
285.0 23.89409864767911 22.462691921545254
285.4999999999999 23.896591499288817 22.463110257072557
286.0 23.899068914595528 22.463525395290276
286.5 23.901551644322232 22.4639468212612
286.9999999999999 23.904061916521407 22.46436099010004
287.5 23.90654296574466 22.464779093953
288.0 23.909048314516447 22.465207810178246
288.4999999999999 23.911551864392205 22.465625480524373
289.0 23.91406231288219 22.46604688580065
289.5 23.916586939846717 22.46648382671378
289.9999999999999 23.919094555470757 22.46690365404866
290.5 23.92162339716692 22.467326962649878
291.0 23.9241561492236 22.467764791556238
291.4999999999999 23.926676638135454 22.468196054549416
292.0 23.92921634337504 22.46862830753024
292.5 23.931740985263357 22.469066769680577
292.9999999999999 23.93428424248286 22.469497684424184
293.5 23.936824233358948 22.46993753055289
294.0 23.93936715937006 22.470373242072412
294.4999999999999 23.941913525946358 22.470815208411842
295.0 23.94445735983435 22.471251692892476
295.5 23.947000688813034 22.471701909851987
295.9999999999999 23.949561306782133 22.47214657395552
296.5 23.952107303479686 22.472586191600232
297.0 23.954651868073988 22.47303024598464
297.4999999999999 23.957207162733738 22.47348152707076
298.0 23.959756585831098 22.473927180387825
298.5 23.96231514603339 22.474372943321896
298.9999999999999 23.964867711336044 22.47482087224988
299.5 23.96742288264718 22.475272426991584
300.0 23.969966259553594 22.47572769518813
300.4999999999999 23.972531329267323 22.476170037828478
301.0 23.97506339893213 22.476617854393993
301.5 23.977621559478877 22.477075156236516
301.9999999999999 23.980169979256786 22.47752980511953
302.5 23.982724665264122 22.477989817728016
303.0 23.98527788440643 22.47843858441322
303.4999999999999 23.98780820264278 22.478891429240882
304.0 23.99036520013206 22.47934457208219
304.5 23.992898630683154 22.479804631635567
304.9999999999999 23.995442656767366 22.480262281926684
305.5 23.997968376610128 22.480719957278126
306.0 24.000487801473426 22.481175606444953
306.4999999999999 24.003018243058296 22.481631806183454
307.0 24.00554130953403 22.482090195486876
307.5 24.008077852736655 22.482552741503504
307.9999999999999 24.010585117967523 22.48300581452628
308.5 24.013084701392387 22.48346298657149
309.0 24.015596275570594 22.483919650471634
309.4999999999999 24.018103145599916 22.484387864996634
310.0 24.020579018973667 22.48483811342733
310.5 24.023076899943984 22.485301503340366
310.9999999999999 24.025573367731194 22.485756762047735
311.5 24.028066271800643 22.48622136004764
312.0 24.030569955576865 22.486684201159687
312.4999999999999 24.03307168045615 22.48714487209362
313.0 24.035577056957493 22.48760800089559
313.5 24.03806047937879 22.488076607007315
313.9999999999999 24.040549874779742 22.488548670468433
314.5 24.043043270953778 22.489014237693983
315.0 24.045554566934186 22.48948688290512
315.4999999999999 24.04805276606469 22.48994906403461
316.0 24.05056341749703 22.490429704908298
316.5 24.05304493179182 22.490907790937968
316.9999999999999 24.055560917172393 22.491376272657362
317.5 24.0580522606793 22.49184793530553
318.0 24.060551252847155 22.49232818610157
318.4999999999999 24.063055448536133 22.492800762784366
319.0 24.065564856878193 22.493282414078447
319.5 24.068063231989953 22.49375970602509
319.9999999999999 24.07056187075384 22.494246939333177
320.5 24.073060467032278 22.49472448641576
321.0 24.0755468368792 22.49520775662035
321.4999999999999 24.078065229335827 22.495698306547727
322.0 24.08055349995284 22.496172655573968
322.5 24.08306519494556 22.496670440507923
322.9999999999999 24.085569159977688 22.49716070110951
323.5 24.08804418032242 22.49763868734437
324.0 24.090542292158904 22.498123807129517
324.4999999999999 24.093062029324926 22.498614070922475
325.0 24.095548833355767 22.499108690696747
325.5 24.098045513302743 22.499603063469046
325.9999999999999 24.100525073527812 22.50009590762126
326.5 24.103036010365642 22.50058430917945
327.0 24.105533523577787 22.50107558874223
327.4999999999999 24.10802728809463 22.501578072806304
328.0 24.11051422153729 22.502075191692796
328.5 24.113006965957673 22.502571905948074
328.9999999999999 24.115502450074086 22.50306236478345
329.5 24.117977382571205 22.50356010513795
330.0 24.120469033339784 22.504060245905066
330.4999999999999 24.122964954906752 22.504561225994006
331.0 24.125447389809235 22.505060926500775
331.5 24.127926242462113 22.505561693819857
331.9999999999999 24.13041244878636 22.506068375161913
332.5 24.13290070095392 22.506577729284963
333.0 24.135374112137566 22.50708171820215
333.4999999999999 24.137865509156292 22.50758355252762
334.0 24.14033324981471 22.508089209284844
334.5 24.142803344093643 22.508593710825462
334.9999999999999 24.14528052289406 22.509107607347303
335.5 24.14774550814125 22.509610903568298
336.0 24.150210994031568 22.51012082756518
336.4999999999999 24.152683159669344 22.51062290886256
337.0 24.155149060865906 22.51113816474811
337.5 24.157602302902824 22.511647558293838
337.9999999999999 24.16005926462948 22.512164331071702
338.5 24.162515433805403 22.512676080765193
339.0 24.16498078285469 22.51317927650769
339.4999999999999 24.167419760137374 22.513694281380225
340.0 24.16987820524225 22.514206082342017
340.5 24.17233476319729 22.514732007267693
340.9999999999999 24.174787245473617 22.515240161061165
341.5 24.177223637508725 22.515751272157452
342.0 24.17966601105771 22.516273024422
342.4999999999999 24.182088893968057 22.516784083610702
343.0 24.18452473482685 22.517295687815036
343.5 24.18695089004528 22.517818417878523
343.9999999999999 24.189380885973947 22.518340789622453
344.5 24.19180883496096 22.518856847293026
345.0 24.19422900926715 22.519376779408795
345.4999999999999 24.196650994810028 22.519893569614805
346.0 24.19906087016079 22.520417161177562
346.5 24.201473541997917 22.52093288439928
346.9999999999999 24.203868729476746 22.521450428227286
347.5 24.206269404338077 22.52197412636809
348.0 24.208670078488005 22.522497497807585
348.4999999999999 24.2110619731756 22.523018913568723
349.0 24.21345559189074 22.523541607935826
349.5 24.215849420325686 22.524068763115544
349.9999999999999 24.218234300395963 22.52459076405853
350.5 24.22061232597844 22.52511895037585
351.0 24.22298992629549 22.525639702063806
351.4999999999999 24.225363588171597 22.526165303912457
352.0 24.227747301295203 22.526696273591284
352.5 24.230109204939282 22.527225682677468
352.9999999999999 24.232467760949994 22.527753044670774
353.5 24.23481813774133 22.528291102219157
354.0 24.237177602126117 22.528819709009788
354.4999999999999 24.239533322247503 22.529347597263598
355.0 24.241873613303095 22.529882881577485
355.5 24.244230856131882 22.530407575013346
355.9999999999999 24.246559024040902 22.530947408997864
356.5 24.248910930560555 22.5314838673946
357.0 24.25124397426019 22.53201679532767
357.4999999999999 24.253566941405577 22.532550623870552
358.0 24.255896483460795 22.533090724370624
358.5 24.25824226913987 22.53362940256195
358.9999999999999 24.260543844073823 22.53416955058819
359.5 24.262875485898725 22.53470391120934
360.0 24.26517953630095 22.5352451737187
360.4999999999999 24.267487661323692 22.535784937501493
361.0 24.26981312810456 22.536325113263715
361.5 24.27211650290325 22.53687356989184
361.9999999999999 24.274401185547116 22.53740783202016
362.5 24.27670026311067 22.53795629533161
363.0 24.27899356529788 22.538496917157367
363.4999999999999 24.281290847424593 22.539043393884914
