FastTrWP/PhaseSpace/IAs/snIa_0.66_30.00_1.05_0.02.csv
# %ECSV 0.9
# ---
# datatype:
# - {name: time-rel, datatype: float64}
# - {name: g, datatype: float64}
# - {name: i, datatype: float64}
# schema: astropy-2.0
time-rel g i
[from data line 285]
239.33333333333334 25.100664104700243 23.223449707802885
239.83333333333334 25.096880308892583 23.220507319562106
240.33333333333334 25.09310746936545 23.21759150608335
240.83333333333334 25.089344498056917 23.21467434641093
241.33333333333334 25.08562977373884 23.2117750346708
241.83333333333334 25.08184512801167 23.20886986546483
242.33333333333334 25.078139018911063 23.2059843185983
242.83333333333334 25.074431574436396 23.203103303324532
243.33333333333334 25.07068855073598 23.200227101641993
243.83333333333334 25.066985299874055 23.197357232159522
244.33333333333334 25.06332318164305 23.194491072950633
244.83333333333334 25.05963288956385 23.191646103717165
245.33333333333334 25.05594780671895 23.18880577166074
245.83333333333334 25.05229184628122 23.18595706457394
246.33333333333334 25.04862838297094 23.18313036231103
246.83333333333334 25.044979092540594 23.18031403455398
247.33333333333334 25.041354743905387 23.177492163234966
247.83333333333334 25.037734570337662 23.17468521224512
248.33333333333334 25.034096975605525 23.171892974531435
248.83333333333334 25.030454004678745 23.16910513006448
249.33333333333334 25.026882046920534 23.166301780432317
249.83333333333334 25.023280798033586 23.163529362604528
250.33333333333334 25.01969859190675 23.160761473293196
250.83333333333334 25.016123128750436 23.157998388533834
251.33333333333334 25.012551197804704 23.155232619203364
251.83333333333334 25.008976573548942 23.15248043894403
252.33333333333334 25.00541583062968 23.149736304315866
252.83333333333334 25.00187858043086 23.14700203928556
253.33333333333334 24.998314873631028 23.144261047573906
253.83333333333334 24.994789225809146 23.14154136360476
254.33333333333334 24.991269899076052 23.138828738667705
254.83333333333334 24.98772645524854 23.136110184668553
255.33333333333334 24.984257050298446 23.133406085494748
255.83333333333334 24.980758981700344 23.130694395557434
256.3333333333333 24.97722832437522 23.127998255727796
256.8333333333333 24.973759375184137 23.125311795950523
257.3333333333333 24.970284493916054 23.122631589499484
257.8333333333333 24.96681526477523 23.1199649406885
258.3333333333333 24.96334375882204 23.117293650565994
258.8333333333333 24.959902325940963 23.114624494145698
259.3333333333333 24.95644687897127 23.11197474890806
259.8333333333333 24.95300484429923 23.109333258547487
260.3333333333333 24.949583325336228 23.10669187939024
260.8333333333333 24.946162639935125 23.104059151376806
261.3333333333333 24.942739108495132 23.101432893883466
261.8333333333333 24.939349705068288 23.098814777174415
262.3333333333333 24.93593220507985 23.096195743259543
262.8333333333333 24.93254683685131 23.09359422148217
263.3333333333333 24.929167848228417 23.090994382346892
263.8333333333333 24.925788122072625 23.08840090071468
264.3333333333333 24.922440385037223 23.08582009146457
264.8333333333333 24.91906619664863 23.083237497042866
265.3333333333333 24.91573840386085 23.08066509749828
265.8333333333333 24.91237269138507 23.078100763685136
266.3333333333333 24.90903763698473 23.075531075659196
266.8333333333333 24.90569462835497 23.072989660134414
267.3333333333333 24.90238528237231 23.070440340676235
267.8333333333333 24.899102425383894 23.06789750559848
268.3333333333333 24.895782564196686 23.065348521096386
268.8333333333333 24.89246586892588 23.062829855430916
269.3333333333333 24.889181735992004 23.060302710536572
269.8333333333333 24.885908537033448 23.05779797291544
270.3333333333333 24.882641340648956 23.055283811265205
270.8333333333333 24.879356300832292 23.052781057051078
271.3333333333333 24.8760947602834 23.05027355391212
271.8333333333333 24.872836989417873 23.047781606832565
272.3333333333333 24.869590092938555 23.0452899610533
272.8333333333333 24.86635986065771 23.042814769451287
273.3333333333333 24.863105762402775 23.04033832273412
273.8333333333333 24.85985250481778 23.037861709144394
274.3333333333333 24.85664991083909 23.035401192507692
274.8333333333333 24.85342939182562 23.032948282010924
275.3333333333333 24.850223475139735 23.03048938601579
275.8333333333333 24.847018920979256 23.028040576292085
276.3333333333333 24.843829752837333 23.025596127376442
276.8333333333333 24.840638451526114 23.023159759946687
277.3333333333333 24.8374427947042 23.02072676358486
277.8333333333333 24.83427069511354 23.018300032011304
278.3333333333333 24.831084711154286 23.015878423948696
278.8333333333333 24.82792068612643 23.013453943282236
279.3333333333333 24.824762839434893 23.01105208070773
279.8333333333333 24.82160485048645 23.00863378315296
280.3333333333333 24.818471810309248 23.00623913919594
280.8333333333333 24.815323977880656 23.003845683725814
281.3333333333333 24.812191731841303 23.00144958262021
281.8333333333333 24.80905100165076 22.99906758355906
282.3333333333333 24.805910242163126 22.99667842411566
282.8333333333333 24.80280942040402 22.99430198277557
283.3333333333333 24.799678356285657 22.99193852761842
283.8333333333333 24.79657925463638 22.989574689165476
284.3333333333333 24.793496434018106 22.98720309074884
284.8333333333333 24.790380024921348 22.98484080266683
285.3333333333333 24.787280052586873 22.98249211827194
285.8333333333333 24.784206758021593 22.980141957052822
286.3333333333333 24.78112891884369 22.977800685119306
286.8333333333333 24.77805615207338 22.97546803992183
287.3333333333333 24.77498184368057 22.97312905759403
287.8333333333333 24.771906200083254 22.970795698462464
288.3333333333333 24.76884479829057 22.96847353278453
288.8333333333333 24.76581290213959 22.966153222745977
289.3333333333333 24.76274136493741 22.96383284844834
289.8333333333333 24.759716013338373 22.961525452080803
290.3333333333333 24.756661968314223 22.959214045167936
290.8333333333333 24.75361911984397 22.956906651070806
291.3333333333333 24.750622521627278 22.954605795120738
291.8333333333333 24.747576185192738 22.9523102886058
292.3333333333333 24.744565326824308 22.950013899842098
292.8333333333333 24.74156796335144 22.947735540126924
293.3333333333333 24.73853965345713 22.94544919550459
293.8333333333333 24.735532999002537 22.943167805963615
294.3333333333333 24.7325136682916 22.940897070687818
294.8333333333333 24.729528099089105 22.93862239361848
295.3333333333333 24.726531445437693 22.936357239955907
295.8333333333333 24.72355353893456 22.934102731368966
296.3333333333333 24.7205748390496 22.93183837368456
296.8333333333333 24.717595158557412 22.92958255984992
297.3333333333333 24.71461880214914 22.927325007003716
297.8333333333333 24.711664209224896 22.925073135162034
298.3333333333333 24.708716404886744 22.9228436928438
298.8333333333333 24.705761974302458 22.920603347647397
299.3333333333333 24.7027890165891 22.918353295327577
299.8333333333333 24.69984865494769 22.91614125899696
300.3333333333333 24.696917936109944 22.913911229811646
300.8333333333333 24.69396547895486 22.911687619126745
301.3333333333333 24.691019086961173 22.909476020562252
301.8333333333333 24.68813055130194 22.907265162207896
302.3333333333333 24.68519633283735 22.905051853769066
302.8333333333333 24.68228751498173 22.902855087922806
303.3333333333333 24.679373985623293 22.90064627948109
303.8333333333333 24.676456176620157 22.898449485176513
304.3333333333333 24.673563847557492 22.89625836443767
304.8333333333333 24.670661987586307 22.89408035001594
305.3333333333333 24.667771387306388 22.891895221546687
305.8333333333333 24.664895508804104 22.889720293652385
306.3333333333333 24.662003849715866 22.887539877676566
306.8333333333333 24.65913482841539 22.88536579054909
307.3333333333333 24.656265983403767 22.883197289119753
307.8333333333333 24.653411743473036 22.88105157355419
308.3333333333333 24.65054967854625 22.878895130355726
308.8333333333333 24.64767076687103 22.87673694770887
309.3333333333333 24.644828530240535 22.87458326589732
309.8333333333333 24.641979696897096 22.872436654463502
310.3333333333333 24.63914558121132 22.87029809850551
310.8333333333333 24.636306975252943 22.868152762094077
311.3333333333333 24.633445959525403 22.866021197251868
311.8333333333333 24.630619600481758 22.86389196758092
312.3333333333333 24.6278188569047 22.861761813374084
312.8333333333333 24.62498886012039 22.859639569849083
313.3333333333333 24.622179287974248 22.85752538631282
313.8333333333333 24.61935098450979 22.855399060786127
314.3333333333333 24.61652994834733 22.85329726988205
314.8333333333333 24.613748845136328 22.85118104981841
315.3333333333333 24.61095668706051 22.849080424581185
315.8333333333333 24.608158417834826 22.846973736226758
316.3333333333333 24.605367816492198 22.84487805947009
316.8333333333333 24.60258374990074 22.842780096640606
317.3333333333333 24.599806016089516 22.840690464856404
317.8333333333333 24.597014478620117 22.83860447479247
318.3333333333333 24.594241545426385 22.83652371557789
318.8333333333333 24.591486364885444 22.834439125031434
319.3333333333333 24.588711130507 22.832363049609565
319.8333333333333 24.58593732090419 22.830289826863993
320.3333333333333 24.583226261534357 22.82821820092544
320.8333333333333 24.58045892387268 22.82614834171033
321.3333333333333 24.577687607675422 22.824089417804046
321.8333333333333 24.574950982694098 22.822031166828516
322.3333333333333 24.57220624427457 22.819980631909097
322.8333333333333 24.569458746719537 22.81792028238914
323.3333333333333 24.566745945444175 22.815873810986997
323.8333333333333 24.564007567148373 22.813835323917274
324.3333333333333 24.561284120061938 22.81178141833309
324.8333333333333 24.55854777561305 22.80974371165854
325.3333333333333 24.555866687160105 22.807701304738096
325.8333333333333 24.553132143153963 22.805675699788953
326.3333333333333 24.550438078777024 22.80365212697532
326.8333333333333 24.547724798712665 22.801605068738667
327.3333333333333 24.545018512212657 22.799586591230756
327.8333333333333 24.542337684946496 22.79758184614217
328.3333333333333 24.53961565088525 22.795554560780268
328.8333333333333 24.5369447810282 22.793540978225213
329.3333333333333 24.534239037123502 22.791530696411492
329.8333333333333 24.531558193419656 22.789516283795987
330.3333333333333 24.52889763790564 22.787509852798514
330.8333333333333 24.52620944151949 22.785509100274766
331.3333333333333 24.523534591921532 22.78351397280551
331.8333333333333 24.520875596694133 22.78151023663602
332.3333333333333 24.518190846875658 22.77951323641689
332.8333333333333 24.51554164022447 22.77752550581251
333.3333333333333 24.512900776268907 22.7755458261652
333.8333333333333 24.51022382109 22.77355841606063
334.3333333333333 24.50759144798395 22.77157025864556
334.8333333333333 24.50491160483079 22.76959094042521
335.3333333333333 24.502275540927737 22.767612508517608
335.8333333333333 24.499644935602234 22.76563967559481
336.3333333333333 24.497005457019824 22.763673143652742
336.8333333333333 24.494368561904736 22.761700113158593
337.3333333333333 24.49174581296667 22.759738952476297
337.8333333333333 24.48909391171787 22.75777657534494
338.3333333333333 24.486448526534122 22.75580491406471
338.8333333333333 24.48383316814303 22.7538458665083
339.3333333333333 24.481192730559265 22.75187268981419
339.8333333333333 24.478550846201944 22.749916037070996
340.3333333333333 24.47591170080136 22.747955843453912
340.8333333333333 24.473275386888908 22.745994074218203
341.3333333333333 24.47062897490795 22.744039121939423
341.8333333333333 24.467995618320625 22.742082894585426
342.3333333333333 24.465338268488903 22.7401327445983
342.8333333333333 24.46269810876908 22.738169687861536
343.3333333333333 24.460046811665652 22.73621606425747
343.8333333333333 24.45741716305012 22.73425842040691
344.3333333333333 24.454771052236364 22.732312649684427
344.8333333333333 24.452125994386698 22.730369589156663
345.3333333333333 24.449470272361925 22.728413203652167
345.8333333333333 24.44685017045199 22.726473318612772
346.3333333333333 24.444210262937872 22.72453085494671
346.8333333333333 24.441584577352803 22.722587614572337
347.3333333333333 24.438946912804262 22.720648844824996
347.8333333333333 24.436310890580852 22.71871134756295
348.3333333333333 24.43369005943535 22.716774504610765
348.8333333333333 24.431043177651755 22.714841218932456
349.3333333333333 24.42844404891264 22.712912587451278
349.8333333333333 24.425829352919394 22.71099216244107
350.3333333333333 24.423211683242933 22.709065347693898
350.8333333333333 24.420603498732817 22.707144393577103
351.3333333333333 24.417984926235672 22.70522686854656
351.8333333333333 24.415391137308152 22.703316502569013
352.3333333333333 24.412802901996102 22.70140044470557
352.8333333333333 24.41020211139369 22.699494524127445
353.3333333333333 24.407607716341758 22.697586044612514
353.8333333333333 24.405006635203343 22.695689453823483
354.3333333333333 24.40243800183388 22.693782101491422
354.8333333333333 24.3998667763587 22.691890169188362
355.3333333333333 24.397287153621072 22.690000499994238
355.8333333333333 24.394722076869996 22.688110161854162
356.3333333333333 24.392167394218127 22.68623512119094
356.8333333333333 24.389602298100197 22.684352508247272
357.3333333333333 24.38706179506587 22.68246779741114
357.8333333333333 24.384531606017724 22.680601204954165
358.3333333333333 24.381994509932206 22.678723669284373
358.8333333333333 24.37947805601778 22.67686845961316
359.3333333333333 24.37693333190175 22.675004309342004
359.8333333333333 24.374431902764403 22.67315124605851
360.3333333333333 24.371936987469553 22.671301339802852
360.83333333333326 24.36944371596828 22.669454197587946
361.3333333333333 24.36694671047954 22.66760709527736
361.8333333333333 24.36446072539639 22.665774281279603
362.33333333333326 24.3619770901635 22.663944157202426
362.8333333333333 24.359514070901085 22.66211607887582
363.3333333333333 24.357035890391735 22.66029106331566
363.83333333333326 24.354602966535204 22.658469941165215
364.3333333333333 24.352172694754223 22.656655786111408
364.8333333333333 24.349722826863278 22.6548453882214
365.33333333333326 24.347311322681552 22.653039320597234
365.8333333333333 24.34487895088223 22.65123940179126
366.3333333333333 24.342480385298764 22.649446925589103
366.83333333333326 24.340089047429274 22.64765224230123
367.3333333333333 24.33769890179432 22.645876382885714
367.8333333333333 24.33532197034127 22.644099378181025
368.33333333333326 24.3329637485511 22.642329135418265
368.8333333333333 24.330588826982456 22.64055177944103
369.3333333333333 24.328257927351405 22.638796822221238
369.83333333333326 24.325903469310774 22.63704582357112
370.3333333333333 24.32357476232734 22.635288326055658
370.8333333333333 24.321272519564832 22.633555210831872
371.33333333333326 24.318963430431385 22.631808568900414
371.8333333333333 24.316666197557453 22.630077050571792
372.3333333333333 24.31436512935874 22.62835607050722
372.83333333333326 24.312110472380496 22.62663427923274
373.3333333333333 24.309841417851423 22.624921714956624
373.8333333333333 24.307594727523615 22.623213232729853
374.33333333333326 24.305354590617576 22.621509917477994
374.8333333333333 24.30313259813118 22.619813481487412
375.3333333333333 24.300918628407473 22.618129169511146
375.83333333333326 24.29871195785214 22.616449410889317
376.3333333333333 24.296517113571568 22.614769353268112
376.8333333333333 24.294327202692976 22.61310145977045
377.33333333333326 24.29215855434476 22.611433642740106
377.8333333333333 24.28999058889891 22.60978384457715
378.3333333333333 24.287859155277715 22.608115681879845
378.83333333333326 24.285688671178576 22.60647053508077
379.3333333333333 24.283546461816442 22.604814341422873
379.8333333333333 24.281398925477053 22.6031707652822
380.33333333333326 24.27925221094197 22.6015261714673
380.8333333333333 24.277123763163132 22.59988448021784
381.3333333333333 24.274980009356618 22.59824575394385
381.83333333333326 24.2728588301938 22.596615449966087
382.3333333333333 24.270724470555365 22.59498251646483
382.8333333333333 24.26861426868811 22.593361500649443
383.33333333333326 24.26651295895876 22.591729798523254
