FastTrWP/PhaseSpace/IAs/snIa_0.55_30.00_2.69_0.02.csv
# %ECSV 0.9
# ---
# datatype:
# - {name: time-rel, datatype: float64}
# - {name: g, datatype: float64}
# - {name: i, datatype: float64}
# schema: astropy-2.0
time-rel g i
[from data line 1153]
633.0833333333334 23.47019760461411 22.324686933566262
633.5833333333334 23.47071297474912 22.324712219089964
634.0833333333334 23.471220894559345 22.32473903062281
634.5833333333334 23.47172984201252 22.32476039519794
635.0833333333334 23.472243459409086 22.32478528466515
635.5833333333334 23.47274935479293 22.32481647570537
636.0833333333334 23.473267166925453 22.324830286642015
636.5833333333334 23.473794946380227 22.32485902931505
637.0833333333334 23.47432546971758 22.32487912093194
637.5833333333334 23.474851476116 22.324912447085765
638.0833333333334 23.475376583050164 22.324939263532563
638.5833333333334 23.47590436227499 22.324964296517884
639.0833333333334 23.476445961783092 22.32498468715636
639.5833333333334 23.476993874891075 22.32501832959032
640.0833333333334 23.47751887014756 22.325042970512982
640.5833333333334 23.4780770394461 22.325072601035426
641.0833333333334 23.47861651686089 22.325094001729163
641.5833333333334 23.479174488401075 22.325130944429738
642.0833333333334 23.479725809817825 22.325154781673614
642.5833333333334 23.480288298363384 22.325182765313514
643.0833333333334 23.480852764345137 22.325211705523596
643.5833333333334 23.481406838419858 22.325245550215122
644.0833333333334 23.481982500362424 22.32527193624974
644.5833333333334 23.482549287114058 22.325306020854985
645.0833333333334 23.48313169911849 22.325330829090543
645.5833333333334 23.483709116339718 22.3253699119876
646.0833333333334 23.484273963794088 22.325394678967857
646.5833333333334 23.484868650718106 22.325423485393546
647.0833333333334 23.485447037465363 22.325455844399595
647.5833333333334 23.486046818647324 22.32548885341386
648.0833333333334 23.48663483747402 22.32551667239933
648.5833333333334 23.48724084941692 22.325558275801832
649.0833333333334 23.48784074632546 22.325582970234418
649.5833333333334 23.488439945011557 22.325617663016146
650.0833333333334 23.48904794711939 22.325650376051822
650.5833333333334 23.489655951500524 22.32568652745676
651.0833333333334 23.490274430964494 22.325721877882433
651.5833333333334 23.4908846236321 22.32574792501055
652.0833333333334 23.49149731189071 22.32578472697358
652.5833333333334 23.49212344302248 22.32582417860664
653.0833333333334 23.492756080143323 22.325848933083442
653.5833333333334 23.493382013478733 22.32589085900967
654.0833333333334 23.494015769736897 22.32592515848607
654.5833333333334 23.494640313544256 22.325957188368882
655.0833333333334 23.495291974792558 22.325994121419367
655.5833333333334 23.495933784362734 22.326036044001466
656.0833333333334 23.496569721115875 22.32606538490479
656.5833333333334 23.497222677048256 22.32611004328515
657.0833333333334 23.497883650127473 22.326146106074226
657.5833333333334 23.49853486486974 22.326174518844613
658.0833333333334 23.49919422742511 22.3262146911892
658.5833333333334 23.499854734815212 22.32625723746205
659.0833333333334 23.500517951783777 22.326293563162597
659.5833333333334 23.501195751981626 22.326333150219334
660.0833333333334 23.501873165920234 22.326376257637996
660.5833333333334 23.50254768972571 22.326411968669685
661.0833333333334 23.50322553178148 22.326451678497534
661.5833333333334 23.503926576124975 22.32649079340449
662.0833333333334 23.504615686456955 22.326527318668457
662.5833333333334 23.505326082652452 22.32656559686008
663.0833333333334 23.50600951057761 22.326607832567973
663.5833333333334 23.50671356846402 22.326642119182473
664.0833333333334 23.507431170734414 22.32669072821471
664.5833333333334 23.50814403522432 22.326736890016218
665.0833333333334 23.508866691750136 22.326775195906766
665.5833333333334 23.50959217842768 22.32680941464652
666.0833333333334 23.510304300732436 22.32685041124246
666.5833333333334 23.511043160089912 22.32689686515844
667.0833333333334 23.511775416856953 22.32693674809837
667.5833333333334 23.512504063784426 22.32697380333302
668.0833333333334 23.513241466656925 22.327020250460457
668.5833333333334 23.513994551482735 22.32706508626967
669.0833333333334 23.51474403696351 22.327106419883957
669.5833333333334 23.51550045454488 22.32715138944225
670.0833333333334 23.51626546949895 22.32719544764145
670.5833333333334 23.51700922353839 22.327232518362056
671.0833333333334 23.517782420632052 22.327278839923462
671.5833333333334 23.518543761651813 22.327328268526408
672.0833333333334 23.51932494609809 22.327367408862937
672.5833333333334 23.520088432254514 22.327415174371534
673.0833333333334 23.520870833701125 22.32746473514637
673.5833333333334 23.52164595786627 22.32750809696959
674.0833333333334 23.52243265455602 22.32755365342896
674.5833333333334 23.52320997321692 22.32759877817709
675.0833333333334 23.52401499577236 22.3276384831575
675.5833333333334 23.52480059500353 22.327692826430734
676.0833333333334 23.52559449829986 22.327742481238925
676.5833333333334 23.526393201739467 22.32778680961925
677.0833333333334 23.527197323049002 22.327834548040123
677.5833333333334 23.528004038972192 22.32788074642776
678.0833333333334 23.528823072686453 22.327931436069804
678.5833333333334 23.529638998401715 22.32798045188742
679.0833333333334 23.53045773631482 22.328028311693306
679.5833333333334 23.531270608483386 22.328074848318977
680.0833333333334 23.532081870886156 22.328126137680385
680.5833333333334 23.532910134329576 22.328184420932274
681.0833333333334 23.533739396919625 22.328231383919515
681.5833333333334 23.53456893712359 22.328276461738092
682.0833333333334 23.53539350647239 22.328329623676396
682.5833333333334 23.536228537488153 22.328373396246075
683.0833333333334 23.537075280151 22.32843295293251
683.5833333333334 23.537908962985092 22.328493065362686
684.0833333333334 23.5387548982423 22.32854441783021
684.5833333333334 23.539603708238662 22.328598110297886
685.0833333333334 23.54044638330814 22.328650854515008
685.5833333333334 23.541290642440767 22.328703185950594
686.0833333333334 23.542144352174144 22.32875801091472
686.5833333333334 23.542992886429587 22.328815183679076
687.0833333333334 23.54384786244944 22.32886614524491
687.5833333333334 23.544705607262742 22.328922654809222
688.0833333333334 23.545578975002694 22.328977985212255
688.5833333333334 23.5464256089587 22.329038888024478
689.0833333333334 23.547301024263305 22.329092954122732
689.5833333333334 23.548158960989497 22.329155963921426
690.0833333333334 23.54902690694121 22.329211489155604
690.5833333333334 23.549900812832746 22.329268459384416
691.0833333333334 23.550775212380962 22.329324963744497
691.5833333333334 23.55164375601933 22.329391014504992
692.0833333333334 23.552518978125274 22.329447093826605
692.5833333333334 23.553396509357334 22.32950626722741
693.0833333333334 23.55427145262987 22.329568931178414
693.5833333333334 23.55514911947745 22.32962902504176
694.0833333333334 23.556041130335107 22.32969098226304
694.5833333333334 23.55692219819224 22.32975736976463
695.0833333333334 23.55780962848289 22.329820379627414
695.5833333333334 23.558701113315713 22.329885675564856
