FastTrWP/PhaseSpace/IAs/snIa_0.55_30.00_0.17_0.10.csv
# %ECSV 0.9
# ---
# datatype:
# - {name: time-rel, datatype: float64}
# - {name: g, datatype: float64}
# - {name: i, datatype: float64}
# schema: astropy-2.0
time-rel g i
[from data line 1154]
727.2916666666666 24.008054630839922 22.288860431607283
727.7916666666666 24.009484742425332 22.288906573313774
728.2916666666666 24.01091664408806 22.288962372737604
728.7916666666666 24.01235764302072 22.289022488327618
729.2916666666666 24.013769865664504 22.289082354234534
729.7916666666666 24.015207057324584 22.28913972747452
730.2916666666666 24.016626030646137 22.289207790665294
730.7916666666666 24.018061093235904 22.289269440845082
731.2916666666666 24.019491682226946 22.289331955266725
731.7916666666666 24.020926647312862 22.28939490430484
732.2916666666666 24.022357919637145 22.289463342516438
732.7916666666666 24.02379692140166 22.28952520201482
733.2916666666666 24.02522984854251 22.28959776256312
733.7916666666666 24.026660469468958 22.289668594694312
734.2916666666666 24.02810254219971 22.28974024580975
734.7916666666666 24.029530286591108 22.289817429896686
735.2916666666666 24.030981096675468 22.2898937101009
735.7916666666666 24.032406387430516 22.289976477617927
736.2916666666666 24.03385912052423 22.29004286636807
736.7916666666666 24.035307037829273 22.290132056116963
737.2916666666666 24.03676023729892 22.290208882100142
737.7916666666666 24.038204490823496 22.290289491958582
738.2916666666666 24.039650918578346 22.29037469152268
738.7916666666666 24.041104625007637 22.29046046358231
739.2916666666666 24.042561595747728 22.29055234893002
739.7916666666666 24.044029076275205 22.29063920140003
740.2916666666666 24.045497722106802 22.290727680578904
740.7916666666666 24.046939402568075 22.290822023279468
741.2916666666666 24.048411702892892 22.29091673719274
741.7916666666666 24.049883985120566 22.291011795269625
742.2916666666666 24.051346535940986 22.291107184613125
742.7916666666666 24.052822885382014 22.291209215127342
743.2916666666666 24.054300583504972 22.291303186317464
743.7916666666666 24.055761561563635 22.291414255593068
744.2916666666666 24.057251170264692 22.29150566764404
744.7916666666665 24.05872559910021 22.291611693622357
745.2916666666666 24.060214919492104 22.2917258086133
745.7916666666666 24.061694492974993 22.291828810489044
746.2916666666665 24.063191515028596 22.291934910529644
746.7916666666666 24.064670499213676 22.29204095500431
747.2916666666666 24.066168020307487 22.29215663796117
747.7916666666665 24.06764559108651 22.292266466407426
748.2916666666666 24.06916465999449 22.29238500068085
748.7916666666666 24.07064473923388 22.29250372951272
749.2916666666665 24.072153686446978 22.29261555972455
749.7916666666666 24.07365262470588 22.292734140073822
750.2916666666666 24.075152954778474 22.292857912545013
750.7916666666665 24.076642764448295 22.29297940684799
751.2916666666666 24.078159676452962 22.293105761359445
751.7916666666666 24.079675805508547 22.293222482199077
752.2916666666665 24.081188210859523 22.293351691671006
752.7916666666666 24.08269756511892 22.293479685482467
753.2916666666666 24.084200375304917 22.293611171948953
753.7916666666665 24.08572188065002 22.293740652509747
754.2916666666666 24.087246459780648 22.29387260576147
754.7916666666666 24.088775754723272 22.294007283525975
755.2916666666665 24.090295168120583 22.294138952577956
755.7916666666666 24.09182399980945 22.294275491574123
756.2916666666666 24.093351349207488 22.294416654173265
756.7916666666665 24.094879293427375 22.294544306400702
757.2916666666666 24.09641124002632 22.29469375159678
757.7916666666666 24.097931527720768 22.294838655607847
758.2916666666665 24.099490694512454 22.294978941939885
758.7916666666666 24.101013526034876 22.295121192084167
759.2916666666666 24.102547201099863 22.295271451062998
759.7916666666665 24.104094920202787 22.295414998813975
760.2916666666666 24.10563914942213 22.295567029055597
760.7916666666666 24.10719448516375 22.295719790882423
761.2916666666665 24.10874243433892 22.295870205119893
761.7916666666666 24.110294579108455 22.29601329026157
762.2916666666666 24.111834348791 22.296174268119408
762.7916666666665 24.113379072969153 22.296328613075257
763.2916666666666 24.1149323989481 22.29648574951282
763.7916666666666 24.116504730783635 22.2966432995229
764.2916666666665 24.118046513440735 22.296802137177984
764.7916666666666 24.119617380637536 22.29696605649577
765.2916666666666 24.121174247203605 22.297126761264224
765.7916666666665 24.122742975284815 22.297287165377252
766.2916666666666 24.12429928904539 22.297454367893657
766.7916666666666 24.12588496221177 22.297616943182422
767.2916666666665 24.12744085714001 22.29778170398636
767.7916666666666 24.12902844600701 22.297963547642112
768.2916666666666 24.13058623251997 22.29813290321999
768.7916666666665 24.132179019843647 22.298299427167606
769.2916666666666 24.133745739474936 22.298474037279668
769.7916666666666 24.13531433021747 22.29865231967064
770.2916666666665 24.136914519803582 22.298825841885655
770.7916666666666 24.138499682786268 22.299001862160633
771.2916666666666 24.14008180604852 22.299183021280008
771.7916666666665 24.141663148641356 22.299363997225385
772.2916666666666 24.143249765797346 22.299544770602395
772.7916666666666 24.144842051690993 22.299725442851933
773.2916666666665 24.146422166014283 22.299911587097302
773.7916666666666 24.148041480520902 22.300093638585427
774.2916666666666 24.14964823001459 22.300289957226592
774.7916666666665 24.151231758005505 22.300475144949424
775.2916666666666 24.15284877359055 22.300664530359843
775.7916666666666 24.154454170155645 22.30085916935306
776.2916666666665 24.156073976944867 22.301052645699542
776.7916666666666 24.15768260117556 22.30124659290557
777.2916666666666 24.159287555816498 22.301449379771697
777.7916666666665 24.160903815794548 22.301637538770237
778.2916666666666 24.162522442591715 22.30183918093395
778.7916666666666 24.164144622204944 22.302042980960024
779.2916666666665 24.165758583115075 22.302245037532153
779.7916666666666 24.16739291950629 22.302450161924096
780.2916666666666 24.169028411643634 22.302654352742636
780.7916666666665 24.170667283122413 22.30285929674387
781.2916666666666 24.17228895126734 22.303074570661366
781.7916666666666 24.173929959023223 22.303278955069025
782.2916666666665 24.175562066440147 22.303496400947523
782.7916666666666 24.1771926232366 22.303708383672433
783.2916666666666 24.17884235008571 22.303914770442468
783.7916666666665 24.180474951781594 22.30414058515517
784.2916666666666 24.182117505695157 22.304367728929076
784.7916666666666 24.183773641597995 22.304569947448677
785.2916666666665 24.18543182303126 22.304792063931696
785.7916666666666 24.18707573083664 22.30501329725216
786.2916666666666 24.188735702324276 22.305244786630475
786.7916666666665 24.190392777347252 22.305464917496295
787.2916666666666 24.192040630685838 22.30568766567651
787.7916666666666 24.19371092147938 22.3059160636869
788.2916666666665 24.19537220974156 22.306146495487344
788.7916666666666 24.19704000103207 22.306378665410257
789.2916666666666 24.198713202490126 22.30660951363643
789.7916666666665 24.20038886993655 22.306844826238063
790.2916666666666 24.202060553255038 22.307073833976073
790.7916666666666 24.203744710400727 22.307312379288554
791.2916666666665 24.205411726624277 22.307545083492272
791.7916666666666 24.207073255336503 22.307781576052523
792.2916666666666 24.20875627636176 22.308027763440258
792.7916666666665 24.21045345426076 22.30826036588247
793.2916666666666 24.21213611803145 22.30851075949363
793.7916666666666 24.21382754131234 22.30875126802456
794.2916666666665 24.215520304085288 22.309002982027778
794.7916666666666 24.217201492221676 22.309246712011234
795.2916666666666 24.21889152996002 22.309486205590808
795.7916666666665 24.220616469777614 22.309735988761634
796.2916666666666 24.222300024476596 22.309993265565502
796.7916666666666 24.224004737262177 22.31024207692822
797.2916666666665 24.22570785160747 22.310488047841623
797.7916666666666 24.22741518009378 22.310742764572172
798.2916666666666 24.229102472807366 22.31100109298776
798.7916666666665 24.23081672467403 22.311254960606565
799.2916666666666 24.232530910669357 22.3115163242467
799.7916666666666 24.23425621815555 22.311772822054255
800.2916666666665 24.235961839918367 22.31202832845576
800.7916666666666 24.237667159899054 22.31229261479511
801.2916666666666 24.23938356453194 22.312555820276664
801.7916666666665 24.24112363622642 22.31281667671015
802.2916666666666 24.24282867296151 22.313078076394635
802.7916666666666 24.244564459721822 22.313351601558708
803.2916666666665 24.246295670518148 22.313614734565995
803.7916666666666 24.248031388936255 22.313881512151106
804.2916666666666 24.249740579093988 22.31415287694084
804.7916666666665 24.251485780794916 22.314428101533572
805.2916666666666 24.253208054764166 22.314696535828162
805.7916666666666 24.254957753157402 22.314971515798696
806.2916666666665 24.256694789739687 22.31523993276776
806.7916666666666 24.258443966990427 22.315515818821122
807.2916666666666 24.2601649096526 22.315790454939417
807.7916666666665 24.261926752034128 22.316072627262642
808.2916666666666 24.263670205869555 22.31635264053876
808.7916666666666 24.26540588068306 22.316630860768313
809.2916666666665 24.267177037354376 22.316909408665676
809.7916666666666 24.26891987971665 22.317194940037346
810.2916666666666 24.27067673469984 22.31748486613354
810.7916666666665 24.27244217004121 22.317773954294022
811.2916666666666 24.274223237331626 22.31806069163732
811.7916666666666 24.27600032517058 22.31834820855969
812.2916666666665 24.277763060220924 22.31863815748881
812.7916666666666 24.279554137360098 22.318938254764817
813.2916666666666 24.28133454768773 22.31924092789398
813.7916666666665 24.28313233328489 22.3195277667774
814.2916666666666 24.284918684329583 22.319830069111887
814.7916666666666 24.286716106160494 22.320121244450256
815.2916666666665 24.28847719423121 22.320430125611335
815.7916666666666 24.2902888850212 22.32072690323652
816.2916666666666 24.292099228974685 22.321037294251596
816.7916666666665 24.293901402698385 22.321340910978655
817.2916666666666 24.295712094608234 22.321651209082
817.7916666666666 24.297517653021423 22.32196392202542
818.2916666666665 24.299330765176357 22.32227033340234
818.7916666666666 24.30114629389069 22.32258487818332
819.2916666666666 24.302956299781428 22.322895172045616
819.7916666666665 24.304791180865777 22.323217301848164
820.2916666666666 24.306627471829728 22.32353195446036
820.7916666666666 24.308452058071992 22.323847263442055
821.2916666666665 24.310274869776897 22.32416685883586
821.7916666666666 24.312112459738984 22.32448991551574
822.2916666666666 24.31392928312688 22.324808213665655
822.7916666666665 24.31576471373118 22.32513190992011
823.2916666666666 24.317605388110977 22.325452425007896
823.7916666666666 24.319456504896845 22.32578123599132
824.2916666666665 24.321277785364245 22.32609983312743
824.7916666666666 24.323142171363866 22.32643223498792
825.2916666666666 24.32498970901573 22.326761226625727
825.7916666666665 24.32682448820443 22.32709099292258
826.2916666666666 24.328676248739946 22.32742178658964
826.7916666666666 24.33053251890421 22.327755317580497
827.2916666666665 24.33236820241145 22.328086494797184
827.7916666666666 24.334253760618495 22.328416841926405
828.2916666666666 24.33609873068383 22.328761843278482
828.7916666666665 24.337950639362106 22.329093995015988
829.2916666666666 24.339815001672665 22.3294366616007
829.7916666666666 24.341668468369335 22.329771006536788
830.2916666666665 24.34353887975394 22.330110485906722
830.7916666666666 24.34538623685191 22.33045182761011
831.2916666666666 24.34726425008598 22.330796221502965
831.7916666666665 24.349107307691973 22.331126832683665
832.2916666666666 24.35098228956752 22.33147876309627
832.7916666666666 24.352851812650954 22.331821315649357
833.2916666666665 24.354714572358766 22.3321648163897
833.7916666666666 24.356574643546093 22.332513483088512
834.2916666666666 24.35845683040009 22.33285899704844
834.7916666666665 24.360309418443713 22.33320362273396
835.2916666666666 24.36216889253806 22.3335529877953
835.7916666666666 24.364056288690175 22.33390042584852
836.2916666666665 24.365914178819867 22.334245978219002
836.7916666666666 24.36778860983909 22.33460053388848
837.2916666666666 24.369652242606733 22.334952280598404
837.7916666666665 24.371510112208274 22.335301289248243
838.2916666666666 24.3734048569598 22.33565596709643
838.7916666666666 24.375249683907114 22.33601073957365
839.2916666666665 24.37711886856046 22.336359172973857
839.7916666666666 24.378974085215944 22.33671342802881
840.2916666666666 24.380848991845863 22.337074797418097
840.7916666666665 24.382721245871505 22.337428386601275
841.2916666666666 24.384592549662717 22.33777993610833
841.7916666666666 24.386434569816352 22.33813828780935
842.2916666666665 24.388325739322987 22.338496704148216
842.7916666666666 24.390162004640498 22.338851207515308
843.2916666666666 24.392031195203472 22.33920924740369
843.7916666666665 24.39388795575352 22.339574516984683
844.2916666666666 24.395743116213747 22.339933389032673
844.7916666666666 24.397599494643188 22.34028679983239
845.2916666666665 24.39945486698001 22.34064629387122
845.7916666666666 24.4013241906225 22.34101391827958
846.2916666666666 24.40318354390675 22.341363006855776
846.7916666666665 24.405049023481844 22.341732241226882
847.2916666666666 24.406879941978318 22.342092663054377
847.7916666666666 24.40875019204598 22.34246406807349
848.2916666666665 24.41062273746422 22.34282243242191
848.7916666666666 24.412471377987583 22.34319568221825
849.2916666666666 24.414327336601588 22.343561505633886
849.7916666666665 24.416187307943822 22.343929352502194
850.2916666666666 24.418054617224207 22.344297465263484
850.7916666666666 24.419921370136286 22.344662281221428
851.2916666666665 24.421791372196218 22.345041315500453
851.7916666666666 24.423645515692755 22.34541238287077
852.2916666666666 24.42548774838422 22.34578649283072
852.7916666666665 24.427376778693688 22.3461663261264
853.2916666666666 24.429238761410737 22.346539345081858
853.7916666666666 24.431118133081963 22.346916573763274
854.2916666666665 24.432988567000443 22.347291351695873
854.7916666666666 24.434849374390808 22.34767167095379
855.2916666666666 24.43671766420179 22.348051942486972
855.7916666666665 24.438584521983056 22.34843433692598
856.2916666666666 24.440454129716997 22.348819531783928
856.7916666666666 24.44233269277033 22.349190498220935
857.2916666666665 24.44419933849082 22.349576371354555
857.7916666666666 24.446073918716962 22.34996309630922
858.2916666666666 24.447944072813705 22.35034289685778
858.7916666666665 24.449797154812313 22.350728998011405
859.2916666666666 24.45169363499965 22.351119793340345
859.7916666666666 24.453561975496495 22.35150638177514
860.2916666666665 24.455426936529253 22.351896553831057
860.7916666666666 24.457321370559043 22.352280448950516
861.2916666666666 24.4591965932189 22.352673379419443
861.7916666666665 24.461062234174094 22.353066470628985
862.2916666666666 24.462938525652582 22.353454285614337
862.7916666666666 24.464808654812003 22.35384780918807
863.2916666666665 24.46668165323521 22.354238303792044
863.7916666666666 24.4685468138319 22.35463344634557
864.2916666666666 24.47042431018232 22.355030186694705
864.7916666666665 24.472309981667788 22.355424848646486
865.2916666666666 24.47418054213873 22.35582407124256
865.7916666666666 24.476058251311077 22.356221139143045
866.2916666666665 24.477947565892496 22.35661717900715
866.7916666666666 24.47980151969899 22.35701603501243
867.2916666666666 24.481697222802865 22.35741938149313
867.7916666666665 24.483583804744864 22.35782259730057
868.2916666666666 24.48544417145716 22.358222961724152
868.7916666666666 24.48732088549015 22.35861678349723
869.2916666666665 24.489205499713506 22.35902853527432
869.7916666666666 24.491079819132267 22.35942621052709
870.2916666666666 24.492952569755722 22.359832246828447
870.7916666666665 24.4948313652575 22.360242088620215
871.2916666666666 24.49670738866571 22.36064197758975
