FastTrWP/PhaseSpace/IAs/snIa_0.63_30.00_1.59_0.01.csv
# %ECSV 0.9
# ---
# datatype:
# - {name: time-rel, datatype: float64}
# - {name: g, datatype: float64}
# - {name: i, datatype: float64}
# schema: astropy-2.0
time-rel g i
[from data line 1047]
577.75 23.768887706780536 22.248822877764532
578.25 23.769057365256682 22.248573412226925
578.75 23.769244770051294 22.24834199206702
579.25 23.76942370643436 22.248097071233378
579.75 23.769607530359814 22.247862627058836
580.25 23.76980120338147 22.24762042529409
580.75 23.769993114281185 22.247384863711833
581.25 23.77019503104607 22.24714399190389
581.75 23.770396697984935 22.246911130639052
582.25 23.77060340428462 22.246677863901553
582.75 23.770803583234155 22.246438552049188
583.25 23.771024845188606 22.246207397830485
583.75 23.771253313104296 22.245966362272934
584.25 23.771461437140943 22.2457431503172
584.75 23.771675833462883 22.245509249838086
585.25 23.771920417770666 22.2452817216475
585.75 23.77216932111248 22.245046596355643
586.25 23.77240635652064 22.24482683424275
586.75 23.772642121411224 22.244597021053757
587.25 23.772890796638407 22.244370171713832
587.75 23.773132605326268 22.244140968890775
588.25 23.773383231560658 22.24392007069689
588.75 23.773657164190254 22.24370045041639
589.25 23.77393210587084 22.243474951615383
589.75 23.774184876819646 22.243250182199873
590.25 23.774472131636397 22.2430366883667
590.75 23.77475376641509 22.24281269048514
591.25 23.77502820385726 22.242592635252514
591.75 23.77531398117032 22.242371695578164
592.25 23.77561281834342 22.242162319559608
592.75 23.77589702246027 22.241943834178734
593.25 23.77620887536427 22.24172873411947
593.75 23.7765107275853 22.24150893245661
594.25 23.776825947668474 22.241305198692245
594.75 23.777146813740934 22.2410947157336
595.25 23.777454744126295 22.240875129399278
595.75 23.77777433460146 22.240670108469676
596.25 23.778113321728988 22.240461535224306
596.75 23.778440718511824 22.24025195905577
597.25 23.778779519908554 22.240047806183632
597.75 23.779108815453483 22.239834444712145
598.25 23.779464246219916 22.23963497878315
598.75 23.77980855132882 22.23943030362841
599.25 23.78017899440689 22.23922332928272
599.75 23.78053794069253 22.23902119617913
600.25 23.7809027980925 22.238824377448996
600.75 23.781267504521026 22.238621839390547
601.25 23.781646399189896 22.2384279334424
601.75 23.782023451532176 22.238223740216707
602.25 23.782416325707132 22.238025967636553
602.75 23.78280688696662 22.237829662160248
603.25 23.78320066597164 22.237631398574308
603.75 23.783606702962217 22.237443142060386
604.25 23.784001127036618 22.237246157725092
604.75 23.784401537562516 22.237057195628065
605.25 23.78481402573499 22.236861606021172
605.75 23.78525001852792 22.236676903249275
606.25 23.78567404809115 22.23648228085373
606.75 23.78608504929554 22.236297541719434
607.25 23.786528849052214 22.23611322080352
607.75 23.786973473524334 22.2359250128727
608.25 23.787417020485357 22.2357345270458
608.75 23.787852277469707 22.235559472942946
609.25 23.788312488522916 22.235369348926216
609.75 23.788776527369425 22.235197337441374
610.25 23.78923594157509 22.23501133371869
610.75 23.78969390007484 22.23483151172962
611.25 23.79017914027122 22.234653892415995
611.75 23.790666083538277 22.234478264149825
612.25 23.791151949602188 22.23430141292304
612.75 23.791632169926793 22.234122998715712
613.25 23.792134893677886 22.233948213513585
613.75 23.792618559710377 22.23377203147377
614.25 23.793142625686897 22.233604845770436
614.75 23.793645261337836 22.233431990189544
615.25 23.79416182212529 22.2332625134152
615.75 23.794683913273836 22.233094329125013
616.25 23.795212524143817 22.23292470925628
616.75 23.79573856291273 22.232761067167893
617.25 23.796283992085748 22.232598689380303
617.75 23.79681423415562 22.23243014263476
618.25 23.797374211025094 22.232262399240827
618.75 23.797925465480482 22.232094653538397
619.25 23.7984806661523 22.23193871979129
619.75 23.79904862190851 22.23178030412299
620.25 23.799623656621126 22.231622840098787
620.75 23.800197682583217 22.23146077516212
621.25 23.800769796547776 22.231300067412903
621.75 23.801354149680854 22.231142067187037
622.25 23.801948901111306 22.23099291867646
622.75 23.802538109997823 22.23083248051582
623.25 23.803135186967435 22.230678707080465
623.75 23.803735128837587 22.2305247399447
624.25 23.804352260408926 22.230362696231015
624.75 23.804958423218686 22.230223083491772
625.25 23.80557366978639 22.230070001110832
625.75 23.806207430313002 22.229915827176402
626.25 23.806852464588935 22.22977018320242
626.75 23.807463942093605 22.229624087996157
627.25 23.80811289271925 22.22947396465468
627.75 23.808744415485737 22.229331408119606
628.25 23.809413844633273 22.229185013579983
628.75 23.81006874837159 22.229050839620236
629.25 23.810710275332415 22.228897180846964
629.75 23.811382723140607 22.228755583460487
630.25 23.812054745402502 22.228619644069095
630.75 23.812732462399357 22.228480717410317
631.25 23.813415829500496 22.228337122133834
631.75 23.81409979612265 22.22820781580286
632.25 23.814799122259984 22.22806962008335
632.75 23.815501020813073 22.22793364927729
633.25 23.816198361955642 22.22779393273127
633.75 23.816909032367196 22.22766259593508
634.25 23.81760897521606 22.22752792713117
634.75 23.818344800404233 22.22740205734842
635.25 23.8190463827701 22.227264724703495
635.75 23.81978993708788 22.22714229276842
636.25 23.820521152417307 22.227009620730417
636.75 23.821260835035098 22.226878673844382
637.25 23.822008928242955 22.226755469354572
637.75 23.82276707880608 22.226629531131525
638.25 23.823526443384363 22.22650302018815
638.75 23.824280220327214 22.22638219995065
639.25 23.825053091000967 22.226259934186817
639.75 23.825835285983857 22.226142092789807
640.25 23.826603386412422 22.226016940614592
640.75 23.82741186309673 22.225899332088975
641.25 23.828187212423458 22.225783622993873
641.75 23.828972142155827 22.2256704141908
642.25 23.829789258685146 22.22554733774259
642.75 23.830588190617018 22.225433575522064
643.25 23.831401250142346 22.225322625295277
643.75 23.832229304290678 22.22521177810762
644.25 23.833058411219753 22.225100861636136
644.75 23.833882326812926 22.224985317906686
645.25 23.83472952634388 22.224874201658626
645.75 23.835567447404564 22.224768682832313
646.25 23.836417830998148 22.22466236674146
646.75 23.837260970161154 22.22455028679043
647.25 23.838133070113322 22.224447680273233
647.75 23.83899022948038 22.224338521963276
648.25 23.839868499721504 22.22423883741557
648.75 23.840751588082597 22.22413953164551
649.25 23.84163093919024 22.224041658907172
649.75 23.842516547417038 22.22394036106866
650.25 23.8434209163658 22.22384226705718
650.75 23.8443221184192 22.223746707547342
651.25 23.845224960588354 22.22364441031287
651.75 23.84613758490638 22.223551349994388
652.25 23.84707048413081 22.223455153914017
652.75 23.847983593948356 22.22335953849669
653.25 23.84892691876155 22.223271496750783
653.75 23.849866919694897 22.223182853148977
654.25 23.850805341417125 22.223089405344773
654.75 23.85174503126535 22.22300457328924
655.25 23.85271561361816 22.22291753619274
655.75 23.853667859780284 22.222823918044483
656.25 23.854656745806505 22.22274959658302
656.75 23.85562559231242 22.22265551892471
657.25 23.85661343549141 22.222577474265673
657.75 23.85761192990689 22.22249626230502
658.25 23.858607337028516 22.22241651207398
658.75 23.85961585949998 22.22233361164172
659.25 23.860649073125458 22.222249065789704
659.75 23.861675156168825 22.222178901114674
660.25 23.862734555666442 22.222092430466766
660.75 23.863783797059245 22.222018146395953
661.25 23.86484110836802 22.221941369882835
661.75 23.86592362801956 22.221858974872006
662.25 23.867001371166126 22.22178622242765
662.75 23.86807469844911 22.22172127647842
663.25 23.869183533374052 22.221647721581444
663.75 23.87028144694435 22.22157426449776
664.25 23.871402369370305 22.221499922816164
664.75 23.872530297687096 22.2214303585284
665.25 23.87366048693593 22.221360103187358
665.75 23.874808715393037 22.221291239564177
666.25 23.875952508716978 22.221228058758484
666.75 23.877107516678393 22.221164354610686
667.25 23.87827007960167 22.2210972585022
667.75 23.879443511732962 22.221029363154475
668.25 23.880604940354612 22.220967038122414
668.75 23.88180825812541 22.220908978567078
669.25 23.882996931360175 22.2208454423384
669.75 23.88418934175798 22.220782547794787
670.25 23.88540183983313 22.220726804309642
670.75 23.886608540183406 22.22067019019835
671.25 23.88781786862574 22.22060926836783
671.75 23.889060583933237 22.220558338736467
672.25 23.890293305620347 22.220503234819148
672.75 23.89152052849589 22.220444894571294
673.25 23.89276411737623 22.22039754813769
673.75 23.894017538139174 22.220344403282212
674.25 23.895262442152752 22.220293673717322
674.75 23.89653324367867 22.2202425283557
675.25 23.897783969248742 22.220199519257065
675.75 23.89906024387857 22.220147910489366
676.25 23.900332972547076 22.220104542069393
676.75 23.901614488489933 22.2200655018583
677.25 23.902885068071544 22.220015113690174
677.75 23.904181606235802 22.219975159228426
678.25 23.905466390578557 22.2199349991025
678.75 23.90677555820986 22.219893671146146
679.25 23.908072583927478 22.21985654991769
679.75 23.909369543901885 22.219819491850615
680.25 23.910679437994133 22.2197840141105
680.75 23.911986026588522 22.219752109223315
681.25 23.91329606963785 22.219717046372402
681.75 23.91461093772854 22.219685614933443
682.25 23.915941338250768 22.219656309755486
682.75 23.91726090381402 22.21962882833725
683.25 23.918589646265698 22.219602820718073
683.75 23.91991234305594 22.21957102031436
684.25 23.921248953033217 22.219546774200243
684.75 23.922570792161224 22.219526894284492
685.25 23.923900163199995 22.219502760564154
685.75 23.925245191808216 22.21948598515397
686.25 23.926586291976083 22.21945901392431
686.75 23.92792364842264 22.219448812154205
687.25 23.92927276564631 22.219427626418945
687.75 23.930599497602003 22.219410297321552
688.25 23.93195161181712 22.219401994495477
688.75 23.933291248584368 22.219387080235293
689.25 23.934629507256382 22.219379113817148
689.75 23.93596935926216 22.219371437475807
690.25 23.93730804885735 22.21936159245263
690.75 23.93866295213124 22.21934882757431
691.25 23.940009340691077 22.219347079133524
691.75 23.941351552122725 22.219340783071605
692.25 23.94267702898853 22.21934047127617
692.75 23.944033123997666 22.21934007386876
693.25 23.945377408002763 22.21934297140118
693.75 23.946704782185613 22.21934472374126
694.25 23.948055700005156 22.219359014494998
694.75 23.949391663247997 22.219352290146293
695.25 23.950721453133777 22.219369856373984
