FastTrWP/PhaseSpace/IAs/snIa_0.35_30.00_-1.37_0.03.csv
# %ECSV 0.9
# ---
# datatype:
# - {name: time-rel, datatype: float64}
# - {name: g, datatype: float64}
# - {name: i, datatype: float64}
# schema: astropy-2.0
time-rel g i
[from data line 350]
-205.0 23.688028513514368 23.274456858592565
-204.5 23.683242462017024 23.27077722498984
-204.00000000000006 23.678496592064754 23.267108160788702
-203.5 23.67375584892418 23.263450468624846
-203.0 23.669058070398883 23.259811948207062
-202.50000000000006 23.664386920165008 23.25621443840472
-202.0 23.65975325301182 23.252611583964562
-201.5 23.655132143532917 23.249033109692622
-201.00000000000006 23.65055484192768 23.24547558870211
-200.5 23.64603155746169 23.241925715203266
-200.0 23.641516823914497 23.238413945514477
-199.50000000000006 23.63703941610556 23.23490352543235
-199.0 23.632590457932302 23.23142038743274
-198.5 23.628181705779436 23.227960361541964
-198.00000000000006 23.623806279903143 23.224518785169813
-197.5 23.619459521389015 23.22108762197859
-197.0 23.61514654233025 23.217694804338542
-196.50000000000006 23.610863019055827 23.214295455166273
-196.0 23.606583056811907 23.21091656202643
-195.5 23.602322911545013 23.207545076102022
-195.00000000000006 23.598072219132753 23.20417793860117
-194.5 23.593839312722018 23.200811192225256
-194.0 23.589620198139283 23.197478863824152
-193.50000000000006 23.58541729825734 23.19413299989465
-193.0 23.5812183036104 23.19079931772233
-192.5 23.577049135491674 23.187482009694488
-192.00000000000006 23.572882114029778 23.184156886849717
-191.5 23.568744885444467 23.180858643994245
-191.0 23.56461881425873 23.17756744944489
-190.50000000000006 23.56050324253289 23.17428006518975
-190.0 23.556402082759117 23.171011748963974
-189.5 23.552317553040318 23.167740236993176
-189.00000000000006 23.54824213448358 23.164482826483678
-188.5 23.544195037827144 23.161244225201116
-188.0 23.540165698808405 23.158010531164336
-187.50000000000006 23.53614588115726 23.154781759596418
-187.0 23.53214632723407 23.151576395839367
-186.5 23.528164028035246 23.1483764468445
-186.00000000000006 23.524195871638597 23.14517672548337
-185.5 23.520255624939082 23.142005341211398
-185.0 23.51631095278872 23.138833728474562
-184.50000000000006 23.512403552307838 23.135672015183253
-184.0 23.50852272310548 23.13253068610662
-183.5 23.504645411772227 23.129386129338016
-183.00000000000006 23.500785286100854 23.126261964733796
-182.5 23.49694990219041 23.123157932934987
-182.0 23.493133343433175 23.120058553535607
-181.50000000000006 23.489332359124305 23.11697061796139
-181.0 23.485557739769746 23.113895702305566
-180.5 23.481787523991464 23.110819096835485
-180.00000000000006 23.47804827255509 23.10777517419478
-179.5 23.474321326735577 23.104737396974603
-179.0 23.470623236188082 23.10169630708764
-178.50000000000006 23.46694164996191 23.098687835724295
-178.0 23.46327350379007 23.095687715775117
-177.5 23.45963666207549 23.09269537922486
-177.00000000000006 23.45600558362435 23.089725116022347
-176.5 23.452408377500085 23.086751901002707
-176.0 23.448830606096337 23.083804366542143
-175.50000000000006 23.445271611575986 23.08086278041938
-175.0 23.44172953175213 23.077952255560426
-174.5 23.438213240517364 23.075023426881668
-174.00000000000006 23.434721909481905 23.072141185907483
-173.5 23.43124762817769 23.069247673061454
-173.0 23.42778967202102 23.066377036339784
-172.50000000000006 23.424364907012688 23.063510952176912
-172.0 23.420951937979034 23.060675247232112
-171.5 23.417554574663235 23.057840691413123
-171.00000000000006 23.41419604485907 23.05502910216381
-170.5 23.41084457521747 23.05222801135425
-170.0 23.407520489555708 23.049440338158792
-169.50000000000006 23.404217236991236 23.046668782101225
-169.0 23.40094463796138 23.04390638605544
-168.5 23.397693231887796 23.041157271642916
-168.00000000000006 23.394456518544118 23.038427096315544
-167.5 23.3912496516011 23.035719459649012
-167.0 23.38807332971221 23.03302121333417
-166.50000000000006 23.384887032451886 23.030327169036124
-166.0 23.381746460630385 23.027654734616622
-165.5 23.378626321958706 23.024998843318187
-165.00000000000006 23.375533078182784 23.0223527046857
-164.5 23.372470554692356 23.019722713019483
-164.0 23.36941245217785 23.017117390379976
-163.50000000000006 23.3663772040348 23.014511095537273
-163.0 23.36335324325175 23.01190811664125
-162.5 23.360335039264875 23.009332764545604
-162.00000000000006 23.357351665482252 23.00675626390161
-161.5 23.354391277944448 23.004197947029482
-161.0 23.351422951831463 23.001646377248598
-160.50000000000006 23.34847515676924 22.99909706325707
-160.0 23.345551347228323 22.996572471884164
-159.5 23.342649498863803 22.994061142364835
-159.00000000000006 23.339754484404015 22.991547302174112
-158.5 23.33686855012671 22.98904398532546
-158.0 23.334016327950557 22.986555729392283
-157.50000000000006 23.33116893763797 22.98407888058375
-157.0 23.32833739008646 22.981600355047355
-156.5 23.325530903565337 22.97915701777738
-156.00000000000006 23.322722668928062 22.97670205164215
-155.5 23.319949198594045 22.974262514347956
-155.0 23.31716959932698 22.971838499119205
-154.50000000000006 23.31441132586646 22.969422410773525
-154.0 23.311681550901078 22.96702004370397
-153.5 23.308958567681294 22.96461925086519
-153.00000000000006 23.306243026770975 22.962233612164447
-152.5 23.303542369095847 22.959860456449974
-152.0 23.300872059107007 22.957491531065557
-151.50000000000006 23.298213541092977 22.95513060338585
-151.0 23.295563208088087 22.952788571222385
-150.5 23.29291227418264 22.95045635396445
-150.00000000000006 23.290307990514414 22.948127701005365
-149.5 23.287695596196528 22.945799880051304
-149.0 23.285116560565214 22.9434995076451
-148.50000000000006 23.282527297184565 22.941202722011944
-148.0 23.279972140396453 22.938916360449415
-147.5 23.27742357181122 22.93663694187913
-147.00000000000006 23.274899230493574 22.934369781503264
-146.5 23.2723730959232 22.932109806992482
-146.0 23.26986948757845 22.929866418144222
-145.5 23.267392311979464 22.927623875213662
-145.0 23.264917769227225 22.92538542982287
-144.5 23.26244544724288 22.92317157636254
-144.0 23.259993865022828 22.92095757033831
-143.5 23.25756615607229 22.91875746961154
-143.0 23.25514239570845 22.916571826138984
-142.5 23.252732976232604 22.914379086209323
-142.0 23.250348282348156 22.912204145571266
-141.5 23.247974083118113 22.910042710953945
-141.0 23.2456082206512 22.907886844904436
-140.5 23.24325823177761 22.90574581534274
-140.0 23.240913791252247 22.903608500267723
-139.5 23.238600770414386 22.901470450978096
-139.0 23.2362959775704 22.899362396387897
-138.5 23.233996801485922 22.89725592754888
-138.0 23.2317042143608 22.895146664801132
-137.5 23.229441949034744 22.893056603255477
-137.0 23.227191408082312 22.890982949666288
-136.5 23.224943961775224 22.888909604179656
-136.0 23.222712443689527 22.88684488242783
-135.5 23.220505712930436 22.884784967321995
-135.0 23.21829998027701 22.882741261600202
-134.5 23.216125732099066 22.880702203531776
-134.0 23.21394342097598 22.878675737620178
-133.5 23.21177506260475 22.876659600193378
-133.0 23.209635875397044 22.8746476775965
-132.5 23.20749956750702 22.872650851428446
-132.0 23.205381137252044 22.870653227127463
-131.5 23.203252651362916 22.868672909985506
-131.0 23.201159461635655 22.86670421556698
-130.5 23.199072375225178 22.86471916086882
-130.0 23.1970026514445 22.862765628918275
-129.5 23.194925106154454 22.860815779847805
-129.0 23.192884008385413 22.85886518708107
-128.5 23.19082771693872 22.856928330212035
-128.0 23.188807876288443 22.854995264125044
-127.5 23.18677733203821 22.853077390974534
-127.0 23.184772692402902 22.851155516134156
-126.5 23.182771589588572 22.849249279351746
-126.0 23.18078527614764 22.847354857915047
-125.5 23.178808545232027 22.845468028809606
-125.0 23.176847570000746 22.843577008565777
-124.5 23.17489670310762 22.84170061393281
-124.0 23.172961315757185 22.839831318927274
-123.5 23.17102726816094 22.837975647945086
-123.0 23.169094004152182 22.83611799459286
-122.5 23.167197027754444 22.834272774122965
-122.0 23.165296901970635 22.832437766932795
-121.5 23.163406166768056 22.830609065934013
-121.0 23.1615262452082 22.82877762099144
-120.5 23.159673430467546 22.8269700477091
-120.0 23.15782176382296 22.82516218240137
-119.5 23.155972607967943 22.82335644771228
-119.0 23.15416386182878 22.821575015588444
-118.5 23.152323654882654 22.81978345516731
-118.0 23.15051832118135 22.81801060971334
-117.5 23.148714593599383 22.81624484990133
-117.0 23.146939162766436 22.814479139865025
-116.5 23.145155936850973 22.812725178394487
-116.0 23.14339645955114 22.81097754366497
-115.5 23.141641563197282 22.809234707319202
-115.0 23.13991228471906 22.80751228919851
-114.5 23.13817036861849 22.805787752653288
-114.0 23.13644299527806 22.804073706726737
-113.5 23.134743142782458 22.802371900045486
-113.0 23.133043961945194 22.80066591349456
-112.5 23.13135741052737 22.798968564920486
-112.0 23.129681098368184 22.797285721883522
-111.5 23.128022765959667 22.79560681685561
-111.0 23.126372575237287 22.793931928224506
-110.5 23.124731061779986 22.79227617996922
-110.0 23.123094011566124 22.790612843716964
-109.5 23.121474732238333 22.78897215813209
-109.0 23.119867092111264 22.78732803554764
-108.5 23.11827370988182 22.78569934375195
-108.0 23.11668346545671 22.784077269923667
-107.5 23.115111058769564 22.78245972205444
-107.0 23.113550329479832 22.78084692577896
-106.5 23.11199059641661 22.779240628341274
-106.0 23.110448332576198 22.77764887594611
-105.5 23.10891255097856 22.77605868859174
-105.0 23.107400729480734 22.77447750486772
-104.5 23.105889481275405 22.772901254416766
-104.0 23.10439108240738 22.771343825065358
-103.5 23.102899230823233 22.76978836333402
-103.0 23.101421449749235 22.768243046401384
-102.5 23.099955195505085 22.76668834353004
-102.0 23.098512637498523 22.76515878751839
-101.5 23.097070496528005 22.763634517719424
-101.0 23.09564149600675 22.76210876770383
-100.5 23.094210738972308 22.760601329898698
-100.0 23.09280823561902 22.759092367167018
-99.5 23.091407879886006 22.757601732305375
-99.0 23.090017302734694 22.75610378359012
-98.5 23.088644875961464 22.75462490930245
-98.0 23.087273552235246 22.753151739120963
-97.5 23.085926709677274 22.75168256982392
-97.0 23.084572308717824 22.750227271253742
-96.5 23.08324203586095 22.74877174453129
-96.0 23.081910902866337 22.747331305269217
-95.5 23.080600751806468 22.745885503315936
-95.0 23.079297578156105 22.7444570126144
-94.5 23.078004383938445 22.743026847611688
-94.0 23.076727146665263 22.74162163652987
-93.5 23.07544398448303 22.740209840755725
-93.0 23.07418234628139 22.73880556069528
-92.5 23.072928814969146 22.73740597047943
-92.0 23.07168193876504 22.736022136202084
-91.5 23.070448178396603 22.734639313162745
-91.0 23.069216776450663 22.733264086864896
-90.5 23.06800139892757 22.731902677408605
-90.0 23.0667963692297 22.730526501102037
-89.5 23.06560226344708 22.72917204634611
-89.0 23.06441018050522 22.72782144380237
-88.5 23.063235006836965 22.726480659864905
-88.0 23.062073552500088 22.725145256655903
-87.5 23.060913826756458 22.723817367239405
-87.0 23.059763937968288 22.722488751890346
-86.5 23.058627628628813 22.721171065921858
-86.0 23.057485655498056 22.719861457630163
-85.5 23.05636790916944 22.71855491078452
-85.0 23.055253789504956 22.71725167558204
-84.5 23.054148126834345 22.715960538822962
-84.0 23.05305140589148 22.7146710613968
-83.5 23.05197323355513 22.713382330209914
-83.0 23.05089628427313 22.712100629294515
-82.5 23.049822612456566 22.710846885310684
-82.0 23.048759497157732 22.709574778147797
-81.5 23.047711606225402 22.708316050536666
-81.0 23.04666593017974 22.707056686474388
-80.5 23.045637179567343 22.705811860963856
-80.0 23.04461291708158 22.704567059768337
-79.5 23.04358780855452 22.703324301950754
-79.0 23.04257466863913 22.702095884568408
-78.5 23.041587791048173 22.700869734202108
-78.0 23.040587653302524 22.699641735127546
-77.5 23.039599469746086 22.698428459416125
-77.0 23.038628047467434 22.69722018001203
-76.5 23.037664145212453 22.696009385287546
-76.0 23.036709344085416 22.69481054781265
-75.5 23.035745684272342 22.69361376778996
-75.0 23.034810822301466 22.692416039255715
-74.5 23.033868061348365 22.691236185745183
-74.0 23.03294265358994 22.69005369275618
-73.5 23.032029430667805 22.688881487757385
-73.0 23.031117996412963 22.687711157929368
-72.5 23.03021367360252 22.686544110059774
-72.0 23.02932323109635 22.68537916426149
-71.5 23.02842685165149 22.684219707689866
-71.0 23.02755345618688 22.683063132731263
-70.5 23.02668071291241 22.681918832300774
-70.0 23.0258231550263 22.68077714716716
-69.5 23.02495728526598 22.679625537309967
-69.0 23.02410530588721 22.678490884837927
-68.5 23.02327826127792 22.67736830635367
-68.0 23.022429969209057 22.67623726265
-67.5 23.021608621573485 22.675119606936605
-67.0 23.020790163139292 22.67399970025433
-66.5 23.019982634060714 22.672891202818207
-66.0 23.019189416206217 22.671782354327835
-65.5 23.018396707611828 22.670688062610203
-65.0 23.017605544663443 22.66959613980102
-64.5 23.01684412519323 22.66850590632851
-64.0 23.01607328540893 22.667428371926036
-63.5 23.01532383484462 22.66636076850326
-63.0 23.014578498704445 22.665290818335787
-62.5 23.01384603962543 22.66422147404682
-62.0 23.013121020771578 22.66317530312856
-61.5 23.012387364082073 22.662118098600075
-61.0 23.01169152267478 22.661077278082953
-60.5 23.010993132365595 22.660045191146068
-60.0 23.010288206475163 22.659003221891922
-59.5 23.009609100179354 22.65797376747107
-59.0 23.008933960505985 22.65695176887303
-58.5 23.00826651476259 22.655935254756216
-58.0 23.007609406581015 22.654925538896286
-57.5 23.00695992193205 22.653908861700778
-57.0 23.006309214531736 22.652906037163397
-56.5 23.00566864412783 22.65190721240895
-56.0 23.005035366255292 22.650912842511044
-55.5 23.00441623331232 22.64992383218759
-55.0 23.003800996532068 22.64893618401853
-54.5 23.003197699080033 22.647960013486298
-54.0 23.00260074614885 22.64697904597969
-53.5 23.001995493351277 22.646008749716508
-53.0 23.00140554693492 22.64503470476062
-52.5 23.000835067745836 22.644071819063775
-52.0 23.00024997961295 22.64311354519975
-51.5 22.99969150193946 22.64215636892657
-51.0 22.999130183946424 22.64120104497855
-50.5 22.99857821212501 22.640252059937524
-50.0 22.99803401066899 22.63930513426463
-49.5 22.997496375791595 22.63836698235066
-49.0 22.996953384724446 22.63741915558491
-48.5 22.996424631400714 22.63647811621258
-48.0 22.995905573111543 22.635545281359647
-47.5 22.99539541525453 22.634624576298346
-47.0 22.99487211651419 22.63368929463088
-46.5 22.9943768759751 22.63276742592751
-46.0 22.993878966061057 22.63183172851919
-45.5 22.99338194921357 22.630924831305048
-45.0 22.99289135435819 22.630006435771953
-44.5 22.992410687258822 22.629097830672467
-44.0 22.991934255175966 22.628180180502184
-43.5 22.991454103346427 22.62726727389426
-43.0 22.99099595583312 22.62636453690396
-42.5 22.99052775168732 22.62545445932023
-42.0 22.990082812410712 22.624553317839045
-41.5 22.989613290230864 22.62365238020709
-41.0 22.989180269037355 22.622748970760224
-40.5 22.98873608149247 22.621859195998827
-40.0 22.988300712114572 22.62095880899841
-39.5 22.987860412055344 22.62006312586759
-39.0 22.987446511189525 22.61917372917253
-38.5 22.987009597147768 22.61827768784955
-38.0 22.986582194474536 22.61739184217977
-37.5 22.98618028547161 22.61649719578518
-37.0 22.985763409191193 22.615623095164473
-36.5 22.98535914385934 22.614735912605028
-36.0 22.98495395776174 22.613856494854723
-35.5 22.98455381559012 22.612970086100475
-35.0 22.984159582266102 22.612083406476387
-34.5 22.98376334613764 22.611206957376268
-34.0 22.98338162431367 22.610313670825057
-33.5 22.983001415129603 22.609451502229277
-33.0 22.98263280108117 22.60857369627114
-32.5 22.982258351484425 22.607716374689435
-32.0 22.98188786024641 22.60684207277954
-31.5 22.981533109077688 22.605970405852
-31.0 22.981168322232687 22.60510648991815
-30.5 22.980824865349124 22.604247752679317
-30.0 22.980482781687886 22.60338621884815
-29.5 22.980132639126506 22.602527918625903
