FastTrWP/PhaseSpace/IAs/snIa_0.34_30.00_-0.08_0.08.csv
# %ECSV 0.9
# ---
# datatype:
# - {name: time-rel, datatype: float64}
# - {name: g, datatype: float64}
# - {name: i, datatype: float64}
# schema: astropy-2.0
time-rel g i
[from data line 1704]
1051.375 23.953617720701047 22.811680057752636
1051.875 23.955572311379978 22.81260405315736
1052.375 23.95755168851519 22.81351787121207
1052.875 23.959513051099236 22.814426732193354
1053.375 23.961488953995268 22.81533523964521
1053.875 23.963468844119042 22.81624568838581
1054.375 23.96545892534498 22.817155287869625
1054.875 23.967419049461725 22.81806804004251
1055.375 23.96940937907081 22.818972558232527
1055.875 23.971387213386222 22.819877112529873
1056.375 23.973380270571706 22.820791633671107
1056.875 23.975370378080733 22.821687254463143
1057.375 23.977357798315676 22.822599180800868
1057.875 23.979350682817024 22.82350014337696
1058.375 23.981349229080596 22.824405064288808
1058.875 23.98334135319884 22.825304110063055
1059.375 23.985344896927362 22.826207136644385
1059.875 23.98734812980188 22.827115273957432
1060.375 23.989358584000506 22.82800712020424
1060.875 23.99136374043853 22.828908322883965
1061.375 23.993374852329662 22.829799421709
1061.875 23.995384374385477 22.830707675938147
1062.375 23.997389405771603 22.8316004656553
1062.875 23.99941484755552 22.83250619192579
1063.375 24.001442868166833 22.83339650922985
1063.875 24.0034694313194 22.834289401849656
1064.375 24.00549531978185 22.835185967044605
1064.875 24.007509385331854 22.836076602452657
1065.375 24.00954805060661 22.83696732820266
1065.875 24.011574191524332 22.837860371634278
1066.375 24.01360701746364 22.83875148666955
1066.875 24.0156562018532 22.83964209199439
1067.375 24.017676288553552 22.84053244491973
1067.875 24.01972935622674 22.841422829363157
1068.375 24.021771709950357 22.842307176032293
1068.875 24.02381130266771 22.843196591676076
1069.375 24.025863903379282 22.844084454110654
1069.875 24.027904309145335 22.844977166270567
1070.375 24.029960872927816 22.845855594288423
1070.875 24.03202767419955 22.84673667141154
1071.375 24.034088428024084 22.847627990619344
1071.875 24.036146669706223 22.848508090598227
1072.375 24.038200294812796 22.849394168702688
1072.875 24.040268722075922 22.85026980309963
1073.375 24.0423485983495 22.8511478532433
1073.875 24.044413090010647 22.85202839417178
1074.375 24.046480519978356 22.852908743631378
1074.875 24.048556094789618 22.853794673089908
1075.375 24.050643641690904 22.85466451558412
1075.875 24.052717725728638 22.855549137606896
1076.375 24.054802968099285 22.85642544709056
1076.875 24.056893003451002 22.85729380328451
1077.375 24.058968263491312 22.858171172638762
1077.875 24.061066629647712 22.85904728436978
1078.375 24.06315281523306 22.859927072093157
1078.875 24.06525098905079 22.860790953375965
1079.375 24.067361324658986 22.86166618985934
1079.875 24.06946833703231 22.862532885200242
1080.375 24.07157598161122 22.863406288166477
1080.875 24.073683456709773 22.86428028728297
1081.375 24.075807412836838 22.86514290918104
1081.875 24.077923324248502 22.866012792113388
1082.375 24.080054056309656 22.866881135923002
1082.875 24.08217936153958 22.867752332426182
1083.375 24.084311321719248 22.868610980132345
1083.875 24.086457949594035 22.869473205276556
1084.375 24.08860311258518 22.870344001318713
1084.875 24.090733944586354 22.871202003883656
1085.375 24.092887618354414 22.872065822017614
1085.875 24.09503840997422 22.87292824673854
1086.375 24.09719888591941 22.87378560957135
1086.875 24.099345293464665 22.874644137550455
1087.375 24.101508778322586 22.875512355215022
1087.875 24.103679119631085 22.87636325252088
1088.375 24.105837702678738 22.877221664834607
1088.875 24.10800366429493 22.878080639865978
1089.375 24.11017006727333 22.878930986984013
1089.875 24.11234337029508 22.87978276618899
1090.375 24.114506615825388 22.880641005442914
1090.875 24.116691401792536 22.881499572309888
1091.375 24.118874837922995 22.882349706867906
1091.875 24.121059149979573 22.88320371895514
1092.375 24.123251486065428 22.884051804028097
1092.875 24.125430602967075 22.884892006034573
1093.375 24.127625063494435 22.885749289108652
1093.875 24.129815170876753 22.886595283875298
1094.375 24.132009094638573 22.88744806591202
1094.875 24.13419568349813 22.888292434775156
1095.375 24.136403680053967 22.889128760159664
1095.875 24.13860447197566 22.889968753478705
1096.375 24.140791400080488 22.890823180754122
1096.875 24.143002949169038 22.89166525828962
1097.375 24.14519803284601 22.892515929224466
1097.875 24.147410782314644 22.893344847801252
1098.375 24.149617262716546 22.894179564105826
1098.875 24.151819005067413 22.895022620382935
1099.375 24.154020852808035 22.895862930863306
1099.875 24.156228705126104 22.896696977686872
1100.375 24.15844362710271 22.897531763472657
1100.875 24.160652092689308 22.898375743506875
1101.375 24.162852891542833 22.89920463209728
1101.875 24.165070389435954 22.900039133457803
1102.375 24.1672661226419 22.900858163584413
1102.875 24.169493950466222 22.901699481649864
1103.375 24.17170558768225 22.902528852195736
1103.875 24.17391588438221 22.903354562819796
1104.375 24.176134919367314 22.90418853792793
1104.875 24.17833122557027 22.905019400806708
1105.375 24.180551834851176 22.9058354437076
1105.875 24.182765489233308 22.906669563306377
1106.375 24.185000742576904 22.907489173441945
1106.875 24.187178123132128 22.908318795591004
1107.375 24.189399973389534 22.9091421023665
1107.875 24.191600539095024 22.909958861757787
1108.375 24.1938263028798 22.910779235242526
1108.875 24.196025549406706 22.91159427690185
1109.375 24.198232847660854 22.91241317329456
1109.875 24.200441635867097 22.913236174281685
1110.375 24.2026506169581 22.914054069010817
1110.875 24.20486369919258 22.914862720469515
1111.375 24.207067340775787 22.915679420193243
1111.875 24.20928347843311 22.916493112022223
1112.375 24.211501542273965 22.917304235712134
1112.875 24.21372143024094 22.91810748029462
1113.375 24.215904686231305 22.918925055643854
1113.875 24.218112795863917 22.91974640209493
1114.375 24.220339564016513 22.920542141489232
1114.875 24.222573291120504 22.9213485931937
1115.375 24.224773845402524 22.92216311494108
1115.875 24.227010533616898 22.922966691409638
1116.375 24.229226253384397 22.923768526533124
1116.875 24.231445386198477 22.924574557195317
1117.375 24.233669007474763 22.925374451316856
1117.875 24.235883202436938 22.92618454909263
1118.375 24.238119539870823 22.926974718487998
1118.875 24.240346333683938 22.927781014585285
1119.375 24.242564087410305 22.928578489369052
1119.875 24.244799317661307 22.92937719371406
1120.375 24.24702839856392 22.930173042484007
1120.875 24.249244965709632 22.930964040544666
1121.375 24.251472916039802 22.931760908057836
1121.875 24.253705031531673 22.93255706890278
1122.375 24.255952433165252 22.93334673778206
1122.875 24.258180516054864 22.934141239319512
1123.375 24.260414286656022 22.934928368325824
1123.875 24.26264271403264 22.935718506743687
1124.375 24.264870585036 22.936510701923474
1124.875 24.267111447821748 22.937293026859294
1125.375 24.269351957198126 22.93807884180897
1125.875 24.271582451794632 22.938862300563652
1126.375 24.27381897058676 22.93964400906548
1126.875 24.27604480879023 22.940433985530305
1127.375 24.27828567242124 22.941215434808157
1127.875 24.280525246284896 22.941999770377606
1128.375 24.282761260864753 22.94277381722591
1128.875 24.28497931053745 22.943551813870627
1129.375 24.2872367716391 22.944330527979602
1129.875 24.28947039660191 22.94510290363929
1130.375 24.29170423372668 22.945880251657755
1130.875 24.293952709251844 22.94665682152373
1131.375 24.29619042689189 22.947427573644937
1131.875 24.29843023613487 22.94819830149196
1132.375 24.300665703561233 22.94896708003476
1132.875 24.302900027206977 22.949735357541705
1133.375 24.305144397825202 22.9505087070479
1133.875 24.307377352844483 22.951274495915545
1134.375 24.309612123741175 22.95203963744545
1134.875 24.311841787538352 22.952795208568133
1135.375 24.314085115082662 22.953557509315473
1135.875 24.31632150874629 22.954330938264512
1136.375 24.31856360055445 22.955081748844886
1136.875 24.320798228738756 22.955849935257934
1137.375 24.3230350072156 22.956598422201907
1137.875 24.32527518679326 22.95736642389306
1138.375 24.32749629901447 22.958118945014885
1138.875 24.329737017093677 22.958867064419877
1139.375 24.33196498897005 22.959620715216587
1139.875 24.33420245801723 22.960374267973044
1140.375 24.33643744687464 22.9611265387387
1140.875 24.338681862927317 22.96187184338566
1141.375 24.340895444940173 22.962623936919847
1141.875 24.343141759802 22.963365532068277
1142.375 24.34535540940244 22.964114065054126
1142.875 24.3475922778136 22.96485602295067
1143.375 24.34981209476973 22.96560311863173
1143.875 24.352057010356816 22.966336690999228
1144.375 24.35428413887893 22.96707765102923
1144.875 24.356513465701592 22.967827738415423
1145.375 24.35875104225947 22.968562202562243
1145.875 24.360967369352934 22.969298144091347
1146.375 24.363219853197325 22.970037600821833
1146.875 24.365451994127003 22.970763179198897
1147.375 24.36768021603767 22.971508744376386
1147.875 24.3698963588292 22.972239416470295
1148.375 24.37214580044155 22.972970746214514
1148.875 24.37437134213947 22.97369612866541
1149.375 24.376594426074888 22.974423494765315
1149.875 24.37882312725732 22.97515911658557
1150.375 24.381060456856293 22.975883972828232
1150.875 24.38329579468945 22.976610439921256
1151.375 24.385529356997058 22.977337157026906
1151.875 24.387753972093993 22.978048254404563
1152.375 24.389986665422946 22.978771409166793
1152.875 24.392202848531955 22.97949060333902
1153.375 24.394419301854796 22.98022070216643
1153.875 24.39666462738055 22.98093371308465
1154.375 24.398882114662122 22.981649304724172
1154.875 24.401117376501297 22.98236315608809
1155.375 24.403351775739633 22.983072471721787
1155.875 24.40557737690185 22.98378237928816
1156.375 24.407805220000167 22.984495883620525
1156.875 24.410005361101103 22.98521288461176
1157.375 24.41223182611011 22.98590765638569
1157.875 24.4144695039256 22.986620722782277
1158.375 24.41668100326309 22.987324089429283
1158.875 24.41891725332438 22.988037298509667
1159.375 24.421129385849714 22.98873465172502
1159.875 24.42335167417097 22.989437256670037
1160.375 24.42556760083265 22.99013312189263
1160.875 24.427782638366445 22.990832172600886
1161.375 24.429985377772624 22.991530590270372
1161.875 24.432208116787983 22.9922323201564
1162.375 24.434433723613907 22.992917210139396
1162.875 24.436637956417083 22.99360954133409
1163.375 24.438880354800467 22.994304477893817
1163.875 24.441071700429738 22.9949966579483
1164.375 24.443266122551904 22.99567988243032
1164.875 24.4454969469195 22.996368692390185
1165.375 24.447700157013532 22.99704691712588
1165.875 24.44989552211255 22.99774003600985
1166.375 24.452118556671493 22.99842560911006
1166.875 24.454318448933208 22.999094919774933
1167.375 24.45653811934797 22.99978073104089
1167.875 24.45873029618063 23.00044952451527
1168.375 24.460925175440874 23.00113197515501
1168.875 24.46314396380344 23.001805731124247
1169.375 24.465337976144582 23.00248189501192
1169.875 24.467530846347888 23.00315256108014
1170.375 24.46973837490632 23.003820434338756
1170.875 24.471926516660176 23.004480977779977
1171.375 24.474121484179147 23.005150188832275
1171.875 24.476308716014067 23.00581008748525
1172.375 24.478486022786562 23.006473861168992
1172.875 24.480669573218186 23.00713967407043
1173.375 24.482858588986225 23.007800226465427
1173.875 24.485035987827604 23.00845895714293
1174.375 24.48723945595408 23.009115687257182
1174.875 24.489430191991886 23.009762116185797
1175.375 24.49159967594932 23.01042379955475
1175.875 24.493771239862944 23.01107099610587
1176.375 24.495961908349052 23.01172512753083
1176.875 24.498128117187132 23.01237460596498
1177.375 24.500306885403205 23.013021316264858
1177.875 24.502494631502493 23.013659970754922
1178.375 24.504659660856767 23.014308981831185
1178.875 24.506834177015897 23.014952990830203
1179.375 24.508990506753705 23.015597742408286
1179.875 24.51116479392088 23.016230216679
1180.375 24.513324758711768 23.016871938825197
1180.875 24.515498267881874 23.017502948276544
1181.375 24.517671223884626 23.018146682865066
1181.875 24.519837228223572 23.018773581167583
1182.375 24.521981523399162 23.019413628078482
1182.875 24.524163210996367 23.02004395032175
1183.375 24.52632268712934 23.020671547277512
1183.875 24.528475077112887 23.021297076245393
1184.375 24.530614145984444 23.02192948000446
1184.875 24.5327980108504 23.022553237831858
1185.375 24.5349406759751 23.02317581008099
1185.875 24.537094610572588 23.02379982085185
1186.375 24.53924793917154 23.024414287513114
1186.875 24.541398869042975 23.02503281664791
1187.375 24.543535714346724 23.02564825251883
1187.875 24.54568275041123 23.026260962749433
1188.375 24.547816657330117 23.02688055420049
1188.875 24.549958901276014 23.027491180314506
1189.375 24.55207552413178 23.028095870510246
1189.875 24.554221325700727 23.028700687499914
1190.375 24.55635122299055 23.02930870470717
1190.875 24.55848169553734 23.02991623033428
1191.375 24.560618889368833 23.03051428611631
1191.875 24.562740950406088 23.031118449002207
1192.375 24.564853597684323 23.03171647412202
1192.875 24.566973565727107 23.032310424406685
1193.375 24.56908543372474 23.032909507580207
1193.875 24.571219956625853 23.033496412180124
1194.375 24.573322115587985 23.034091112514787
1194.875 24.575429978254007 23.034681315206104
1195.375 24.57754841897448 23.035270151620857
1195.875 24.579651021888832 23.0358576193387
1196.375 24.58174335964531 23.036436413847344
1196.875 24.58383386243878 23.037019639483866
1197.375 24.585941149885954 23.037604213092454
1197.875 24.58802243057713 23.038180794860807
1198.375 24.590107204159587 23.03875853673057
1198.875 24.592186446566693 23.039326938220483
1199.375 24.594273659853766 23.03990298592845
1199.875 24.596343818080758 23.040472838760245
1200.375 24.598421931740774 23.041044423827074
1200.875 24.600501512497495 23.041600529997567
1201.375 24.602590051229942 23.042170505838918
1201.875 24.60462881444698 23.04272600937559
1202.375 24.60670083162843 23.043299616091304
1202.875 24.608761021857912 23.04385167129128
1203.375 24.610803501931805 23.044411606425626
1203.875 24.612856326551558 23.044963858867394
1204.375 24.614900519323648 23.04552425908088
1204.875 24.61694450570227 23.046069040325637
1205.375 24.618988126772262 23.046616634846366
1205.875 24.621014034194268 23.04716556425226
1206.375 24.62303846449762 23.047700636543063
1206.875 24.62506447955443 23.04823528638127
1207.375 24.627094665369423 23.048780117698037
1207.875 24.629083813912 23.049303529240042
1208.375 24.63110087731099 23.049843474305852
1208.875 24.633068781721068 23.050367865425
1209.375 24.635093937697462 23.05089018734926
1209.875 24.63706293743975 23.05141461496199
1210.375 24.639049720870084 23.051937168351063
1210.875 24.64101968745965 23.052446555324615
1211.375 24.642992704078928 23.05296070187392
1211.875 24.64495067034857 23.053471608653474
1212.375 24.646913091134156 23.053977179927188
1212.875 24.648875833669077 23.05447760049985
1213.375 24.65081202141235 23.054976885798215
1213.875 24.6527597259019 23.05547996042971
1214.375 24.654696090466864 23.05597932181982
1214.875 24.656627008611004 23.05647498662364
1215.375 24.6585540099459 23.056963788490123
1215.875 24.660471535272322 23.05745019281474
1216.375 24.662407722507098 23.05794170166648
1216.875 24.664322774637824 23.0584286077751
1217.375 24.666224194495033 23.058911918273694
1217.875 24.668129471841866 23.0593871838394
1218.375 24.670041053229607 23.059882653016537
1218.875 24.67194215542947 23.060355073205983
1219.375 24.673833235472124 23.060829293450276
1219.875 24.675732987312266 23.061303376189596
1220.375 24.677622353928328 23.0617774107425
1220.875 24.679497457370083 23.062252751021532
1221.375 24.681388761069645 23.06271261885191
1221.875 24.68326391834479 23.06317950564158
1222.375 24.68514849681422 23.063654343951377
1222.875 24.686999043461245 23.06412841424127
1223.375 24.688881718754423 23.06458538424851
1223.875 24.690755470616963 23.065050375616156
