FastTrWP/PhaseSpace/IAs/snIa_0.39_30.00_-0.48_-0.25.csv
# %ECSV 0.9
# ---
# datatype:
# - {name: time-rel, datatype: float64}
# - {name: g, datatype: float64}
# - {name: i, datatype: float64}
# schema: astropy-2.0
time-rel g i
[from data line 2301]
1345.2083333333333 25.0291241675486 23.587320005126656
1345.7083333333333 25.031023683395283 23.588065151029834
1346.2083333333333 25.03290871906255 23.58881034626969
1346.7083333333333 25.034787242728672 23.589548403296334
1347.2083333333333 25.03665756632624 23.590296289954896
1347.7083333333333 25.03855813617089 23.59103792827371
1348.2083333333333 25.040452057481613 23.591779027157077
1348.7083333333333 25.042336755200854 23.592518842840153
1349.2083333333333 25.044244558571492 23.593279222475324
1349.7083333333333 25.04613208429863 23.594016003236465
1350.2083333333333 25.047996284757822 23.594750086500213
1350.7083333333333 25.049909737662706 23.595506305667957
1351.2083333333333 25.051816176670997 23.596258423036094
1351.7083333333333 25.053706844541793 23.59700337600461
1352.2083333333333 25.055594827186702 23.59774651746821
1352.7083333333333 25.05751141588054 23.598492071537358
1353.2083333333333 25.059403585020128 23.599235570544526
1353.7083333333333 25.061297929935954 23.599984027801884
1354.2083333333333 25.063187215114006 23.600727638021645
1354.7083333333333 25.065113437328254 23.601462631500162
1355.2083333333333 25.066988778048742 23.602219298066686
1355.7083333333333 25.068919740389354 23.602971732078526
1356.2083333333333 25.070836269181434 23.603699862588844
1356.7083333333333 25.07273766750531 23.60446176226325
1357.2083333333333 25.074648704659566 23.60520332634109
1357.7083333333333 25.076543666220562 23.605950573170915
1358.2083333333333 25.078457812242753 23.606699132386062
1358.7083333333333 25.080386275509618 23.60744416553952
1359.2083333333333 25.08228124384565 23.608193774809653
1359.7083333333333 25.08420009914113 23.60893834296004
1360.2083333333333 25.08612676876984 23.60968389641839
1360.7083333333333 25.088030215454037 23.61043498586863
1361.2083333333333 25.089958375030392 23.611174473909273
1361.7083333333333 25.091871349222497 23.61192786751755
1362.2083333333333 25.093820277403857 23.61267896263663
1362.7083333333333 25.095733931113365 23.61341288751508
1363.2083333333333 25.097685499710614 23.614179407796616
1363.7083333333333 25.099619235432385 23.6149115793948
1364.2083333333333 25.10153720982094 23.615660146974086
1364.7083333333333 25.103481858647548 23.616415272764364
1365.2083333333333 25.105422630575855 23.617158577874754
1365.7083333333333 25.10735648560006 23.617909488950957
1366.2083333333333 25.109299186752352 23.618653082006507
1366.7083333333333 25.11126637542887 23.619401679896043
1367.2083333333333 25.113213849148885 23.620153314800355
1367.7083333333333 25.115156771477327 23.620902417218336
1368.2083333333333 25.11711448274168 23.621653179594347
1368.7083333333333 25.119049101959092 23.62239575499608
1369.2083333333333 25.121032151935854 23.623149618303763
1369.7083333333333 25.12297300355168 23.623893219400166
1370.2083333333333 25.124926904123942 23.624643378863137
1370.7083333333333 25.126889543188224 23.625385080898656
1371.2083333333333 25.128847328817912 23.626134182433347
1371.7083333333333 25.130820324848596 23.626882766394885
1372.2083333333333 25.132787773755982 23.627647541790367
1372.7083333333333 25.134740963340477 23.62838901570717
1373.2083333333333 25.13670712234484 23.629132351655336
1373.7083333333333 25.13870778148142 23.629896420668643
1374.2083333333333 25.14067013805988 23.6306467566954
1374.7083333333333 25.142632825560586 23.631391391292283
1375.2083333333333 25.14460832443262 23.632139968799713
1375.7083333333333 25.14656941803328 23.632898276549227
1376.2083333333333 25.1485294527648 23.63364522629332
1376.7083333333333 25.150507534545355 23.634391468632515
1377.2083333333333 25.152489130785185 23.63516394710228
1377.7083333333333 25.15444447934589 23.635899429031536
1378.2083333333333 25.156413751861418 23.636660282806837
1378.7083333333333 25.15838749385137 23.637405745879178
1379.2083333333333 25.16034578423536 23.638167052623512
1379.7083333333333 25.162318583759735 23.638926597823016
1380.2083333333333 25.1643206862189 23.639666479419198
1380.7083333333333 25.166275573136396 23.640416543731938
1381.2083333333333 25.168243832392996 23.64117589317443
1381.7083333333333 25.170227133351048 23.64192972050035
1382.2083333333333 25.17219337572799 23.64269520124866
1382.7083333333333 25.17416945052028 23.643441809272577
1383.2083333333333 25.176116075338214 23.644203439164848
1383.7083333333333 25.178098054552013 23.644964237268702
1384.2083333333333 25.180075743809805 23.645713619192513
1384.7083333333333 25.18203769604618 23.646467563212845
1385.2083333333333 25.18399341302258 23.64722634129002
1385.7083333333333 25.185983557209084 23.64798409603712
1386.2083333333333 25.187947005499403 23.648738755352888
1386.7083333333333 25.189896531572803 23.64949171199742
1387.2083333333333 25.191859725784553 23.650263785340716
1387.7083333333333 25.193809003593465 23.651023670817942
1388.2083333333333 25.19574072763398 23.651779912377798
1388.7083333333333 25.197744449841196 23.652543744033146
1389.2083333333333 25.199699746728456 23.65330526973388
1389.7083333333333 25.201621395098996 23.654052242817684
1390.2083333333333 25.203580323594558 23.654832334930596
1390.7083333333333 25.205521181174223 23.655581598248112
1391.2083333333333 25.20746091961263 23.656339849379773
1391.7083333333333 25.209423147800415 23.657106279781082
1392.2083333333333 25.211373718689014 23.65787004470527
1392.7083333333333 25.21330082658737 23.658637077645327
1393.2083333333333 25.215237621103093 23.659393430876563
1393.7083333333333 25.21717113872354 23.66015957471832
1394.2083333333333 25.219120659293964 23.660925594610514
1394.7083333333333 25.221041323004737 23.661689727578942
1395.2083333333333 25.22298215885327 23.66244781681944
1395.7083333333333 25.22490870814441 23.663222480962336
1396.2083333333333 25.226843431710524 23.66398431995414
1396.7083333333333 25.228792866449577 23.664748639113007
1397.2083333333333 25.23071296174959 23.66550339093724
1397.7083333333333 25.232645839686434 23.66628622958234
1398.2083333333333 25.23459392396881 23.66705988516618
1398.7083333333333 25.236532859501203 23.66781864529009
1399.2083333333333 25.238466529167187 23.668580794143214
1399.7083333333333 25.24040275172489 23.66934893658453
1400.2083333333333 25.242332615537713 23.670114645964908
1400.7083333333333 25.244265864868247 23.670886065235845
1401.2083333333333 25.24618153128952 23.67165922224023
1401.7083333333333 25.24815818948455 23.67242403333083
1402.2083333333333 25.250081622642107 23.67319547572922
1402.7083333333333 25.251996078154384 23.673967470818084
1403.2083333333333 25.253922309917414 23.674738735017797
1403.7083333333333 25.255852135997724 23.67550914599565
1404.2083333333333 25.257810816323627 23.67627092981461
1404.7083333333333 25.25968465307269 23.677038970008084
1405.2083333333333 25.261626332086035 23.677823659942728
1405.7083333333333 25.26355530391254 23.678589997606785
1406.2083333333333 25.26549828470637 23.679370689225298
1406.7083333333333 25.267384309655505 23.68013476032832
1407.2083333333333 25.2693104734647 23.680906404906178
1407.7083333333333 25.271241273403795 23.681680298647905
1408.2083333333333 25.273156359939797 23.682441747062818
1408.7083333333333 25.275066576473428 23.68322342223204
1409.2083333333333 25.27699717820413 23.684003008889448
1409.7083333333333 25.278873397480574 23.684777549624663
1410.2083333333333 25.280792749197403 23.68554911916941
1410.7083333333333 25.28272176003593 23.686318192749663
1411.2083333333333 25.284623386761155 23.68709978365105
1411.7083333333333 25.286527987662062 23.687878737430648
1412.2083333333333 25.28844158723437 23.688659612898487
1412.7083333333333 25.29034057919472 23.689429987102212
1413.2083333333333 25.292215563187263 23.690206669001334
