FastTrWP/PhaseSpace/IAs/snIa_0.44_30.00_-0.80_0.00.csv
# %ECSV 0.9
# ---
# datatype:
# - {name: time-rel, datatype: float64}
# - {name: g, datatype: float64}
# - {name: i, datatype: float64}
# schema: astropy-2.0
time-rel g i
[from data line 1075]
143.5 23.5032071163672 22.370477851145022
144.0 23.504610107434722 22.370598417068113
144.4999999999999 23.506025663827202 22.370707125072556
145.0 23.507454792972315 22.37082307916257
145.5 23.5088684442263 22.37094189645437
145.9999999999999 23.510294090939592 22.3710602817252
146.5 23.511713585610888 22.371182059307305
147.0 23.5131387353917 22.3713075068832
147.4999999999999 23.514572937712593 22.371426396225896
148.0 23.51601701384368 22.37155222762102
148.5 23.517448938711524 22.37168242798942
148.9999999999999 23.51888461703406 22.37181060852384
149.5 23.520336410770195 22.371948236037888
150.0 23.521785372862706 22.372079736752184
150.4999999999999 23.52322936312123 22.372203993555807
151.0 23.524690861436476 22.37234441415112
151.5 23.526155278165266 22.372481403231085
151.9999999999999 23.527612991732187 22.372619561099036
152.5 23.529075812724006 22.372766455029357
153.0 23.5305499959252 22.37291012533821
153.4999999999999 23.532014411767026 22.373059003131583
154.0 23.53349838470028 22.37320237839253
154.5 23.534971888423964 22.37335533286639
154.9999999999999 23.536456248268603 22.37350049898508
155.5 23.53794615858537 22.373654452720118
156.0 23.5394478192741 22.37380609068818
156.4999999999999 23.540921252138812 22.37396697154157
157.0 23.542439968318277 22.374128939583258
157.5 23.543926569087958 22.37428157933875
157.9999999999999 23.545445868208713 22.374443826204153
158.5 23.546943405988326 22.374605945753675
159.0 23.548460670072686 22.374773043257896
159.4999999999999 23.549980155490932 22.37493378917754
160.0 23.55150024062941 22.375103457175545
160.5 23.55302303192667 22.37527752359441
160.9999999999999 23.554544234028697 22.37544740388238
161.5 23.556074091089418 22.375620504460688
162.0 23.557604899370133 22.375794681840144
162.4999999999999 23.559143490281386 22.375975690394846
163.0 23.56068697104928 22.376151723982908
163.5 23.562226746862432 22.37632981400644
163.9999999999999 23.563770232694882 22.376518699390047
164.5 23.565318051075863 22.376699635650816
165.0 23.566875269823445 22.376880396198096
165.4999999999999 23.568432209613647 22.377070813721033
166.0 23.56999067458147 22.377259547672715
166.5 23.57154896517364 22.377450455293435
166.9999999999999 23.57312209426647 22.377642324221412
167.5 23.574687576404433 22.377841022152175
168.0 23.57625743930692 22.378036040651143
168.4999999999999 23.577846389876363 22.37823023384349
169.0 23.579421526537118 22.378429840085015
169.5 23.581011427100357 22.37863173538671
169.9999999999999 23.582583831516196 22.378833515049706
170.5 23.584171432686645 22.379033037734366
171.0 23.585769430715054 22.379246148099163
171.4999999999999 23.587357192026577 22.379455399237187
172.0 23.58896318832292 22.379661950527602
172.5 23.59056316397856 22.3798711093761
172.9999999999999 23.59216260262771 22.380085822234253
173.5 23.59378547387054 22.380296691308477
174.0 23.59539630128979 22.38051106313876
174.4999999999999 23.596992934965076 22.380728265717774
175.0 23.59862404169578 22.3809492457884
175.5 23.60023001201245 22.381162515942616
175.9999999999999 23.601859648393592 22.38138204321858
176.5 23.603487819936994 22.381610797799386
177.0 23.605111500956653 22.381834000221712
177.4999999999999 23.606739140701162 22.382066145064815
178.0 23.608386117938554 22.382289653775437
178.5 23.610010757432235 22.38251741438379
178.9999999999999 23.611668335261843 22.382749560444726
179.5 23.613321222508283 22.382985725567472
180.0 23.614959135695862 22.38322012562081
180.4999999999999 23.616607464086826 22.383453283168627
181.0 23.618266921742958 22.383695283760968
181.5 23.61991927604208 22.38393359614857
181.9999999999999 23.621572017815005 22.38417660423131
182.5 23.623232399643594 22.384417858635608
183.0 23.624902363712742 22.38465345041405
183.4999999999999 23.62657359223478 22.38490370477955
184.0 23.628244019235467 22.385148231345152
184.5 23.62993690063186 22.38540096027879
184.9999999999999 23.631597829989953 22.385651976165253
185.5 23.63330403127753 22.385894606438068
186.0 23.63499788205976 22.3861512306819
186.4999999999999 23.636699898909093 22.38640942231656
187.0 23.638403085733515 22.386662661760198
187.5 23.64012117438761 22.38691549571859
187.9999999999999 23.64184508808528 22.387178875456133
188.5 23.64357049428429 22.38743223964654
189.0 23.645303983468825 22.387695955590644
189.4999999999999 23.64703575844276 22.387953407641504
190.0 23.648785576051367 22.388222357951243
190.5 23.65051515030569 22.388496361802012
190.9999999999999 23.652269283965396 22.388753009313316
191.5 23.654012114939896 22.38902507076959
192.0 23.655776453142554 22.389293484248864
192.4999999999999 23.65753871774892 22.389566057845936
193.0 23.65930381008986 22.389842372332673
193.5 23.661078468195868 22.390113810109227
193.9999999999999 23.66284613847435 22.39038922833207
194.5 23.66462757946014 22.39066847366268
195.0 23.666410216406767 22.39094964207756
195.4999999999999 23.66820511883232 22.391236878285667
196.0 23.66999501074106 22.39151514453436
196.5 23.671780784843705 22.39179721705948
196.9999999999999 23.673573265612163 22.392087239599327
197.5 23.675372657097643 22.392368694917696
198.0 23.677179557683694 22.392663741423945
198.4999999999999 23.678998290517743 22.392959352638723
199.0 23.68080472629064 22.393248306015057
199.5 23.682616349019007 22.393547769574802
199.9999999999999 23.684436956523815 22.393848513657943
200.5 23.686252936945365 22.39415217883853
201.0 23.68806867038018 22.39444954710471
201.4999999999999 23.68988462287382 22.394746190216594
202.0 23.691711542867388 22.39504959627974
202.5 23.6935463227597 22.395360721688288
202.9999999999999 23.695374675055447 22.39567230556395
203.5 23.697191825806136 22.395983600529775
204.0 23.699038922160476 22.396295836579867
204.4999999999999 23.70085512759042 22.39660597681823
205.0 23.702693031559185 22.396932010096002
205.5 23.704525146655236 22.397251267772585
205.9999999999999 23.70636507333215 22.397572071481765
206.5 23.708209845414455 22.39789261273145
207.0 23.710058127104716 22.39821847210765
207.4999999999999 23.711889307987796 22.398542200513376
208.0 23.71373452691387 22.39887124119706
208.5 23.71557196792175 22.399208400096278
208.9999999999999 23.71741002656691 22.399541760793195
209.5 23.7192594396776 22.399869579370414
210.0 23.72109896882435 22.400214634583588
210.4999999999999 23.72294341516904 22.40055026504315
211.0 23.724793894365046 22.400895605380935
211.5 23.726632479773304 22.401241357829612
211.9999999999999 23.728475978366017 22.401581415978203
212.5 23.730306969953187 22.401927229760457
213.0 23.732155517698995 22.40227687245127
213.4999999999999 23.733988965868214 22.402634452980568
214.0 23.735839462166666 22.402990294529612
214.5 23.73767512536081 22.403351489124784
214.9999999999999 23.73950875105536 22.40371555509008
215.5 23.74134548135039 22.404075955176825
216.0 23.7431729191611 22.404433674618982
216.4999999999999 23.74501125268094 22.404803156421735
217.0 23.746831704726148 22.40517371431849
217.5 23.74866050414441 22.405542059782807
217.9999999999999 23.750486086116798 22.40591999702549
218.5 23.75233000170457 22.40629672168646
219.0 23.754157250635686 22.40667678955854
219.4999999999999 23.75597809430024 22.407050356350318
220.0 23.75781112186781 22.407437471764116
220.5 23.75966153842926 22.407821849224486
220.9999999999999 23.76148535397214 22.4082096134889
221.5 23.763332575126086 22.408593410637923
222.0 23.765168678953334 22.408986711744593
222.4999999999999 23.76700342469139 22.409385857124185
223.0 23.768834613779937 22.40977720400593
223.5 23.770679632642775 22.41017717491164
223.9999999999999 23.77252660448473 22.41058079700332
224.5 23.774374093718436 22.410982861317894
225.0 23.776218865146976 22.41139118440046
225.4999999999999 23.778074089681063 22.411787619236534
226.0 23.77992131031182 22.41220152699846
226.5 23.78176311390881 22.41261024528333
226.9999999999999 23.783624733626905 22.413028186298337
227.5 23.785477968276687 22.41344137459666
228.0 23.787311472548154 22.413856977198193
228.4999999999999 23.78917342610501 22.414274435453333
229.0 23.791026196664514 22.41469867024307
229.5 23.792876156640386 22.415117300431323
229.9999999999999 23.794746155630907 22.41554118965825
230.5 23.79660261478895 22.415979018171285
231.0 23.798454548246177 22.41640664350252
231.4999999999999 23.800320653396163 22.416839624114097
232.0 23.80218067214075 22.417274260939827
232.5 23.804042748025424 22.417702874624553
232.9999999999999 23.805888221513243 22.41815371945984
233.5 23.807748433930808 22.41858888055728
234.0 23.80963844762875 22.419033919464507
234.4999999999999 23.811476244620184 22.419475742084842
235.0 23.813352173674318 22.41992411697432
235.5 23.815221322226353 22.420377508625652
235.9999999999999 23.81708005906802 22.420824969351372
236.5 23.81894210221442 22.42127964278948
237.0 23.820809362127065 22.421738555620145
237.4999999999999 23.82267971674521 22.422191861509432
238.0 23.824553178147816 22.422651044656057
238.5 23.826406721875962 22.423120475914978
238.9999999999999 23.828283889825972 22.423584390319032
239.5 23.830161064593337 22.424042882742746
240.0 23.832023563394927 22.424508056620155
240.4999999999999 23.833893813136214 22.424987088248173
241.0 23.835762876095146 22.425459058682748
241.5 23.83761910990779 22.425933920007314
241.9999999999999 23.839490314073743 22.426411029487156
242.5 23.84136228583096 22.42689038023379
243.0 23.84322514974178 22.42737252683055
243.4999999999999 23.84511368319864 22.4278531860657
244.0 23.846976280292544 22.4283412316224
244.5 23.848846959406025 22.428831956599677
244.9999999999999 23.85070061410414 22.429319229861655
245.5 23.85257901383722 22.429810141735658
246.0 23.854455335804484 22.430304558674855
246.4999999999999 23.856338344215885 22.43079560287572
247.0 23.85818305085104 22.431297338908045
247.5 23.860070689612584 22.431796341858167
247.9999999999999 23.86191960398031 22.4323011938288
248.5 23.863794501768236 22.432806932066175
249.0 23.865667335865297 22.433310329064966
249.4999999999999 23.867532257025626 22.43382762730079
250.0 23.869416117299718 22.434333686589284
250.5 23.871260759143524 22.434846414201665
250.9999999999999 23.87314920465961 22.435353681087577
251.5 23.87499997427607 22.435874004869774
252.0 23.8768611360707 22.436398810387068
252.4999999999999 23.878730525735833 22.436917587180837
253.0 23.880592538550882 22.437438607408442
253.5 23.882449109328142 22.43796297147324
253.9999999999999 23.884327028051345 22.438497768597475
254.5 23.886201412667095 22.439025488746406
255.0 23.888056133531155 22.439553204974136
255.4999999999999 23.88991058830465 22.440093116787324
256.0 23.891776015478598 22.4406280363384
256.5 23.893639284298022 22.44116816900819
256.9999999999999 23.895500306046703 22.44171516052958
257.5 23.897356018639563 22.44225885039728
258.0 23.899226138390382 22.442804331472118
258.4999999999999 23.901094898434756 22.443353338617726
259.0 23.90295406617131 22.443903465485157
259.5 23.904824395218558 22.44446329948221
259.9999999999999 23.906665767911825 22.445011588199797
260.5 23.908523847555227 22.445578313035828
261.0 23.91040434142432 22.446136565618726
261.4999999999999 23.91225867906202 22.446699283530762
262.0 23.914110482412482 22.447264771692403
262.5 23.915988547161277 22.447836021146472
262.9999999999999 23.917841312705548 22.448401337371962
263.5 23.919703184891162 22.448978961172227
264.0 23.92156165413069 22.449541874659204
264.4999999999999 23.923417528571484 22.45013093194716
265.0 23.925288965971067 22.45070523697157
265.5 23.927158627154665 22.451281772800495
265.9999999999999 23.929008813891485 22.451869155302035
266.5 23.930856833583935 22.452457065154668
267.0 23.93272297417306 22.45304479636111
267.4999999999999 23.93458558088017 22.453633257949516
268.0 23.936464688632107 22.454222941885224
268.5 23.938316970464037 22.454820431846848
268.9999999999999 23.94017677601704 22.45541321694042
269.5 23.942034404968187 22.456012497633886
270.0 23.943896404022787 22.456613920083925
270.4999999999999 23.945757763855106 22.457224504796947
271.0 23.947614641124847 22.457826281416313
271.5 23.949468634127825 22.458434853254516
271.9999999999999 23.951328192690376 22.459048889759742
272.5 23.953192414239343 22.45965124176314
273.0 23.955062621696094 22.460271265039342
273.4999999999999 23.95693346496069 22.460887815311438
274.0 23.958784194500097 22.461507342875517
274.5 23.960659514851823 22.462126502035463
274.9999999999999 23.962506156436906 22.462748087918474
275.5 23.964393197255404 22.46337536673016
276.0 23.966242508342614 22.464003265797253
276.4999999999999 23.96808948355201 22.464637429735976
277.0 23.969960672295656 22.465266303084306
277.5 23.97181614110966 22.465896339095547
277.9999999999999 23.973686845603815 22.466534768299628
278.5 23.97554131775085 22.467167720555242
279.0 23.977417974033077 22.467811436541844
279.4999999999999 23.979263846304846 22.468449033380658
280.0 23.981147427998376 22.4690908984429
280.5 23.983015695344164 22.46974204683068
280.9999999999999 23.984889987940726 22.47038267296732
281.5 23.986755098209724 22.47104154589646
282.0 23.988606943745353 22.4716905414135
282.4999999999999 23.990468381021536 22.47234910979629
283.0 23.99233988467344 22.473002747738025
283.5 23.994194116285158 22.47366755600033
283.9999999999999 23.996067096204623 22.474320100798924
284.5 23.997930421998355 22.474983835558024
285.0 23.999809357969912 22.475651495192185
285.4999999999999 24.001663508726473 22.476320727589187
286.0 24.00353247381881 22.476981612668542
286.5 24.0053960332041 22.47765385767423
286.9999999999999 24.007281604883595 22.478327037078376
287.5 24.009139928393846 22.479001850475377
288.0 24.011015598097348 22.4796857532889
288.4999999999999 24.012873348795374 22.48036379483524
289.0 24.014742569661678 22.48104373716975
289.5 24.016604866978884 22.481727191127625
289.9999999999999 24.018474143524653 22.48241926511148
290.5 24.02035128308157 22.48310984434979
291.0 24.022209554795793 22.483796516317685
291.4999999999999 24.024086619822313 22.484490884412942
292.0 24.02594452231458 22.485189661756884
292.5 24.027819000472903 22.485888338098338
292.9999999999999 24.02969513851029 22.486582337296195
293.5 24.031550523658 22.487298223362565
294.0 24.033416046659205 22.488001031782897
294.4999999999999 24.035270974603804 22.488701246846006
295.0 24.037151125588622 22.489415082758356
295.5 24.039012152071415 22.490136261389416
295.9999999999999 24.04087593257161 22.490847150875307
296.5 24.042749464504087 22.4915552588074
297.0 24.044610775490064 22.492281639451164
297.4999999999999 24.046473777546847 22.49300299324071
298.0 24.048339019039652 22.493734464036407
298.5 24.050210880898078 22.494459958547456
298.9999999999999 24.052063683647106 22.495183780204812
299.5 24.05394458578551 22.49591567816595
300.0 24.055792063713668 22.49665529468048
300.4999999999999 24.057672276946846 22.49738589733566
301.0 24.059520619751538 22.49811364941735
301.5 24.061391178884108 22.498865489137785
301.9999999999999 24.06324611689261 22.499602606815216
302.5 24.065130994331692 22.500355900788783
303.0 24.066985757769853 22.501102822153275
303.4999999999999 24.068848281543165 22.50185270619466
304.0 24.070696989689946 22.50260493001914
304.5 24.072594303103443 22.50335670106319
304.9999999999999 24.074442295149872 22.50411498713718
305.5 24.07631620321478 22.50486916819012
306.0 24.078179838114067 22.505634897681812
306.4999999999999 24.080030575347678 22.50640053979828
307.0 24.081899078095553 22.507160648946304
307.5 24.083761403836093 22.50793518474298
307.9999999999999 24.085631539169945 22.50870895552992
308.5 24.087511113606954 22.50947758846592
309.0 24.089362530481143 22.510249389472264
309.4999999999999 24.091236429798023 22.5110212056314
310.0 24.09309709143521 22.511805378505912
310.5 24.094968912298572 22.512588529240325
310.9999999999999 24.09681875186825 22.513373480625237
311.5 24.098700761307143 22.51416168497846
312.0 24.10055816183398 22.514944339473175
