FastTrWP/PhaseSpace/IAs/snIa_0.61_30.00_-0.12_-0.13.csv
# %ECSV 0.9
# ---
# datatype:
# - {name: time-rel, datatype: float64}
# - {name: g, datatype: float64}
# - {name: i, datatype: float64}
# schema: astropy-2.0
time-rel g i
113.125 26.995339027976026 25.33936864879703
113.625 26.97889290259472 25.32982458848803
114.125 26.962570082323246 25.32031749184826
114.625 26.94645700337945 25.310865990934147
115.125 26.930415383654136 25.30147161894434
115.625 26.9146221779242 25.292110530419748
116.125 26.898917187889346 25.282802507522725
116.625 26.883362298647953 25.27355873360179
117.125 26.86797821514666 25.26433099817343
117.625 26.852765477256625 25.2551754793069
118.125 26.837685103781833 25.246067929361594
118.625 26.822725355702765 25.23697077148202
119.125 26.80781339577921 25.227950567117652
119.625 26.79307758500379 25.218917503550344
120.125 26.77837288369743 25.20993585112504
120.625 26.76382070534121 25.20096095914683
121.125 26.74935471981726 25.192014663099723
121.625 26.734928530762673 25.183107386210448
122.125 26.720669726568055 25.174225136385687
122.625 26.706419023869348 25.16536703267437
123.125 26.692278788545632 25.156544563231655
123.625 26.678280815886506 25.147763637099057
124.125 26.664347867145743 25.138981269069074
124.625 26.65050777053803 25.130242000433967
125.125 26.636725190486633 25.121543954437186
125.625 26.623120120805332 25.112876911448282
126.125 26.609484764217754 25.10419674214579
126.625 26.59600194255805 25.09558006831962
127.125 26.58259803313074 25.08698771187341
127.625 26.569297309505707 25.07844008184123
128.125 26.556145354478016 25.069892398441933
128.625 26.543025361275895 25.06138693168485
129.125 26.52989167667861 25.052953226281257
129.625 26.516937929227158 25.044477981736826
130.125 26.5040885835011 25.036098104448484
130.625 26.49126736841076 25.027709438395107
131.125 26.478594192090185 25.01935165279675
131.625 26.465924305591706 25.01104675096506
132.125 26.45338409460937 25.00277122934751
132.625 26.440917609051418 24.994524973009035
133.125 26.428540807861513 24.98630546413919
133.625 26.41623239751825 24.978104861344196
134.125 26.40394999981139 24.9699672862452
134.625 26.3918553436301 24.961829308149536
135.125 26.379799274958916 24.95373765975369
135.625 26.36780642920553 24.94567836495909
136.125 26.355884403080623 24.93764977811512
136.625 26.34406669918995 24.929636022013536
137.125 26.33231005942438 24.9216675560738
137.625 26.32065177100065 24.913737923958053
138.125 26.30903846253158 24.90583000068433
138.625 26.297512983532872 24.897945112139297
139.125 26.286042181602134 24.890112538930538
139.625 26.274698350842506 24.882312682717288
140.125 26.26337717227927 24.87453423796255
140.625 26.252130516961913 24.866756763139968
141.125 26.240980893760756 24.859058577385813
141.625 26.22988310312941 24.85135374414357
142.125 26.21881710900015 24.8436992124784
142.625 26.20791006388941 24.8361182149651
143.125 26.197045202626587 24.828518107821385
143.625 26.18618748454613 24.82096849654418
144.125 26.17547013000984 24.813427435535367
144.625 26.164815711164668 24.80592444017947
145.125 26.15419078739004 24.798481085873686
145.625 26.143673453301055 24.791037719864345
146.125 26.133205549334466 24.783635578377922
146.625 26.122799357616966 24.77627439277922
147.125 26.112419593349706 24.768926952459726
147.625 26.10219493303981 24.761639128744616
148.125 26.091953657942405 24.75434455079544
148.625 26.081797200764107 24.74710856025343
149.125 26.0717540809486 24.739892891784237
149.625 26.061709086883265 24.732715922585115
150.125 26.051782269853682 24.725577162876903
150.625 26.041900525899145 24.71844830105047
151.125 26.032063789838602 24.711359216436076
151.625 26.022267797477177 24.70429510766627
152.125 26.012572039351053 24.69727596352041
152.625 26.002910479429204 24.690253940882823
153.125 25.993348975527596 24.683302996509738
153.625 25.983812925724123 24.676361687146535
154.125 25.974361201469787 24.669453737526716
154.625 25.964940261678386 24.662586987998033
155.125 25.9555736773707 24.655736652572536
155.625 25.946257987547447 24.64892879812181
156.125 25.93704161668713 24.642126211386184
156.625 25.927868954069716 24.635358574141755
157.125 25.918746922864546 24.628643880262615
157.625 25.90966833869834 24.6219264934974
158.125 25.900640999280377 24.61522558777006
158.625 25.89166159921529 24.608583733124654
159.125 25.8827164104067 24.60190406751444
159.625 25.8737845007211 24.595295959241593
160.125 25.864968649150725 24.588666665658923
160.625 25.856144579637864 24.582083153570004
161.125 25.847365538717966 24.575513800517626
161.625 25.83865150087728 24.568947271236354
162.125 25.82995897044912 24.562408555488886
162.625 25.821321780908875 24.555904689157725
163.125 25.812721290456526 24.549402699132198
163.625 25.80415205066204 24.542915519836676
164.125 25.795634300818236 24.536477401192673
164.625 25.787170055281024 24.530028942943826
165.125 25.778720559619458 24.523631218153024
165.625 25.77032444474733 24.517227751159908
166.125 25.761976944829897 24.510826517006134
166.625 25.75363410035767 24.504479066035824
167.125 25.745365548486824 24.498154801674623
167.625 25.737117550533803 24.491831991786597
168.125 25.728909518275536 24.48554767422952
168.625 25.720741520654848 24.479276999436177
169.12499999999997 25.712622154335683 24.47301708556884
169.625 25.704502897518292 24.466780380633985
170.125 25.69642100633716 24.460570844456853
170.62499999999997 25.68839017846249 24.454381299465116
171.125 25.680447427734748 24.4482005472398
171.625 25.672481716158906 24.442060313211794
172.12499999999997 25.664522512474818 24.43593358806271
172.625 25.65664393996883 24.42984214660232
173.125 25.648789879146676 24.42373421323672
173.62499999999997 25.64096001420598 24.417703360064948
174.125 25.633202703144676 24.41163413359252
174.625 25.625453232386015 24.405613203153827
175.12499999999997 25.617704923478666 24.399608713755686
175.625 25.6100087105916 24.39361452990649
176.125 25.602377327074215 24.387650207410488
176.62499999999997 25.59474353109153 24.381717944628257
177.125 25.5871544506871 24.37581603630936
177.625 25.5795734579359 24.36989983515106
178.12499999999997 25.572062151474775 24.36402713201014
178.625 25.56452820721305 24.358166528656273
179.125 25.557061569518655 24.35233719331375
179.62499999999997 25.549648707266783 24.34653301437804
180.125 25.542222303819266 24.34073004816291
180.625 25.534828075583786 24.33495879800011
181.12499999999997 25.527498139770124 24.329212229834894
181.625 25.520170126273474 24.323476346089848
182.125 25.51288830483738 24.317773311943988
182.62499999999997 25.50562652962072 24.312072808231644
183.125 25.498357504620355 24.30640825178079
183.625 25.491196382278062 24.300759228435748
184.12499999999997 25.48396493524162 24.295140603030454
184.625 25.476851076886746 24.289540102401848
185.125 25.46971885058617 24.283959578898685
185.62499999999997 25.46261252930632 24.27839790384496
186.125 25.455567709697565 24.272844837983172
186.625 25.448512981846534 24.267331035519554
187.12499999999997 25.441496551392465 24.26183691125448
187.625 25.434514263557304 24.256348881528638
188.125 25.427523845386467 24.25088813379135
188.62499999999997 25.4206153409967 24.245463153519697
189.125 25.413702881070172 24.240039340103753
189.625 25.40680518921578 24.234653801561453
190.12499999999997 25.399957885679072 24.229267175376677
190.625 25.39311462069287 24.22392208318131
191.125 25.386293590388355 24.218588808406672
191.62499999999997 25.379531803354617 24.21327016403675
192.125 25.372772645350338 24.20799676832278
192.625 25.366014958878278 24.20270388026122
193.12499999999997 25.359303797190083 24.197445477860782
193.625 25.352598976992926 24.192223431585642
194.125 25.345953636018592 24.187025661386823
194.62499999999997 25.339309221318164 24.18182536138763
195.125 25.332719442333342 24.176663957584147
195.625 25.32609192961592 24.17151554479888
196.12499999999997 25.319555979547022 24.166367046251892
196.625 25.312997167137077 24.161255638151896
197.125 25.306481801085837 24.156142857954656
197.62499999999997 25.29999822182246 24.15105328469331
198.125 25.29351033808961 24.145970576453614
198.625 25.2870760379586 24.140908828257096
199.12499999999997 25.28066023311559 24.135862853360766
199.625 25.274261946303227 24.130837073703596
200.125 25.267873242012154 24.125825617787513
200.62499999999997 25.261546884255864 24.120797015470732
201.125 25.255204023922076 24.115811941227236
201.625 25.248899048417105 24.110831117001222
202.12499999999997 25.242627796974553 24.105868496529304
202.625 25.236349355244805 24.100917050324846
203.125 25.23010780250602 24.095976280288237
203.62499999999997 25.223894018038585 24.091067252515952
204.125 25.21766562750576 24.086150958007128
204.625 25.211495506335993 24.081255589792914
205.12499999999997 25.205335519735495 24.076383057504017
205.625 25.199222686401722 24.07151160552197
206.125 25.193088399048968 24.066659547109094
206.62499999999997 25.186965088230654 24.061839830237524
207.125 25.18090608485805 24.05699217411305
207.625 25.17482784777455 24.052205594482515
208.12499999999997 25.16882995720095 24.047396034544143
208.625 25.16277684261258 24.042632508215235
209.125 25.156772508156948 24.037880538824652
209.62499999999997 25.150804026332523 24.03311858316727
210.125 25.144818241988474 24.028363347942797
210.625 25.138881569684717 24.023654591268745
211.12499999999997 25.132943284096037 24.018933135968812
211.625 25.127045094331027 24.01423933143739
212.125 25.121141494224556 24.00954891295546
212.62499999999997 25.11525765319648 24.004903037764706
213.125 25.109391642299087 24.000245239153813
213.625 25.103571432847197 23.995610001692956
214.12499999999997 25.097735609126612 23.990994137580792
214.625 25.091938115314008 23.986373997682332
215.125 25.086128037823233 23.981784599531707
215.62499999999997 25.080365493815528 23.977204583261255
216.125 25.074604705079132 23.9726418271778
216.625 25.068848076034666 23.968080754163196
217.12499999999997 25.063132493129995 23.96354935740199
217.625 25.057405063536056 23.95902663706504
218.125 25.051705986990335 23.954508440035852
218.62499999999997 25.04601218761365 23.950026627356454
219.125 25.040348273165076 23.94552781890511
219.625 25.0346850237717 23.94106163781702
220.12499999999997 25.029069655450353 23.936610104008878
220.625 25.0234174569427 23.93216863865607
221.125 25.017810478324606 23.927737254326935
221.62499999999997 25.012232810926246 23.923328402488394
222.125 25.00663850850541 23.918946482417326
222.625 25.001094638395685 23.91454671265731
223.12499999999997 24.995504306437553 23.910190373067522
223.625 24.989987018322477 23.905805568316815
224.125 24.984455683805553 23.901482838235584
224.62499999999997 24.978927746791424 23.89715784320679
225.125 24.97344214910666 23.89283424571062
225.625 24.967984760490864 23.888548731550713
226.12499999999997 24.962502290712525 23.884261197070646
226.625 24.95703409238983 23.879980448214756
227.125 24.95156739922279 23.87572249302854
227.62499999999997 24.946151388886545 23.871479453096693
228.125 24.940716926644658 23.86723269116526
228.625 24.935315265872646 23.86304211991865
229.12499999999997 24.92993184000957 23.858820584103594
229.625 24.924550869640356 23.85464474601918
230.125 24.919184657295474 23.850465180645493
230.62499999999997 24.913815798268033 23.846297843808458
231.125 24.908447445441308 23.84215559862244
231.625 24.90312038949783 23.838024783754953
232.12499999999997 24.897806722234378 23.833913955898826
232.625 24.892491991707043 23.829793022978222
233.125 24.887199009968768 23.825685261507278
233.625 24.88193091896216 23.82160904713098
234.125 24.876616861951618 23.817549551471583
234.625 24.871377183922153 23.81348912853653
235.125 24.86609644233222 23.809460511182845
235.625 24.860893593233186 23.805429744267084
236.125 24.855629053776823 23.80140906853439
236.625 24.85044687502615 23.797391352640197
237.125 24.84521950259186 23.793398667107965
237.625 24.840048627620348 23.789412965197336
238.125 24.834869645893587 23.785447727157745
238.625 24.829697147648687 23.781487548148895
239.125 24.82457943443893 23.77753856590358
239.625 24.81942578569083 23.77360910003151
240.125 24.814312490773496 23.769680434004815
240.625 24.809193204809 23.765770765671384
241.125 24.804101012833193 23.761860721218667
241.625 24.799023112815153 23.757962114020422
242.125 24.793918812395663 23.75408370720477
242.625 24.788866163083338 23.75021344893807
243.125 24.783806919100073 23.746360551840052
243.625 24.778775084924426 23.74250403589262
244.125 24.773735843727227 23.73866710103347
244.625 24.768733323829704 23.73483971522151
245.125 24.763713809292124 23.73101268750689
245.625 24.758726977648003 23.727209432036297
246.125 24.753764144437017 23.723394007406185
246.625 24.74878854602887 23.719613997464943
247.125 24.74383079755805 23.715835725099005
247.625 24.7388769886386 23.712064675413856
248.125 24.733937584562547 23.708312802720247
248.625 24.729017434626407 23.704550222604706
249.125 24.72410198900405 23.700822382548612
249.625 24.71919366709797 23.697097163777986
250.125 24.714295932267873 23.69337350210479
250.625 24.709426318025773 23.68966806345306
251.125 24.704562587013726 23.685964198089316
251.625 24.699709702382783 23.682263174325563
252.125 24.694849198398007 23.67858235078937
252.625 24.690014112217927 23.67490664722291
253.125 24.685175544312333 23.671238934279508
253.625 24.68037255355862 23.66757317032831
254.125 24.67555055101335 23.663937052974703
254.625 24.67076992777582 23.660289292334113
255.125 24.66598098022564 23.65666078330722
255.625 24.661205793147076 23.653036191348733
256.125 24.656447699656233 23.64943099000413
256.625 24.651690251409633 23.645817644880648
257.125 24.646952133476937 23.642222691968282
257.625 24.642203520271927 23.638638159706865
258.125 24.637488028540805 23.635054613045053
258.625 24.632760159041872 23.63147301959144
259.125 24.628056005527945 23.627915527071572
259.625 24.623369425794458 23.624363889357348
260.125 24.61867920345998 23.620819450621457
260.625 24.614013175284086 23.61726663273135
261.125 24.609328111820723 23.613733571539065
261.625 24.604675684541085 23.610210396585657
262.125 24.600039026729434 23.60670080264449
262.625 24.59539339061042 23.60318080601685
263.125 24.590773471999107 23.59968761305094
263.625 24.586163528836824 23.596190522127483
264.125 24.58155290112252 23.59269631602423
264.625 24.5769299960291 23.5892257432775
265.125 24.572356344312475 23.585762910956177
265.625 24.56777394193228 23.582291065671505
266.125 24.563188914645643 23.578826707039646
266.625 24.55863613680828 23.575375376424933
267.125 24.554080574696577 23.57193268240598
267.625 24.54955614734264 23.568497313385777
268.125 24.545002434685863 23.5650782897955
268.625 24.54047113188352 23.561655363647155
269.125 24.535956739101003 23.558239712476244
269.625 24.531442612805073 23.55482746931159
270.125 24.526955780561007 23.551411171710427
270.625 24.52245820451803 23.548035297312122
271.125 24.517974261045076 23.544650417785512
271.625 24.51349861947229 23.541259889650256
272.125 24.509030397748887 23.537885902453368
272.625 24.504586173485407 23.534516300464734
273.125 24.500115734658067 23.531156264946986
273.625 24.49567962392486 23.527804776915104
274.125 24.491261648497918 23.524457259506008
274.625 24.48684732063318 23.521129226117043
275.125 24.48243048671724 23.517792892296853
275.625 24.47804717314474 23.514463356631143
276.125 24.47364137537391 23.511157493573887
276.625 24.469265960175214 23.50784682550726
277.125 24.46490452914842 23.50455197614152
277.625 24.460539105283043 23.501255146146928
278.125 24.456159477251557 23.497966121994203
278.625 24.45183232005855 23.494686404853123
279.125 24.44749494212724 23.491414944920702
279.625 24.443160279631254 23.488150100281974
280.125 24.438852708069124 23.48488455852415
280.625 24.43453082967388 23.48163351773199
281.125 24.430229231627898 23.478396982011738
281.625 24.42593880236053 23.475154340606803
282.125 24.421658704963143 23.4719233235164
282.625 24.417395833220773 23.46868791806495
283.125 24.413118770605756 23.4654788575328
283.625 24.40884623139706 23.462264176135037
284.125 24.404607392531123 23.45905821167607
