FastTrWP/PhaseSpace/IAs/snIa_0.44_30.00_-0.80_0.00.csv
# %ECSV 0.9
# ---
# datatype:
# - {name: time-rel, datatype: float64}
# - {name: g, datatype: float64}
# - {name: i, datatype: float64}
# schema: astropy-2.0
time-rel g i
[from data line 1157]
798.2708333333334 23.62991813983244 22.385399872415583
798.7708333333333 23.63160547059494 22.385654270329013
799.2708333333334 23.63330065149423 22.385897953773938
799.7708333333334 23.634992228380213 22.386153127852598
800.2708333333333 23.636706718284874 22.386407007382733
800.7708333333334 23.638410228075625 22.38666355291976
801.2708333333334 23.640127857516205 22.38691630654405
801.7708333333333 23.641846043342728 22.387177566395504
802.2708333333334 23.643574407899273 22.387429052804073
802.7708333333334 23.645301975900665 22.38769436915472
803.2708333333333 23.647034317064065 22.38796109478534
803.7708333333334 23.648769002398208 22.388227200661635
804.2708333333334 23.650519312533863 22.38848937729392
804.7708333333333 23.65225726228077 22.388753975866717
805.2708333333334 23.654016978698284 22.389022197274148
805.7708333333334 23.655787868642637 22.38929312247876
806.2708333333333 23.657530698166873 22.389566893283956
806.7708333333334 23.659318439415536 22.389839551802485
807.2708333333334 23.661070904712886 22.390108703957715
807.7708333333333 23.662849836437005 22.390392438514972
808.2708333333334 23.66462067900718 22.39066776464646
808.7708333333334 23.66640996617621 22.39094857674532
809.2708333333333 23.668194097113545 22.3912253274783
809.7708333333334 23.669989962462964 22.391509856052156
810.2708333333334 23.671788044861543 22.391799893941617
810.7708333333333 23.673578445475478 22.392083968100263
811.2708333333334 23.67537996772541 22.392375078676395
811.7708333333334 23.677184471827374 22.39266543444943
812.2708333333333 23.678990405709396 22.392952568759846
812.7708333333334 23.68079636715369 22.393257055069256
813.2708333333334 23.68261058873934 22.393548596381102
813.7708333333333 23.68441663646759 22.39384632293289
814.2708333333334 23.68623881366094 22.394146360423093
814.7708333333334 23.688059863387338 22.394448134118974
815.2708333333333 23.689877982444006 22.394747863648163
815.7708333333334 23.69170707754542 22.39506059219068
816.2708333333334 23.693540676941154 22.395365160559
816.7708333333333 23.695367195601943 22.395672912043324
817.2708333333334 23.69720026777506 22.395987205991453
817.7708333333334 23.69903353891456 22.396299273468514
818.2708333333333 23.700857887665038 22.396609697838766
818.7708333333334 23.702699002471334 22.396926343537388
819.2708333333334 23.704526227143003 22.3972508422364
819.7708333333333 23.706375308823603 22.39756171142881
820.2708333333334 23.708209956164836 22.39789494545906
820.7708333333334 23.710046067778123 22.39821594834671
821.2708333333333 23.711876520875013 22.39853670314772
821.7708333333334 23.713750755563826 22.39887036100289
822.2708333333334 23.715569891769093 22.399202228470408
822.7708333333333 23.717417051926844 22.399538133786393
823.2708333333334 23.719260999308137 22.399875158050705
823.7708333333334 23.721099159522083 22.400210267707298
824.2708333333333 23.722943659875803 22.400549149466755
824.7708333333334 23.724792993620433 22.400896072689157
825.2708333333334 23.726622635768155 22.401233843001375
825.7708333333333 23.72847011718545 22.401587620317933
826.2708333333334 23.730308903482285 22.4019326041369
826.7708333333334 23.73214487608209 22.40228800468429
827.2708333333333 23.733988251621913 22.402633897769647
827.7708333333334 23.73584028230856 22.402989155615547
828.2708333333334 23.73766846860824 22.403346127167353
828.7708333333333 23.73950538977953 22.403710523567394
829.2708333333334 23.741342298229632 22.40406764005686
829.7708333333334 23.743189279022655 22.404432736707264
830.2708333333333 23.745010416651407 22.404797768524276
830.7708333333334 23.746839604661503 22.405170848238658
831.2708333333334 23.74866960605943 22.405546703133673
831.7708333333333 23.750491464983728 22.405916745270904
832.2708333333334 23.752333158864328 22.40629258645197
832.7708333333334 23.754155294940432 22.406673523783972
833.2708333333333 23.755983492926074 22.40705618891645
833.7708333333334 23.757810738157957 22.407439291215194
834.2708333333334 23.759650703113056 22.40782464186192
834.7708333333333 23.761483884675854 22.408206476615717
835.2708333333334 23.76331697736818 22.40859435054165
835.7708333333334 23.76515982241736 22.408987444282253
836.2708333333333 23.767010188211756 22.409393694026036
836.7708333333334 23.768844313389643 22.409781023587723
837.2708333333334 23.770695866998494 22.410172917804026
837.7708333333333 23.772535215310732 22.41057698125362
838.2708333333334 23.77438166715585 22.41098171539996
838.7708333333334 23.776213459069425 22.41138583899362
839.2708333333333 23.77807156495067 22.41179127460324
839.7708333333334 23.779916082717314 22.41219807979911
840.2708333333334 23.781762220574173 22.412609570067907
840.7708333333333 23.783621124268052 22.413022426637276
841.2708333333334 23.785466399070284 22.41343814508498
841.7708333333334 23.78731604287661 22.41386284985977
842.2708333333333 23.78916278491547 22.41427955867107
842.7708333333334 23.791031004556743 22.414696449121262
843.2708333333334 23.792886664321347 22.415123578657496
843.7708333333333 23.794745694297895 22.415544286573837
844.2708333333334 23.796603217567892 22.415976078006707
844.7708333333334 23.798454576202918 22.416413237594025
845.2708333333333 23.800318739812965 22.41683919690246
845.7708333333334 23.802174489680475 22.417273692458622
846.2708333333334 23.80404505278858 22.417711543154567
846.7708333333333 23.80590829539242 22.41815266776651
847.2708333333334 23.80775820055098 22.418583300299886
847.7708333333334 23.809625738648815 22.41903393147963
848.2708333333333 23.811478374812953 22.419477617172788
848.7708333333334 23.81335821121287 22.41992496943091
849.2708333333334 23.815217105653975 22.420374595647928
849.7708333333333 23.817082454097623 22.4208290705217
850.2708333333334 23.818946579522752 22.42128146885244
850.7708333333334 23.82081783246828 22.421734803138733
851.2708333333333 23.82268049491597 22.422188222634606
851.7708333333334 23.82456157519503 22.422654201589044
852.2708333333334 23.826411202355846 22.423119701647863
852.7708333333333 23.82828413186936 22.423580172259506
853.2708333333334 23.830156395008203 22.424047442502722
853.7708333333334 23.83201926501536 22.424511564796642
854.2708333333333 23.833891611208916 22.424984892761607
854.7708333333334 23.835757423864735 22.425459663249395
855.2708333333334 23.837630445345507 22.425932552048884
855.7708333333333 23.839490113894808 22.426410055262274
856.2708333333334 23.841379266281294 22.426893622312242
856.7708333333334 23.843239942085226 22.427366972901098
857.2708333333333 23.84510357165246 22.42785302399454
857.7708333333334 23.846982354032015 22.428341681792805
858.2708333333334 23.848854667643685 22.428829158320593
858.7708333333333 23.8507196041796 22.429312980727346
859.2708333333334 23.852592613989888 22.429808843036856
859.7708333333334 23.854465177289015 22.430303351567694
860.2708333333333 23.856332759197706 22.430799820242026
860.7708333333334 23.858189239536504 22.431301328218687
861.2708333333334 23.860069063857047 22.431794735933096
861.7708333333333 23.86192461194867 22.432299869206762
862.2708333333334 23.86380756201706 22.432805585047213
862.7708333333334 23.86566718903982 22.4333139512663
863.2708333333333 23.867531715225528 22.433825264076816
863.7708333333334 23.86939923837165 22.43432971395419
864.2708333333334 23.871268949318786 22.434838606631722
864.7708333333333 23.8731355232106 22.43535921671569
865.2708333333334 23.875005498583633 22.4358711839784
865.7708333333334 23.876864441591465 22.43639717208191
866.2708333333333 23.87873784100856 22.43692292758698
866.7708333333334 23.880598340285133 22.437434606307573
867.2708333333334 23.882468655415238 22.43796460048076
867.7708333333333 23.884335922575865 22.438497630415153
868.2708333333334 23.886195722375547 22.43902130159301
868.7708333333334 23.888057764890828 22.439551634147684
869.2708333333333 23.889904737080762 22.440093120239425
869.7708333333334 23.89177962483725 22.440632378599904
870.2708333333334 23.893643395203608 22.44117510483629
870.7708333333333 23.895507041004613 22.441710456611375
871.2708333333334 23.89735921766823 22.442258787600345
871.7708333333334 23.899236291397933 22.44280324056403
872.2708333333333 23.901093108358047 22.44335079168338
872.7708333333334 23.90294649470399 22.44389954212889
873.2708333333334 23.904818528129482 22.44445789517542
873.7708333333333 23.90668210116889 22.44501437960402
874.2708333333334 23.90852982875639 22.445570572684712
874.7708333333334 23.910398908679646 22.44613382006376
875.2708333333333 23.912264818247454 22.446691991919593
875.7708333333334 23.914116444221193 22.44725987948971
876.2708333333334 23.91598681326976 22.447829787046732
876.7708333333333 23.917832640204452 22.448399351520703
877.2708333333334 23.919706844980645 22.448974542682578
877.7708333333334 23.92156336288147 22.44954629232172
878.2708333333333 23.92341708259562 22.450124024656898
878.7708333333334 23.92529025632608 22.450706716434965
879.2708333333334 23.927162091865863 22.45128161503283
879.7708333333333 23.929006219314665 22.451866448903584
880.2708333333334 23.930866319222982 22.452461555415525
880.7708333333334 23.932729116885298 22.453044292670953
881.2708333333333 23.93458015028086 22.453633651342187
881.7708333333334 23.93645801192484 22.454218646298823
882.2708333333334 23.93830530902673 22.45481609672424
882.7708333333333 23.940166012154126 22.455417869194513
883.2708333333334 23.942048724495166 22.456015124473655
883.7708333333334 23.943895232004454 22.456617643644474
884.2708333333333 23.94575642453323 22.45722586313883
884.7708333333334 23.947612790245593 22.457821656050694
885.2708333333334 23.94947311427024 22.45843317829148
885.7708333333333 23.951341216405908 22.459038869800526
886.2708333333334 23.95320680790269 22.459655739790346
886.7708333333334 23.955056529362103 22.460269766825288
887.2708333333333 23.956916334625603 22.4608880231515
887.7708333333334 23.958791555147418 22.461505497353322
888.2708333333334 23.960650851621633 22.462127922652336
888.7708333333333 23.962515444974528 22.4627484831003
889.2708333333334 23.964381117241444 22.463370096311497
889.7708333333334 23.966232455834383 22.464000971860653
890.2708333333333 23.96810649840612 22.464630667757703
890.7708333333334 23.969951135004823 22.465261402539518
891.2708333333334 23.97183179430684 22.465896265013438
891.7708333333333 23.97368892285128 22.466538486706078
892.2708333333334 23.975545503130256 22.467168912657737
892.7708333333334 23.977416311714954 22.46780853661058
893.2708333333333 23.979273360695505 22.468451406265114
893.7708333333334 23.9811482708939 22.469097423242562
894.2708333333334 23.982997740247676 22.469742854634966
894.7708333333333 23.984878296639934 22.470388142662777
895.2708333333334 23.98675017257778 22.47104084493226
895.7708333333334 23.98860268880822 22.471692178946135
896.2708333333333 23.99047274518476 22.472347959661395
896.7708333333334 23.992334511934295 22.47299919709619
897.2708333333334 23.994203655291713 22.473660320974858
897.7708333333333 23.996068027225625 22.474321558950862
898.2708333333334 23.99793304210729 22.47498810689109
898.7708333333334 23.999791071355684 22.47564970734354
899.2708333333333 24.001672744411273 22.47631289771411
899.7708333333334 24.003527187146076 22.47698966245524
900.2708333333334 24.00541802338835 22.47765776346832
900.7708333333333 24.007292392111353 22.478328420956228
901.2708333333334 24.009142306417452 22.47900804297665
901.7708333333334 24.011008972011673 22.47968743938159
902.2708333333333 24.0128780991717 22.480360670337628
902.7708333333334 24.01474528642676 22.48104890500523
903.2708333333334 24.016617607219292 22.48172756882505
903.7708333333333 24.018484942930858 22.48242193282044
904.2708333333334 24.02034766512972 22.483110613096837
904.7708333333334 24.022223008219093 22.483794222685344
905.2708333333333 24.02409148376598 22.484490982602914
905.7708333333334 24.025945387622652 22.485186689556347
906.2708333333334 24.027827901275778 22.485890589338723
906.7708333333333 24.029686977031904 22.48659403559988
907.2708333333334 24.03154640698778 22.487288055178148
907.7708333333334 24.033424229550274 22.487997238501105
908.2708333333333 24.035289979604055 22.488701814221788
908.7708333333334 24.03715004832509 22.48941612330124
909.2708333333334 24.03901926428467 22.4901258876826
909.7708333333333 24.040879105235188 22.490843660934708
910.2708333333334 24.042745228992338 22.491558585204974
910.7708333333334 24.04460413829149 22.492286545384815
911.2708333333333 24.046471009075333 22.493004683498366
911.7708333333334 24.048332907331137 22.493731780080775
912.2708333333334 24.05020702326551 22.49445810626037
912.7708333333333 24.052068947627422 22.495187350341368
913.2708333333334 24.053938258324038 22.495915698198864
913.7708333333334 24.05580598945548 22.496655717488167
914.2708333333333 24.05766262150225 22.497381502135628
914.7708333333334 24.059512152034856 22.498127509635445
915.2708333333334 24.061384857351467 22.498866908821547
915.7708333333333 24.063253173509374 22.49960154383316
916.2708333333334 24.065118803446637 22.500349019488773
916.7708333333334 24.066973247173323 22.50109694738554
917.2708333333333 24.068858650017933 22.501854795086167
917.7708333333334 24.070703869091293 22.502603160246913
918.2708333333334 24.07256672095459 22.50335935184468
918.7708333333333 24.07443533305111 22.504110259062237
919.2708333333334 24.076303619658592 22.504870181862422
919.7708333333334 24.078170936984748 22.50564121534374
920.2708333333333 24.080040486135296 22.506400529187715
920.7708333333334 24.08190010056208 22.507174503525874
921.2708333333334 24.083763199773244 22.507931341525804
921.7708333333333 24.08562194161812 22.5087067919334
922.2708333333334 24.087496772835685 22.50947580931452
922.7708333333334 24.089368992527284 22.510252767289973
923.2708333333333 24.091232910965807 22.51102598157076
923.7708333333334 24.093088522253673 22.511811809375295
924.2708333333334 24.09495566455422 22.51258587522393
924.7708333333333 24.09681342840763 22.51337167533513
925.2708333333334 24.09868652066781 22.514159412425805
925.7708333333334 24.10055223537849 22.514939652926465
926.2708333333333 24.102437697014473 22.515742263392617
926.7708333333334 24.104297869411138 22.516532893453164
927.2708333333334 24.106164403724346 22.51732032062851
927.7708333333333 24.1080282631812 22.51812736619175
928.2708333333334 24.109904976156912 22.518925540113624
928.7708333333334 24.11177394487137 22.519729173438478
929.2708333333333 24.11364076326542 22.520526485454123
929.7708333333334 24.11550402393062 22.521330505695857
930.2708333333334 24.1173751246519 22.52215134148225
930.7708333333333 24.119250997782324 22.522954415930315
931.2708333333334 24.121127642958452 22.523773097002817
931.7708333333334 24.12299788560056 22.524586218071757
932.2708333333333 24.124854216822843 22.525397025695007
932.7708333333334 24.12673061810831 22.52622532173806
933.2708333333334 24.128596625076796 22.527043526270035
933.7708333333333 24.130488606471133 22.527866385421543
934.2708333333334 24.13235139858213 22.528700589543263
934.7708333333334 24.134221455424086 22.529526881964618
935.2708333333333 24.136094319559966 22.530353471113557
935.7708333333334 24.137979662573983 22.531190402495106
936.2708333333334 24.139851759844277 22.532030236295135
936.7708333333333 24.141720912602878 22.532874673363587
937.2708333333334 24.143585340775097 22.533716832142975
937.7708333333334 24.145466237445447 22.534578161942562
938.2708333333333 24.147342919991345 22.535425076816313
938.7708333333334 24.149213818715182 22.53628210181205
939.2708333333334 24.15107670017698 22.537147825287104
939.7708333333333 24.152947579247726 22.538003636856455
940.2708333333334 24.154814453419476 22.538877648236806
940.7708333333334 24.156694453904134 22.53974632497382
941.2708333333333 24.158561532516593 22.540627399207484
941.7708333333334 24.160432653629023 22.541502941883465
