FastTrWP/PhaseSpace/IAs/snIa_0.60_30.00_0.15_0.05.csv
# %ECSV 0.9
# ---
# datatype:
# - {name: time-rel, datatype: float64}
# - {name: g, datatype: float64}
# - {name: i, datatype: float64}
# schema: astropy-2.0
time-rel g i
[from data line 691]
477.25 23.909810579190225 22.479780874849638
477.75 23.908790522149395 22.47855079418535
478.24999999999994 23.90776522859784 22.477332161199964
478.75 23.906746586541125 22.476117679913607
479.25 23.905739504410658 22.474902411143045
479.74999999999994 23.90474652006915 22.473692161706964
480.25 23.90375486617684 22.47248579415054
480.75 23.902773591901493 22.471293571978084
481.24999999999994 23.90179898529171 22.470091315156054
481.75 23.900820752447576 22.468902289463134
482.25 23.899854213923447 22.467709976863418
482.74999999999994 23.898919532704287 22.466534496897648
483.25 23.89797969410147 22.46534885232616
483.75 23.897029720481648 22.46417604994963
484.24999999999994 23.896105630214635 22.463001572951523
484.75 23.89519493520041 22.46183411641461
485.25 23.894283158104585 22.460668636540156
485.74999999999994 23.893363955888766 22.459515541363334
486.25 23.892478065647595 22.458358117173493
486.75 23.891585496254105 22.45719895466734
487.24999999999994 23.890701006378947 22.45606328409312
487.75 23.889840298986368 22.454918466066047
488.25 23.88898211844777 22.453779393476058
488.75 23.88811954807015 22.452640513716222
489.25 23.88727544445352 22.451506568695713
489.75 23.886434865411573 22.450388651407888
490.25 23.885594343499076 22.449264308488416
490.75 23.884790500073358 22.448146541975305
491.25 23.883960368135742 22.447028091799822
491.75 23.883141684654344 22.445921411495622
492.25 23.882366181941617 22.444814914428196
492.75 23.881562256768238 22.443719250386906
493.25 23.88079127333623 22.442617445715168
493.75 23.88001507340597 22.44152105088256
494.25 23.87924459390732 22.440433678382462
494.75 23.878492749496907 22.439344654563133
495.25 23.87774769190483 22.438260283321547
495.75 23.877005239004756 22.437188640475327
496.25 23.876273966229515 22.43611402998009
496.75 23.875560251170583 22.43504405097625
497.25 23.874832383359063 22.43398159459297
497.75 23.87411893476139 22.432916881739693
498.25 23.87342155376967 22.431862422827177
498.75 23.872736739776855 22.430805184868706
499.25 23.872064510291196 22.429765035872684
499.75 23.871380860746868 22.428717957206313
500.25 23.870709426497164 22.427677640668975
500.75 23.87005894318014 22.426637867926132
501.25 23.86941418027132 22.425612935108067
501.75 23.868772804077683 22.424582203821796
502.25 23.86814201630243 22.42355549169639
502.75 23.86752544265571 22.422539098450194
503.25 23.86691900414172 22.421525515337123
503.75 23.866297135401446 22.420511994418035
504.25 23.86570899463656 22.41949949675089
504.75 23.865116203854086 22.418502429902656
505.25 23.86454026773508 22.417502590645803
505.75 23.863975081914237 22.41650573376292
506.25 23.86339943289955 22.415518762444275
506.75 23.862861419071738 22.414529425469745
507.25 23.862316864293597 22.413549614190966
507.75 23.861795966156905 22.412565012735666
508.25 23.861252288253528 22.411590942473858
508.75 23.860731977397577 22.410622739474707
509.25 23.860231296667287 22.409647909291483
509.75 23.85972003842752 22.408686453782288
510.25 23.859230160536153 22.407729111101812
510.75 23.85876089416562 22.406771629452166
511.25 23.85827351554136 22.405814430032404
511.75 23.85778729758202 22.404864721626904
512.25 23.857341090199146 22.40392364431571
512.75 23.856888306181496 22.402977919668444
513.25 23.85644305022194 22.402036683273096
513.75 23.85600758009612 22.40111268462572
514.25 23.85557698685303 22.400174227118498
514.75 23.85516412813123 22.399250813079725
515.25 23.854751218103548 22.398324915717787
515.75 23.854343288799335 22.397407692119245
516.25 23.8539430494035 22.396491632243965
516.75 23.853544584913156 22.395578034624066
517.25 23.853174590573257 22.39467721717858
517.75 23.852793916857546 22.393767102337044
518.25 23.85243336690774 22.39286453506425
518.75 23.852077108622858 22.391965989960898
519.25 23.851707124455697 22.391073837964296
519.75 23.85137185813084 22.3901771120422
520.25 23.851038487160814 22.38930015202048
520.75 23.850710334686266 22.388413627765928
521.25 23.85037955305695 22.38753184598266
521.75 23.850053050594102 22.38665070886846
522.25 23.849750067945333 22.385779161386985
522.75 23.84945408531482 22.384911535947083
523.25 23.8491618833098 22.38404373549797
523.75 23.84886538219941 22.38317935530645
524.25 23.84858658825698 22.38232163473784
524.75 23.848324920478117 22.381466946249667
525.25 23.848034467335083 22.380610899267502
525.75 23.84778972878998 22.379761387487363
526.25 23.847533263909547 22.37891862247193
526.75 23.847277435603026 22.378069025868115
527.25 23.847056825124973 22.377237164929447
527.75 23.846813718401553 22.37640103717058
528.25 23.846576115101325 22.375571235121026
528.75 23.846354665431 22.374741571980135
529.25 23.846143015809208 22.37391328818277
529.75 23.845931771474817 22.373084906664612
530.25 23.845738419173106 22.372273332001107
530.75 23.845544907321976 22.37145521526716
531.25 23.845347847547906 22.370635842357753
531.75 23.845172623870475 22.36982748201264
532.25 23.844983240440556 22.369031959823293
532.75 23.84481094855042 22.368224255479806
533.25 23.844658375509944 22.367422084930894
533.75 23.844503741890477 22.366625427203076
534.25 23.844348653154608 22.365831250597992
534.75 23.84419464477814 22.36504410903887
535.25 23.84404647068507 22.364257628057857
535.75 23.84391392154493 22.363470726079477
536.25 23.84378241092344 22.36268893583395
536.75 23.843666749207312 22.361915042110752
537.25 23.84354104661662 22.361139668019078
537.75 23.84342463002937 22.360369021428713
538.25 23.84331996603072 22.35959462275669
538.75 23.843226027862443 22.35883575479386
539.25 23.843133660761097 22.35807296620934
539.75 23.843039478671937 22.357312890373684
540.25 23.842964505250123 22.35654649853967
540.75 23.842868233231883 22.355803351488003
541.25 23.842796541738153 22.355053682259204
541.75 23.842729098081662 22.354311096665775
542.25 23.842667885947506 22.353564799312164
542.75 23.84260600529714 22.35282273422101
543.25 23.842562876064704 22.352083110578086
543.75 23.842514836996607 22.351350485757603
544.25 23.84248366600714 22.35062660684635
544.75 23.84247817789649 22.349895642874145
545.25 23.842449383332177 22.349168136269984
545.75 23.842445085288592 22.348451364939457
546.25 23.84242710530164 22.347738218758543
546.75 23.84245530350366 22.347020691838388
547.25 23.84246880426165 22.346314809458875
547.75 23.84249314230157 22.34561158502476
548.25 23.842522754801898 22.3449066447051
548.75 23.842567550275145 22.344209466463862
549.25 23.842609445345385 22.34351487146398
549.75 23.84266665835424 22.3428108094253
550.25 23.84273075692529 22.342126523007266
550.75 23.842804857536038 22.341434615481557
551.25 23.842887511613284 22.340757186353926
551.75 23.842960001823442 22.340077572933247
552.25 23.84305369389697 22.3393977419091
552.75 23.843165959018844 22.33872350536032
553.25 23.843280955506444 22.338053826689425
553.75 23.84336721678971 22.33738253056554
554.25 23.843499153591033 22.336722434111138
554.75 23.84363140729128 22.336060636481484
555.25 23.843766755810716 22.3354002677111
555.75 23.843894230441617 22.334742678515
556.25 23.844045342523298 22.334098291216215
556.75 23.84420094513549 22.333441568044805
557.25 23.84435002026832 22.332799479049662
557.75 23.844516042627617 22.332160255677227
558.25 23.844691212835805 22.331518903779507
558.75 23.84485243723337 22.330874020059266
559.25 23.845048348343056 22.330246365671375
559.75 23.845226594420907 22.329606837640327
560.25 23.845429692791487 22.328980124396995
560.75 23.845606393626248 22.328349070556545
561.25 23.845820904353946 22.32772748573594
561.75 23.846029862889885 22.327099616949152
562.25 23.846238570925173 22.32648931914983
562.75 23.846462216309035 22.325874703772065
563.25 23.846687888128955 22.32526317831233
563.75 23.846920469379373 22.324647001452263
564.25 23.847134606152473 22.324043913811934
564.75 23.847377525002784 22.323432941123595
565.25 23.847613745190422 22.322835776679796
565.75 23.847855831456265 22.322229787183183
566.25 23.84812162809461 22.32163394308255
566.75 23.84835147523743 22.321035713794952
567.25 23.84862522702923 22.32044017715459
567.75 23.848874924176464 22.319859729414052
568.25 23.849144816270012 22.319265737505148
568.75 23.84941539510537 22.31868120235213
569.25 23.84969094970082 22.31809234993124
569.75 23.849965100011307 22.317516958323715
570.25 23.850250391230773 22.316932925512013
570.75 23.850529830421586 22.316363022073308
571.25 23.850812458401535 22.315787418082
571.75 23.851099014369993 22.31521163741474
572.25 23.85139425620188 22.314648153140414
572.75 23.851682689917357 22.31407259693968
573.25 23.8519746168268 22.31351260178171
573.75 23.852278100965716 22.31294642915
574.25 23.852563796668417 22.312384991498078
574.75 23.85287301182201 22.31182367883911
575.25 23.853193174166698 22.311267866684172
575.75 23.853500752099617 22.310715751881265
576.25 23.853814267791815 22.31016580707447
576.75 23.854126348743662 22.30961275925178
577.25 23.854442328850464 22.30906125187612
577.75 23.854759799191875 22.308510011053066
578.25 23.855077183132757 22.307971875221995
578.75 23.855386185105342 22.307429019013373
579.25 23.85571045915182 22.306882770229365
579.75 23.85603315769307 22.306345394092393
580.25 23.856368312219406 22.305810648284133
580.75 23.856685114613793 22.305279645019795
581.25 23.857004304313527 22.304743632003124
581.75 23.857338757906028 22.30421015491943
582.25 23.857669145318937 22.303680946121244
582.75 23.85800959617938 22.303159505324075
583.25 23.858345383593637 22.30263260614271
583.75 23.8586851703528 22.302105268515334
584.25 23.859019225692162 22.301586254136218
584.75 23.859380119072537 22.301066482349267
585.25 23.859723902461127 22.300545644400074
585.75 23.86008439964779 22.300039916107018
586.25 23.86043503647233 22.299521134731943
586.75 23.86082288239259 22.299014985146584
587.25 23.861186405224878 22.298500769482487
587.75 23.86153720251138 22.297997296870825
588.25 23.86190987648657 22.297492126406855
588.75 23.862303894255966 22.2969953464103
589.25 23.86268912888493 22.29649461243139
589.75 23.863080925757053 22.2959940976558
590.25 23.863453056636285 22.295495910088835
590.75 23.863866989695257 22.295002051810215
591.25 23.864251146627126 22.294517878975853
591.75 23.864648905370768 22.29402526358347
592.25 23.865060121119267 22.293540077739294
592.75 23.865452111472365 22.293058597643434
593.25 23.865864957728007 22.29257400389602
593.75 23.86628768714742 22.292087068851384
594.25 23.866707048092827 22.291612841657404
594.75 23.867137029532067 22.29114232863225
595.25 23.867549482688037 22.290660758013182
595.75 23.86798797640392 22.290193072474793
596.25 23.868430310363728 22.289726051231277
596.75 23.868846116571838 22.289254642175006
597.25 23.869302183023894 22.288793860092614
597.75 23.86974470958368 22.288338492510107
598.25 23.870195689937358 22.2878697864152
598.75 23.870648771438354 22.287413662161338
599.25 23.871111630429453 22.286954780108438
599.75 23.871569591699682 22.286511671900463
600.25 23.872040332695686 22.28605213324198
600.75 23.872505395731217 22.285606479110115
601.25 23.872987035360985 22.28515899480659
601.75 23.87345552800488 22.284713767016772
602.25 23.873928198424537 22.28427566208536
602.75 23.874427975408196 22.283831164557117
603.25 23.874915824361178 22.283403474289326
603.75 23.87539747545869 22.282972105331666
604.25 23.87590807422115 22.28253758010132
604.75 23.87640219504914 22.282104243408163
605.25 23.876917117174084 22.2816792808911
605.75 23.87742168605979 22.281255675718988
606.25 23.877939565375964 22.280833036731657
606.75 23.878446228920218 22.280412378931732
607.25 23.87897233240901 22.27999016886209
607.75 23.87950439002427 22.279582109659323
608.25 23.880037727675326 22.279160097425535
608.75 23.880572656758737 22.278750766893115
609.25 23.881095550550384 22.27834545924666
609.75 23.88164781591207 22.277940204949473
610.25 23.882197198622386 22.277528067047754
610.75 23.88275415242159 22.277130742823307
611.25 23.883292355267574 22.276737344468106
611.75 23.88386739264987 22.27634510946036
612.25 23.88442493350164 22.27594781153163
612.75 23.885008866530203 22.2755572180696
613.25 23.88557297602967 22.275166822180314
613.75 23.886148455679688 22.27478382229141
614.25 23.886734028179024 22.27439631577081
614.75 23.887321165158 22.274019095846963
615.25 23.88789963109133 22.273640480343527
615.75 23.888494798085603 22.273265728416114
616.25 23.88909279516512 22.272894105614558
616.75 23.88969630114464 22.27251667330648
617.25 23.890308778579584 22.2721534668937
617.75 23.890918616662653 22.271791375210125
618.25 23.891548176421704 22.271419260921146
618.75 23.892153637241485 22.27106384405744
619.25 23.89277942662008 22.27070091958369
619.75 23.893431855598728 22.270347815501914
620.25 23.89405488640002 22.2699984946073
620.75 23.89469211874043 22.26964351772842
621.25 23.8953411988393 22.269298517847197
621.75 23.895985628312168 22.268954330624577
622.25 23.89664090133803 22.268603902980498
622.75 23.89730838026603 22.26825948459972
623.25 23.89795360803738 22.267921684040623
623.75 23.89862528756177 22.26758282613197
624.25 23.89929109835489 22.267243922977585
624.75 23.899961215410443 22.266913855732643
625.25 23.90064361025314 22.26658749023212
625.75 23.90132560099027 22.26624798270448
626.25 23.90200750923139 22.2659185946518
626.75 23.902697414921995 22.26559544731903
627.25 23.903394788656996 22.26527665576885
627.75 23.90408715093252 22.264953724950615
628.25 23.904788745763 22.264638382980767
628.75 23.90551315511018 22.264318037886763
629.25 23.906227976244317 22.264011071342793
629.75 23.906931584611897 22.263695464846688
630.25 23.907661748823422 22.263389986472518
630.75 23.908383996435795 22.263081152397575
631.25 23.909118576704678 22.262774707128656
631.75 23.909841451527495 22.262480258763752
632.25 23.910605698885583 22.262177261832058
632.75 23.91133792718128 22.26187808849729
633.25 23.91208207652332 22.261585599648697
633.75 23.912829951896892 22.261282929545132
634.25 23.913592230479924 22.26099306192519
634.75 23.914361732304368 22.260710607568498
635.25 23.915133952313596 22.26041778828214
635.75 23.91590329609746 22.26013925219879
636.25 23.91666991720725 22.25985747248729
636.75 23.91746185439498 22.25957842803912
637.25 23.91822314044839 22.259298424668714
637.75 23.91903212446154 22.25901893495067
638.25 23.91982063517869 22.258752973268365
638.75 23.920627457304043 22.25847671772541
639.25 23.921426738534045 22.258211437379998
639.75 23.92224394913494 22.25794525469002
640.25 23.92304536055569 22.257681045373246
640.75 23.92386180475633 22.2574204933129
641.25 23.924684387712738 22.257168621541442
641.75 23.925506165035046 22.25690543971442
642.25 23.92635818675086 22.256653307013874
642.75 23.92719973023206 22.25640745426952
643.25 23.928041177013817 22.256151263893823
643.75 23.928888524203074 22.25590831367425
644.25 23.929724950016578 22.255661277965103
644.75 23.930598389357904 22.25542357838936
645.25 23.93145280048635 22.255185349320637
645.75 23.932317729022998 22.25494543858541
646.25 23.933184692979456 22.254710827125415
646.75 23.93406314568399 22.254476189327804
647.25 23.93494056629718 22.254250014117876
647.75 23.935828386334997 22.254025181043634
648.25 23.936719473892005 22.25379920922402
648.75 23.937615186029607 22.25357280473046
649.25 23.93852382489444 22.253350697929587
649.75 23.939412601016596 22.253141059498823
650.25 23.94032840165429 22.25292587946726
650.75 23.94123882350364 22.252713297276348
651.25 23.94217450085341 22.252505913893064
651.75 23.943101377936955 22.252296858669744
652.25 23.94401954927701 22.252089724246606
652.75 23.94498053205952 22.25188511808763
653.25 23.945904053886863 22.25168602425765
653.75 23.9468654938321 22.2514854114865
654.25 23.94779606946566 22.251291685294635
654.75 23.94877150270797 22.251100815991997
655.25 23.949735355418884 22.25091651927528
655.75 23.950695973977435 22.250722779546187
656.25 23.951675556133303 22.25054308881322
