FastTrWP/PhaseSpace/IAs/snIa_0.63_30.00_-0.86_0.23.csv
# %ECSV 0.9
# ---
# datatype:
# - {name: time-rel, datatype: float64}
# - {name: g, datatype: float64}
# - {name: i, datatype: float64}
# schema: astropy-2.0
time-rel g i
-332.5 26.99996570557387 24.04551367502907
-332.0 26.99184910441916 24.040573694294167
-331.5 26.983780309785516 24.03564665639979
-331.0 26.975788268896235 24.03074427540329
-330.5 26.967656724657715 24.025831965491328
-330.0 26.95974594098558 24.02094263129088
-329.5 26.951704246289214 24.016074116543138
-329.0 26.943709995059972 24.01120752129222
-328.5 26.935785696530505 24.006367607167796
-328.0 26.927802973322223 24.001522174234612
-327.5 26.919924822179073 23.99670563433551
-327.0 26.91203309756535 23.991881436907644
-326.5 26.9041522697276 23.987079604445164
-326.0 26.89630594302145 23.982299188039228
-325.5 26.888510626641104 23.97751002816175
-325.0 26.880663279425324 23.97274063837727
-324.5 26.872847299402185 23.967988960924917
-324.0 26.865080090237083 23.963244279717777
-323.5 26.857353468841666 23.95851070581013
-323.0 26.84955340883683 23.95378578120379
-322.5 26.841875447158845 23.94907062810966
-322.0 26.834200965561696 23.944382311344754
-321.5 26.82643647473103 23.939700959286732
-321.0 26.818779337721885 23.9350103425908
-320.5 26.811091155255816 23.930355891247082
-320.0 26.803592739227966 23.9257063241056
-319.5 26.79591389788561 23.92105077556814
-319.0 26.788302892054787 23.916425387182286
-318.5 26.78071949485077 23.911827182557058
-318.0 26.77322484138024 23.90721307460986
-317.5 26.765668051381034 23.90259907651909
-317.0 26.758183294011015 23.89802229146611
-316.5 26.750770306395605 23.89345410603883
-316.0 26.743293379652627 23.888901275829507
-315.5 26.735816356705392 23.88434029987288
-315.0 26.728481355401968 23.879806682500284
-314.5 26.721108394548043 23.875279364196377
-314.0 26.713705330242075 23.870748221825618
-313.5 26.70641826352029 23.866256833942693
-313.0 26.699077053877986 23.861749851066453
-312.5 26.691814834991533 23.85726411402976
-312.0 26.684572678625997 23.852788045714462
-311.5 26.67729777984626 23.848321688945212
-311.0 26.67014475729413 23.84388148568402
-310.5 26.662898441667195 23.83943116875477
-310.0 26.655699503442175 23.83498973023515
-309.5 26.648588401923654 23.830573299867556
-309.0 26.641390565579975 23.826157267331713
-308.5 26.634273032367975 23.821748732527716
-308.0 26.627171968896818 23.817357722145868
-307.5 26.62011164838936 23.8129760756025
-307.0 26.61307155508776 23.80859508955723
-306.5 26.606018191354885 23.804228436638667
-306.0 26.599007587372057 23.799872208716558
-305.5 26.592005146868942 23.795537837184785
-305.0 26.585073237809276 23.79120400333911
-304.5 26.578113823287758 23.786860672062254
-304.0 26.57118116657807 23.782553664967978
-303.5 26.564274279195537 23.77824453723402
-303.0 26.557377073991763 23.77393644749858
-302.5 26.55049070616498 23.769660007614668
-302.0 26.543657645808363 23.76536931444474
-301.5 26.536841223009375 23.761122131242654
-301.0 26.52999794755681 23.756838267406465
-300.5 26.52318025437523 23.75258730350499
-300.0 26.516474216239256 23.748346541574833
-299.5 26.509684678960312 23.744114875696255
-299.0 26.50294100649035 23.73987972536723
-298.5 26.4962418331573 23.735661176230842
-298.0 26.489544502872707 23.731446717105943
-297.5 26.482891215769207 23.72724737664367
-297.0 26.476215271900724 23.723066500901528
-296.5 26.46959457480839 23.718877861509394
-296.0 26.462962085206794 23.7146889883868
-295.5 26.45634529624494 23.710541279791894
-295.0 26.44976437929932 23.706388782898472
-294.5 26.443165047485778 23.702229481991075
-294.0 26.43662463131467 23.698080644233794
-293.5 26.43012368389946 23.693954006288273
-293.0 26.423580044473173 23.689820477143048
-292.5 26.4171104186564 23.685711182865738
-292.0 26.41064998833668 23.68161138677316
-291.5 26.40416731781511 23.677502687977125
-291.0 26.397728250756458 23.673415423597007
-290.5 26.39133334673664 23.66931141496312
-290.0 26.38489442314971 23.66525758985697
-289.5 26.378545369125668 23.661182684431775
-289.0 26.372173112937446 23.657118005339292
-288.5 26.365788013988222 23.653067051021488
-288.0 26.359457839781623 23.649020651700184
-287.5 26.3531816077797 23.64498151545092
-287.0 26.34686807582082 23.640944942823584
-286.5 26.340602688577157 23.63692295046018
-286.0 26.334278222737545 23.63290342897149
-285.5 26.328041322504973 23.62889064414613
-285.0 26.3218110165954 23.62489134214492
-284.5 26.315611761264556 23.620904356002303
-284.0 26.309395655770103 23.61691412027163
-283.5 26.303240460721746 23.61293857848697
-283.0 26.297047708406645 23.608972267710264
-282.5 26.290903475205923 23.60500116984744
-282.0 26.284778808768937 23.601042458543343
-281.5 26.27868371174207 23.597083404813148
-281.0 26.272539284881887 23.593148195934376
-280.5 26.26646044833764 23.589220265152363
-280.0 26.260431974268805 23.5852951736215
-279.5 26.25436204421313 23.581372085634374
-279.0 26.24831752196549 23.577460705454108
-278.5 26.24231230550295 23.57357019362256
-278.0 26.236293827738237 23.5696750732836
-277.5 26.230315398331875 23.565784152511778
-277.0 26.224375124389162 23.56190619581181
-276.5 26.2183677923362 23.558051850717675
-276.0 26.212466750092666 23.554187758441003
-275.5 26.20652636407119 23.550324827108376
-275.0 26.200634591001194 23.546472180425862
-274.5 26.194754131731894 23.54264351843335
-274.0 26.188877360815525 23.538801041363126
-273.5 26.18303246659694 23.534978527969855
-273.0 26.177167643244044 23.531158252887753
-272.5 26.17132193000096 23.52735207254312
-272.0 26.165524904518787 23.523549191835414
-271.5 26.159733357865743 23.51974980667866
-271.0 26.153939187676293 23.515964662452575
-270.5 26.14818578895924 23.51218608889978
-270.0 26.14238409864324 23.508400228587227
-269.5 26.13666580969324 23.504624249370174
-269.0 26.130930306686516 23.500862404805858
-268.5 26.125249364839533 23.497123532913395
-268.0 26.119542513061496 23.493368706061535
-267.5 26.113876900320278 23.48962442377656
-267.0 26.10817330903855 23.48589206399373
-266.5 26.10253044686603 23.48216097638636
-266.0 26.09683193436233 23.478429432755572
-265.5 26.09126035430524 23.474727594261218
-265.0 26.08562139215207 23.47101033091812
-264.5 26.08003312258226 23.467306667628677
-264.0 26.07442295748057 23.463604539614536
-263.5 26.068849966834776 23.459928206584365
-263.0 26.063279822400062 23.456227372536077
-262.5 26.05773389024098 23.45255082575068
-262.0 26.05219916495376 23.448882969673907
-261.5 26.04665993107352 23.44522497976865
-261.0 26.04116723147852 23.44155414390209
-260.5 26.035631576677503 23.437898296816037
-260.0 26.03018765753161 23.434262520028902
-259.5 26.024669755536145 23.430614609936384
-259.0 26.01922810655017 23.42698111689792
-258.5 26.013795587511986 23.42334764945507
-258.0 26.008312129891454 23.41970776488815
-257.5 26.002908060530675 23.41609275771532
-257.0 25.99750121262968 23.41247833211004
-256.5 25.99212767942275 23.40887576764497
-256.0 25.986726758873978 23.405270214234402
-255.5 25.981335401682685 23.40167342139239
-255.0 25.975995311305695 23.39808879158673
-254.5 25.970608668906145 23.394509233730787
-254.0 25.965309556220575 23.39091915911493
-253.5 25.95992639609948 23.387353769171042
-253.0 25.95461655385256 23.38377441866268
-252.5 25.949287965410672 23.38021478231981
-252.0 25.94400849989082 23.376650695185702
-251.5 25.938715912584847 23.37308063117975
-251.0 25.933455666116252 23.369546559187377
-250.5 25.928138592983977 23.36600741768196
-250.0 25.922939357374247 23.362465583762614
-249.5 25.917697855919503 23.35892330827472
-249.0 25.91242527695332 23.355401704583404
-248.5 25.90723640252768 23.35187302242275
-248.0 25.902050659793993 23.348351832308797
-247.5 25.896811511808643 23.344840907049754
-247.0 25.89165514103158 23.341344233062248
-246.5 25.88644622805361 23.337832579393204
-246.0 25.881299645522077 23.334336134953514
-245.5 25.87615936423502 23.330840953453368
-245.0 25.870982861941506 23.327344610618333
-244.5 25.865843115423885 23.323870069888606
-244.0 25.86073363510318 23.320381741190616
-243.5 25.855627069246715 23.31691559159228
-243.0 25.85054662425181 23.313441338360022
-242.5 25.845422725765882 23.309979676370922
-242.0 25.840339644724345 23.306519099575276
-241.5 25.83527252140653 23.30306459311485
-241.0 25.830238327449166 23.299619557441503
-240.5 25.82515180135628 23.296175188462563
-240.0 25.820119398504037 23.29273650916239
-239.5 25.81509480587769 23.289313093358203
-239.0 25.81011540874926 23.28588271272405
-238.5 25.805082201192118 23.282462284695736
-238.0 25.800097493715594 23.279042143509415
-237.5 25.795106961010212 23.27563206446074
-237.0 25.79011657748093 23.27223309635162
-236.5 25.785175700790557 23.268839494966194
-236.0 25.780218146600443 23.26543927906271
-235.5 25.7752758992949 23.2620531669455
-235.0 25.770329132159723 23.258664579447373
-234.5 25.765450356497595 23.255298667583318
-234.0 25.76050349473517 23.251920413522527
-233.5 25.755643465649335 23.24855209061544
-233.0 25.750758885261426 23.245180510968268
-232.5 25.74585484372752 23.24182895887196
-232.0 25.740970300626653 23.23846960381273
-231.5 25.736122225784722 23.235135144079177
-231.0 25.73126401309225 23.23178892538855
-230.5 25.726441481621187 23.2284546931489
-230.0 25.72158231813395 23.22511932658947
-229.5 25.71678490022019 23.22179273967373
-229.0 25.711959072167772 23.218460240910076
-228.5 25.70716889462245 23.21514322504576
-228.0 25.702381681008358 23.21183170455297
-227.5 25.69761121486948 23.208524421502297
-227.0 25.69286440881062 23.205209149569853
-226.5 25.68807407621618 23.201910859860504
-226.0 25.68333221919751 23.198614649468695
-225.5 25.678594285867234 23.195331252149476
-225.0 25.673846246839865 23.19203665591447
-224.5 25.669130076519316 23.18875006279047
-224.0 25.664396393131398 23.185480824002937
-223.5 25.65973655629979 23.182208594198407
-223.0 25.655028016478237 23.17893769968013
-222.5 25.650342441203648 23.17567310186106
-222.0 25.645674183012467 23.172411199033192
-221.5 25.640974960917337 23.169156437611438
-221.0 25.636307294250912 23.165908643431013
-220.5 25.631641966643176 23.162665270920396
-220.0 25.627047391145787 23.15941754584657
-219.5 25.622396886764662 23.1561720979515
-219.0 25.617752497562467 23.152949925009473
-218.5 25.6131315972099 23.149714391363155
-218.0 25.60855298967993 23.146489647755146
-217.5 25.60396082632122 23.143266517564072
-217.0 25.599360480169842 23.140046800356412
-216.5 25.594772589334312 23.136844378405726
-216.0 25.590195835089723 23.13363186757428
-215.5 25.58563226046093 23.130421521758233
-215.0 25.581100032500114 23.127226293407897
-214.5 25.57652551433403 23.124025223764168
-214.0 25.571987723656182 23.120830326754852
-213.5 25.56746944244038 23.117639710157107
-213.0 25.56294756421107 23.114454272728857
-212.5 25.55842775585282 23.111277530072574
-212.0 25.55392023985123 23.108095312836983
-211.5 25.549431084017804 23.104922335316633
-211.0 25.544900074322456 23.101751934985636
-210.5 25.540420775491448 23.09858673584085
-210.0 25.5359786115724 23.095434676918373
-209.5 25.531490462784312 23.092266676519053
-209.0 25.527048289211592 23.08911297691268
-208.5 25.522609054810403 23.08595762753223
-208.0 25.51816040585281 23.082808376708066
-207.5 25.513709409215643 23.079663889078745
-207.0 25.509267398534334 23.076527606290448
-206.5 25.50486491583152 23.0733941163503
-206.0 25.50046604957369 23.070262236762346
-205.5 25.496056853698875 23.067124081937532
-205.0 25.491685118594503 23.06400952254494
-204.5 25.48725981128461 23.060874286548547
-204.0 25.482900894739625 23.057757762506167
-203.5 25.478511456496733 23.054649231946822
-203.0 25.474133553606322 23.051532081808777
-202.5 25.469728046163702 23.048406806592325
-202.0 25.465316856977076 23.04528218535504
-201.5 25.46093219247265 23.042163912531592
-201.0 25.456544640563614 23.03903619652644
-200.5 25.45212558787549 23.035917108250214
-200.0 25.44770915241009 23.032790943949337
-199.5 25.44329715435483 23.02966340790991
-199.0 25.438874820516446 23.02654501231547
-198.5 25.43447161537506 23.023417451848545
-198.0 25.430059583805903 23.020304976630644
-197.5 25.425655671847387 23.017180420175162
-197.0 25.42122227488383 23.014058793947317
-196.5 25.416825626313766 23.010937953825476
-196.0 25.412398196497925 23.00783296560641
-195.5 25.407998827142787 23.004717415290713
-195.0 25.40360549314917 23.001596969016017
-194.5 25.399210075709156 22.998489687730064
-194.0 25.39483159685425 22.995388065834874
-193.5 25.39046429599187 22.992275255388634
-193.0 25.38607955525997 22.9891841553616
-192.5 25.38170293297581 22.986079795312293
-192.0 25.377345678799212 22.982988427804596
-191.5 25.372966394937954 22.97989608069821
-191.0 25.368650433591835 22.976812086291428
-190.5 25.364301816858088 22.97373161838053
-190.0 25.35996938846565 22.970647524657153
-189.5 25.355646855415284 22.967575934066375
-189.0 25.351337599933316 22.964500764802978
-188.5 25.347031900607234 22.961443936294064
-188.0 25.342748498025543 22.95838404120929
-187.5 25.338467009516016 22.955337027724987
-187.0 25.334182693909625 22.95228416071493
-186.5 25.329946275021143 22.949230705247786
-186.00000000000006 25.325712766623155 22.946195973739187
-185.5 25.321462610965458 22.943164018730275
-185.0 25.31724847427418 22.94014484144551
-184.50000000000006 25.31303840766433 22.93711388589638
-184.0 25.30888363619195 22.934112255183482
-183.5 25.304693541454817 22.93110430730899
-183.00000000000006 25.300532321501056 22.92809841055255
-182.5 25.296371632975386 22.925113971712364
-182.0 25.292279317080343 22.9221177246796
-181.50000000000006 25.28814300034156 22.91915176089585
-181.0 25.284033473550643 22.916176935681065
-180.5 25.279979396988974 22.913210506399516
-180.00000000000006 25.27591555015739 22.910247383261616
-179.5 25.271887107441536 22.90730470935442
-179.0 25.267836131748204 22.904365479921417
-178.50000000000006 25.263827263901515 22.901429802418065
-178.0 25.259824208323913 22.89851266893363
-177.5 25.255887537284284 22.895599357121235
-177.00000000000006 25.251929039392724 22.89269015667722
-176.5 25.247978950213714 22.8897893244568
-176.0 25.244052207321577 22.886910811547793
-175.50000000000006 25.240179317091787 22.88402875580921
-175.0 25.236300173840146 22.88115599607869
-174.5 25.232466223472642 22.87828253354522
-174.00000000000006 25.22859567044165 22.87544003233519
-173.5 25.22480324539019 22.872590372267133
-173.0 25.221022376338944 22.869770116835767
-172.50000000000006 25.217267360394633 22.866941321907586
-172.0 25.21353169911807 22.864122527517452
-171.5 25.20980637326922 22.861324800460004
-171.00000000000006 25.20609200082999 22.85852671144592
-170.5 25.20242600563516 22.85573712171101
-170.0 25.198739937948016 22.852971964844578
-169.50000000000006 25.195141315088247 22.8502093924029
-169.0 25.191528277442586 22.847454981087605
-168.5 25.187938398572904 22.844718354708796
-168.00000000000006 25.184375841391518 22.84198758483484
-167.5 25.180828997351195 22.83927311026666
-167.0 25.177340503042352 22.836565036479225
-166.50000000000006 25.173827560142623 22.83387549250016
-166.0 25.170365647293792 22.831186548813655
-165.5 25.166926300917503 22.82850946718223
-165.00000000000006 25.16351041680479 22.825854382130863
-164.5 25.16012581802494 22.82320114298788
-164.0 25.156757852515376 22.82055688395929
-163.50000000000006 25.15338543871549 22.817913848872738
-163.0 25.15000070357605 22.815273691679767
-162.5 25.14665615540954 22.81264423588384
-162.00000000000006 25.143346057853016 22.810025191848567
-161.5 25.13999169044805 22.807401330708778
-161.0 25.136681864355875 22.804787655199632
-160.50000000000006 25.1333599509585 22.80216881245191
-160.0 25.13005565979637 22.799573732747625
-159.5 25.12675685049688 22.796969112666208
-159.00000000000006 25.123457760317656 22.794376056903513
-158.5 25.12022075753762 22.791786086895
-158.0 25.116954023440734 22.789203800998365
-157.50000000000006 25.113709101484865 22.786619539739206
-157.0 25.110453783231918 22.78406270139318
-156.5 25.107218811434777 22.781482611295104
-156.00000000000006 25.10401270683879 22.778932339989137
-155.5 25.100796548167743 22.776369917591207
-155.0 25.097617216312393 22.77382334075191
