FastTrWP/PhaseSpace/IAs/snIa_0.50_30.00_2.61_0.14.csv
# %ECSV 0.9
# ---
# datatype:
# - {name: time-rel, datatype: float64}
# - {name: g, datatype: float64}
# - {name: i, datatype: float64}
# schema: astropy-2.0
time-rel g i
[from data line 864]
549.0208333333334 23.42817701300134 22.310228727556204
549.5208333333334 23.428247480173773 22.309939574098784
550.0208333333334 23.4283366152021 22.30965123872892
550.5208333333334 23.42843988916001 22.309361781375266
551.0208333333334 23.428518219585452 22.309078335087776
551.5208333333334 23.428610496283753 22.308789147339372
552.0208333333334 23.42871031030521 22.30850617184356
552.5208333333334 23.428819970346588 22.308225083995666
553.0208333333334 23.42892756789528 22.307947133021987
553.5208333333334 23.429047474359376 22.307677659305476
554.0208333333334 23.429163008571805 22.3074025472852
554.5208333333334 23.429294296853914 22.307150567023438
555.0208333333334 23.42944731533349 22.306889719422053
555.5208333333334 23.429595698124793 22.30662949266651
556.0208333333334 23.429740659162878 22.30637821622554
556.5208333333334 23.429901695817446 22.306126690156525
557.0208333333334 23.430069551666598 22.305882824059825
557.5208333333334 23.430239528756474 22.305636492078847
558.0208333333334 23.430439977212686 22.305403178896242
558.5208333333334 23.430625092455607 22.30516706797585
559.0208333333334 23.430818859611495 22.304931473932122
559.5208333333334 23.431024750110602 22.30470394764087
560.0208333333334 23.431226869720405 22.3044826957317
560.5208333333334 23.43144455518894 22.30426268017319
561.0208333333334 23.431665495825513 22.304048097115285
561.5208333333334 23.431889661949214 22.3038265027399
562.0208333333334 23.432112798161665 22.303615728451923
562.5208333333334 23.43234695904977 22.303401977238536
563.0208333333334 23.432605808536074 22.30320756787211
563.5208333333334 23.43283716930678 22.302990949151514
564.0208333333334 23.43309879454276 22.302793158148184
564.5208333333334 23.433346379382655 22.302595632170217
565.0208333333334 23.433614056149498 22.30239108229963
565.5208333333334 23.433873360473648 22.30219919885005
566.0208333333334 23.43414939664697 22.30200949231149
566.5208333333334 23.434431361150608 22.30181838718999
567.0208333333334 23.43471949285425 22.301633706003884
567.5208333333334 23.43499960967321 22.30144521534587
568.0208333333334 23.435279804251117 22.30125485209402
568.5208333333334 23.43557512149854 22.301076303174973
569.0208333333334 23.43587150743284 22.300891599472553
569.5208333333334 23.436167958347077 22.30071682870345
570.0208333333334 23.436477243620608 22.300537345457933
570.5208333333334 23.43678913261478 22.30036185788865
571.0208333333334 23.437093930919964 22.300188734073526
571.5208333333334 23.437414587803048 22.30001905254959
572.0208333333334 23.43773459103631 22.299845881589043
572.5208333333334 23.438045711395297 22.299676177609776
573.0208333333334 23.43837778534311 22.29950455913321
573.5208333333334 23.43870260204706 22.29932980507271
574.0208333333334 23.4390265449128 22.299172557619848
574.5208333333334 23.439347106884902 22.299001891415525
575.0208333333334 23.439684471461206 22.298830251659886
575.5208333333334 23.440025190509104 22.298674258498004
576.0208333333334 23.440370857334326 22.2985086678201
576.5208333333334 23.440709692770806 22.29833740818834
577.0208333333334 23.441043684648402 22.298174303355065
577.5208333333334 23.44139383200953 22.29802315992737
578.0208333333334 23.441725264113707 22.297854619827355
578.5208333333334 23.44207426239993 22.297689180744133
579.0208333333334 23.442423598986917 22.297528595467618
579.5208333333334 23.442761138834918 22.297360792096686
580.0208333333334 23.443119206327253 22.297204889605897
580.5208333333334 23.44346253035873 22.297037312138592
581.0208333333334 23.443805680762374 22.29687368010221
581.5208333333334 23.444169472744477 22.296718637996655
582.0208333333334 23.444510893332957 22.296556721939137
582.5208333333334 23.44486469714508 22.29639251592743
583.0208333333334 23.445212471886943 22.296225488352682
583.5208333333334 23.445582747354443 22.296062566137195
584.0208333333334 23.445913735583815 22.295901625423692
584.5208333333334 23.44626792870091 22.295727937205058
585.0208333333334 23.446619425847167 22.295569147784256
585.5208333333334 23.44697639859418 22.29540116351298
586.0208333333334 23.4473174456331 22.29522505169352
586.5208333333334 23.447675624832236 22.295062820160197
587.0208333333334 23.44802252167071 22.2948915041062
587.5208333333334 23.44837251298482 22.29471954485501
588.0208333333334 23.44871856807726 22.29454430978025
588.5208333333334 23.44905427986174 22.29436802911172
589.0208333333334 23.449408972727596 22.294191274061973
589.5208333333334 23.449746308401643 22.294018501975966
590.0208333333334 23.45009143236165 22.29385386186501
590.5208333333334 23.45044171795474 22.293678716370753
591.0208333333334 23.45080471650739 22.293501764497357
591.5208333333334 23.451155486730922 22.29332512111008
592.0208333333334 23.45150662503994 22.293156597708514
592.5208333333334 23.451872161662784 22.292987555972232
593.0208333333334 23.452223924750125 22.292808988254386
593.5208333333334 23.452588587194874 22.29263998468422
594.0208333333334 23.452939755456303 22.292467257531456
594.5208333333334 23.453319475797873 22.292299575162563
595.0208333333334 23.453675504413965 22.292126702999674
595.5208333333334 23.4540452693656 22.2919636796532
596.0208333333334 23.45440075001885 22.29180159073878
596.5208333333334 23.45477995561458 22.291621340108442
597.0208333333334 23.45515485771329 22.29146092902324
597.5208333333334 23.455521298649572 22.291290722765606
598.0208333333334 23.455897962716982 22.291123948068623
598.5208333333334 23.456290682295176 22.290955963831752
599.0208333333334 23.456670045846817 22.29079208091955
599.5208333333334 23.45704535720861 22.290623694564786
600.0208333333334 23.457431751757476 22.290464018834196
600.5208333333334 23.457815821204573 22.290301055039205
601.0208333333334 23.45819970018644 22.2901342941247
601.5208333333334 23.458597734229127 22.28997126624744
602.0208333333334 23.458983105440538 22.28980400701232
602.5208333333334 23.45937892454446 22.28964452118189
603.0208333333334 23.459778454430623 22.289482053769746
603.5208333333334 23.46016980152449 22.289321787753803
604.0208333333334 23.46056743278956 22.28916337840761
604.5208333333334 23.460958419908266 22.28899689744216
605.0208333333334 23.461369582218246 22.288841037717265
605.5208333333334 23.461760922402277 22.288682756665477
606.0208333333334 23.462171425564723 22.288514471860722
606.5208333333334 23.46258765438219 22.288364492956845
607.0208333333334 23.463003236847996 22.28821031851456
607.5208333333334 23.463409601212916 22.2880465272263
608.0208333333334 23.46382351174657 22.28788367390827
608.5208333333334 23.46423309495985 22.287737011518303
609.0208333333334 23.464658872962886 22.287576388134
609.5208333333334 23.465062754963547 22.28742430455947
610.0208333333334 23.46549036762779 22.287266679619982
610.5208333333334 23.465912717835113 22.287110394367232
611.0208333333334 23.46633404338396 22.28695749417174
611.5208333333334 23.466756073324106 22.286808496936132
612.0208333333334 23.467183269542463 22.28665335851958
612.5208333333334 23.467611617015866 22.286500541373503
613.0208333333334 23.46804924179451 22.286344079076205
613.5208333333334 23.46848189813961 22.286190050446557
614.0208333333334 23.468922741780275 22.286046868222677
614.5208333333334 23.469354182930626 22.285892879485875
615.0208333333334 23.46979377182054 22.285744069821867
615.5208333333334 23.470239199093644 22.28559226421286
616.0208333333334 23.470679037727802 22.28544137950767
616.5208333333334 23.471128348178894 22.285298182811864
617.0208333333334 23.471570247364447 22.2851508737185
617.5208333333334 23.472031406693034 22.28500465600728
618.0208333333334 23.4724838720064 22.28485298923411
618.5208333333334 23.47292365591871 22.28470086139606
619.0208333333334 23.473390275843684 22.284563070273528
619.5208333333334 23.473840337007687 22.284412200632154
620.0208333333334 23.474297795853186 22.28427322761474
620.5208333333334 23.474764294431374 22.284132584114094
621.0208333333334 23.475223064349457 22.28397832009022
621.5208333333334 23.4756919803323 22.2838400829379
622.0208333333334 23.476152048259245 22.283695329596203
622.5208333333334 23.476622788573856 22.283554471275416
623.0208333333334 23.477099952299646 22.283409335456746
623.5208333333334 23.477568603084432 22.283269068691492
624.0208333333334 23.478061430413053 22.28313132648859
624.5208333333334 23.478520910059405 22.282986992361224
625.0208333333334 23.478999041775953 22.282853447100273
625.5208333333334 23.479480288217896 22.282710227210526
626.0208333333334 23.479959098418604 22.28256786575557
626.5208333333334 23.480446995534287 22.282432544161132
627.0208333333334 23.480941141669703 22.28229374969176
627.5208333333334 23.481428229023088 22.28215872216748
628.0208333333334 23.481926281665217 22.282021448094053
628.5208333333334 23.482409716745245 22.28188601253638
629.0208333333334 23.4829087910217 22.28174530043229
629.5208333333334 23.483388550757272 22.2816107211909
630.0208333333334 23.483907826538506 22.281477079168482
630.5208333333334 23.484412131999512 22.28134301584835
631.0208333333334 23.484907441203884 22.28120601384741
631.5208333333334 23.485402884925513 22.281076386315874
632.0208333333334 23.48591532726998 22.28094424876311
632.5208333333334 23.48641451481878 22.280806347772163
633.0208333333334 23.486935528886484 22.28067427227501
633.5208333333334 23.487450102467534 22.280549038582947
634.0208333333334 23.487944954422545 22.28041069408661
634.5208333333334 23.488469220941948 22.280282152418582
635.0208333333334 23.488991574187914 22.280151181352696
635.5208333333334 23.489515551967635 22.280019077145287
636.0208333333334 23.490032207889303 22.27988552520237
636.5208333333334 23.490562000450144 22.27976012451446
637.0208333333334 23.491092664849063 22.279634970103046
637.5208333333334 23.491617458232014 22.279503427933655
638.0208333333334 23.492147412632857 22.27937630422673
638.5208333333334 23.492682255666754 22.27925000259502
639.0208333333334 23.49321452902624 22.279119392449005
639.5208333333334 23.493750352523477 22.27899379018289
640.0208333333334 23.494291774477535 22.278875802434655
640.5208333333334 23.494834312202283 22.278749242243343
641.0208333333334 23.495386465554002 22.278621235529144
641.5208333333334 23.49591451958332 22.278496125427555
642.0208333333334 23.49646178529855 22.278369000185457
642.5208333333334 23.497019119558793 22.27825175000868
643.0208333333334 23.497563338643666 22.27812724378125
643.5208333333334 23.498127722385398 22.27800659457766
644.0208333333334 23.498686007449873 22.27788644338187
644.5208333333334 23.499237446490802 22.277758979558662
645.0208333333334 23.49979771779001 22.277652743133586
645.5208333333334 23.500355714970528 22.277528207088302
646.0208333333334 23.50092262774952 22.277402430660203
646.5208333333334 23.501493572882936 22.27728698238822
647.0208333333334 23.502056319366275 22.277172070797015
647.5208333333334 23.50263138938931 22.27705254043833
648.0208333333334 23.50320108354301 22.276929509540935
648.5208333333334 23.503782073259067 22.27681846070414
649.0208333333334 23.504343568326426 22.276696256118647
649.5208333333334 23.504933394673962 22.276587595807765
650.0208333333334 23.5055139829119 22.27646580245489
650.5208333333334 23.506092184326036 22.276352219554056
651.0208333333334 23.506679070956547 22.276238545839778
651.5208333333334 23.507265223052958 22.276124479229622
652.0208333333334 23.507856098568215 22.276019682218795
652.5208333333334 23.508437272615843 22.275900232298994
653.0208333333334 23.509044192561174 22.27579406233562
653.5208333333334 23.509629606168872 22.275679146681007
654.0208333333334 23.510225145277612 22.27557420795876
654.5208333333334 23.510826970035076 22.27545961569151
655.0208333333334 23.511429202873938 22.275350799324457
655.5208333333334 23.512030600123165 22.275241181413765
656.0208333333334 23.512645849312523 22.27513130848385
656.5208333333334 23.513252598652585 22.275028764329342
657.0208333333334 23.513861024211586 22.274917644814046
657.5208333333334 23.51447059313537 22.274815175184894
658.0208333333334 23.51508436867026 22.274703877381548
658.5208333333334 23.515714875380425 22.27459577605063
659.0208333333334 23.516319303851404 22.274499082563235
659.5208333333334 23.516957536011418 22.274392006742765
660.0208333333334 23.517575996789297 22.274284068295593
660.5208333333334 23.518193295165176 22.27418345169739
661.0208333333334 23.518820264583844 22.274085572186767
661.5208333333334 23.51945001762846 22.27398396400389
662.0208333333334 23.52008210795141 22.273878873339683
662.5208333333334 23.52072158457419 22.2737891417761
663.0208333333334 23.521372814423778 22.273664661283625
663.5208333333334 23.522015549114332 22.27357235203859
664.0208333333334 23.52266203131682 22.27347750445469
664.5208333333334 23.52330220969414 22.273359280535914
665.0208333333334 23.5239611417296 22.273271053448013
665.5208333333334 23.524609560950857 22.273167433786945
666.0208333333334 23.525272178535804 22.273057349107606
666.5208333333334 23.525932887288057 22.272967361683712
667.0208333333334 23.526588520829254 22.272862960544654
667.5208333333334 23.527254856550748 22.272763858800747
668.0208333333334 23.52792215169177 22.272665438809433
668.5208333333334 23.528589573431585 22.272565534221176
669.0208333333334 23.52926968590367 22.272468275676633
669.5208333333334 23.52994037990969 22.272367388010395
670.0208333333334 23.530603399782155 22.272261960400726
670.5208333333334 23.53129437837209 22.27217060005225
671.0208333333334 23.531987165018222 22.27206832441768
671.5208333333334 23.53265892133992 22.271971164919133
672.0208333333334 23.533342922196358 22.271875979106156
672.5208333333334 23.534034116048378 22.27177933239315
673.0208333333334 23.534731377271704 22.27168470425186
673.5208333333334 23.535424154829304 22.271588476491985
674.0208333333334 23.53611509713804 22.27149207892976
674.5208333333334 23.53681154742238 22.271399833629854
675.0208333333334 23.53751067681054 22.27130644900948
675.5208333333334 23.538223406114 22.271215890919613
676.0208333333334 23.538922615485397 22.271126210432964
676.5208333333334 23.539624178534865 22.271032206617374
677.0208333333334 23.540347106564667 22.270937589551867
677.5208333333334 23.541051324342757 22.270851308655182
678.0208333333334 23.541763077695983 22.27075935915501
678.5208333333334 23.542472894171723 22.270676253871542
679.0208333333334 23.54319876990627 22.27059049989226
679.5208333333334 23.54390372920188 22.270504549572333
680.0208333333334 23.544624815257183 22.27041056703692
680.5208333333334 23.54534522036975 22.270328457409004
681.0208333333334 23.546070794281313 22.270247866529346
681.5208333333334 23.54679545595133 22.270162037302605
682.0208333333334 23.547524587945972 22.270086064712544
682.5208333333334 23.548259743919658 22.27000479263911
683.0208333333334 23.54898885417854 22.269925131023523
683.5208333333334 23.549723843442493 22.269837343692004
684.0208333333334 23.550448606664773 22.26975885646441
684.5208333333334 23.551189876518436 22.269683137029624
685.0208333333334 23.551918710537517 22.269610461816235
685.5208333333334 23.552668949353222 22.269531312710885
686.0208333333334 23.55341101516263 22.26946359612962
686.5208333333334 23.554153407562055 22.269386106877597
687.0208333333334 23.554897236489218 22.269311135742687
687.5208333333334 23.555640966532675 22.26924035424045
688.0208333333334 23.556389606269427 22.269168549153964
688.5208333333334 23.557138972726122 22.269109668640166
689.0208333333334 23.557885546185883 22.269038002400585
689.5208333333334 23.558642430418942 22.268977175736097
690.0208333333334 23.559391215817186 22.268906217865258
690.5208333333334 23.56014273402168 22.26884563703219
691.0208333333334 23.560894567284603 22.26878204192012
691.5208333333334 23.561641417056528 22.268715917950885
692.0208333333334 23.562411756489134 22.268661170928894
692.5208333333334 23.563168717158778 22.26860464493933
693.0208333333334 23.56392269417153 22.268546815706202
