FastTrWP/PhaseSpace/IAs/snIa_0.44_30.00_-0.80_0.00.csv
# %ECSV 0.9
# ---
# datatype:
# - {name: time-rel, datatype: float64}
# - {name: g, datatype: float64}
# - {name: i, datatype: float64}
# schema: astropy-2.0
time-rel g i
[from data line 578]
508.7708333333333 23.404974624347506 22.649430022262322
509.2708333333333 23.40350041149783 22.647909319346695
509.7708333333333 23.402044563848627 22.646399338629877
510.2708333333333 23.400569416850022 22.644892843319884
510.7708333333333 23.39912769295596 22.643395597115177
511.2708333333333 23.397685528384674 22.64189764641237
511.7708333333333 23.396238505457315 22.640399118447956
512.2708333333334 23.39482196196677 22.638919846353435
512.7708333333334 23.393426976111492 22.637450975531806
513.2708333333334 23.39201354053487 22.635969511128593
513.7708333333334 23.390619671314774 22.634505362247896
514.2708333333334 23.389234038432562 22.63303919620105
514.7708333333334 23.387860486633464 22.631586044632645
515.2708333333334 23.38649835365817 22.63012553895861
515.7708333333334 23.385134634488654 22.628686930479176
516.2708333333334 23.383792427431622 22.627250058184675
516.7708333333334 23.382458964042826 22.62581064489548
517.2708333333334 23.381131983972708 22.624380973498436
517.7708333333334 23.379824366449334 22.622964143708693
518.2708333333334 23.378511508409083 22.621542240449827
518.7708333333334 23.377221826107583 22.62012721952388
519.2708333333334 23.37592616160943 22.61871698011021
519.7708333333334 23.374656831737575 22.617317210718397
520.2708333333334 23.373376262614617 22.61592667442292
520.7708333333334 23.372121590222648 22.614532676257582
521.2708333333334 23.37086799333065 22.61314711656009
521.7708333333334 23.36963352891011 22.611767510115016
522.2708333333334 23.368397174956236 22.610400445190237
522.7708333333334 23.36716088459943 22.6090180635437
523.2708333333334 23.365952386701792 22.607650533510256
523.7708333333334 23.364741421653225 22.606299787716026
524.2708333333334 23.36353852070477 22.604939086924617
524.7708333333334 23.362360926246705 22.603586443684964
525.2708333333334 23.36116999331907 22.602246115677474
525.7708333333334 23.36000597463471 22.600906920078423
526.2708333333334 23.35882628555207 22.599565341265105
526.7708333333334 23.357686471885742 22.598232034012383
527.2708333333334 23.356536585733366 22.596905653024102
527.7708333333334 23.355400224380784 22.595590099248422
528.2708333333334 23.354267289696914 22.594273066260143
528.7708333333334 23.353130706133474 22.592952236647797
529.2708333333334 23.352028250696158 22.59165296626282
529.7708333333334 23.350928862056016 22.590348419887007
530.2708333333334 23.34982619838357 22.58904906869782
530.7708333333334 23.348734895103078 22.58775311411908
531.2708333333334 23.347659820706156 22.586472323665753
531.7708333333334 23.34657748443164 22.585185027251388
532.2708333333334 23.345517145958915 22.583911748556204
532.7708333333334 23.344466519753432 22.582634561423976
533.2708333333334 23.343418444515592 22.581365531234585
533.7708333333334 23.34238324419738 22.580105316323248
534.2708333333334 23.341347057456858 22.57883678110916
534.7708333333334 23.340317320078412 22.57758385889406
535.2708333333334 23.339301135449396 22.576337344206692
535.7708333333334 23.33829281500067 22.57508676915151
536.2708333333334 23.33728310828834 22.57385386819024
536.7708333333334 23.33630143518736 22.57261183097461
537.2708333333334 23.335319628158217 22.571380912790616
537.7708333333334 23.334337394235845 22.570157972771334
538.2708333333334 23.333374936297666 22.568929575125853
538.7708333333334 23.332410586149575 22.567708580370713
539.2708333333334 23.331456322558026 22.566497801767934
539.7708333333334 23.330516461062803 22.565289154544224
540.2708333333334 23.329573396899885 22.564088086979744
540.7708333333334 23.328645719654254 22.562889425521043
541.2708333333334 23.327726043241704 22.561690966948408
541.7708333333334 23.326800294990697 22.560505911005233
542.2708333333334 23.32589219611624 22.559320156846326
542.7708333333334 23.324998244401915 22.558138965701513
543.2708333333334 23.324118869906787 22.556958666682768
543.7708333333334 23.323227656118913 22.555789606769807
544.2708333333334 23.322349602963218 22.554621405893567
544.7708333333334 23.321484142027025 22.553455990634966
545.2708333333334 23.320618472804004 22.552293508078836
545.7708333333334 23.31976250159833 22.551140684679186
546.2708333333334 23.318924679938707 22.549993614914193
546.7708333333334 23.31808163211614 22.54885082163673
547.2708333333334 23.317249480595613 22.547709020047
547.7708333333334 23.31642291882868 22.546569427040918
548.2708333333334 23.315602894761277 22.545441787648723
548.7708333333334 23.314804373842172 22.54431786288304
549.2708333333334 23.314004670155608 22.54319029021813
549.7708333333334 23.313192719838153 22.542071719779784
550.2708333333334 23.312405734542114 22.540956196344936
550.7708333333334 23.31162872491648 22.539842043288523
551.2708333333334 23.31085983086508 22.538744021425433
551.7708333333334 23.310094299302165 22.53764054350412
552.2708333333334 23.30932998824072 22.53654435308393
552.7708333333334 23.30858728390675 22.535448467245182
553.2708333333334 23.307823235614656 22.53435621507616
553.7708333333334 23.307095937102382 22.53328377568532
554.2708333333334 23.30635139443288 22.53219787722065
554.7708333333334 23.305644620465287 22.53112780327418
555.2708333333334 23.304932752785344 22.53005826775473
555.7708333333334 23.304228674976976 22.528988931630654
556.2708333333334 23.303530736986218 22.527921692988613
556.7708333333334 23.302825594427766 22.526870077133818
557.2708333333334 23.30214167628172 22.525818037674995
557.7708333333334 23.301477323218116 22.524764369148894
558.2708333333334 23.300800258320628 22.523719684798206
558.7708333333334 23.300134390424123 22.52267519319805
559.2708333333334 23.29948861727962 22.521641291638996
559.7708333333334 23.29884185964692 22.520604204868413
560.2708333333334 23.29819546940197 22.519582990597616
560.7708333333334 23.297578924686285 22.518562076980277
561.2708333333334 23.296947076059446 22.517538724481835
561.7708333333334 23.296342032678222 22.516519420338188
562.2708333333334 23.29572514134302 22.515512567246834
562.7708333333334 23.295121584913705 22.514505309808346
563.2708333333334 23.294536455870123 22.513506667117266
563.7708333333334 23.29394512355006 22.512510140087674
564.2708333333334 23.293369321646185 22.511514549688293
564.7708333333334 23.292799052656115 22.51051758918149
565.2708333333334 23.29223309610586 22.509527337400158
565.7708333333334 23.291674608004023 22.50854965121698
566.2708333333334 23.291121861758647 22.507571565529055
566.7708333333334 23.29058272457538 22.506596287769142
567.2708333333334 23.290045362406524 22.50562599418467
567.7708333333334 23.289522479833096 22.504651959838927
568.2708333333334 23.28899318784758 22.50369580511949
568.7708333333334 23.288470455143404 22.502744415355398
569.2708333333334 23.28796715061419 22.501784710092245
569.7708333333334 23.287461464559243 22.50083126964728
570.2708333333334 23.286965222168085 22.49988154089598
570.7708333333334 23.28647028045478 22.498936912214162
571.2708333333334 23.28599078892818 22.498000048314253
571.7708333333334 23.28551810314201 22.49706206269073
572.2708333333334 23.285036257079184 22.496128340229617
572.7708333333334 23.28458602788785 22.495204538489215
573.2708333333334 23.28411181198286 22.494278336134972
573.7708333333334 23.28367561099292 22.49336209456185
574.2708333333334 23.283230966762886 22.492443726551038
574.7708333333334 23.28279094697924 22.491530816254695
575.2708333333334 23.28235402771186 22.490619505529
575.7708333333334 23.28193389389334 22.489715309113066
576.2708333333334 23.28149112836457 22.488811050790886
576.7708333333334 23.281092414989914 22.487906680346658
577.2708333333334 23.280686672625563 22.48701235638217
577.7708333333334 23.28027484399215 22.486126231633015
578.2708333333334 23.279886093374238 22.485238950077303
578.7708333333334 23.279483149195087 22.48435160813792
579.2708333333334 23.27910553857781 22.483473167984577
579.7708333333334 23.278710683416328 22.48259999982004
580.2708333333334 23.27834788699809 22.48172793798706
580.7708333333334 23.27798149304199 22.480864130683955
581.2708333333334 23.27760610229767 22.47999227492615
581.7708333333334 23.277248093378514 22.479123142583166
582.2708333333334 23.276904301343432 22.478268710158474
582.7708333333334 23.27655439120204 22.47742048614315
583.2708333333334 23.27620827744075 22.476559911181294
583.7708333333334 23.27587127222894 22.47571769629731
584.2708333333334 23.275544536247207 22.474872303025627
584.7708333333334 23.2752145101284 22.47403078655553
585.2708333333334 23.274897363274704 22.473183997675076
585.7708333333334 23.274583213749175 22.472350491762466
586.2708333333334 23.27426842331652 22.47152175216199
586.7708333333334 23.27396458351722 22.470695876316803
587.2708333333334 23.27365851170015 22.46987165466949
587.7708333333334 23.27336364005475 22.46905800222956
588.2708333333334 23.27307845872912 22.46823551712812
588.7708333333334 23.272786705316058 22.467414346369043
589.2708333333334 23.27249889086061 22.466606308643392
589.7708333333334 23.27223200673147 22.46579845118842
590.2708333333334 23.27195393518206 22.464985031634143
590.7708333333334 23.271687176665367 22.464187576788333
591.2708333333334 23.27143042040388 22.46339487802394
591.7708333333334 23.271176349632903 22.462595827242783
592.2708333333334 23.270915668705175 22.461811221331725
592.7708333333334 23.270675955613974 22.461015043680433
593.2708333333334 23.27043753527361 22.46023142249666
593.7708333333334 23.270199172858646 22.459445642743052
594.2708333333334 23.269979598982168 22.458660051748133
594.7708333333334 23.26974556882857 22.45788496805526
595.2708333333334 23.269524225203092 22.457111455996248
595.7708333333334 23.26931323607016 22.456344396957842
596.2708333333334 23.269100740338267 22.455576376816985
596.7708333333334 23.2689093332936 22.454821049562426
597.2708333333334 23.268705788732568 22.454056654220857
597.7708333333334 23.26852010565893 22.453295016726656
598.2708333333334 23.26832386683714 22.45253969118761
598.7708333333334 23.268153029492538 22.451786433201594
599.2708333333334 23.267966903561117 22.451039969458513
599.7708333333334 23.26779619311972 22.450300409956387
600.2708333333334 23.26763302342007 22.44955810753779
600.7708333333334 23.267466122607914 22.44882011144152
601.2708333333334 23.26731955029213 22.448080583858697
601.7708333333334 23.267174625632233 22.44735016308772
602.2708333333334 23.267036550140702 22.446615683176848
602.7708333333334 23.266890506442163 22.445899322220587
603.2708333333334 23.266759250744876 22.445173578515252
603.7708333333334 23.26664309743251 22.444458457617984
604.2708333333334 23.266518067620588 22.44374318858037
604.7708333333334 23.26640526086358 22.44302901832055
605.2708333333334 23.266289024001843 22.442327761379545
605.7708333333334 23.266197021745544 22.44161761202969
606.2708333333334 23.266096142866147 22.44091677012606
606.7708333333334 23.266006309005913 22.440214152936683
607.2708333333334 23.265924471354502 22.439521805932678
607.7708333333334 23.26584170043665 22.438832361176125
608.2708333333334 23.26576106872372 22.43814369153698
608.7708333333334 23.26570370387463 22.437452526334734
609.2708333333334 23.265636141492372 22.436774721922323
609.7708333333334 23.265584876215687 22.436102366343324
610.2708333333334 23.265527713496255 22.435425555329314
610.7708333333334 23.26548827425333 22.43475424723173
611.2708333333334 23.265456076706887 22.4340816658845
611.7708333333334 23.265421835295164 22.433430153352482
612.2708333333334 23.26539511360267 22.432762793626093
612.7708333333334 23.265367223088944 22.43210408734889
613.2708333333334 23.265360252849312 22.431453040117656
613.7708333333334 23.26536192254313 22.430801029861165
614.2708333333334 23.265358551811865 22.430156716799424
614.7708333333334 23.265355999510774 22.429511317199804
615.2708333333334 23.265379547111515 22.428880586598765
615.7708333333334 23.265390637642373 22.428245326577105
616.2708333333334 23.265413329941964 22.427613848880483
616.7708333333334 23.2654427122924 22.426984476610755
617.2708333333334 23.265474407202802 22.42635919184517
617.7708333333334 23.265522075049123 22.42573290055922
618.2708333333334 23.26556979015053 22.425115607514
618.7708333333334 23.265623981496653 22.424508327695133
619.2708333333334 23.26568550318775 22.42389047869775
619.7708333333334 23.265746689166065 22.423287156154522
620.2708333333334 23.26582545965428 22.422688345869652
620.7708333333334 23.265903655967062 22.42208616951388
621.2708333333334 23.265994481356103 22.421488601304674
621.7708333333334 23.26607699487644 22.420894036062066
622.2708333333334 23.26618400998604 22.42030913469698
622.7708333333334 23.266290686379655 22.419725705817832
623.2708333333334 23.26640693241869 22.41914248423004
623.7708333333334 23.266517204716518 22.41857369535375
624.2708333333334 23.26665118606425 22.41799287211439
624.7708333333334 23.266785156856606 22.41741598819543
625.2708333333334 23.266923845368183 22.41685701924556
625.7708333333334 23.267064356403452 22.41629137596568
626.2708333333334 23.267211544075316 22.415731558022458
626.7708333333334 23.267358909000528 22.415168403168117
627.2708333333334 23.267521801170197 22.414622173412113
627.7708333333334 23.26769729711163 22.414072703784477
628.2708333333334 23.26786782723343 22.413517476075274
628.7708333333334 23.268044950362977 22.412977154512287
629.2708333333334 23.26823186301594 22.412432911840774
629.7708333333334 23.26842158584311 22.411896378120524
630.2708333333334 23.268607580917188 22.411353811470217
630.7708333333334 23.268826710424776 22.410831869095546
631.2708333333334 23.269023497785106 22.410293885782146
631.7708333333334 23.269252300820057 22.409764182800277
632.2708333333334 23.269465751173435 22.40924685280461
632.7708333333334 23.269692640320848 22.408734613622066
633.2708333333334 23.26992299566308 22.408209955425328
633.7708333333334 23.270159376076155 22.407704189277634
634.2708333333334 23.27041529225689 22.40719146032294
634.7708333333334 23.270656673977854 22.40668706316533
635.2708333333334 23.270918588423534 22.406185315605693
635.7708333333334 23.271186929741585 22.405684357811086
636.2708333333334 23.271446555315364 22.40518664034218
636.7708333333334 23.27173097046268 22.404697890857975
637.2708333333334 23.272010570514272 22.404197876458532
637.7708333333334 23.27231607749532 22.40371384865066
638.2708333333334 23.272608470916918 22.403228972085714
638.7708333333334 23.272897480632366 22.402748595364375
639.2708333333334 23.273206627315396 22.402271036231475
639.7708333333334 23.273516880916244 22.401805068259183
640.2708333333334 23.27384288678289 22.401329109895137
640.7708333333334 23.274165800657407 22.400863118665203
641.2708333333334 23.27449989693909 22.400396287602238
641.7708333333334 23.274838504260103 22.399942776705085
642.2708333333334 23.275186399800877 22.399483687887255
642.7708333333334 23.275540912864116 22.39903570250606
643.2708333333334 23.275893618599703 22.39858144633255
643.7708333333334 23.276253492054426 22.398131822370747
644.2708333333334 23.276625473687325 22.39768715631969
644.7708333333334 23.277018853669617 22.39724832563834
645.2708333333334 23.277389750260152 22.396813372324264
645.7708333333334 23.277784348554356 22.396375705602154
646.2708333333334 23.27817701678546 22.395943441484647
646.7708333333334 23.2785870342582 22.395519690704017
647.2708333333334 23.27900196593884 22.39510261578984
647.7708333333334 23.279431330229542 22.39467966696902
648.2708333333334 23.27983592932291 22.394262935933394
648.7708333333334 23.28026489269591 22.393852171560766
649.2708333333334 23.280693379386257 22.39344741854502
649.7708333333334 23.28114834330602 22.39303538891702
650.2708333333334 23.281600333489884 22.392641098271238
650.7708333333334 23.28205394384847 22.392241508751127
651.2708333333334 23.282512395704707 22.391847051461006
651.7708333333334 23.282989212588273 22.391452812743783
652.2708333333334 23.283470727335654 22.39105840794661
