FastTrWP/PhaseSpace/IAs/snIa_0.39_30.00_-0.76_-0.15.csv
# %ECSV 0.9
# ---
# datatype:
# - {name: time-rel, datatype: float64}
# - {name: g, datatype: float64}
# - {name: i, datatype: float64}
# schema: astropy-2.0
time-rel g i
[from data line 1076]
134.9999999999999 23.016391411902454 22.605016350727706
135.5 23.017589323664197 22.60501954140587
136.0 23.01879088374737 22.605032274580598
136.4999999999999 23.02000569673021 22.605054723177048
137.0 23.02120729408594 22.60506569081841
137.5 23.022417148903113 22.60508719266785
137.9999999999999 23.02362821761108 22.60511803739903
138.5 23.024835150026362 22.605142395594918
139.0 23.026052771261707 22.605178375857594
139.4999999999999 23.027268061577068 22.605207543049055
140.0 23.028483254441575 22.605240511859492
140.5 23.029716574864842 22.605280774455668
140.9999999999999 23.030937104913814 22.6053148162468
141.5 23.032176006908166 22.605362362994825
142.0 23.033398320302815 22.605399996965406
142.4999999999999 23.03463258053512 22.605449622529555
143.0 23.03586404389341 22.60550334630999
143.5 23.03710396192777 22.605552349534808
143.9999999999999 23.03834691134867 22.605609922252114
144.5 23.03959154785117 22.605668958775954
145.0 23.040834487404474 22.605719003002918
145.4999999999999 23.04207975989214 22.605790933783418
146.0 23.043330778191383 22.60586044692374
146.5 23.04458105937842 22.605921446348884
146.9999999999999 23.045831733666976 22.605989164613277
147.5 23.047089407192868 22.606064947832664
148.0 23.04834851041871 22.60613682312142
148.4999999999999 23.049611640008226 22.606210798413358
149.0 23.050881540623433 22.606298729311632
149.5 23.05214659336084 22.60637417441531
149.9999999999999 23.05341354327389 22.606464847809214
150.5 23.054684781633377 22.606555246749117
151.0 23.055954602155705 22.606642596057473
151.4999999999999 23.05724500909556 22.606737510065216
152.0 23.058529914586913 22.606827319945822
152.5 23.05980175505762 22.606927523591963
152.9999999999999 23.06108837422396 22.607031250439277
153.5 23.06238874989072 22.607141164848134
154.0 23.06367780598942 22.6072485097015
154.4999999999999 23.064967171912745 22.607355469301822
155.0 23.0662843614978 22.607469683319078
155.5 23.06757587926553 22.607582118005563
155.9999999999999 23.068882754211888 22.607701186963464
156.5 23.070192430448174 22.60782020735546
157.0 23.071498469468 22.607940855882447
157.4999999999999 23.072818659897468 22.608070158056776
158.0 23.07413126744128 22.60819788283033
158.5 23.075450251831292 22.60833234422943
158.9999999999999 23.07677733008888 22.60846333087789
159.5 23.078106977363518 22.60859712952574
160.0 23.079430388413563 22.608744411121016
160.4999999999999 23.080766296557236 22.608877743766197
161.0 23.082085820835264 22.609025198328453
161.5 23.083429241995518 22.609179360620217
161.9999999999999 23.08476907450169 22.60932092874252
162.5 23.08611296300864 22.60948086424897
163.0 23.08745636355563 22.60962257089844
163.4999999999999 23.0887984853985 22.609793985388844
164.0 23.090157059052085 22.6099489541509
164.5 23.091512011530554 22.610100944066012
164.9999999999999 23.092865689723126 22.610268451499724
165.5 23.09422447737259 22.610438616175518
166.0 23.095582165152937 22.610609912181076
166.4999999999999 23.096943008855476 22.61077944080521
167.0 23.098307813785837 22.610964487886637
167.5 23.099680018430313 22.61113360103618
167.9999999999999 23.101053202401715 22.61131947942974
168.5 23.102423139078834 22.61149543635046
169.0 23.10380284259822 22.611681549732538
169.4999999999999 23.10519036752412 22.611868667651912
170.0 23.106568959315645 22.612056342116695
170.5 23.10795733685626 22.612250340073203
170.9999999999999 23.109340490922325 22.61243975739839
171.5 23.110732392180353 22.612642740612287
172.0 23.11212659119958 22.612835286730288
172.4999999999999 23.11352036392559 22.613027373285885
173.0 23.114916693183112 22.61324216764986
173.5 23.116316751781852 22.613446096628934
173.9999999999999 23.11772123128334 22.613652721715532
174.5 23.119123257185436 22.613869056467575
175.0 23.120532176293757 22.614078110739907
175.4999999999999 23.121937822334054 22.614293586052128
176.0 23.123360687953575 22.61451125239549
176.5 23.12476229258861 22.614731501653512
176.9999999999999 23.126191622158302 22.614948692358688
177.5 23.127611446146908 22.615176230785742
178.0 23.12902367527076 22.615404314749526
178.4999999999999 23.130454467911704 22.615629544602406
179.0 23.1318749338499 22.615867612329957
179.5 23.13330730584836 22.61609442757689
179.9999999999999 23.134743727662634 22.616330368625732
180.5 23.136179856708466 22.616575698026114
181.0 23.13760833906455 22.616805391905054
181.4999999999999 23.139060677636287 22.617050568728345
182.0 23.140485565690906 22.617291894104284
182.5 23.14194027268482 22.61754426131308
182.9999999999999 23.14338994611977 22.6177983570922
183.5 23.144828816102226 22.618043630728785
184.0 23.146290417465792 22.61830196187036
184.4999999999999 23.1477495003378 22.618553256637377
185.0 23.149225108806057 22.618822393399903
185.5 23.150697316978057 22.61908220921935
185.9999999999999 23.152159309906992 22.61934805442803
186.5 23.153636858951145 22.61961366966924
187.0 23.155122838691867 22.619879615872797
187.4999999999999 23.156610546010995 22.620151994209433
188.0 23.158095395741892 22.620431353594558
188.5 23.159594870601886 22.62071372589148
188.9999999999999 23.16108633682799 22.620991573116367
189.5 23.16259350697066 22.621268151914727
190.0 23.164091203457406 22.62155656653398
190.4999999999999 23.165606953095423 22.62185346801331
191.0 23.167116224302717 22.622146065573144
191.5 23.168631662539966 22.62243778376859
191.9999999999999 23.170142515059617 22.62272765712985
192.5 23.171665471723884 22.623035898418603
193.0 23.17319178169871 22.62333511845817
193.4999999999999 23.174718744098012 22.623643133156797
194.0 23.176248281044245 22.62395420555578
194.5 23.177775696553823 22.624252838624116
194.9999999999999 23.179320225569914 22.62456126480886
195.5 23.180856024003823 22.62488282139868
196.0 23.182396800516244 22.62519574620547
196.4999999999999 23.183937920960474 22.625519169259537
197.0 23.18548973739091 22.625835084595284
197.5 23.187024065509704 22.626154213734054
197.9999999999999 23.18858510626672 22.626486051082352
198.5 23.190139815119622 22.626809594735416
199.0 23.191689929842955 22.627140479378536
199.4999999999999 23.19324843397803 22.62747465328669
200.0 23.194813631732355 22.627809852956396
200.5 23.19636863949225 22.628142893243442
200.9999999999999 23.197938966250305 22.62848526208382
201.5 23.199495066593528 22.628826107930855
202.0 23.20106906977778 22.629168147092315
202.4999999999999 23.20263397457015 22.62951679190413
203.0 23.204196019229446 22.629859300660655
203.5 23.20577536936152 22.63021309860317
203.9999999999999 23.207340657978328 22.630573950223557
204.5 23.208916504079337 22.630917380784563
205.0 23.21049518953879 22.63127449768814
205.4999999999999 23.21206517699471 22.631633066559314
206.0 23.21363818286805 22.632002207821486
206.5 23.21522208934421 22.63236397893142
206.9999999999999 23.216800526946724 22.63272434358416
207.5 23.218380383886167 22.63309061661773
208.0 23.21996677881583 22.633459491634348
208.4999999999999 23.221528608610726 22.633827596653386
209.0 23.223117131016984 22.634205225890646
209.5 23.22470181245929 22.634583073967566
209.9999999999999 23.22627418433934 22.634955626694317
210.5 23.22785877373684 22.63533730225719
211.0 23.22944250870382 22.63571743953751
211.4999999999999 23.23102316098823 22.636095842348375
212.0 23.23260188296458 22.63648603291536
212.5 23.23418508840158 22.636868917617182
212.9999999999999 23.235763833752397 22.637262751428903
213.5 23.237341131168648 22.637649792981513
214.0 23.238928143443857 22.638043812502225
214.4999999999999 23.240509497038868 22.638435226440812
215.0 23.24207474481692 22.638837480463224
215.5 23.24365796046736 22.63923197191722
215.9999999999999 23.245233973647174 22.639626290506758
216.5 23.24681248083525 22.64003517662998
217.0 23.248399288884542 22.640440370515662
217.4999999999999 23.249991740598233 22.640845109698486
218.0 23.251558250633295 22.641257210573617
218.5 23.25314900195524 22.641673366344914
218.9999999999999 23.254734541917287 22.642082812729143
219.5 23.256333360948183 22.642505530713116
220.0 23.257921359476818 22.642918229921104
220.4999999999999 23.25951291186503 22.643345777286576
221.0 23.261097655321706 22.643766241979453
221.5 23.262687861616527 22.644202080455536
221.9999999999999 23.264284431424986 22.64462042369096
222.5 23.265888625368333 22.64505110317677
223.0 23.267490432460363 22.64548768571907
223.4999999999999 23.269074164610913 22.64592711066943
224.0 23.27068864181877 22.646360178984303
224.5 23.27228319226287 22.646802915120283
224.9999999999999 23.273893482186363 22.647243691669967
225.5 23.275492570887767 22.647690276909053
226.0 23.27710140251847 22.648134178266485
226.4999999999999 23.278713420405914 22.64859012030273
227.0 23.280323515343632 22.6490455956542
227.5 23.281930099895554 22.649488971907576
227.9999999999999 23.2835382336151 22.64994757831527
228.5 23.28515724288762 22.650408259313334
229.0 23.286767817472473 22.65087148530355
229.4999999999999 23.288379274012065 22.65132820272269
230.0 23.289991622345152 22.651797982433415
230.5 23.291603984439146 22.652261105797695
230.9999999999999 23.29323011865666 22.652733721385644
231.5 23.294844407900403 22.653198940845737
232.0 23.29647105191562 22.65367589069693
232.4999999999999 23.298090170801732 22.654150810541598
233.0 23.299709003561155 22.65462683200717
233.5 23.3013344378466 22.65511263074899
233.9999999999999 23.30295522734481 22.655595318378037
234.5 23.304578415094362 22.656075562660703
235.0 23.306206633042304 22.656563920925873
235.4999999999999 23.307821365367857 22.657047530917037
236.0 23.309456046814216 22.657549727641356
236.5 23.31108133275318 22.65803626571995
236.9999999999999 23.31271499888723 22.65853627826884
237.5 23.314339324813748 22.659027561755885
238.0 23.315967118757595 22.659524662357555
238.4999999999999 23.317607489594025 22.66002749318256
239.0 23.319236634701113 22.660529432372115
239.5 23.3208639737803 22.66103889305576
239.9999999999999 23.322494067144195 22.661548601839286
240.5 23.324136270325564 22.66204514946526
241.0 23.325766114125873 22.662566087749237
241.4999999999999 23.327401373669055 22.66307564830244
242.0 23.3290354448611 22.66358869133405
242.5 23.330677097498693 22.664103750676425
242.9999999999999 23.33231205381405 22.66462313147112
243.5 23.333955412506654 22.66514512671836
244.0 23.335583848738377 22.66566541546675
244.4999999999999 23.33721705153971 22.66618526675716
245.0 23.338856431420254 22.666723576594908
245.5 23.34050657126145 22.667246283677144
245.9999999999999 23.342132262791097 22.667775292668036
246.5 23.343779568345905 22.66830089752403
247.0 23.345417786781454 22.668833244620576
247.4999999999999 23.347049778851193 22.669376913761177
248.0 23.348695213590513 22.66991672413006
248.5 23.350326116076886 22.670449736415414
248.9999999999999 23.351980039606293 22.670994474083138
249.5 23.353620522277044 22.671541223451314
250.0 23.35526326058137 22.67209353802741
250.4999999999999 23.35690422703685 22.672633037961667
251.0 23.358557290094502 22.673185991159734
251.5 23.360193888042705 22.67373932950795
251.9999999999999 23.361840986981797 22.6742886305542
252.5 23.363469684280062 22.674848397164457
253.0 23.365131157746283 22.675409587760697
253.4999999999999 23.366771860750365 22.675961816848385
254.0 23.368425158255985 22.676528705440475
254.5 23.370073116995936 22.677096132097297
254.9999999999999 23.3717136552331 22.677667974257783
255.5 23.37335941338076 22.67823558650443
256.0 23.375013637321324 22.678808333708652
256.4999999999999 23.37666199329087 22.679383510990956
257.0 23.37830575560001 22.67995734479232
257.5 23.379965889658237 22.680535081937485
257.9999999999999 23.381619357553063 22.681123349931735
258.5 23.38327365921243 22.68170770771389
259.0 23.38491970561707 22.682292343339682
259.4999999999999 23.386572321359054 22.68288105016058
260.0 23.38822662701617 22.683467418363175
260.5 23.3898861467604 22.684065575120208
260.9999999999999 23.39154430080264 22.684658732185746
261.5 23.39319931428749 22.68525754551628
262.0 23.394852316531495 22.68584885932193
262.4999999999999 23.396525816487767 22.686452321716523
263.0 23.39816706396371 22.687057261435637
263.5 23.39983534599662 22.68766091414306
263.9999999999999 23.40149676803556 22.688271216155226
264.5 23.40315943897455 22.68888518635075
265.0 23.404817845390703 22.68948542490218
265.4999999999999 23.406474816424346 22.690108951997257
266.0 23.408144480061072 22.690715700464246
266.5 23.409808266975784 22.69133417767801
266.9999999999999 23.411480486230104 22.691952891168317
267.5 23.413138873821794 22.692582486162664
268.0 23.41479636140231 22.693204835214797
268.4999999999999 23.416483638733418 22.693826966967983
269.0 23.41813860569161 22.69446081763875
269.5 23.419822396309378 22.69509140235261
269.9999999999999 23.42148368426065 22.695730198561787
270.5 23.423154370400102 22.69635833219096
271.0 23.42482128266792 22.696994333928963
271.4999999999999 23.426498237102468 22.697633823077172
272.0 23.428172301198448 22.69827223755087
272.5 23.429848502206468 22.69891712879817
272.9999999999999 23.431516370706614 22.699560402176818
273.5 23.433210784598693 22.700211747044253
274.0 23.434876351281304 22.700856149070244
274.4999999999999 23.43655491177145 22.701506981392296
275.0 23.43822766182164 22.702156136075335
275.5 23.439908733484355 22.70281497168824
275.9999999999999 23.441595498490692 22.703476938011026
276.5 23.443281671536283 22.70413500045061
277.0 23.444966166910476 22.704802408766007
277.4999999999999 23.44664396011193 22.70545379230972
278.0 23.44833275159097 22.706123985356733
278.5 23.450023167970357 22.70679329046297
278.9999999999999 23.45171126412413 22.70745499284547
279.5 23.453396953627742 22.708133694871286
280.0 23.45508946710052 22.708805104410498
280.4999999999999 23.456783542906287 22.709474261944823
281.0 23.45846868722687 22.710159627367382
281.5 23.46016864930915 22.71082919215568
281.9999999999999 23.461852814264002 22.711519258950656
282.5 23.463553538619003 22.712194558441286
283.0 23.46525430502968 22.712877174838418
283.4999999999999 23.46694341468683 22.713570371208505
284.0 23.468652994448934 22.714261486551983
284.5 23.47033580575775 22.71494944301648
284.9999999999999 23.472039006125 22.715641102288075
285.5 23.47374341093499 22.716344764005232
286.0 23.475441695228483 22.717042920457907
286.4999999999999 23.477133571517847 22.717735400063702
287.0 23.478840904002038 22.71844267300161
287.5 23.48054374085349 22.71914747122257
287.9999999999999 23.482247959207694 22.719859140572897
288.5 23.48394772590985 22.720557856620992
289.0 23.485652004770706 22.721277037331067
289.4999999999999 23.487364800471376 22.721993146362173
290.0 23.48906087355975 22.722702936481838
290.5 23.490773395721508 22.723426833500135
290.9999999999999 23.492477682000473 22.72415770412914
291.5 23.4941985246841 22.72488197490242
292.0 23.495901663543513 22.72560292881604
292.4999999999999 23.497599553756313 22.72632271741124
293.0 23.499315728308897 22.72705950231092
293.5 23.50104091386667 22.72779322325305
293.9999999999999 23.50275825800911 22.728529422784685
294.5 23.504464825678223 22.72926807492651
295.0 23.506177351530063 22.730003210450718
295.4999999999999 23.507889050017255 22.730742157882933
296.0 23.509612748055936 22.73149036226638
296.5 23.51133128721314 22.73222920242427
296.9999999999999 23.513055185264705 22.732976822640868
297.5 23.514759498796955 22.73372883861901
298.0 23.516484448727933 22.7344811862914
298.4999999999999 23.51821125255342 22.73523396277634
299.0 23.519932472724857 22.735990725408328
299.5 23.52166973442801 22.73675196453063
299.9999999999999 23.523385625616648 22.73751769875505
300.5 23.52511571408965 22.738275831632247
301.0 23.526842592872093 22.739043578621168
301.4999999999999 23.528569375611905 22.739805363315014
302.0 23.530302315213145 22.740587843096854
302.5 23.532026761752938 22.741352918761358
302.9999999999999 23.53375251231055 22.742121216279134
303.5 23.535491116769855 22.742907461295722
