FastTrWP/PhaseSpace/IAs/snIa_0.61_30.00_-0.12_-0.13.csv
# %ECSV 0.9
# ---
# datatype:
# - {name: time-rel, datatype: float64}
# - {name: g, datatype: float64}
# - {name: i, datatype: float64}
# schema: astropy-2.0
time-rel g i
[from data line 1077]
114.5 23.387014627909878 22.327601871382452
115.0 23.387981481757798 22.327381138728644
115.5 23.388940721540227 22.327158952859843
116.0 23.38990512723838 22.326949795910487
116.5 23.390883023463932 22.326736292831878
117.0 23.391858935760666 22.326532185402705
117.5 23.392833694123915 22.326326802400654
118.0 23.393828968579097 22.326125118255646
118.5 23.39481186636251 22.325919755345094
119.0 23.39582223878578 22.325727999854934
119.5 23.396815498375148 22.32553057247026
120.0 23.397819316769343 22.325342657842025
120.5 23.39883668317018 22.32514252581756
121.0 23.399843016446713 22.324955559992365
121.5 23.400856628790756 22.324779411916143
122.0 23.401896569975563 22.324603925170756
122.5 23.402931742514813 22.324418625200153
123.0 23.403967845923663 22.324247350656023
123.5 23.405013933031178 22.324085357981666
124.0 23.406052606060634 22.323913899504927
124.5 23.40712564192581 22.323748494238696
125.0 23.408183745225802 22.32357891363147
125.5 23.4092523579479 22.323434167446553
126.0 23.4103310405257 22.323271216358414
126.5 23.411406872715943 22.32312293254605
127.0 23.412493011610955 22.322972564515343
127.5 23.41359215782522 22.322824932740907
128.0 23.414687937657636 22.32269155271469
128.5 23.415785071733577 22.322546944630588
129.0 23.416900170250443 22.3224130127222
129.5 23.418004089961872 22.322280568177693
130.0 23.41913305057343 22.32214470159613
130.5 23.42025819209235 22.322023081651714
131.0 23.421376613844657 22.321893996939068
131.5 23.42253132519357 22.321771191946425
132.0 23.423674633969455 22.321648760260402
132.5 23.424817881225785 22.321534052016467
133.0 23.425969354333812 22.321415379282872
133.5 23.42712516173957 22.32130666464764
134.0 23.428294117826294 22.321196332642405
134.5 23.42945355728454 22.321090211996584
135.0 23.43062505271503 22.320983010583642
135.5 23.431803343626004 22.320883905036965
136.0 23.432989586395667 22.320783920234128
136.5 23.43417133572742 22.320688369174803
137.0 23.43536029182383 22.32059478753773
137.5 23.43655596075983 22.320500121675188
138.0 23.43776230349954 22.320418930151295
138.5 23.438956307682698 22.320329402944235
139.0 23.440155374788443 22.320245156258483
139.5 23.441390920152706 22.32015928039655
140.0 23.442601501672975 22.320080188739876
140.5 23.443834739975117 22.320010059945083
141.0 23.445043934173025 22.319930551991476
141.5 23.446271942403193 22.319856974242178
142.0 23.447510231427444 22.319785328867923
142.5 23.448750906474633 22.31972662084592
143.0 23.449990333271714 22.31965418532596
143.5 23.45124078668257 22.319589282865202
144.0 23.452489037665636 22.319526273641056
144.5 23.453730939439296 22.319468971455997
145.0 23.454996694610987 22.3194125977489
145.5 23.456251987750537 22.319357674320486
146.0 23.457517153489974 22.31930614601835
146.5 23.458785401059792 22.319255866645182
147.0 23.460058079244043 22.31920536957663
147.5 23.46132552191183 22.319151288778713
148.0 23.46261605524855 22.31912283743638
148.5 23.463890587091612 22.319075183755768
149.0 23.46516861411577 22.31902734361899
149.5 23.466452838121874 22.318993713845018
150.0 23.467743251371857 22.318951339644318
150.5 23.469035738558716 22.318918958316665
151.0 23.47034016164123 22.31888216253242
151.5 23.471626451921512 22.318855893840485
152.0 23.472939583197956 22.318825133065605
152.5 23.474231962949965 22.318788974054566
153.0 23.47554453341816 22.31876932483212
153.5 23.476840354787672 22.318747117784294
154.0 23.478152038826817 22.318722274328714
154.5 23.479474341430567 22.318700472023593
155.0 23.48078706349865 22.31866977692401
155.5 23.482103900098327 22.318657556496344
156.0 23.483420216374444 22.31864248135565
156.5 23.484736939122396 22.318624228571625
157.0 23.486080251078874 22.31861638590464
157.5 23.48738535118043 22.318602447002093
158.0 23.488718506584032 22.318589773728416
158.5 23.490050385385608 22.31857941069805
159.0 23.49138484771768 22.318574036633457
159.5 23.49271390072783 22.318560582378485
160.0 23.49405751989206 22.31856113495575
160.5 23.495390329651904 22.318565145382014
161.0 23.496732500265427 22.31855912244947
161.5 23.49808215690828 22.318568395276426
162.0 23.499443654978975 22.318569936488434
162.5 23.500802391761507 22.31858209373753
163.0 23.50216348477419 22.31858670463854
163.5 23.503542600970675 22.31859653058249
164.0 23.504913154127564 22.318615663473857
164.5 23.50629856464665 22.31862957490399
165.0 23.50767463594384 22.318647256449054
165.5 23.509067987022462 22.318674757836547
166.0 23.510452863824366 22.318697887489055
166.5 23.511865228750427 22.318720786876526
167.0 23.513257903440326 22.31875552607776
167.5 23.514662710814058 22.318780818482892
168.0 23.51607937007894 22.318814626828484
168.5 23.517483936433944 22.318845106653033
169.0 23.51892260015145 22.31888902219644
169.5 23.52032842954509 22.318932389963543
170.0 23.52176776107543 22.318968240650477
170.5 23.523196391042628 22.319016623155782
171.0 23.52463961658517 22.319055079321352
171.5 23.526077710697354 22.31910997204237
172.0 23.52751689386947 22.31916054895077
172.5 23.528967265724184 22.319213357647115
173.0 23.53042477073 22.319261963962877
173.5 23.531883707903148 22.319320038211472
174.0 23.53333833078689 22.319376784209695
174.5 23.53481514792092 22.319429573203106
175.0 23.536282194992534 22.31949611625754
175.5 23.53775823449388 22.31955854627879
176.0 23.539220124579394 22.31963147636369
176.5 23.54070389347885 22.31969176804772
177.0 23.54218604505438 22.319768799661777
177.5 23.543673240256258 22.319838229490813
178.0 23.54515721479586 22.319906672310616
178.5 23.546649190640316 22.31998743436686
179.0 23.548144483936152 22.320058142442825
179.5 23.54963935050478 22.32013470824985
180.0 23.551137663389603 22.32022259904991
180.5 23.552645226253897 22.32029557290035
181.0 23.554175542600078 22.320383894768987
181.5 23.555662519206866 22.320465329014795
182.0 23.5571848928557 22.32056042852318
182.5 23.55869528478337 22.32063922301723
183.0 23.560227142035846 22.32073089731439
183.5 23.561743204634567 22.320826851336747
184.0 23.563282717057866 22.320917794308073
184.5 23.56480643823678 22.321005318773604
185.0 23.566322200715746 22.321111296543734
185.5 23.5678563700464 22.32120086326298
186.0 23.56941535809595 22.321304662559864
186.5 23.570934890055778 22.321409051266563
187.0 23.5724731613194 22.321511059563676
187.5 23.57401142913524 22.32160981600481
188.0 23.575570014606324 22.32171397996687
188.5 23.57711805013778 22.32182723089351
189.0 23.578679064124806 22.321926629317556
189.5 23.58021979794332 22.32204469426282
190.0 23.581774547778664 22.322147796185575
190.5 23.583323276584327 22.32225593134375
191.0 23.58488848025854 22.322373394277086
191.5 23.58644633881237 22.32248536213127
192.0 23.587997766774226 22.32260031986661
192.5 23.589582154346807 22.32272010982777
193.0 23.591136408186905 22.322830716282493
193.5 23.59269891040586 22.322958502207932
194.0 23.594271420955412 22.323073922826303
194.5 23.595838552590294 22.323197204839662
195.0 23.59740294246603 22.32332163970542
195.5 23.598980792312418 22.323439934844252
196.0 23.600551182999915 22.323571388527903
196.5 23.602126663634362 22.32369082114545
197.0 23.60372194349904 22.323819652545005
197.5 23.605275561144676 22.323948070547477
198.0 23.60685728251129 22.324073538057306
198.5 23.60844086439469 22.324204813214866
199.0 23.610023954969254 22.324337754546136
199.5 23.611606341010937 22.324463936750327
200.0 23.613207304372214 22.32460334791184
200.5 23.614800776170117 22.324733097920983
201.0 23.616400783651702 22.324875699072372
201.5 23.61798727928821 22.325015189011573
202.0 23.61958711691834 22.32515634077265
202.5 23.621195288209563 22.32529857224128
203.0 23.62278972212782 22.325452016958586
203.5 23.624413998479863 22.32558963129698
204.0 23.62602196319784 22.32574348663959
204.5 23.62764154476863 22.32589389116896
205.0 23.629253160870945 22.32603865137973
205.5 23.630868683150727 22.326199010111484
206.0 23.63248712244736 22.326342055637657
206.5 23.634133022104894 22.326503030787602
207.0 23.63575590085718 22.326659939941624
207.5 23.637393725649986 22.32681818297945
207.9999999999999 23.63903187227067 22.326976688359338
208.5 23.64066883779401 22.3271394946362
209.0 23.64230079649586 22.3273019213544
209.4999999999999 23.643957057537555 22.3274630109374
210.0 23.645594924026575 22.327633476561452
210.5 23.64724339003992 22.32779698733045
210.9999999999999 23.648899630618892 22.32796926269764
211.5 23.65056149010862 22.328136461040792
212.0 23.65221672623027 22.32830782213623
212.4999999999999 23.65387644282012 22.328483614244227
213.0 23.655548151121213 22.32865789422265
213.5 23.657218178203824 22.32883788172773
213.9999999999999 23.65890214829319 22.32901644454405
214.5 23.66056875497426 22.329195888715994
215.0 23.662238618968967 22.32937756060702
215.4999999999999 23.66391215401552 22.329557746811616
216.0 23.665605199358165 22.329738695283602
216.5 23.667292797606923 22.329928846569025
216.9999999999999 23.668976463844032 22.330117899631773
217.5 23.670662559159297 22.330301415255185
218.0 23.67235807923604 22.330498632682115
218.4999999999999 23.674071182260327 22.330689281088407
219.0 23.675763182134297 22.330881512913756
219.5 23.677470881419143 22.331070869147727
219.9999999999999 23.679168721259156 22.331268847796643
220.5 23.68088771372608 22.331467474822716
221.0 23.682599336921403 22.331662074274735
221.4999999999999 23.684311264077742 22.331868078963332
222.0 23.686030998746432 22.332061548781116
222.5 23.687753058340626 22.33226831596728
222.9999999999999 23.689467988243646 22.332469981012842
223.5 23.691198136927802 22.332683078466648
224.0 23.692920779711795 22.332884109096483
224.4999999999999 23.69465907085552 22.33310091284734
225.0 23.69638388729524 22.333308171238233
225.5 23.698127494873866 22.333518702245087
225.9999999999999 23.699879903361722 22.333733664788376
226.5 23.701622679704535 22.33394772146592
227.0 23.703361286085123 22.33416069211499
227.4999999999999 23.705114393368557 22.334377819798018
228.0 23.706866294836807 22.334602539021688
228.5 23.708616553068392 22.334823010394636
228.9999999999999 23.710380382921457 22.33504415037511
229.5 23.712134974063165 22.335268287055477
230.0 23.713909080372254 22.335491281632613
230.4999999999999 23.715677769917335 22.33571875132979
231.0 23.717442977283586 22.33594460464378
231.5 23.71923282043887 22.336170619085358
231.9999999999999 23.72098701936258 22.336406234068686
232.5 23.722768526652935 22.33663647758416
233.0 23.724547980787328 22.33686613680998
233.4999999999999 23.726340537916975 22.337098632422517
234.0 23.728110980118903 22.33734013266316
234.5 23.729908807980106 22.337575729686435
234.9999999999999 23.73171729193075 22.33781074487665
235.5 23.733496644626605 22.33805032574809
236.0 23.735297806206223 22.33829409810801
236.4999999999999 23.737101028654934 22.33853704912501
237.0 23.738900075080682 22.33878299823555
237.5 23.740706330761043 22.339024572032024
237.9999999999999 23.74252117314041 22.339265835518056
238.5 23.744344868161754 22.339524029527723
239.0 23.746157415197345 22.339768747101903
239.4999999999999 23.747971799830268 22.34002370875212
240.0 23.749806160330238 22.340278170005725
240.5 23.75164075748849 22.340528840208606
240.9999999999999 23.753471632989797 22.340790200683696
241.5 23.75531206417206 22.341045716135874
242.0 23.75713900454448 22.3413051174367
242.4999999999999 23.758994672597847 22.34155948502037
243.0 23.76083973459895 22.34183145996987
243.5 23.762695277764813 22.3420964222392
243.9999999999999 23.764543555029945 22.3423630410047
244.5 23.76640548167702 22.342627197072417
245.0 23.768268890877703 22.342898064530242
245.4999999999999 23.770134014019533 22.343166180481226
246.0 23.77200876652048 22.343443636000767
246.5 23.773872134124993 22.343717211650016
246.9999999999999 23.775747519400532 22.3439930709659
247.5 23.77763886824281 22.344263093205402
248.0 23.779514226037545 22.344545743072807
248.4999999999999 23.781389012600012 22.344817893313408
249.0 23.783291101260037 22.345102114967528
249.5 23.785181959892007 22.34538553127031
249.9999999999999 23.787073416049203 22.34567004244727
250.5 23.788986543658957 22.345961354545494
251.0 23.790882160060754 22.346246255308337
251.4999999999999 23.792794543938356 22.34653614443205
252.0 23.79471378548322 22.346820155032674
252.5 23.79661187642362 22.347110934030624
252.9999999999999 23.798548563032572 22.347407580412522
253.5 23.800449434831897 22.34770051264232
254.0 23.80237621644774 22.347999578862243
254.4999999999999 23.804317660278784 22.348294773757267
255.0 23.80624188065696 22.34858867620716
255.5 23.80817836048882 22.348890945821758
255.9999999999999 23.810095783866597 22.349194660207267
256.5 23.812045711176033 22.349498750329122
257.0 23.813988050627827 22.349799321895183
257.4999999999999 23.81593556089331 22.35011103553383
258.0 23.81789345378909 22.35040780622598
258.5 23.81984657301932 22.350722941533686
258.9999999999999 23.82180423794313 22.351037637494038
259.5 23.823762720369373 22.35134166272308
260.0 23.82573951091326 22.351653472206017
260.4999999999999 23.82768642984802 22.351966773791197
261.0 23.82966423139726 22.35228638299187
261.5 23.83164231694156 22.352601345155815
261.9999999999999 23.833617332923367 22.352919030462793
262.5 23.835613055189558 22.35324195760118
263.0 23.837578303101516 22.353554774042017
263.4999999999999 23.83956549862187 22.35388229793708
264.0 23.84156126269471 22.354202245116262
264.5 23.843552346216637 22.354531448948865
264.9999999999999 23.845546675836463 22.35485566345904
265.5 23.84755093385482 22.35518058097472
266.0 23.849541528440877 22.355517949021603
266.4999999999999 23.85156171714613 22.355845801220994
267.0 23.853569278719498 22.356175350127515
267.5 23.8555852057482 22.356504376184848
267.9999999999999 23.857598950591843 22.35684671556799
268.5 23.85962942437535 22.357174969607165
269.0 23.8616347927732 22.35751313108573
269.4999999999999 23.86366469803102 22.357855152387796
270.0 23.86568129058507 22.35818892982134
270.5 23.867722675313022 22.358524479542474
270.9999999999999 23.869745971068003 22.358873668019786
271.5 23.871777126127686 22.359215349884344
272.0 23.87381912179716 22.3595617103974
272.4999999999999 23.8758625406848 22.359901651025176
273.0 23.87791041377581 22.360249413490006
273.5 23.879957431462422 22.36059501308568
273.9999999999999 23.882019814739245 22.360942715238533
274.5 23.884067289291057 22.36129586890501
275.0 23.886123251855036 22.361636445617936
275.4999999999999 23.88819560812045 22.36199743547115
276.0 23.89026669358504 22.362356371951652
276.5 23.892334798025736 22.36270590239875
276.9999999999999 23.894417607498333 22.36306325530295
277.5 23.89650998585687 22.363430961486653
278.0 23.89859969325013 22.36378520738277
278.4999999999999 23.900699451552036 22.36414897682532
279.0 23.90280830358893 22.364517915508202
279.5 23.904921241871932 22.36488030568413
279.9999999999999 23.907038613055406 22.365237741489963
280.5 23.909162739811283 22.3656157474465
281.0 23.91130935141153 22.36598881561324
281.4999999999999 23.913453996491203 22.366360119970757
282.0 23.91558901711346 22.36673365103173
282.5 23.917739599653487 22.367106675334387
282.9999999999999 23.91989535440218 22.367486785573448
283.5 23.922054193961912 22.367867039998636
284.0 23.924214000781955 22.36824883076657
284.4999999999999 23.926382905312575 22.36862631658953
285.0 23.92855127409023 22.369011566971302
285.5 23.930727720865686 22.369391697310668
285.9999999999999 23.93293161403466 22.36978299287739
286.5 23.935124262115856 22.370175674795
287.0 23.93729649561827 22.370556037917517
287.4999999999999 23.939500052951065 22.370951330201926
288.0 23.94169498328809 22.371343684040724
288.5 23.943912845712543 22.371735465539977
288.9999999999999 23.946123775459416 22.372136570672417
289.5 23.948332493148744 22.37253523578675
290.0 23.950533987409855 22.372922333070143
290.4999999999999 23.952773764386357 22.373326083518023
291.0 23.954991044635 22.373723027735824
