FastTrWP/PhaseSpace/IAs/snIa_0.66_30.00_0.46_0.04.csv
# %ECSV 0.9
# ---
# datatype:
# - {name: time-rel, datatype: float64}
# - {name: g, datatype: float64}
# - {name: i, datatype: float64}
# schema: astropy-2.0
time-rel g i
[from data line 2139]
633.5 25.82591442154421 22.858097681264606
634.0 25.82688522397415 22.859214909528887
634.5 25.827869090226194 22.860327316141014
635.0 25.828844024139485 22.86143474658848
635.5 25.82977309639628 22.86255951696893
636.0 25.83075288152215 22.86368009921501
636.5 25.831676462562505 22.864800559203072
637.0 25.832589547642325 22.865925109563175
637.5 25.83355540388993 22.867040686990457
638.0 25.83443690220545 22.86816809250371
638.5 25.835353519736707 22.869294393698443
639.0 25.836244828371477 22.870427163609918
639.5 25.837154156662304 22.871553402108056
640.0 25.83804818963214 22.872689281516138
640.5 25.838920003109934 22.873823375291373
641.0 25.839804837654082 22.874962372492732
641.5 25.8406498959015 22.876095342328032
642.0 25.84153341591322 22.877226261900535
642.5 25.842361132605234 22.878363979395687
643.0 25.843236767290357 22.879501670529436
643.5 25.844106149789674 22.88065026715514
644.0 25.844943012646194 22.88179199055822
644.5 25.84576748514429 22.882928824249674
645.0 25.8465815353384 22.884075791735103
645.5 25.847445929995246 22.885224434660095
646.0 25.848273043670943 22.88637292478889
646.5 25.849062043557353 22.887509848045582
647.0 25.849904396001424 22.888671164237394
647.5 25.850714921895282 22.8898152971942
648.0 25.851489357069887 22.890964211884707
648.5 25.852319925719556 22.892115359341126
649.0 25.85308581965887 22.89327044201126
649.5 25.853935859111033 22.894419502726603
650.0 25.85471492156635 22.89557447911701
650.5 25.855527928865193 22.896720171326695
651.0 25.85629802078443 22.897885042547387
651.5 25.85709877873687 22.899039541064358
652.0 25.857876783051484 22.900197779255542
652.5 25.858662153061026 22.901353934086618
653.0 25.859463295601934 22.902513088700353
653.5 25.860261484055236 22.90366868963277
654.0 25.86101071915106 22.904823676488995
654.5 25.86178148453822 22.90598249652128
655.0 25.862578099068788 22.907136546000963
655.5 25.863389794203968 22.908309662418723
656.0 25.864132015359065 22.90946136401827
656.5 25.86491893553324 22.910610317188542
657.0 25.865706827931287 22.91177801930467
657.5 25.86649694189507 22.91293708600911
658.0 25.867284459338325 22.914107159128385
658.5 25.868061245488118 22.915259673002556
659.0 25.868830957215216 22.916421954333508
659.5 25.8696651124289 22.91757499734768
660.0 25.870408243881265 22.91874282215403
660.5 25.871202080202444 22.919912197969225
661.0 25.872037717802097 22.921061004885512
661.5 25.8727887047435 22.922226684403025
662.0 25.87356151916788 22.923385443176564
662.5 25.874373687548918 22.924545641741346
663.0 25.875213343224367 22.925710975072388
663.5 25.87601451402957 22.92687250386759
664.0 25.87679822886919 22.928021377084495
664.5 25.877604484492757 22.929179477311603
665.0 25.878444101793892 22.930334385980117
665.5 25.879232738568785 22.931505523190616
666.0 25.880064522428743 22.932666159383214
666.5 25.880870038465726 22.933818585843447
667.0 25.88175552653737 22.93498044567523
667.5 25.882568825057476 22.936131415566567
668.0 25.88343205476622 22.937294102990297
668.5 25.88427742106616 22.93844407793259
669.0 25.885137310811473 22.93960650310432
669.5 25.88599093650047 22.940761291040907
670.0 25.886861493547 22.941904079103608
670.5 25.887725393089088 22.943054533911326
671.0 25.88858628052676 22.944210307721846
671.5 25.889469573789068 22.945353935089713
672.0 25.890350717092904 22.946514515180432
672.5 25.891228560589777 22.947664143356548
673.0 25.89208519350362 22.948822091807312
673.5 25.89293503056887 22.949978698800535
674.0 25.893808158902804 22.951130050682913
674.5 25.894658258697984 22.952281716147112
675.0 25.895552976771015 22.953436528229236
675.5 25.896409582631144 22.954593092337046
676.0 25.897262290943488 22.95574936839072
676.5 25.898127164737584 22.9569058562376
677.0 25.898997383594406 22.95805480932318
677.5 25.89990819602843 22.959221483569063
678.0 25.900738979702595 22.960371499055757
678.5 25.901592456216814 22.961535575558077
679.0 25.902527645317114 22.962681280447583
679.5 25.90336321855165 22.963845424333908
680.0 25.904230955863802 22.96499917118011
680.5 25.905108105824162 22.96616073759564
681.0 25.90598697506003 22.967326483949915
681.5 25.906873722588788 22.968476104607134
682.0 25.907703997810533 22.96963030141463
682.5 25.908573009190953 22.97079017328216
683.0 25.90945247325081 22.971954870204247
683.5 25.91031979657639 22.97310555647076
684.0 25.91120227273109 22.974264022544887
684.5 25.912109073190656 22.975428705439136
685.0 25.91291016035229 22.976583340420294
685.5 25.91381086250785 22.977749353546134
686.0 25.91466261860466 22.978907471119264
686.5 25.91554817079117 22.980057094765748
687.0 25.916439131407607 22.98122378139887
687.5 25.917313843214465 22.98238291916086
688.0 25.91819723411241 22.983546690118366
688.5 25.919082746507772 22.984702420276662
689.0 25.919974705854084 22.985863507476978
689.5 25.920851502547734 22.987023470303782
690.0 25.92172632140987 22.988186783598113
690.5 25.92261553408823 22.98934525449703
691.0 25.923530597452995 22.9905056678985
691.5 25.924346850083943 22.99166022833448
692.0 25.925249826023716 22.992821966932965
692.5 25.926154388347822 22.993981823363026
693.0 25.927037680771555 22.995141320390793
693.5 25.92792909796526 22.99629292920484
694.0 25.92885979775941 22.99746696336321
694.5 25.929727860613873 22.998625132227343
695.0 25.930629107360158 22.999777111892676
695.5 25.931507305672568 23.000935784317086
696.0 25.93244518325987 23.00209597737613
696.5 25.933320937979683 23.003259367818778
697.0 25.934236143136445 23.00441719032777
697.5 25.935119440705122 23.00558104971461
698.0 25.93603865483473 23.00673528781949
698.5 25.93697440412653 23.007899594791
699.0 25.937864846971785 23.009048208683364
699.5 25.938771510984257 23.01020464741999
700.0 25.939706156710585 23.011377071400627
700.5 25.94060819615273 23.01252617375988
701.0 25.941531140287346 23.01368423361214
701.5 25.942457058938633 23.014840040520163
702.0 25.943411324272034 23.015999312098717
702.5 25.94433232771635 23.017160276464473
703.0 25.945227028570628 23.018315895827218
703.5 25.946224583566693 23.019475974597196
704.0 25.94714795788322 23.020625003588947
704.5 25.948071085717398 23.021778221203974
705.0 25.949025792080054 23.022943804211792
705.5 25.949955102803667 23.024101176835394
706.0 25.950890327980282 23.0252584999088
706.5 25.951862896543574 23.026410022295153
707.0 25.95276950126744 23.02756425910584
707.5 25.953728360468542 23.028710384379195
708.0 25.954717796056286 23.02986984268385
708.5 25.955661524244952 23.031025153058543
709.0 25.95662774852731 23.032179039668893
709.5 25.957600302221856 23.03333001590643
710.0 25.95857020156899 23.034479612044198
710.5 25.959531604259265 23.03563672379181
711.0 25.960554780055794 23.036785213946533
711.5 25.961538988260845 23.037932693005647
712.0 25.962509141184107 23.039089372282998
712.5 25.96348086897531 23.04023136912537
713.0 25.964479533700814 23.04139329421374
713.5 25.965422698638392 23.042540120551685
714.0 25.966418032484746 23.043694459818624
714.5 25.96741949037058 23.04484429571644
715.0 25.968386982617652 23.045989826883748
715.5 25.969377728115987 23.04714543669982
716.0 25.970393493253713 23.04830043732882
716.5 25.971410761939005 23.049457459857898
717.0 25.972398892589275 23.050596344986683
717.5 25.973419664436395 23.05175258712305
718.0 25.97440241498525 23.052899321257485
718.5 25.97539302991368 23.054040155804824
719.0 25.976422079450614 23.055204402059854
719.5 25.97745854837352 23.056346842763823
720.0 25.97846152891151 23.05749698051981
720.5 25.979451995005768 23.05865123726466
721.0 25.98045731347032 23.05979486414104
721.5 25.981473371775934 23.060944745935604
722.0 25.98252822758406 23.062096740809217
722.5 25.983530177708932 23.06324570465651
723.0 25.984562977045314 23.064389649238336
723.5 25.985591772113597 23.06553790973796
724.0 25.986589566985124 23.066692463143944
724.5 25.987634575073745 23.067835645469717
725.0 25.98867791526319 23.068983756209317
725.5 25.989742648019195 23.070130134623284
726.0 25.990783956660906 23.071270632970126
726.5 25.991798845665667 23.072427170863353
727.0 25.992845073667247 23.07356871567341
727.5 25.993914213416176 23.074716969465978
728.0 25.994932718091363 23.075858070434112
728.5 25.996002626687194 23.077005008025033
729.0 25.99707309300824 23.078146420275736
729.5 25.998084932832683 23.079293978363204
730.0 25.999155756148777 23.080438933863448
730.5 26.000235772991324 23.0815837097143
731.0 26.001248136445433 23.082725062806407
731.5 26.00232564330797 23.083868332243792
732.0 26.003386019600555 23.085023666992292
732.5 26.004495219639495 23.086151597332403
733.0 26.005538863055158 23.08730229073044
733.5 26.006614378573232 23.088439274386083
734.0 26.007696020575533 23.08958725379323
734.5 26.008783498075573 23.090726644338204
735.0 26.009866276363756 23.091856959523824
735.5 26.010951788640778 23.093016579865168
736.0 26.01201827790499 23.094156594641507
736.5 26.013106405845367 23.095289706816253
737.0 26.014215938287926 23.096432811753008
737.5 26.01526330883833 23.09756627887056
738.0 26.016390744103802 23.098710945848318
738.5 26.017445206032107 23.09984591864412
739.0 26.01857505544828 23.100988926863483
739.5 26.01968595600046 23.102123680939805
740.0 26.020801155718395 23.10326771709136
740.5 26.02190606338638 23.10440535806312
741.0 26.023023865230314 23.105541719190196
741.5 26.024123873984074 23.106674329162296
742.0 26.025227769161283 23.107806521736993
742.5 26.02636261640722 23.1089397196787
743.0 26.027479775005276 23.110077680653642
743.5 26.028601447166274 23.11120674744464
744.0 26.0297060231673 23.11234259389057
744.5 26.03085487815104 23.113481290325485
745.0 26.03199169995879 23.114602111043716
745.5 26.03313099000564 23.115742450136313
746.0 26.034231133198475 23.11687743338437
746.5 26.03537964029938 23.117994391255905
747.0 26.036516990170554 23.11913621319187
747.5 26.037677215750353 23.120262532196666
748.0 26.03882294641405 23.12138574404303
748.5 26.039971447336544 23.12252777736063
749.0 26.041119346343983 23.12365930944341
749.5 26.042261367154676 23.12478096151079
750.0 26.04345429942796 23.125904397859113
750.5 26.044586240027215 23.12704412724026
751.0 26.04575867407155 23.128159631895674
751.5 26.046928386789578 23.12929581746389
752.0 26.048083070107445 23.130426181301054
752.5 26.049228314702432 23.131539739838157
753.0 26.05043888222727 23.132678006481157
753.5 26.05159831506723 23.133799872710348
754.0 26.052787112593784 23.13491648904317
754.5 26.053992949854752 23.136042258904954
755.0 26.055152645372925 23.13716693251946
755.5 26.05634060800722 23.138294532287734
756.0 26.057521812323436 23.13941323033527
756.5 26.058727257230075 23.140538249924283
757.0 26.059934327776123 23.14165371169223
757.5 26.061101821544412 23.142782514734357
758.0 26.062337697905246 23.1439097882593
758.5 26.063529988880173 23.145024987220886
759.0 26.064750957531686 23.146144259160536
759.5 26.06593162411675 23.14726700437618
760.0 26.067165710399884 23.148383249193962
760.5 26.06838274694286 23.149508336216435
761.0 26.069578489832974 23.150627832074342
761.5 26.070809475816617 23.15174646322793
762.0 26.072022479022504 23.152871297431336
762.5 26.07323697326639 23.15399035436561
763.0 26.07449809304987 23.15509253745773
763.5 26.075705015206417 23.156216116263415
764.0 26.076938008054597 23.157331732181245
764.5 26.07817661898988 23.158448015925725
765.0 26.079400826040853 23.159562017198915
765.5 26.080663842744023 23.160671033044583
766.0 26.081919815612856 23.16179260140268
766.5 26.083141663693965 23.162905283925298
767.0 26.084423809843763 23.16401218019982
767.5 26.085651970141775 23.165133814157166
768.0 26.086898567758325 23.166236962563712
768.5 26.088164541640456 23.16735529726898
769.0 26.089449294437898 23.168456374457183
769.5 26.09071542485802 23.169574436100937
770.0 26.091952733092224 23.17067853193178
770.5 26.093246693031737 23.171784919177615
771.0 26.09451500593692 23.172890123120627
771.5 26.095795319107197 23.174005869150726
772.0 26.09705012088017 23.17510544734177
772.5 26.09836927768756 23.17621296518184
773.0 26.09967490623458 23.177312173137395
773.5 26.10092860058927 23.178427108107826
774.0 26.10222752545142 23.17952344030365
774.5 26.10355582027485 23.18063440237013
775.0 26.104815802422294 23.181727493158036
775.5 26.106149473440816 23.182837276098745
776.0 26.10742737718189 23.183934325689957
776.5 26.10875812335996 23.185038993731524
777.0 26.1100521073747 23.186132471035926
777.5 26.111359579906626 23.18724054448183
778.0 26.11271053239186 23.188335482882394
778.5 26.114040523776797 23.1894265716412
779.0 26.115357254600738 23.19051535066572
779.5 26.116661562218102 23.191598329960172
780.0 26.117985745480368 23.19272301759364
780.5 26.11931228586013 23.19380604656058
781.0 26.120700700073627 23.1948901065531
781.5 26.121988559650088 23.195978597498446
782.0 26.123366606011746 23.197083342171737
782.5 26.124726785559883 23.198160976877386
783.0 26.12607778559432 23.1992614287118
783.5 26.127386705463422 23.200348579507562
784.0 26.128762471939382 23.201428305543537
784.5 26.13014554635608 23.20251524110093
785.0 26.13150927797716 23.203605666257694
785.5 26.132860849815188 23.204688292179792
786.0 26.134222196108915 23.205772902713704
786.5 26.135601297792302 23.20685880506833
787.0 26.136994290696677 23.20793382277294
787.5 26.138361345587924 23.20901728947095
788.0 26.13977061129801 23.210106392118917
788.5 26.1411899519388 23.211166800523824
789.0 26.1424964709159 23.212246363943713
789.5 26.1439269883037 23.213320114283537
790.0 26.145362338794605 23.214394952789192
790.5 26.14672859195651 23.21547422482865
791.0 26.148135353299494 23.216540955310492
791.5 26.149560856880854 23.21761685344784
792.0 26.150970480931896 23.218687385200717
792.5 26.15243203041972 23.219742777146614
793.0 26.153856384238257 23.220811713025086
793.5 26.15528539673199 23.221874164972544
794.0 26.156728517778895 23.22293019345722
794.5 26.15815826009453 23.223992757656042
795.0 26.159574706048126 23.225047437628284
795.5 26.16102491450103 23.226102558028852
796.0 26.162473747341544 23.227160397564006
796.5 26.163953266036938 23.228211805024994
797.0 26.16544234353768 23.229262500551418
797.5 26.166881059676225 23.23030662690853
798.0 26.168404146789083 23.231359010243015
798.5 26.169795985800807 23.232418373390477
799.0 26.171332586167022 23.233450485622097
799.5 26.1727824533372 23.234498741581298
800.0 26.174310204179527 23.235550182966293
800.5 26.175775315917665 23.23658279371444
801.0 26.17727439989632 23.237624349862035
801.5 26.178795629147697 23.238670920450634
802.0 26.1803172468875 23.23970544394942
802.5 26.181828653285017 23.240740081602333
803.0 26.183272174065166 23.241778097541967
803.5 26.184861093974348 23.24281818506728
804.0 26.186360300441812 23.243852649160633
804.5 26.187880367636126 23.24487146847624
805.0 26.189428297990247 23.245909257907783
805.5 26.19094426119564 23.246940779241115
806.0 26.19248617667782 23.247964161159075
806.5 26.194021424213318 23.249009662569968
807.0 26.19555117480184 23.2500332384408
807.5 26.197097731498587 23.25107141247861
808.0 26.19864510040391 23.252092839676507
808.5 26.20018527730075 23.253120917901096
809.0 26.201766048997932 23.254141406599356
809.5 26.203318885874523 23.25515946913322
810.0 26.204857117873708 23.256201825381492
810.5 26.20644618182518 23.2572276489068
811.0 26.208027782373613 23.2582439158673
811.5 26.209644500525727 23.259272496079184
812.0 26.211127967888515 23.26029025130477
812.5 26.212763334808002 23.26131499384671
813.0 26.214328136184356 23.262345931967467
813.5 26.21590756103872 23.263361466372288
814.0 26.217473030620017 23.264393081107855
814.5 26.219105305628 23.265415829848447
815.0 26.22064649993859 23.266435705078475
815.5 26.222247470898175 23.267460926701045
816.0 26.223827571199987 23.26848544919561
816.5 26.22547920478032 23.26950836991861
817.0 26.227064682873777 23.270530193272553
817.5 26.228655255573482 23.27155680522033
