FastTrWP/PhaseSpace/IAs/snIa_0.32_30.00_1.56_-0.01.csv
# %ECSV 0.9
# ---
# datatype:
# - {name: time-rel, datatype: float64}
# - {name: g, datatype: float64}
# - {name: i, datatype: float64}
# schema: astropy-2.0
time-rel g i
[from data line 1733]
1016.3541666666666 23.427380505782676 22.83145102427816
1016.8541666666666 23.42883636779433 22.832397734527987
1017.3541666666666 23.430314312473975 22.83334453972417
1017.8541666666666 23.431788588267818 22.83429319794385
1018.3541666666666 23.433262837342387 22.835227669224505
1018.8541666666666 23.434726623062623 22.836181962625012
1019.3541666666666 23.436209757810328 22.837134501769572
1019.8541666666666 23.437684452603964 22.838086885110123
1020.3541666666666 23.43917697734705 22.839036423746194
1020.8541666666666 23.44065368933469 22.83998601112209
1021.3541666666666 23.44214714669182 22.840940052114718
1021.8541666666666 23.443640456591996 22.841897112709812
1022.3541666666666 23.445131379706492 22.842844066936664
1022.8541666666666 23.44662530177191 22.8438022783288
1023.3541666666666 23.448127687427238 22.844762371229088
1023.8541666666666 23.449638970168074 22.84572417879092
1024.3541666666667 23.451140934565544 22.846673274583708
1024.8541666666667 23.45263171961291 22.84763905886166
1025.3541666666667 23.454142865075752 22.848603465811305
1025.8541666666667 23.45565376330152 22.849571521270672
1026.3541666666667 23.45717326928927 22.850532469193805
1026.8541666666667 23.458673279536374 22.851494323590487
1027.3541666666667 23.460203875455687 22.852465243011366
1027.8541666666667 23.461723321367174 22.853434312482662
1028.3541666666667 23.463242490497205 22.854395296799773
1028.8541666666667 23.46476613756633 22.85536151594951
1029.3541666666667 23.466306707820166 22.85633357202844
1029.8541666666667 23.467832593308522 22.85731099641986
1030.3541666666667 23.469368325471137 22.85827867023514
1030.8541666666667 23.470918204521784 22.859262164819697
1031.3541666666667 23.472436283054485 22.860234936817815
1031.8541666666667 23.473990869690002 22.861212491051845
1032.3541666666667 23.475535614675678 22.862188792063094
1032.8541666666667 23.4770854383693 22.863174279252693
1033.3541666666667 23.478637369505705 22.86415689938098
1033.8541666666667 23.480198147630972 22.865133670899965
1034.3541666666667 23.48174940220897 22.866120852368702
1034.8541666666667 23.483307919594626 22.867110472470653
1035.3541666666667 23.48487865272098 22.868082545474216
1035.8541666666667 23.48644967059707 22.86907512073945
1036.3541666666667 23.48802154886586 22.87006960391787
1036.8541666666667 23.48957571449096 22.87104826636473
1037.3541666666667 23.491162113442495 22.87204108823076
1037.8541666666667 23.492738624056436 22.873028391226356
1038.3541666666667 23.49432909301379 22.87403069406122
1038.8541666666667 23.49590555163589 22.875025828087587
1039.3541666666667 23.4974946501709 22.87602674571663
1039.8541666666667 23.499092610083743 22.877019101178476
1040.3541666666667 23.500683925510188 22.878018284013415
1040.8541666666667 23.50228199551011 22.87902845405715
1041.3541666666667 23.50388435673708 22.880024854240833
1041.8541666666667 23.50547484147978 22.881025227572298
1042.3541666666667 23.507095061275475 22.882037300143793
1042.8541666666667 23.50870520305333 22.88304218017369
1043.3541666666667 23.510319098318632 22.88404319298429
1043.8541666666667 23.51194078088296 22.885055038620997
1044.3541666666667 23.513554422089143 22.886066130749576
1044.8541666666667 23.515184007313422 22.88708112514563
1045.3541666666667 23.516815048805746 22.888093739760016
1045.8541666666667 23.51844153528285 22.889104760829838
1046.3541666666667 23.520083298788922 22.890127545703415
1046.8541666666667 23.521722107748865 22.891139601540743
1047.3541666666667 23.523347599147787 22.892170313180443
1047.8541666666667 23.52499896583263 22.89319735622414
1048.3541666666667 23.526625202483636 22.894216510483687
1048.8541666666667 23.52828851759158 22.89523471048737
1049.3541666666667 23.529947823749552 22.896265254821962
1049.8541666666667 23.531587923178318 22.897295199565878
1050.3541666666667 23.533249763036142 22.898316938637933
1050.8541666666667 23.534923666273755 22.89935448659227
1051.3541666666667 23.536592816213403 22.900375488636413
1051.8541666666667 23.53825673740878 22.90141925013012
1052.3541666666667 23.53992803589795 22.90244670577074
1052.8541666666667 23.541601027345962 22.903479115159683
1053.3541666666667 23.543293956785305 22.904518202476044
1053.8541666666667 23.544972887602427 22.905563048470622
1054.3541666666667 23.546658337604804 22.90660470457672
1054.8541666666667 23.548337072351025 22.907638278687422
1055.3541666666667 23.550035158957314 22.908674728868775
1055.8541666666667 23.551721598394558 22.909727116373155
1056.3541666666667 23.553423357451912 22.910766814979002
1056.8541666666667 23.555127775941376 22.911821555599744
1057.3541666666667 23.55684709354548 22.9128624113093
1057.8541666666667 23.55855158745124 22.91390558177728
1058.3541666666667 23.560259054152283 22.914960924775677
1058.8541666666667 23.56198078660359 22.916013512969442
1059.3541666666667 23.563697749600294 22.917063465380096
1059.8541666666667 23.56541908835939 22.91812427502046
1060.3541666666667 23.567142782895957 22.91916896628862
1060.8541666666667 23.56887494309926 22.920230639707057
1061.3541666666667 23.570607202382345 22.92129282679155
1061.8541666666667 23.572340432880864 22.922347935724797
1062.3541666666667 23.574079864016568 22.923407043803273
1062.8541666666667 23.57581931186751 22.92447098593147
1063.3541666666667 23.57756312819195 22.925534130052732
1063.8541666666667 23.57931092287995 22.9265887494056
1064.3541666666667 23.5810588627608 22.927658545663725
1064.8541666666667 23.58281622916335 22.92872139802298
1065.3541666666667 23.58458121478626 22.929794671294545
1065.8541666666667 23.586339612038834 22.93085481733836
1066.3541666666667 23.588119861384907 22.931929562329138
1066.8541666666667 23.589879489077447 22.93299798411708
1067.3541666666667 23.591653936198913 22.93407148372809
1067.8541666666667 23.593419680191595 22.935146150742675
1068.3541666666667 23.59520109808013 22.93621826435276
1068.8541666666667 23.59697411037029 22.93729018115771
1069.3541666666667 23.598781150423868 22.938365785105365
1069.8541666666667 23.60055242276896 22.939435528417363
1070.3541666666667 23.602358597938725 22.940524392073208
1070.8541666666667 23.604148194661953 22.94159536271152
1071.3541666666667 23.60594791513549 22.94267786188284
1071.8541666666667 23.6077603736185 22.943761488798607
1072.3541666666667 23.609554992107444 22.944832688330013
1072.8541666666667 23.611362866774602 22.945926480270025
1073.3541666666667 23.613173522982006 22.947018517134016
1073.8541666666667 23.61498991480184 22.948093427089663
1074.3541666666667 23.61682175606832 22.94917830360972
1074.8541666666667 23.618655436545954 22.950277922882204
1075.3541666666667 23.620476890881378 22.951367385257203
1075.8541666666667 23.622319856780926 22.952473544504905
1076.3541666666667 23.62417694213409 22.953572734070434
1076.8541666666667 23.62602283743529 22.954685158932865
1077.3541666666667 23.62788384216861 22.955783064252525
1077.8541666666667 23.629733561932042 22.95688915864403
1078.3541666666667 23.63159762412201 22.95800641962867
1078.8541666666667 23.63348195447322 22.959128900045013
1079.3541666666667 23.635358707863805 22.960251728562806
1079.8541666666667 23.637254227766377 22.961372726069488
1080.3541666666667 23.63914664351566 22.96249671746729
1080.8541666666667 23.641028849867954 22.963624706343765
1081.3541666666667 23.642931792967254 22.96475237157288
1081.8541666666667 23.644831861885095 22.96588200530506
1082.3541666666667 23.646740155783874 22.96701467760166
1082.8541666666667 23.64865697048681 22.968156497966703
1083.3541666666667 23.650577491998412 22.96928834896644
1083.8541666666667 23.652492918503647 22.970428088520777
1084.3541666666667 23.654427441555136 22.97156225094051
1084.8541666666667 23.65636077597806 22.972708720647223
1085.3541666666667 23.658302280890506 22.973852347411224
1085.8541666666667 23.660237526481104 22.97498595261745
1086.3541666666667 23.662175363573485 22.97614075640594
1086.8541666666667 23.664115177595857 22.97728803083499
1087.3541666666667 23.666062938029224 22.978428866638417
1087.8541666666667 23.668011617824057 22.979577262496015
1088.3541666666667 23.66998483067423 22.98071672116651
1088.8541666666667 23.671941748900235 22.981861594710374
1089.3541666666667 23.673897976627337 22.983014470506753
1089.8541666666667 23.675862899785216 22.98416899041154
1090.3541666666667 23.67781790051014 22.985313891923408
1090.8541666666667 23.679786623824608 22.98645994822879
1091.3541666666667 23.681769467985813 22.987598899900735
1091.8541666666667 23.683733093843173 22.98874672576443
1092.3541666666667 23.685713002218762 22.989892759411376
1092.8541666666667 23.68768608229518 22.991038989679517
1093.3541666666667 23.689670101542596 22.992188007115956
1093.8541666666667 23.69164478805784 22.993331772033457
1094.3541666666667 23.69362283248417 22.994473591511372
1094.8541666666667 23.695604126380406 22.995611970250607
1095.3541666666667 23.697599696946586 22.996753848454365
1095.8541666666667 23.699574677511535 22.997891033313486
1096.3541666666667 23.701560820980617 22.99902423353034
1096.8541666666667 23.70355099871229 23.000169093182038
1097.3541666666667 23.705534413231206 23.001295674045934
1097.8541666666667 23.707508881574476 23.00242984196649
1098.3541666666667 23.70950878303487 23.003558437212064
1098.8541666666667 23.711495087541877 23.00468414690179
1099.3541666666667 23.71346777441255 23.005805432593327
1099.8541666666667 23.715481033442085 23.006928427858867
1100.3541666666667 23.71745992732711 23.00805013759271
1100.8541666666667 23.719452282525324 23.009169127000675
1101.3541666666667 23.721431500623616 23.010274516498587
1101.8541666666667 23.723407151612466 23.011378871594165
1102.3541666666667 23.725388064163337 23.01249421281288
1102.8541666666667 23.727381760364658 23.013600233348164
1103.3541666666667 23.72935078352225 23.01469508007373
1103.8541666666667 23.731335277405314 23.01579777144715
1104.3541666666667 23.7333126982358 23.016881995998858
1104.8541666666667 23.735281917875568 23.01797057615829
1105.3541666666667 23.737262572135954 23.019061195810963
1105.8541666666667 23.739239429301236 23.020136667431494
1106.3541666666667 23.74121368747444 23.021213185893746
1106.8541666666667 23.74319750261808 23.02229538793786
1107.3541666666667 23.745175049612875 23.023371935407717
1107.8541666666667 23.747148822348414 23.024455302291788
1108.3541666666667 23.749123257752398 23.02552640499671
1108.8541666666667 23.751120908682136 23.026601050332456
1109.3541666666667 23.753094320997022 23.02767410105591
1109.8541666666667 23.755074925418974 23.02874943191831
1110.3541666666667 23.757067768808277 23.029820272319714
1110.8541666666667 23.75904777208428 23.030893309973326
1111.3541666666667 23.761048715932876 23.031955352714473
1111.8541666666667 23.763033338943558 23.033033231755585
1112.3541666666667 23.7650303871045 23.034093291614557
1112.8541666666667 23.76701701241304 23.03514459438768
1113.3541666666667 23.769018544124734 23.036218703917143
1113.8541666666667 23.771015176741138 23.037285251465498
1114.3541666666667 23.773010343629444 23.038349465438003
1114.8541666666667 23.775006905867123 23.039404190337937
1115.3541666666667 23.77700474813489 23.040460234108586
1115.8541666666667 23.77900860261753 23.04152447201599
1116.3541666666667 23.78101943977145 23.042580162655835
1116.8541666666667 23.782999076227654 23.04361718997459
1117.3541666666667 23.785016848006826 23.044679278749545
1117.8541666666667 23.7870160436356 23.04572210702211
1118.3541666666667 23.789021911657557 23.046775520157667
1118.8541666666667 23.79102948836921 23.04781858514392
1119.3541666666667 23.79303731098092 23.048864455885823
1119.8541666666667 23.79504963771295 23.049906101107602
1120.3541666666667 23.797045635901455 23.050941243583583
1120.8541666666667 23.799053174610027 23.05197849464623
1121.3541666666667 23.801068271755778 23.053022353456445
1121.8541666666667 23.80307464411471 23.054051366608803
1122.3541666666667 23.805084621425987 23.05508733007069
1122.8541666666667 23.807115637858267 23.056111297119635
1123.3541666666667 23.809117324797615 23.057131640347205
1123.8541666666667 23.811126903522812 23.05816605946933
1124.3541666666667 23.813141109459657 23.059182358938006
1124.8541666666667 23.81514551133851 23.06020661969129
1125.3541666666667 23.817174201899697 23.06122292113149
1125.8541666666667 23.819180724777333 23.062245619520457
1126.3541666666667 23.821193674713154 23.063248600907023
1126.8541666666667 23.82320152320352 23.064265477647872
1127.3541666666667 23.825205709697105 23.065280936746404
1127.8541666666667 23.827222794427314 23.066282018310773
1128.3541666666667 23.829247361493664 23.067277606794345
1128.8541666666667 23.831246111154016 23.06828097995875
1129.3541666666667 23.833271453696018 23.069280182615945
1129.8541666666667 23.835278817666786 23.070280025813894
1130.3541666666667 23.837308108992097 23.071271783906685
1130.8541666666667 23.8393197843205 23.072258107416452
1131.3541666666667 23.841326689484255 23.073243259044858
1131.8541666666667 23.843345843666725 23.074236205310513
1132.3541666666667 23.84535664037418 23.075216111661945
1132.8541666666667 23.847372620610674 23.076184412519133
1133.3541666666667 23.84938037913599 23.077170978486535
1133.8541666666667 23.851401709213004 23.078137034047792
1134.3541666666667 23.85340778270972 23.079109786297938
1134.8541666666667 23.855417505913024 23.080070434036838
1135.3541666666667 23.857424913977813 23.08103317449511
1135.8541666666667 23.859438728811163 23.081998186633857
1136.3541666666667 23.861443050828527 23.082953294484764
1136.8541666666667 23.863455399124685 23.08390977281887
1137.3541666666667 23.86546576949762 23.084859822026292
1137.8541666666667 23.86746880771776 23.08580655445388
1138.3541666666667 23.869480962640207 23.08675175892976
1138.8541666666667 23.871487908989003 23.087694946301237
1139.3541666666667 23.873484600840325 23.08863257626885
1139.8541666666667 23.875509477357866 23.089566649710697
1140.3541666666667 23.87752944377507 23.09050483151923
1140.8541666666667 23.879524772763826 23.09143643344559
1141.3541666666667 23.881538050602682 23.092365056360705
1141.8541666666667 23.883538401036965 23.093294609043696
1142.3541666666667 23.88555831039571 23.094220200081665
1142.8541666666667 23.887574043860916 23.095144053399437
1143.3541666666667 23.889583678811167 23.09605355383656
1143.8541666666667 23.891578118347443 23.09698107738059
1144.3541666666667 23.89358828510821 23.09789736355225
1144.8541666666667 23.895607182167016 23.098813992812616
1145.3541666666667 23.897617609865776 23.09971176508055
1145.8541666666667 23.899623876008533 23.100624748736877
1146.3541666666667 23.901635629211746 23.10153984763915
1146.8541666666667 23.903635621098722 23.102429584872645
1147.3541666666667 23.90564935738212 23.103329378306213
1147.8541666666667 23.907673571775465 23.10421820777401
1148.3541666666667 23.909673755796447 23.105111423250662
1148.8541666666667 23.911681711888374 23.106003437330976
1149.3541666666667 23.91369736770834 23.106895880574424
1149.8541666666667 23.91569435519949 23.107774197099026
1150.3541666666667 23.917710254026503 23.108654003521675
1150.8541666666667 23.919715093662877 23.109546613247602
1151.3541666666667 23.921724142218185 23.110405545990822
1151.8541666666667 23.92373986192288 23.111281927208516
1152.3541666666667 23.92574107246379 23.112154018844
1152.8541666666667 23.927756611705217 23.11301574160207
1153.3541666666667 23.92975204922253 23.113880150908553
1153.8541666666667 23.931759618061456 23.114750578349778
1154.3541666666667 23.933767451792697 23.11559223052444
1154.8541666666667 23.935785211267167 23.116462086189284
1155.3541666666667 23.93777661951047 23.11730995330853
1155.8541666666667 23.93978785594243 23.11815463183926
1156.3541666666667 23.941808133995007 23.11899455511339
1156.8541666666667 23.9438089750057 23.11984603436887
1157.3541666666667 23.945798211143074 23.120675236662215
1157.8541666666667 23.94781195860038 23.12151357466408
