FastTrWP/PhaseSpace/IAs/snIa_0.66_30.00_1.05_0.02.csv
# %ECSV 0.9
# ---
# datatype:
# - {name: time-rel, datatype: float64}
# - {name: g, datatype: float64}
# - {name: i, datatype: float64}
# schema: astropy-2.0
time-rel g i
[from data line 575]
384.3333333333333 24.262296484688576 22.588496407969572
384.83333333333326 24.260207006899197 22.586881194893124
385.3333333333333 24.258121886201987 22.585273981931074
385.8333333333333 24.256041458588008 22.58367201451298
386.33333333333326 24.25396764354388 22.582064108888336
386.8333333333333 24.251899424418596 22.58047145062182
387.3333333333333 24.249847812076297 22.578876466221303
387.83333333333326 24.247774610984738 22.577285284044425
388.3333333333333 24.245733815969828 22.57569315586991
388.8333333333333 24.243674470660793 22.574111468537396
389.33333333333326 24.241620789851307 22.572532159027865
389.8333333333333 24.239607996642462 22.57096606446243
390.3333333333333 24.23757621102919 22.569390281054922
390.83333333333326 24.23554607250514 22.56781998024364
391.3333333333333 24.233536987547946 22.566263317128996
391.8333333333333 24.231530499009413 22.564700468513767
392.33333333333326 24.22952568153381 22.563152031385435
392.8333333333333 24.227524989464197 22.56159777165702
393.3333333333333 24.225549381724974 22.560044492804188
393.83333333333326 24.223566508141584 22.55850637620641
394.3333333333333 24.221602585715686 22.55697359065936
394.8333333333333 24.219621078389828 22.55542748861267
395.33333333333326 24.21766084712216 22.55389883614923
395.8333333333333 24.215711924628124 22.55237456840797
396.3333333333333 24.213767187571303 22.55085500218812
396.83333333333326 24.211837883253516 22.54934117956607
397.3333333333333 24.209882506121122 22.547826611839376
397.8333333333333 24.207968710556365 22.546321860167176
398.33333333333326 24.20606940975484 22.54481771221257
398.8333333333333 24.2041524909693 22.543319326208
399.3333333333333 24.202248797828982 22.54182391042596
399.83333333333326 24.20036174147588 22.54033440974728
400.3333333333333 24.19848131535895 22.53884437285727
400.8333333333333 24.196584841052598 22.537361605444467
401.33333333333326 24.19472987175788 22.53589571144143
401.8333333333333 24.192860817770203 22.534411537713556
402.3333333333333 24.191017057065988 22.532952286824546
402.83333333333326 24.18916872075261 22.531487120373598
403.3333333333333 24.187329506890627 22.530024981107513
403.8333333333333 24.185506249193665 22.52857529698288
404.33333333333326 24.183683650995906 22.52713063154423
404.8333333333333 24.181861145761037 22.525687381653945
405.3333333333333 24.18005778400271 22.524250071718836
405.83333333333326 24.178273700743635 22.52281726821163
406.3333333333333 24.176488989778107 22.5213908901833
406.8333333333333 24.174711398880667 22.519959623833643
407.33333333333326 24.172934330593666 22.518545440719304
407.8333333333333 24.171168556479643 22.51712911495624
408.3333333333333 24.169416008892245 22.515728919836832
408.83333333333326 24.16767146972612 22.51432193330805
409.3333333333333 24.16594557311107 22.512915427993843
409.8333333333333 24.16420587950919 22.5115304956155
410.33333333333326 24.162501014289987 22.51014118942114
410.8333333333333 24.160785879287403 22.508761286401974
411.3333333333333 24.159088581212522 22.507381267769997
411.83333333333326 24.157399150753577 22.50600444665215
412.3333333333333 24.155707531276537 22.504640188046004
412.8333333333333 24.15404095424398 22.503275573533806
413.33333333333326 24.152389444753947 22.501920780550996
413.8333333333333 24.150726835690243 22.500568620960046
414.3333333333333 24.149080373585292 22.499223651398882
414.83333333333326 24.14743869348278 22.49789038039748
415.3333333333333 24.145818094134192 22.496541922280066
415.8333333333333 24.144197568977784 22.495215399906986
416.33333333333326 24.142590645708065 22.493890972954752
416.8333333333333 24.140999807389584 22.492571442614565
417.3333333333333 24.139408275076345 22.49125715797017
417.83333333333326 24.137830805540506 22.489956024583165
418.3333333333333 24.136247852482548 22.48864676311291
418.8333333333333 24.134680991759833 22.487338553350394
419.33333333333326 24.13311921559609 22.486045703606923
419.8333333333333 24.131570040955488 22.48474420042879
420.3333333333333 24.1300169528302 22.48346115401764
420.83333333333326 24.128472137105014 22.482173027496092
421.3333333333333 24.126944188258676 22.480899751338367
421.8333333333333 24.125414611543214 22.47961341729632
422.33333333333326 24.123899729506533 22.4783407492418
422.8333333333333 24.122395540918426 22.477079324814376
423.3333333333333 24.120884588946044 22.47580497022878
423.83333333333326 24.11937563352317 22.474548518556713
424.3333333333333 24.11786528218489 22.473285250427967
424.8333333333333 24.116402014880688 22.472038930095394
425.33333333333326 24.11491276752713 22.47078070905652
425.8333333333333 24.113433416482817 22.469530333830168
426.3333333333333 24.111968725078327 22.468293944310773
426.83333333333326 24.110504530054428 22.467053453095758
427.3333333333333 24.10904770193239 22.46582445512585
427.8333333333333 24.10760100429927 22.464588250598766
428.33333333333326 24.106159905203622 22.463370709679083
428.8333333333333 24.104716280469304 22.462149889043033
429.3333333333333 24.10329808191304 22.460934159034487
429.83333333333326 24.101866824760634 22.459716632353196
430.3333333333333 24.10045861019161 22.458510661992413
430.8333333333333 24.0990431634119 22.457307508978325
431.33333333333326 24.09763369169592 22.456103522894146
431.8333333333333 24.09625071635583 22.45490686962796
432.3333333333333 24.094863227695413 22.4537107607389
432.83333333333326 24.09347529786611 22.45252248145233
433.3333333333333 24.09209203389128 22.451339495707042
433.8333333333333 24.090734362518344 22.450157604022326
434.33333333333326 24.089378298133127 22.448987394950993
434.8333333333333 24.08801027475931 22.44780473966014
435.3333333333333 24.086654280035702 22.44663313885674
435.83333333333326 24.085323650853283 22.445466911629673
436.3333333333333 24.08398491021444 22.44430573407851
436.8333333333333 24.082654685796978 22.443150168268918
437.33333333333326 24.08132364765067 22.441991929661086
437.8333333333333 24.080008999491234 22.44084798960887
438.3333333333333 24.07869229509084 22.439710323334214
438.83333333333326 24.07740411176161 22.4385588070467
439.3333333333333 24.076083470019185 22.437422505262724
439.8333333333333 24.074789879304316 22.43628784924313
440.33333333333326 24.07352608958996 22.435161516234814
440.8333333333333 24.072238794620784 22.43403477636224
441.3333333333333 24.070969746275534 22.432910480310287
441.83333333333326 24.06969813486173 22.431796263653112
442.3333333333333 24.068456166480626 22.43068491504744
442.8333333333333 24.06718373572022 22.42957642790756
443.33333333333326 24.065937134137787 22.428470528911937
443.8333333333333 24.064727736721807 22.42736178034891
444.3333333333333 24.06347525457461 22.426265942540056
444.83333333333326 24.062248252752518 22.42517094609947
445.3333333333333 24.061034405775402 22.424084146997284
445.8333333333333 24.05980936326239 22.42299966442086
446.33333333333326 24.058602596947548 22.421916284677692
446.8333333333333 24.057404008890153 22.420839117948844
447.3333333333333 24.056198833845514 22.419762793630085
447.83333333333326 24.055030677095303 22.418692824364747
448.3333333333333 24.053839818595478 22.417623455140504
448.8333333333333 24.052653957828166 22.416561846103832
449.33333333333326 24.051494977439102 22.415508949518287
449.8333333333333 24.050339107560266 22.414458408134
450.3333333333333 24.049173359715816 22.41340871521433
450.83333333333326 24.04802978145272 22.4123561012598
451.3333333333333 24.046881552418352 22.41130834361131
451.8333333333333 24.045757183409986 22.410277115733788
452.33333333333326 24.044615884840525 22.40924289593631
452.8333333333333 24.043496812648417 22.408204695128575
453.3333333333333 24.042385965374677 22.40717989270516
453.83333333333326 24.041260332395787 22.406155150559854
454.3333333333333 24.040158941898287 22.40514096915532
454.8333333333333 24.03906235963067 22.404119767426863
455.33333333333326 24.03797430711489 22.40311475797267
455.8333333333333 24.036879415681625 22.402105686587674
456.3333333333333 24.03580604671255 22.401104328434272
456.83333333333326 24.03474054673948 22.400105470183757
457.3333333333333 24.033656408266356 22.39910620834503
457.8333333333333 24.03261569701047 22.398114897152702
458.33333333333326 24.031545614263585 22.39713112310604
458.8333333333333 24.03049478661788 22.396137209473
459.3333333333333 24.029458331068795 22.39515775826281
459.83333333333326 24.02841281651718 22.39418483433748
460.3333333333333 24.027373985748795 22.393201158662603
460.8333333333333 24.026351966171752 22.392232762497088
461.33333333333326 24.025343400116583 22.3912593392171
461.8333333333333 24.02430307900348 22.3902941880699
462.3333333333333 24.023290295284387 22.38933453234848
462.83333333333326 24.022285173893575 22.38838045854703
463.3333333333333 24.021282539081387 22.387427586144888
463.8333333333333 24.020288078456705 22.3864697684108
464.33333333333326 24.019302742282665 22.385514143411246
464.8333333333333 24.018317412548264 22.384570835546228
465.3333333333333 24.01732959601043 22.383634961641512
465.83333333333326 24.01634743445812 22.382692338202787
466.3333333333333 24.015384900658393 22.381763467543244
466.8333333333333 24.014430750349945 22.38082332186091
467.33333333333326 24.01348023136498 22.37989627311925
467.8333333333333 24.01252493880598 22.378975446465333
468.3333333333333 24.011563466947457 22.378058784376137
468.83333333333326 24.010609840580962 22.377134314932277
469.3333333333333 24.009688615263837 22.376221185013584
469.8333333333333 24.008758275953607 22.375308298798757
470.33333333333326 24.007828919703744 22.374401987917132
470.8333333333333 24.00691078739233 22.373500688692577
471.3333333333333 24.00600584662666 22.372597916880853
471.83333333333326 24.005084892922007 22.37170021311995
472.3333333333333 24.00417796007373 22.370803686471397
472.8333333333333 24.003293593087598 22.369917135861634
473.33333333333326 24.00238958976034 22.36902859344187
473.8333333333333 24.001525308403366 22.36814909242303
474.3333333333333 24.000646638423593 22.367266037282448
474.83333333333326 23.99976366221978 22.366391361483444
475.3333333333333 23.998900192364946 22.36552028840114
475.8333333333333 23.998027241028574 22.364645460837252
476.33333333333326 23.997179628635653 22.363776322833644
476.8333333333333 23.996322494588036 22.362924250846717
477.3333333333333 23.995466548359285 22.362063155260454
477.83333333333326 23.99463498152132 22.36121348265239
478.3333333333333 23.99381201106657 22.36035648524443
478.8333333333333 23.992979446227714 22.3595049751999
479.33333333333326 23.992140022735484 22.35867001312166
479.8333333333333 23.991341958278134 22.357829671569732
480.3333333333333 23.99051323385723 22.356988469204268
480.83333333333326 23.989720014743952 22.35614771220638
481.3333333333333 23.988917024879456 22.35532500437025
481.8333333333333 23.9881248242486 22.354494101109367
482.33333333333326 23.987327909049657 22.353679154712914
482.8333333333333 23.986547648176956 22.352855588786454
483.3333333333333 23.985783415086694 22.352042042250044
483.83333333333326 23.985015037017867 22.351218108639564
484.3333333333333 23.984246596009147 22.350414810238377
484.8333333333333 23.983487705547482 22.349611420709067
485.33333333333326 23.9827389393009 22.348811473045558
485.8333333333333 23.98198540943923 22.34801005329482
486.3333333333333 23.98123753808789 22.34721842425248
486.83333333333326 23.980511451994335 22.346430325863082
487.3333333333333 23.979776810434743 22.34564805914212
487.8333333333333 23.979054311570028 22.34485935109868
488.3333333333333 23.97834239406945 22.344083578077925
488.8333333333333 23.977625637031306 22.34331138449477
489.3333333333333 23.97690570415682 22.342536587935516
489.8333333333333 23.97621048400658 22.341762365133825
490.3333333333333 23.97552542757676 22.340994634020042
490.8333333333333 23.974841035484214 22.340240901176195
491.3333333333333 23.974162383053233 22.339480362673264
491.8333333333333 23.973475887098267 22.338728587693332
492.3333333333333 23.972811845045996 22.33797765994833
492.8333333333333 23.97214413492914 22.337233254896766
493.3333333333333 23.971499417801677 22.33648835701713
493.8333333333333 23.97083206881735 22.335750494826605
494.3333333333333 23.970198296457227 22.33501116969164
494.8333333333333 23.969541682961765 22.334280707132162
495.3333333333333 23.96891422203389 22.333551705738696
495.8333333333333 23.9682795916019 22.332822490280442
496.3333333333333 23.9676763781557 22.332110566233805
496.8333333333333 23.967053668569164 22.331396690567505
497.3333333333333 23.96644862225409 22.33067782333535
497.8333333333333 23.96584183024427 22.329972586313815
498.3333333333333 23.965235243970046 22.329267077104213
498.8333333333333 23.96465903888235 22.32856259470038
499.3333333333333 23.96405972231267 22.327866212964757
499.8333333333333 23.96348280201813 22.327171148065954
500.3333333333333 23.962908031072345 22.326480184257434
500.8333333333333 23.9623289453112 22.325793348973857
501.3333333333333 23.961758370202567 22.325113737254934
501.8333333333333 23.961202293211336 22.32443306116312
502.3333333333333 23.96064907554826 22.323754239696456
502.8333333333333 23.960102367751304 22.323082027724297
503.3333333333333 23.9595641279156 22.322419488582366
503.8333333333333 23.95900458158554 22.321748549260533
504.3333333333333 23.95849187894791 22.321086451774494
504.8333333333333 23.957946835044194 22.32042698753738
505.3333333333333 23.95743240806187 22.319774075350804
505.8333333333333 23.956929166789877 22.319116972395
506.3333333333333 23.956409189874876 22.318475769560152
506.8333333333333 23.955893215977426 22.317834607411363
507.3333333333333 23.95539577389613 22.317187799130004
507.8333333333333 23.9549063120603 22.31654510956559
508.3333333333333 23.954417277313148 22.31590933140769
508.8333333333333 23.95392895081084 22.31528216058927
509.3333333333333 23.95345480727894 22.314654574574803
509.8333333333333 23.952989742861014 22.3140309153821
510.3333333333333 23.95250468187602 22.31340754489186
510.8333333333333 23.95202709272739 22.312790945121282
511.3333333333333 23.95157757524267 22.31218007616484
511.8333333333333 23.951135721235445 22.311558805517503
512.3333333333334 23.95068732936217 22.31095076085445
512.8333333333334 23.950233935489447 22.310347610589304
513.3333333333334 23.949799293530102 22.30974635473548
513.8333333333334 23.949372058601842 22.309148235614543
514.3333333333334 23.94895009216825 22.308546557418516
514.8333333333334 23.948527187287883 22.30795730426038
515.3333333333334 23.948109021553186 22.307368294441083
515.8333333333334 23.947696407759928 22.3067854464481
516.3333333333334 23.947289467396132 22.306196005209262
516.8333333333334 23.946891057555124 22.305617925093824
517.3333333333334 23.946492547426033 22.30503560851659
517.8333333333334 23.946095934053208 22.30445778756981
518.3333333333334 23.94571933727786 22.303890126590396
518.8333333333334 23.94534893293599 22.303319095374142
519.3333333333334 23.944964418925284 22.302752608821343
519.8333333333334 23.944602389467775 22.30219047228028
520.3333333333334 23.9442423660971 22.301621606888787
520.8333333333334 23.943879830857714 22.301067445962662
521.3333333333334 23.943527496823368 22.30051340180924
521.8333333333334 23.94317721555941 22.299958150890443
522.3333333333334 23.942838299804162 22.299412451149617
522.8333333333334 23.942500806729427 22.29886453298355
523.3333333333334 23.94217009539271 22.298318130836883
523.8333333333334 23.941849730235024 22.297780672913234
524.3333333333334 23.94152617059072 22.297236568168405
524.8333333333334 23.94119306192809 22.296701045139177
525.3333333333334 23.94090136031703 22.29617315270385
525.8333333333334 23.94058410039355 22.29563863580223
526.3333333333334 23.940288570612793 22.295107524217606
526.8333333333334 23.940014581350194 22.29458506930711
527.3333333333334 23.939694696444707 22.294064538484776
527.8333333333334 23.93942787267374 22.293538582830873
