FastTrWP/PhaseSpace/IAs/snIa_0.36_30.00_-0.18_-0.21.csv
# %ECSV 0.9
# ---
# datatype:
# - {name: time-rel, datatype: float64}
# - {name: g, datatype: float64}
# - {name: i, datatype: float64}
# schema: astropy-2.0
time-rel g i
[from data line 1076]
122.0 22.782988544740057 22.750780548158236
122.5 22.784001280592978 22.750709976946904
123.0 22.785005742778548 22.75063962452404
123.5 22.78600971858946 22.750562920525965
124.0 22.78703222794761 22.750497954516604
124.5 22.788036253816077 22.750429660904068
125.0 22.789058130204808 22.750359590971982
125.5 22.790081398687715 22.750301215313304
126.0 22.79110012803637 22.750246458333745
126.5 22.79212299612159 22.75019206730041
127.0 22.793151825483196 22.75014004080947
127.5 22.794179716188655 22.750091829119945
128.0 22.795205223546112 22.750038286814274
128.5 22.796239900056065 22.749997091769302
129.0 22.797283764702648 22.749950865883633
129.5 22.798325719547453 22.749909077947194
130.0 22.79936825171559 22.74987451683814
130.5 22.800412258364492 22.749834471547018
131.0 22.80145773541784 22.749800302147353
131.5 22.80250580473741 22.749771816887957
132.0 22.803557368178865 22.749746215832346
132.4999999999999 22.804616379967175 22.74972716837755
133.0 22.805673422058476 22.749710767798067
133.5 22.806738836538145 22.749689561906507
133.9999999999999 22.80780122148179 22.749669426283283
134.5 22.808855212659942 22.749656399852167
135.0 22.80992483281199 22.74964165253918
135.4999999999999 22.81099449068428 22.74963039289957
136.0 22.81205903807067 22.749628359656782
136.5 22.813135914219224 22.749624801367048
136.9999999999999 22.814207672296682 22.749623221136147
137.5 22.815285466573485 22.74961614441734
138.0 22.816371806637893 22.749620623830907
138.4999999999999 22.817451356470045 22.74962407540578
139.0 22.818530342269323 22.749638408719047
139.5 22.81963157795534 22.74964660605745
139.9999999999999 22.82071639788692 22.749654579636207
140.5 22.821811878715867 22.749665541259393
141.0 22.82289690435706 22.74969526865705
141.4999999999999 22.824000663449585 22.749707592488832
142.0 22.82509972102162 22.74973422119599
142.5 22.826198324015607 22.749748278168724
142.9999999999999 22.82730473902706 22.74978648019081
143.5 22.828412150721505 22.749818013148747
144.0 22.82952073946418 22.749845806210036
144.4999999999999 22.830627077354094 22.74988898083203
145.0 22.831742508600293 22.749918747336043
145.5 22.832860217005447 22.749960725646773
145.9999999999999 22.833973765932186 22.750004847580982
146.5 22.835096713571406 22.750047586366897
147.0 22.83622593076929 22.750084872543063
147.4999999999999 22.83734715599667 22.75013807334038
148.0 22.83847335526928 22.750191045487803
148.5 22.83959894419396 22.75024231347352
148.9999999999999 22.840729352771653 22.75030834724808
149.5 22.84186947656838 22.750355839758125
150.0 22.843002951021766 22.75041306396404
150.4999999999999 22.844141066693982 22.750487547918233
151.0 22.84528240457555 22.750553348093042
151.5 22.846426515145893 22.75061982093382
151.9999999999999 22.847575664132364 22.750695815635538
152.5 22.84872485168703 22.75076950192262
153.0 22.84987603140928 22.75085114887755
153.4999999999999 22.851033961783642 22.75093020857156
154.0 22.852193780545086 22.751009798197668
154.5 22.853356752778783 22.75109223862006
154.9999999999999 22.85451489357285 22.751186391982785
155.5 22.85568888763903 22.751273078054194
156.0 22.85685906110991 22.751362127634994
156.4999999999999 22.85803770780372 22.75145543839814
157.0 22.85920422351795 22.751560781651467
157.5 22.860383921694478 22.751661475540537
157.9999999999999 22.861565047751988 22.751766454906633
158.5 22.86275125002399 22.751870356037074
159.0 22.86393331368712 22.75196859759824
159.4999999999999 22.865114790133024 22.75208764979777
160.0 22.866314685372217 22.752194238880122
160.5 22.86750848542834 22.75231276855063
160.9999999999999 22.86870516158708 22.75242735049732
161.5 22.869905770810632 22.75255751512191
162.0 22.871103158479777 22.752673163742422
162.4999999999999 22.872308547320227 22.752800284453386
163.0 22.873518635843816 22.75292310830264
163.5 22.87473150398582 22.753056684725518
163.9999999999999 22.875948813313936 22.75318521775742
164.5 22.87715301793639 22.753333782170415
165.0 22.878365759324133 22.75346138173685
165.4999999999999 22.879595884669605 22.753610486856992
166.0 22.880810963544285 22.753740639589978
166.5 22.882038308729427 22.753885998848375
166.9999999999999 22.883275166825243 22.7540328186903
167.5 22.88449253879768 22.75418535750013
168.0 22.885734815597342 22.75433669686084
168.4999999999999 22.88696736637175 22.754483875000872
169.0 22.888204748248377 22.75465322399746
169.5 22.889444618428648 22.754812605438666
169.9999999999999 22.89068131947431 22.754963937034688
170.5 22.89192863340622 22.75512670694317
171.0 22.893186553554294 22.755294893893875
171.4999999999999 22.894426531029964 22.755459998288636
172.0 22.89567824093278 22.755629636158385
172.5 22.896933533487175 22.755803165737163
172.9999999999999 22.89817918735043 22.755980820295303
173.5 22.89945047942265 22.7561610105116
174.0 22.90070686937112 22.756343793896274
174.4999999999999 22.90197434516548 22.756518127615944
175.0 22.903236602721165 22.75670230545943
175.5 22.904500491186674 22.75689204571595
175.9999999999999 22.905773669846017 22.75707656181122
176.5 22.907045516094193 22.757269842429928
177.0 22.908319951103536 22.75745406242805
177.4999999999999 22.90959581830053 22.757655927510783
178.0 22.91087568394691 22.757847571574597
178.5 22.912155859313046 22.758049957630995
178.9999999999999 22.913448380014593 22.758247383768946
179.5 22.914726861596527 22.75845815772768
180.0 22.91601215991802 22.758665953412432
180.4999999999999 22.91730194275434 22.758869041751396
181.0 22.918600879090544 22.7590769881958
181.5 22.919886439799164 22.75928848272323
181.9999999999999 22.9211878201235 22.759499191165446
182.5 22.922494335225764 22.75971464302132
183.0 22.923794056242286 22.759941691096127
183.4999999999999 22.925100452621056 22.760165569666047
184.0 22.926411931426316 22.76038269989477
184.5 22.92773892745445 22.760608505303942
184.9999999999999 22.929055373845664 22.76084125455895
185.5 22.930366038418498 22.76107289653215
186.0 22.931700162682297 22.76130553052445
186.4999999999999 22.933029908255893 22.761542731751582
187.0 22.934364838230223 22.76177330799605
187.5 22.935713070628378 22.762023231505793
187.9999999999999 22.937051469606395 22.762267759815003
188.5 22.938392802934125 22.762515317687217
189.0 22.939743796810813 22.762759520998976
189.4999999999999 22.94109023739777 22.76301618632505
190.0 22.942452874856663 22.763267286077475
190.5 22.943803344260594 22.76351892156164
190.9999999999999 22.945169998911332 22.763771833294015
191.5 22.946532623186187 22.76403614436891
192.0 22.94790185923693 22.764297754343726
192.4999999999999 22.949269327702552 22.764570839870927
193.0 22.950648936059267 22.764842524461887
193.5 22.952019596499227 22.76510845446473
193.9999999999999 22.95338718375112 22.765383389450626
194.5 22.954776371722193 22.765652740104603
195.0 22.956165683475508 22.76593210372651
195.4999999999999 22.957554405415767 22.766208305797228
196.0 22.958930762069173 22.766497560910675
196.5 22.960325721679492 22.766778193366164
196.9999999999999 22.961721533100548 22.767065704422173
197.5 22.963106527895324 22.767346929241093
198.0 22.964512135605787 22.767647563486946
198.4999999999999 22.96590754343617 22.76793478210739
199.0 22.96730972723281 22.768233278301256
199.5 22.96871011944161 22.768535539018213
199.9999999999999 22.97011316307058 22.768829932388947
200.5 22.971513504095334 22.769129258367645
201.0 22.972930978673695 22.769436649243744
201.4999999999999 22.97433493490713 22.769733562628854
202.0 22.975739233867806 22.770052511904222
202.5 22.97715241022379 22.77035617969362
202.9999999999999 22.978567816694373 22.770673943503983
203.5 22.979984569483033 22.770990120314142
204.0 22.981392308355172 22.771298607631998
204.4999999999999 22.98280512869105 22.771621013405113
205.0 22.984223293453287 22.77194735681835
205.5 22.985649834037083 22.772267234911187
205.9999999999999 22.987065954939414 22.772596716655382
206.5 22.988484219745548 22.772921630092256
207.0 22.989899384392324 22.773246814209745
207.4999999999999 22.99131142052733 22.773589337796537
208.0 22.992737995576306 22.77391854267232
208.5 22.99415941021424 22.774255124293234
208.9999999999999 22.995581850720374 22.774586575510753
209.5 22.99700156027599 22.774936336163123
210.0 22.998423051351587 22.77527107278391
210.4999999999999 22.999846727484645 22.775621328535173
211.0 23.001259126854123 22.775960965511715
211.5 23.00268325216683 22.776306142590794
211.9999999999999 23.00410994048335 22.776649083622242
212.5 23.005530205539767 22.777005776965122
213.0 23.006944557253778 22.77736270382297
213.4999999999999 23.00836378695148 22.777715648095782
214.0 23.009779018207777 22.77807613180876
214.5 23.01121173783033 22.77843117878743
214.9999999999999 23.012620973755006 22.778790703219723
215.5 23.01403739101457 22.77916163516601
216.0 23.015466906110753 22.77952862445348
216.4999999999999 23.016888714535696 22.779896623273448
217.0 23.01830350042326 22.780269289272262
217.5 23.019741022125345 22.780633821935993
217.9999999999999 23.021163470611803 22.781017599100974
218.5 23.022592699285337 22.781391505180117
219.0 23.024018479914332 22.781768809210373
219.4999999999999 23.02545878845904 22.782154556143617
220.0 23.02688507801722 22.7825400732383
220.5 23.02831328284985 22.78292346903733
220.9999999999999 23.029753231334933 22.783319109025758
221.5 23.03118868732713 22.783709314875914
222.0 23.03261807282045 22.784109122979924
222.4999999999999 23.03405669809144 22.78449526446572
223.0 23.035499664458136 22.784901181618803
223.5 23.036935152287178 22.785300213283286
223.9999999999999 23.038387810701195 22.785706272860416
224.5 23.039823822607815 22.786107899832867
225.0 23.041274226676332 22.78651548328407
225.4999999999999 23.04272140664887 22.78692949656918
226.0 23.044159472066845 22.78733933825647
226.5 23.045623103337824 22.787752167313187
226.9999999999999 23.047068351121084 22.78816965869193
227.5 23.04850522095625 22.78858838406795
228.0 23.049961360184703 22.78900794645213
228.4999999999999 23.051413018419925 22.789441825302266
229.0 23.052865150162283 22.789856415327634
229.5 23.05432367893054 22.790284664082527
229.9999999999999 23.055768177110494 22.790716927187688
230.5 23.05723154437295 22.791147457210407
231.0 23.058683746457156 22.7915852834902
231.4999999999999 23.060144346111983 22.79201888189819
232.0 23.061608793174322 22.79245447624791
232.5 23.063069996337905 22.792898766412378
232.9999999999999 23.06452666183685 22.793339619781833
233.5 23.065989658869555 22.79378588811538
234.0 23.067441283854357 22.794228947852314
234.4999999999999 23.068910608767247 22.79467298005806
235.0 23.07037195249974 22.79513240987566
235.5 23.071837354485595 22.795573699194623
235.9999999999999 23.07329844572501 22.796035967277213
236.5 23.074772604942183 22.79649343104684
237.0 23.076239793407854 22.796955443503002
237.4999999999999 23.07769272354298 22.797412816048105
238.0 23.079166566533008 22.79787668936852
238.5 23.080627083984385 22.798343286962677
238.9999999999999 23.082099167090057 22.79880570764086
239.5 23.083567507031955 22.799276130356525
240.0 23.085029458330027 22.799742560250266
240.4999999999999 23.08650772068226 22.800221988678175
241.0 23.087988555147717 22.80068329154116
241.5 23.089459138678148 22.80117091133848
241.9999999999999 23.09092977412593 22.801645599914465
242.5 23.09239142936256 22.80213363550701
243.0 23.09387044053205 22.802608067053324
243.4999999999999 23.095341323094427 22.803100046725653
244.0 23.096817026141885 22.803580910348945
244.5 23.09829045121232 22.804066606793736
244.9999999999999 23.09976130942205 22.804564834749055
245.5 23.101248321589498 22.805050991294678
246.0 23.102716362311103 22.805544031859316
246.4999999999999 23.10419241614312 22.806045689995255
247.0 23.105666717022917 22.80654180685909
247.5 23.107136392820934 22.807033425484235
247.9999999999999 23.1086035463466 22.807538164691216
248.5 23.110089393163193 22.808039677021405
249.0 23.11156727033699 22.808544269148744
249.4999999999999 23.113035740815523 22.80905715946043
250.0 23.114517923714857 22.809571661393168
250.5 23.115998788776842 22.81007637383287
250.9999999999999 23.11748633362367 22.81060254012209
251.5 23.118962726866105 22.8111114079705
252.0 23.120442511455572 22.81163064910477
252.4999999999999 23.121923432087385 22.812153883783633
253.0 23.123402220327804 22.812681705972167
253.5 23.124891451211333 22.81320731845875
253.9999999999999 23.126375529074142 22.813734148026803
254.5 23.12785289735863 22.81426493057647
255.0 23.12933340535698 22.814798240790036
255.4999999999999 23.130819081332092 22.815325766697264
256.0 23.132304577437072 22.81587088714979
256.5 23.133793688213213 22.81640449829841
256.9999999999999 23.135278790878992 22.816956259742057
257.5 23.136754119216818 22.81749233209829
258.0 23.138256768028597 22.818035218724383
258.4999999999999 23.13974684963267 22.8185897976524
259.0 23.14123330042476 22.819139720753018
259.5 23.142723036398287 22.81968622030771
259.9999999999999 23.144212989690942 22.82024088062041
260.5 23.145707999311668 22.820801928380064
261.0 23.147193893335075 22.8213636995441
261.4999999999999 23.148693669849827 22.821917997923666
262.0 23.150187587782764 22.822489634107193
262.5 23.15167359661134 22.823050699738154
262.9999999999999 23.15317201279125 22.82361751324118
263.5 23.15466020110053 22.824185102544448
264.0 23.15616693382055 22.824754567028226
264.4999999999999 23.157667576052283 22.825325822986304
265.0 23.159161354236172 22.825903638225554
265.5 23.16066456213274 22.826486311445464
265.9999999999999 23.1621648145435 22.827064435706635
266.5 23.16366582950421 22.827647294357174
267.0 23.16515437166728 22.828233758381824
267.4999999999999 23.166661959586815 22.82880892122492
268.0 23.168166328772738 22.829396314638046
268.5 23.16967431490572 22.829989031340094
268.9999999999999 23.17117119343498 22.830583020805186
269.5 23.172669108172315 22.831174212786767
270.0 23.174184637541856 22.83177522478698
270.4999999999999 23.17569360196783 22.83237175707066
271.0 23.177208107316865 22.832974334064854
271.5 23.178711497964912 22.83357902628189
271.9999999999999 23.180221451136042 22.83418309076227
272.5 23.18172772331874 22.834780974604165
273.0 23.183236959328916 22.835383210559137
273.4999999999999 23.184743589021725 22.835998691801812
274.0 23.186268171443242 22.836613414237835
274.5 23.187770796706168 22.837224461401906
274.9999999999999 23.18929189681459 22.83784750653058
275.5 23.190810018694 22.838463531662967
276.0 23.192325163039406 22.83908809557658
276.4999999999999 23.193844384922695 22.839703888049932
277.0 23.195355208118208 22.840324513205278
277.5 23.19688351971372 22.840946879564562
277.9999999999999 23.198398900852567 22.841576402778422
278.5 23.199923255131353 22.84220891442651
279.0 23.201445783190074 22.842836875868045
279.4999999999999 23.202967512934073 22.843473121575116
280.0 23.204484143238524 22.844105203509983
280.5 23.20602403093052 22.84475317141306
280.9999999999999 23.207548070635447 22.84538349730375
281.5 23.20906941801344 22.846022653880027
282.0 23.21058941446026 22.84666820992168
282.4999999999999 23.212127693629697 22.847315356781746
283.0 23.213654920574637 22.847969168051954
283.5 23.215183458644944 22.848616476531774
283.9999999999999 23.216701976527737 22.84927553390188
284.5 23.218245614701615 22.849925657706095
285.0 23.2197813691524 22.850576788085498
285.4999999999999 23.221304438053735 22.85123713483091
286.0 23.222836078023153 22.851903849565396
286.5 23.224374078194494 22.852566519428752
286.9999999999999 23.2258980794423 22.85324040202405
287.5 23.22743593208619 22.853902667488157
288.0 23.228975923863636 22.8545763148435
288.4999999999999 23.23052043670192 22.85525586476645
289.0 23.23204884029987 22.855931260813882
289.5 23.23358538459253 22.856611908289217
289.9999999999999 23.23513338576103 22.857279712524175
290.5 23.236669582491672 22.857962960094365
291.0 23.238214074855293 22.858647784437874
291.4999999999999 23.239755358837336 22.859336397248505
