FastTrWP/PhaseSpace/IAs/snIa_0.32_30.00_0.73_-0.02.csv
# %ECSV 0.9
# ---
# datatype:
# - {name: time-rel, datatype: float64}
# - {name: g, datatype: float64}
# - {name: i, datatype: float64}
# schema: astropy-2.0
time-rel g i
[from data line 1076]
98.5 22.826632461875363 22.53623154809967
99.0 22.82734733821091 22.53614017885015
99.5 22.828063363676833 22.53604075906174
100.0 22.828781346807865 22.53594790615579
100.5 22.829500546453836 22.53585679696094
101.0 22.830226994679276 22.535763232462628
101.5 22.83095417835668 22.53568774602785
102.0 22.831679103743067 22.535594602162128
102.5 22.832408512006236 22.5355176048636
103.0 22.833143774865423 22.535443821547638
103.5 22.83386910275913 22.53536378331262
104.0 22.83460597383455 22.53528018242239
104.5 22.835341736062578 22.535213494700855
105.0 22.83607729509503 22.53514232391556
105.5 22.836827915148866 22.535076370042756
106.0 22.837551075529706 22.5350073026669
106.5 22.83829068297958 22.534947080034225
107.0 22.839043197978448 22.534885300254484
107.5 22.83978124793778 22.534822015249528
108.0 22.840525686270926 22.534760582372808
108.5 22.841272426338584 22.534714587144048
109.0 22.84201998942458 22.534661943940645
109.5 22.842773496858868 22.53460595036646
110.0 22.843519761107373 22.534562649488063
110.5 22.844272506276376 22.534516753836268
111.0 22.84502784576578 22.53447194320993
111.5 22.845792952604434 22.534423024543532
112.0 22.846541904160436 22.53439437312917
112.5 22.847306983188727 22.534353008491838
113.0 22.848066673290553 22.5343132889536
113.5 22.848835459838767 22.534286813422263
114.0 22.84960319128531 22.53425603915594
114.5 22.850379884608003 22.53422548105942
115.0 22.851151814330507 22.534198840214096
115.5 22.851927188664824 22.53417739354358
116.0 22.85270787914634 22.53415332169128
116.5 22.853493452231476 22.534141553361053
117.0 22.854265669891817 22.534121192872405
117.5 22.85504847178807 22.534107499829148
118.0 22.855840054759273 22.53409911290811
118.5 22.856637260717115 22.534087867209173
119.0 22.857424707854737 22.534079243362783
119.5 22.85821596345954 22.534073658170534
120.0 22.8590073718481 22.534070577430832
120.5 22.85981241052248 22.534073777314383
121.0 22.860611536477027 22.53407158725318
121.5 22.861420881247305 22.53407656935588
122.0 22.86222783301891 22.534089909282503
122.5 22.86303177453695 22.534091743413533
123.0 22.863836503958893 22.534104316875418
123.5 22.86465749809831 22.534119987648875
124.0 22.865472710629618 22.53413024215198
124.5 22.86628673965137 22.534149941464896
125.0 22.867112338670687 22.534163436856872
125.5 22.867930664254324 22.53419174032004
126.0 22.86875266365381 22.534216144685708
126.49999999999989 22.869580083946627 22.53424258403626
127.0 22.870413019342948 22.53426704417621
127.5 22.8712366067179 22.534301649119346
127.99999999999989 22.87207408491499 22.53432929186736
128.5 22.872904222369424 22.5343709382617
129.0 22.873740764788103 22.534401386153178
129.4999999999999 22.874579579762973 22.53444062602292
130.0 22.875423251842623 22.534482645568165
130.5 22.87626403630611 22.53452388927134
130.9999999999999 22.87711529190766 22.534562078576844
131.5 22.877953775469226 22.534613703293793
132.0 22.87880607577439 22.53466476041044
132.4999999999999 22.879655387615713 22.53472211996034
133.0 22.88051527272153 22.534770923372953
133.5 22.881366007308493 22.534825503303075
133.9999999999999 22.882224762119 22.53488112412336
134.5 22.883089617029604 22.534941314037717
135.0 22.883952425112774 22.53500376553582
135.4999999999999 22.884810125424153 22.535066184680566
136.0 22.885674354066616 22.535126608410163
136.5 22.886554168308784 22.535197115656807
136.9999999999999 22.88742590154215 22.535267693544256
137.5 22.888285396243504 22.535343729685238
138.0 22.889171597866383 22.535416584132193
138.4999999999999 22.890046813404467 22.53548733903657
139.0 22.89092532825326 22.5355679422671
139.5 22.891795463091427 22.535652549161
139.9999999999999 22.892686765804036 22.53573106804907
140.5 22.89357470296984 22.535816258723326
141.0 22.89445285301353 22.53590247122347
141.4999999999999 22.895349988571553 22.535992166679534
142.0 22.89623184061382 22.536080952345937
142.5 22.8971259937976 22.536172348165717
142.9999999999999 22.898025800264236 22.53626969052845
143.5 22.8989201863387 22.53636859394184
144.0 22.899819585323673 22.536460550373878
144.4999999999999 22.900726985457517 22.536574907405434
145.0 22.901643406717692 22.536670138313767
145.5 22.902542352173786 22.53677111297915
145.9999999999999 22.903449164623083 22.53687657922407
146.5 22.904367236508016 22.53699408787472
147.0 22.90527495331744 22.53710769690432
147.4999999999999 22.90619203598293 22.53722065244073
148.0 22.90712413034615 22.537331349006386
148.5 22.90804050172302 22.53745515941941
148.9999999999999 22.908971836425714 22.537568565612844
149.5 22.909901430672743 22.537694784247776
150.0 22.910833112899166 22.537822098902595
150.4999999999999 22.911760093410123 22.537955360357635
151.0 22.91269539272958 22.53807789000948
151.5 22.91363670876641 22.538212045508644
151.9999999999999 22.91457032826381 22.53835001653529
152.5 22.915516289611983 22.538487015267656
153.0 22.916466739295934 22.538619608498873
153.4999999999999 22.917408685996797 22.53875721937403
154.0 22.918363910350163 22.538908955947683
154.5 22.91930565235685 22.539054174542407
154.9999999999999 22.920269766938517 22.539200819700472
155.5 22.921203890748288 22.53933939445709
156.0 22.92217266605103 22.539502887200907
156.4999999999999 22.923140486999834 22.539649208862116
157.0 22.924097302852825 22.539801057929356
157.5 22.925066725199844 22.539958231760274
157.9999999999999 22.926037049447856 22.540120008019898
158.5 22.926995976282054 22.54027638461334
159.0 22.92797402863482 22.540438199974894
159.4999999999999 22.92894786592187 22.540606532944455
160.0 22.929917392734414 22.540777246833684
160.5 22.930898554789948 22.54094350722399
160.9999999999999 22.93187758026464 22.541119368971604
161.5 22.932873005745638 22.541291864009494
162.0 22.933839097533813 22.54147126385973
162.4999999999999 22.934838099780713 22.541639501353956
163.0 22.9358219831597 22.54182547380536
163.5 22.93681746808735 22.54199854939071
163.9999999999999 22.937800236916747 22.542189473042757
164.5 22.938805559242216 22.542371095652086
165.0 22.939795211397662 22.54256227704087
165.4999999999999 22.940801771910206 22.542746684552718
166.0 22.94179824654848 22.54294005331072
166.5 22.942806329717357 22.5431280799297
166.9999999999999 22.94380421454282 22.543327311645555
167.5 22.94481964091526 22.543522789098155
168.0 22.945829353533934 22.543723338494296
168.4999999999999 22.946836544985313 22.543925478482457
169.0 22.947845229582814 22.54413091509982
169.5 22.948859889284428 22.544329392128027
169.9999999999999 22.949875812840858 22.54453713805279
170.5 22.95089832185284 22.544757547145885
171.0 22.951923536988325 22.544960070086233
171.4999999999999 22.952947155317055 22.5451709732515
172.0 22.95396528693437 22.545381935851594
172.5 22.954992227516446 22.545602653765577
172.9999999999999 22.95602158260257 22.545818003140695
173.5 22.95705219290059 22.546046237041097
174.0 22.95807881005981 22.546260558303985
174.4999999999999 22.95912399232178 22.546482949606958
175.0 22.960154148792405 22.546711668568268
175.5 22.961196990102415 22.546937500646386
175.9999999999999 22.962243350913454 22.547165029469415
176.5 22.963301326633683 22.547392992746055
177.0 22.964351896424514 22.547625067993046
177.4999999999999 22.965401773534314 22.547861295890787
178.0 22.966470721928516 22.54809670659993
178.5 22.967522404956902 22.548333435368253
178.9999999999999 22.96859434840366 22.54857541247846
179.5 22.96965043539342 22.548812433007882
180.0 22.9707293193837 22.549058604463056
180.4999999999999 22.971795517726655 22.54930444549548
181.0 22.972868911938864 22.54956490359092
181.5 22.9739531070529 22.54980642230752
181.9999999999999 22.975037704230942 22.55005480182762
182.5 22.976120946508555 22.550305700952784
183.0 22.977206117550175 22.550562264382865
183.4999999999999 22.9782921404723 22.55082111032465
184.0 22.97938195740619 22.551085722445894
184.5 22.98047879297051 22.55134500405591
184.9999999999999 22.98157230082809 22.551604932134897
185.5 22.982671615645383 22.551875925082953
186.0 22.98377221398272 22.552137433111103
186.4999999999999 22.98487199458838 22.552412880134902
187.0 22.98597610041636 22.55268244018373
187.5 22.987072843703448 22.552960500628267
187.9999999999999 22.988185387198484 22.5532332929825
188.5 22.98930033672004 22.553517356553932
189.0 22.990404100175926 22.5537978693769
189.4999999999999 22.99152783048001 22.554073862249133
190.0 22.992634353879595 22.554363068297654
190.5 22.993751924349908 22.5546533813652
190.9999999999999 22.994876494578214 22.55493779692
191.5 22.99599060815728 22.555233547092786
192.0 22.997108663951728 22.555525619457498
192.4999999999999 22.998236541141996 22.55582465079258
193.0 22.999360002835637 22.556119945689154
193.5 23.00048523898139 22.55642471312765
193.9999999999999 23.00161103816041 22.55672583720607
194.5 23.002737883571385 22.557032089095
195.0 23.003867614986895 22.557337615547212
195.4999999999999 23.00500225898108 22.557641833108406
196.0 23.006130912058573 22.557961580245113
196.5 23.00725294497243 22.558269576396857
196.9999999999999 23.00839106248812 22.5585877067857
197.5 23.009532460721655 22.558905024877973
198.0 23.01066435360746 22.55922825645235
198.4999999999999 23.011800892581007 22.55955980244575
199.0 23.01294000753622 22.559877763344147
199.5 23.01407825928412 22.56021323820535
199.9999999999999 23.015204706956013 22.560537079564376
200.5 23.016342111588376 22.56088021945552
201.0 23.0174780196268 22.561213979834413
201.4999999999999 23.018620869438067 22.561550207348017
202.0 23.01976193844631 22.561894023387215
202.5 23.020898693729904 22.562234326122187
202.9999999999999 23.02203456672755 22.562584378630287
203.5 23.023175324656027 22.562928198183066
204.0 23.024308760580272 22.563280859362695
204.4999999999999 23.025458762684963 22.56363036630697
205.0 23.02659484045574 22.56398841693567
205.5 23.027725560854357 22.564347025317165
205.9999999999999 23.028876099296305 22.564710407112038
206.5 23.03001465662681 22.565073499224265
207.0 23.031161489996016 22.565438094722655
207.4999999999999 23.03230574088202 22.565801966841907
208.0 23.033450893985513 22.56617631343438
208.5 23.034587376877944 22.56655122381812
208.9999999999999 23.035747131315382 22.566931257565944
209.5 23.036900390886387 22.56730489813577
210.0 23.03804512399018 22.56768961691742
210.4999999999999 23.039196541395313 22.568066113338045
211.0 23.040356865139234 22.568456170935892
211.5 23.041515953305293 22.568847268959104
211.9999999999999 23.04266017959303 22.569235290293776
212.5 23.04382874204982 22.56962955199247
213.0 23.04499682415864 22.570024911464838
213.4999999999999 23.04614862686432 22.570417633180707
214.0 23.047306904317814 22.570824740391693
214.5 23.0484758971085 22.57122712555632
214.9999999999999 23.049647323271515 22.57162925913419
215.5 23.05081008718714 22.57203504840764
216.0 23.05197341028726 22.572445715413867
216.4999999999999 23.05313449895362 22.57286353841124
217.0 23.054318875258986 22.573274813237934
217.5 23.055483322359173 22.57368709312857
217.9999999999999 23.056653706633846 22.574112258800344
218.5 23.05783661457211 22.574535374792912
219.0 23.05900953512071 22.57495909356187
219.4999999999999 23.060186730102433 22.57538026252359
220.0 23.061359259624993 22.575809988266634
220.5 23.062531152209193 22.576239536866144
220.9999999999999 23.063710018547447 22.576674774838786
221.5 23.064899483087146 22.57711874785253
222.0 23.066075156611923 22.577548418872475
222.4999999999999 23.067257196544602 22.577995203393545
223.0 23.06843983587555 22.57843024231924
223.5 23.06962952947311 22.578880444414274
223.9999999999999 23.070814118381094 22.579332086901253
224.5 23.071998449512332 22.57977175422381
225.0 23.07318786538204 22.58023409985968
225.4999999999999 23.07437313761049 22.580688211657765
226.0 23.07555486678833 22.581138556684344
226.5 23.076748960987466 22.581603806607305
226.9999999999999 23.077936682247696 22.5820688770782
227.5 23.07913171036774 22.58253456341198
228.0 23.080336460750527 22.58299587751681
228.4999999999999 23.081517113603823 22.583466306697886
229.0 23.08271135784789 22.583930940514072
229.5 23.08390195963256 22.584412507558817
229.9999999999999 23.085093409253666 22.584880328031822
230.5 23.08630078472615 22.58536556529584
231.0 23.087498524486918 22.58583963423968
231.4999999999999 23.088701010694624 22.58632354076142
232.0 23.089895122864274 22.586814086526417
232.5 23.091088120864395 22.58729846555974
232.9999999999999 23.092287919875766 22.587792939724928
233.5 23.093494577338205 22.588274901257
234.0 23.0946961907477 22.588781558259093
234.4999999999999 23.09589936730275 22.589266850984945
235.0 23.097105044670467 22.589766861002172
235.5 23.09830477854263 22.590269499284666
235.9999999999999 23.09950303518985 22.590769667748212
236.5 23.100711578749564 22.59128125925838
237.0 23.10190537977048 22.591784741007714
237.4999999999999 23.103126258183835 22.592298734068233
238.0 23.1043345668634 22.592811158631406
238.5 23.10553445193627 22.593323442529766
238.9999999999999 23.106746589232007 22.593835982331104
239.5 23.10794922223492 22.59435741917311
240.0 23.10916987562279 22.59488466216831
240.4999999999999 23.110371051909357 22.595407310267955
241.0 23.111586436237683 22.595941947613667
241.5 23.11279190180315 22.596466788817384
241.9999999999999 23.114017150775652 22.59700478872621
242.5 23.11522101623109 22.597540060693724
243.0 23.11645076085651 22.59807858169243
243.4999999999999 23.117657418677258 22.598622602977862
244.0 23.1188741553348 22.599161491558
244.5 23.1200967171492 22.599699755741103
244.9999999999999 23.121315920122257 22.600261495019986
245.5 23.122530094595696 22.600817644522557
246.0 23.12375673675642 22.601367585689218
246.4999999999999 23.124977985442733 22.601920865252353
247.0 23.126191856498007 22.60247960294859
247.5 23.127429290676137 22.603035389937986
247.9999999999999 23.128653845545806 22.60360230578531
248.5 23.129875817416984 22.604163780033947
249.0 23.13110396804536 22.6047353189514
249.4999999999999 23.132323575188693 22.60530294133254
250.0 23.13355378934121 22.605875923604973
250.5 23.134789421111194 22.606459084183545
250.9999999999999 23.136006783440855 22.607032655688435
251.5 23.13725162153164 22.60760866099939
252.0 23.13848607952702 22.608193531145595
252.4999999999999 23.139710563408332 22.608776662307083
253.0 23.14094845668098 22.60936693787711
253.5 23.142181580405428 22.609959899495422
253.9999999999999 23.1434189035453 22.610551686881607
254.5 23.144653672769714 22.6111430660685
255.0 23.14589697082541 22.61174331862019
255.4999999999999 23.147133598973603 22.612333978006735
256.0 23.14838440697013 22.61294633097215
256.5 23.149622802966707 22.613546242715724
256.9999999999999 23.150861256528263 22.614149378068007
257.5 23.15210957963419 22.61476108217145
258.0 23.153348057752385 22.61537361571805
258.4999999999999 23.15459070228927 22.61599211846626
259.0 23.155844685632317 22.616601858391046
259.5 23.157089221474987 22.61722405941333
259.9999999999999 23.158335357482358 22.617839546268087
260.5 23.15958863849158 22.618462321321694
261.0 23.160841173664636 22.619089425348143
261.4999999999999 23.162081295757933 22.61971845266416
262.0 23.163344657661447 22.62034887600057
262.5 23.164598830233704 22.62097558294867
262.9999999999999 23.16585976881224 22.621609739978005
263.5 23.167105938961832 22.62224511007158
264.0 23.16836750530614 22.622892017451534
264.4999999999999 23.169623851591837 22.62352996915292
265.0 23.17088195465214 22.624173636361164
265.5 23.172146005354914 22.624815512104902
265.9999999999999 23.173410429208285 22.625466036311384
266.5 23.17466860966765 22.626112775196322
267.0 23.175933715218008 22.62676628721657
267.4999999999999 23.177198880118013 22.627422863756305
268.0 23.17845389276937 22.628079485936695
268.5 23.17972078526253 22.62873727681708
268.9999999999999 23.18100011814403 22.629392512287644
269.5 23.182272457852697 22.630063894962042
270.0 23.18354276241843 22.63072424866506
