FastTrWP/PhaseSpace/IAs/snIa_0.60_30.00_0.67_-0.01.csv
# %ECSV 0.9
# ---
# datatype:
# - {name: time-rel, datatype: float64}
# - {name: g, datatype: float64}
# - {name: i, datatype: float64}
# schema: astropy-2.0
time-rel g i
[from data line 362]
-271.5 24.7095374285672 23.261041377415417
-271.0 24.705796647190876 23.25814585181361
-270.5 24.702058318931304 23.255243450297232
-270.0 24.698308887817202 23.252356364384248
-269.5 24.694592156507703 23.24947943793953
-269.0 24.690866217239407 23.2466094958837
-268.5 24.687134488559597 23.24374867204668
-268.0 24.683431417185226 23.24088429741616
-267.5 24.679725625965627 23.238025645841866
-267.0 24.676038008217436 23.23519011216179
-266.5 24.67234498276971 23.232357802219305
-266.0 24.66867860085798 23.229524446355455
-265.5 24.664974681203432 23.22670334692331
-265.0 24.661311567150154 23.223882552437125
-264.5 24.657650121066517 23.221085935819957
-264.0 24.653989994438184 23.21827640276888
-263.5 24.650340529613718 23.215480889833806
-263.0 24.64669595788306 23.212688539978295
-262.5 24.64305444551538 23.209921490451375
-262.0 24.63943136624775 23.207135858751364
-261.5 24.635786446481355 23.20435282299659
-261.0 24.63217922358192 23.20160581964666
-260.5 24.628571652914857 23.198850513709488
-260.0 24.62495612740817 23.196092788558623
-259.5 24.62136193884924 23.19335829503887
-259.0 24.617758089595455 23.19061069705972
-258.5 24.614176859462006 23.18789156729405
-258.0 24.610568380580602 23.185149900726046
-257.5 24.60699615372596 23.182440006434533
-257.0 24.60342938959289 23.179719875959588
-256.5 24.599857140035198 23.17701865723217
-256.0 24.596291101952886 23.174307327222557
-255.5 24.59273799584941 23.171620289502222
-255.0 24.58918683462572 23.168926929555454
-254.5 24.58563598190731 23.166235703192687
-254.0 24.582100323007793 23.163561284702947
-253.5 24.578562444673928 23.160879876964728
-253.0 24.57502603883279 23.15821528412282
-252.5 24.5715019985747 23.155554088961345
-252.0 24.56797608138817 23.152906715991293
-251.5 24.564459502901805 23.150247946776826
-251.0 24.560958988497546 23.14759503432318
-250.5 24.557448413484224 23.144960091810432
-250.0 24.553947742955803 23.142327085546338
-249.5 24.550435114289947 23.139691577142784
-249.0 24.546952608763483 23.137063308503336
-248.5 24.543476882028475 23.13444613238552
-248.0 24.540004197391568 23.131837342911066
-247.5 24.536524131925773 23.129224714281097
-247.0 24.533069472544703 23.126618072178793
-246.5 24.529600737578807 23.124018299473384
-246.0 24.526117701151207 23.121422802770077
-245.5 24.52267374135243 23.118835985161095
-245.0 24.519228697211666 23.116245789413348
-244.5 24.515780876671887 23.113658441745834
-244.0 24.5123337277108 23.11108433849718
-243.5 24.50888443053159 23.10852343188641
-243.0 24.505462140518745 23.105950780240512
-242.5 24.502032993859157 23.103389146676015
-242.0 24.49861253660555 23.100840328206512
-241.5 24.495195790068767 23.098291776271246
-241.0 24.49178205380633 23.09573785356264
-240.5 24.48836485740582 23.093196760717323
-240.0 24.48495306994783 23.09064892547542
-239.5 24.48156857418766 23.088115794999055
-239.0 24.47818569908336 23.08559289568565
-238.5 24.474770338227792 23.083061780033894
-238.0 24.471382452461384 23.08053976926526
-237.5 24.4679919037306 23.07802860368647
-237.0 24.464625601917174 23.07551416695275
-236.5 24.46124055324428 23.07300769233672
-236.0 24.457879650195924 23.070497852377866
-235.5 24.454526620117566 23.06799909246896
-235.0 24.451148571233322 23.065495829850853
-234.5 24.44777408117421 23.063013385078143
-234.0 24.444436336720145 23.060516783288655
-233.5 24.441088243790226 23.05804573461041
-233.0 24.43774793410059 23.055558305816845
-232.5 24.43440613338044 23.053092431338527
-232.0 24.43107181893463 23.050628406553784
-231.5 24.42775185179763 23.048159171931502
-231.0 24.424411759665475 23.045698588210584
-230.5 24.421095545427743 23.04324465943872
-230.0 24.417778074540884 23.040795528244622
-229.5 24.414472658066835 23.03835218995904
-229.0 24.411173470301616 23.035906337795016
-228.5 24.407869219361913 23.033473608947194
-228.0 24.404558594104234 23.031039309144873
-227.5 24.401273675708524 23.028624956799426
-227.0 24.39800364126155 23.02619341380909
-226.5 24.39470008413755 23.0237809709099
-226.0 24.39142330984999 23.021361545676395
-225.5 24.388151841088867 23.018960331905618
-225.0 24.384876888034377 23.016548870052596
-224.5 24.381615283996993 23.01415380393977
-224.0 24.378365985309753 23.011749831664293
-223.5 24.375120579950952 23.009354107755996
-223.0 24.371852117365766 23.00697530699354
-222.5 24.36861759622716 23.004590884956414
-222.0 24.365371922363593 23.00221097026156
-221.5 24.3621280188059 22.999829661266897
-221.0 24.35890267410211 22.9974611480933
-220.5 24.355674658564578 22.99509000950497
-220.0 24.35244722282155 22.992737621871857
-219.5 24.349222848209738 22.990369898916413
-219.0 24.34601058879639 22.98801676878511
-218.5 24.342800590895223 22.985662386448823
-218.0 24.339586005473993 22.983316059487663
-217.5 24.336380644710204 22.9809784268052
-217.0 24.33319186377732 22.978629215866494
-216.5 24.329994493274253 22.976295157838425
-216.0 24.326780869402175 22.973967086664665
-215.5 24.323602356660338 22.971632390318284
-215.0 24.32040167760967 22.96931653736694
-214.5 24.31724102741682 22.967002236876148
-214.0 24.314059831161742 22.964677099665913
-213.5 24.3108866707083 22.962361034424283
-213.0 24.307714942354043 22.960057049147217
-212.5 24.304567386845907 22.95774556349121
-212.0 24.30140464611575 22.955445842300414
-211.5 24.298257459949735 22.953146599122597
-211.0 24.29509997670848 22.9508469432719
-210.5 24.29194192065963 22.94856571665511
-210.0 24.288796651118023 22.946275655474466
-209.5 24.285662622854364 22.943982081060035
-209.0 24.2825233964637 22.941712261383337
-208.5 24.279392211912715 22.939423582077545
-208.0 24.276269715041778 22.937152628439577
-207.5 24.273147136845093 22.93488081488384
-207.0 24.270017675997945 22.932606511765933
-206.5 24.266897940237953 22.93035181662581
-206.0 24.263782392803638 22.928077071007387
-205.5 24.260693596312226 22.9258311735534
-205.0 24.257576931933663 22.923573371968065
-204.5 24.254463165152966 22.921330966970004
-204.0 24.251375337728156 22.919076262466646
-203.5 24.248274576630248 22.916831776815112
-203.0 24.245192588165104 22.91458675510657
-202.5 24.24209755191166 22.91234801011256
-202.0 24.239005425145397 22.91012535223426
-201.5 24.235898559639875 22.90788542566501
-201.0 24.23284018342592 22.90566231989694
-200.5 24.229772859728996 22.9034313033403
-200.0 24.226707297028916 22.9012067151736
-199.5 24.22362842302352 22.89898543303661
-199.0 24.220557544652472 22.896775677610254
-198.5 24.217512438735845 22.894568972826633
-198.0 24.214461173195954 22.892350769875335
-197.5 24.21140990835681 22.89014149128001
-197.0 24.208355451376754 22.88793370349048
-196.5 24.205302726464897 22.885734444308746
-196.0 24.202246132330224 22.883536206948744
-195.5 24.199191918128896 22.881325794012376
-195.0 24.196131469242562 22.879130818745217
-194.5 24.1930933337027 22.87693668242374
-194.0 24.190009961232633 22.87472867456858
-193.5 24.18694018041723 22.87253942513604
-193.0 24.183872359538654 22.87033988214744
-192.5 24.180804156329557 22.868137766830415
-192.0 24.177714515676016 22.865941903084405
-191.5 24.174642297417016 22.86375117730781
-191.0 24.17155724892883 22.86155316142464
-190.5 24.168457621245743 22.859354870743395
-190.0 24.16538049021741 22.857168459774822
-189.5 24.16230139959414 22.854982830025875
-189.0 24.15921889595023 22.852798217726598
-188.5 24.156144926463583 22.85061379625094
-188.0 24.153050673096146 22.848426336969148
-187.5 24.149968803424592 22.846249199157885
-187.0 24.146877184679486 22.84406545464691
-186.5 24.143818021037326 22.84188358920936
-186.00000000000006 24.140736674812104 22.83971228955281
-185.5 24.13766486082959 22.83754357284284
-185.0 24.134605451175585 22.835370061737308
-184.50000000000006 24.131551227951352 22.83320696306117
-184.0 24.12846859584735 22.831041862700225
-183.5 24.12541888887194 22.828884568026687
-183.00000000000006 24.12237040758654 22.826727819392353
-182.5 24.11930529705009 22.82457775004228
-182.0 24.116265899148583 22.822424140231984
-181.50000000000006 24.113219351247853 22.82027604595582
-181.0 24.11019231925419 22.818132461649686
-180.5 24.107168448246505 22.815995512096507
-180.00000000000006 24.10412858683143 22.81385759058275
-179.5 24.10111983198904 22.811720081140262
-179.0 24.098113228514247 22.80960027460199
-178.50000000000006 24.095104137553697 22.807471931934327
-178.0 24.09211194752377 22.805351531950745
-177.5 24.089123913830957 22.80324068944612
-177.00000000000006 24.08614178592954 22.801121459626643
-176.5 24.08316041725426 22.79901174541127
-176.0 24.08022239466969 22.796915058269963
-175.50000000000006 24.077239434188233 22.794819819205788
-175.0 24.07430948121902 22.79273237026851
-174.5 24.071377181408664 22.79064375063847
-174.00000000000006 24.06844839390104 22.78856063908104
-173.5 24.065529202574773 22.786473825682666
-173.0 24.062638855583486 22.784409650065903
-172.50000000000006 24.059719045221456 22.782341875273286
-172.0 24.056845635112442 22.780278133299984
-171.5 24.053955178158127 22.778225059181672
-171.00000000000006 24.051105162850796 22.776171388459694
-170.5 24.04823978806304 22.774123748672515
-170.0 24.045401440527336 22.772096522646574
-169.50000000000006 24.04255783577925 22.770051634334084
-169.0 24.039755966082332 22.768031385484196
-168.5 24.03694575568292 22.766003312900388
-168.00000000000006 24.034144518891523 22.76399045860662
-167.5 24.03137106878843 22.761985581359315
-167.0 24.028605775489936 22.759973855633934
-166.50000000000006 24.025840051703135 22.757986444263185
-166.0 24.023104148576273 22.75598731726391
-165.5 24.02038235354731 22.75400851660766
-165.00000000000006 24.017665069455095 22.75203670900045
-164.5 24.014965311031876 22.750064859285253
-164.0 24.01228037455258 22.74809627952284
-163.50000000000006 24.009608608877535 22.746141614036972
-163.0 24.006934830937006 22.744180742450734
-162.5 24.004296702669812 22.742244891844305
-162.00000000000006 24.00167951336575 22.740311144176808
-161.5 23.99905410206321 22.738379039213736
-161.0 23.996460969918818 22.736460037531415
-160.50000000000006 23.993877323716568 22.734554220161954
-160.0 23.991319328607275 22.73263944737501
-159.5 23.988763978783126 22.73074589125191
-159.00000000000006 23.986249410321463 22.728848183480267
-158.5 23.983717714995212 22.726962289083176
-158.0 23.98122101591482 22.725093301225826
-157.50000000000006 23.97872692580849 22.723212635608455
-157.0 23.976237350939158 22.721346811184123
-156.5 23.973764318279834 22.719485030794928
-156.00000000000006 23.971286062993066 22.71761865518023
-155.5 23.968815375862697 22.71576507974354
-155.0 23.966356676101658 22.713904136345207
-154.50000000000006 23.96388971446681 22.712052228248236
-154.0 23.96142697136291 22.710216557503298
-153.5 23.95899898250393 22.708368707829788
-153.00000000000006 23.956546544551433 22.70652805603653
-152.5 23.95411187955865 22.704697939360994
-152.0 23.951685142748957 22.70286246514836
-151.50000000000006 23.949283870382647 22.701039102958838
-151.0 23.946870979659302 22.699213622133495
-150.5 23.944457822062066 22.69739417399117
-150.00000000000006 23.942052815417817 22.695578891857203
-149.5 23.939649569127567 22.693767578035878
-149.0 23.937279438690272 22.691965068470058
-148.50000000000006 23.93490913855445 22.69015337420866
-148.0 23.9325480703131 22.688357403125536
-147.5 23.9301828878887 22.686565245043816
-147.00000000000006 23.92782439933709 22.68477735184398
-146.5 23.925476647931127 22.682994034862823
-146.0 23.923132597079167 22.681202037184445
-145.50000000000006 23.920813497246062 22.679431790717423
-145.0 23.918483415910288 22.677662295249498
-144.5 23.916175321631883 22.675895674254196
-144.00000000000006 23.91386811980174 22.674136074106613
-143.5 23.91158714705622 22.672368106560874
-143.0 23.909290207836563 22.670617768329887
-142.50000000000006 23.90700349467015 22.668874740432933
-142.0 23.90474002049144 22.667132106560885
-141.5 23.90248190162692 22.66539299073561
-141.00000000000006 23.900208075103457 22.66365198794248
-140.5 23.897979647197786 22.66193068313514
-140.0 23.89575818670208 22.660198637482697
-139.50000000000006 23.893526459347235 22.658479002618172
-139.0 23.891322960315037 22.656764968329203
-138.5 23.889109617670584 22.655058064745184
-138.00000000000006 23.88692812178157 22.653353368256113
-137.5 23.8847358285062 22.651655931915112
-137.0 23.882557233756813 22.649960068118638
-136.50000000000006 23.880397589464145 22.64826574446383
-136.0 23.878245846393504 22.64658702901503
-135.5 23.876092374205925 22.64491235324757
-135.00000000000006 23.873956692108468 22.643236189113743
-134.5 23.871834639099628 22.64156496930982
-134.0 23.869707921359087 22.63990522357811
-133.50000000000006 23.867619492831302 22.638243047023913
-133.0 23.865527381052672 22.63659059886131
-132.5 23.86345384416057 22.634947075088224
-132.00000000000006 23.861379391429374 22.633312984208143
-131.5 23.859320829914097 22.631673138368228
-131.0 23.857261096289335 22.630033812174926
-130.50000000000006 23.85521910901541 22.628418729204647
-130.0 23.853204736329406 22.62679391818491
-129.5 23.851180409511528 22.62518433452993
-129.00000000000006 23.84917477049161 22.623578766526965
-128.5 23.847187686252447 22.62197848477118
-128.0 23.845207213060036 22.620383602495636
-127.50000000000006 23.843245791515578 22.618787687791396
-127.0 23.84127452284398 22.617200686515865
-126.5 23.839336357273044 22.615623876162783
-126.00000000000006 23.837394116010664 22.61404647889124
-125.5 23.8354595087364 22.61248366040304
-125.0 23.833549178933936 22.61092844115314
-124.50000000000006 23.83165531491928 22.60937124128025
-124.0 23.829780854302555 22.607815274232173
-123.5 23.827893925557312 22.60627858900194
-123.00000000000006 23.82602471456635 22.60473508465347
-122.5 23.824185535178536 22.60320759695849
-122.0 23.822348815806098 22.601681554430012
-121.50000000000006 23.820519087893754 22.60016013442149
-121.0 23.81870806035434 22.59865627956512
-120.5 23.816897504734584 22.597141244250057
-120.00000000000006 23.815117500048714 22.595649423731533
-119.5 23.813338882844256 22.594154361437027
-119.0 23.811589337625048 22.59266227859369
-118.50000000000006 23.809816437529182 22.59118018638237
-118.0 23.808070294661423 22.589696740121727
-117.5 23.80634243741691 22.5882233122017
-117.00000000000006 23.80460777427745 22.586752853524004
-116.5 23.80289059986632 22.585284985692834
-116.0 23.8011775641463 22.583817415422907
-115.50000000000006 23.799465939501406 22.582367936566282
-115.0 23.797776246241504 22.5809151964159
-114.5 23.79607611678505 22.57946362724165
-114.00000000000006 23.794387974612746 22.578023349958592
-113.5 23.79272957642622 22.57658907416821
-113.0 23.791065901522977 22.575149589750577
-112.50000000000006 23.78942143213163 22.573723372416058
-112.0 23.78777485889692 22.572294380035952
-111.5 23.786130495830726 22.570867589402997
-111.00000000000006 23.784496736855395 22.569455169716402
-110.5 23.782877605370697 22.56805277890576
-110.0 23.781278435611437 22.56664124564527
-109.50000000000006 23.77968208390376 22.565248644522832
-109.0 23.77808291274315 22.563840313588493
-108.5 23.77647694501281 22.56245084207452
-108.00000000000006 23.77491441653977 22.56106127444784
-107.5 23.773336910832512 22.559679906358497
-107.0 23.771790787943075 22.558290167265646
-106.50000000000006 23.770238516807055 22.556922442854326
-106.0 23.76869299536459 22.555553257339
-105.5 23.767147646397163 22.55418608512872
-105.00000000000006 23.765639393300766 22.552820432387865
-104.5 23.764114117605114 22.551473806040633
-104.0 23.762603116147076 22.550122019604547
-103.50000000000006 23.76110512412439 22.548763475835763
-103.0 23.75960482201805 22.547429317404394
-102.5 23.758125796897552 22.54608961542162
-102.00000000000006 23.75665817134445 22.544754097063496
-101.5 23.755182223671476 22.543427110706237
-101.0 23.753737690047735 22.54209664551348
-100.50000000000006 23.75227073110837 22.540778960203852
-100.0 23.750841722652524 22.5394617477846
