FastTrWP/PhaseSpace/IAs/snIa_0.6_20_1_-0.1.csv
# %ECSV 0.9
# ---
# datatype:
# - {name: time-rel, datatype: float64}
# - {name: g, datatype: float64}
# - {name: i, datatype: float64}
# schema: astropy-2.0
time-rel g i
[from data line 1969]
970.6249999999999 -25.00496326601564 -27.158976255053094
971.125 -25.004425399906847 -27.158008832143725
971.625 -25.00387360425998 -27.157033647672456
972.1249999999999 -25.00336067629433 -27.15606901132349
972.625 -25.002788929752292 -27.15510250110526
973.125 -25.002278760146265 -27.154137901529673
973.6249999999999 -25.001713922541292 -27.15316653298547
974.125 -25.001155843044607 -27.152201355719967
974.625 -25.00059111380783 -27.1512230030803
975.1249999999999 -25.00001923620957 -27.15025663059999
975.625 -24.999441177534493 -27.149288267087016
976.125 -24.99887064431912 -27.14831710004962
976.6249999999999 -24.99829116062775 -27.147354766271942
977.125 -24.997691048039336 -27.146378438929716
977.625 -24.997118847396425 -27.145406240548283
978.1249999999999 -24.9965032549721 -27.144428576379553
978.625 -24.99589803174869 -27.14346578792702
979.125 -24.9952915000868 -27.14249832211933
979.6249999999999 -24.994663327091722 -27.141518818810365
980.125 -24.994036439492294 -27.14055987443991
980.625 -24.99341456062664 -27.139583619717335
981.1249999999999 -24.992794908318356 -27.138601697688244
981.625 -24.992162357156424 -27.13764145095118
982.125 -24.99151675455131 -27.136660985371552
982.6249999999999 -24.990857686724492 -27.13569063530292
983.125 -24.990216634114937 -27.134717413538702
983.625 -24.98952537771567 -27.133731613345702
984.1249999999999 -24.988854285821844 -27.132770092504078
984.625 -24.988173948254694 -27.131798227979882
985.125 -24.987490448556187 -27.130814609700238
985.6249999999999 -24.98677754674057 -27.129840536173894
986.125 -24.98609480193744 -27.12886912985684
986.625 -24.98535355939524 -27.127894871963782
987.1249999999999 -24.98464457406703 -27.126928835789492
987.625 -24.983938134871686 -27.12594320812355
988.125 -24.983188832736246 -27.12496975935377
988.6249999999999 -24.98245069643633 -27.12399508172301
989.125 -24.981713236638534 -27.123021702528625
989.625 -24.98095284487858 -27.122047652827778
990.1249999999999 -24.980183614183865 -27.121070267679755
990.625 -24.979414331801514 -27.120084039635426
991.125 -24.978620552753092 -27.119109050238755
991.6249999999999 -24.977845684985827 -27.118140572114307
992.125 -24.977035048723273 -27.117161806010834
992.625 -24.976224341784388 -27.116189909677104
993.1249999999999 -24.975388134892306 -27.11521270397324
993.625 -24.974568896325515 -27.114244538385066
994.125 -24.973709951776097 -27.113263769356493
994.6249999999999 -24.97287678891688 -27.11228244529075
995.125 -24.97202328754645 -27.11130668143014
995.625 -24.971161374066128 -27.11033332644037
996.1249999999999 -24.970286640145723 -27.109354547300256
996.625 -24.96939433587306 -27.10838012672051
997.125 -24.96848921752604 -27.10742024568262
997.6249999999999 -24.967572339264464 -27.10643245065811
998.125 -24.966658291004187 -27.1054544478579
998.625 -24.965705670249584 -27.10448165493311
999.1249999999999 -24.96478036198679 -27.103512223961484
999.625 -24.963844793591214 -27.102529781017168
1000.125 -24.962872121327095 -27.101557968792818
1000.6249999999999 -24.961901272322265 -27.10058286398556
1001.125 -24.96090936633753 -27.09960628423955
1001.625 -24.959909373752495 -27.09863266983276
1002.1249999999999 -24.958882167672552 -27.097656539618935
1002.625 -24.957886877697128 -27.096680385450732
1003.125 -24.9568215217943 -27.095707808286168
1003.6249999999999 -24.95578039279241 -27.094739345679052
1004.125 -24.954726376964736 -27.093769349382182
1004.625 -24.953683345155362 -27.092788314459852
1005.1249999999999 -24.95261005301341 -27.091812255393673
1005.625 -24.951526739299418 -27.090830063262853
1006.125 -24.950420192414686 -27.089865399492638
1006.6249999999999 -24.949315278308845 -27.088894851212476
1007.125 -24.94820938694461 -27.087916644762462
1007.625 -24.947080857692594 -27.086945462167932
1008.1249999999999 -24.945973428530053 -27.085964323846863
1008.625 -24.944807638902148 -27.084993459120888
1009.125 -24.943644616949598 -27.084005843700783
1009.6249999999999 -24.942501036266652 -27.083043793974465
1010.125 -24.941340026361644 -27.082064456673052
1010.625 -24.940168673212476 -27.081097615154736
1011.125 -24.9389694589317 -27.080111688128866
1011.625 -24.937790873337274 -27.07914255324813
1012.125 -24.93660173171897 -27.078177154136295
1012.625 -24.9353708125539 -27.077192411979667
1013.125 -24.934149418448786 -27.07621981979543
1013.625 -24.932906830153833 -27.075244512750324
1014.125 -24.931671583259476 -27.074267412065414
1014.625 -24.930432077238326 -27.073295307546907
1015.125 -24.929161434932993 -27.072310749139824
1015.625 -24.927883352240595 -27.071354199770347
1016.125 -24.926600280325065 -27.07036913192234
1016.625 -24.92532095889244 -27.06939684776043
1017.125 -24.923991507902905 -27.06841780873658
1017.625 -24.922678612731694 -27.067440200466994
1018.125 -24.92135794201107 -27.066468066474446
1018.625 -24.92002907469674 -27.06549591047132
1019.125 -24.918655079869527 -27.064516772799664
1019.625 -24.91731001075426 -27.06354813609538
1020.125 -24.91595543757093 -27.062566346288065
1020.625 -24.914551063269027 -27.061590862232205
1021.125 -24.913192584590618 -27.060620027694192
1021.625 -24.911776186366513 -27.059642865772865
1022.125 -24.910358001148154 -27.05866465072827
1022.625 -24.908943650815523 -27.057688296151984
1023.125 -24.907517628103815 -27.05671510498554
1023.625 -24.90608138889282 -27.055741052838364
1024.125 -24.904630859280438 -27.05476886805514
1024.625 -24.903154727158928 -27.053782605879974
1025.125 -24.901685113299447 -27.052814216850397
1025.625 -24.900210544644146 -27.051841153607683
1026.125 -24.89869488997938 -27.050863115312055
1026.625 -24.897181650869598 -27.049893815957443
1027.125 -24.895674826503896 -27.048918283522738
1027.625 -24.894137253068294 -27.04793942622898
1028.125 -24.892606016242105 -27.046967748874643
1028.625 -24.891033886468495 -27.04599555395194
1029.125 -24.889467064534657 -27.045025549807647
1029.625 -24.887875423596164 -27.044049644106146
1030.125 -24.88628374746199 -27.043078091785073
1030.625 -24.88467258907384 -27.042095963918754
1031.125 -24.88304917961827 -27.041118721570527
1031.625 -24.881423481499926 -27.04015148627933
1032.125 -24.879784873279288 -27.039179716289862
1032.625 -24.878142725662798 -27.03819903690502
1033.125 -24.876465289007736 -27.037228385256885
1033.625 -24.87478577517908 -27.03624754929556
1034.125 -24.87309120200845 -27.035278647399576
1034.625 -24.871370564117605 -27.034299239121005
1035.125 -24.869648074714114 -27.033337278171867
1035.625 -24.86791243532139 -27.03235663053901
1036.125 -24.86617590769471 -27.031383048763345
1036.625 -24.864429770954835 -27.0304041859941
1037.125 -24.862633775936285 -27.029439370869433
1037.625 -24.86086091828171 -27.02846884592112
1038.125 -24.859069795548994 -27.027491183143173
1038.625 -24.85721657144053 -27.026521078009242
1039.125 -24.85537613879943 -27.025549253688283
1039.625 -24.853566999462828 -27.024573133340816
1040.125 -24.851723477060574 -27.023606418141245
1040.625 -24.8498369450729 -27.022625762901754
1041.125 -24.84795770087026 -27.021648095735724
1041.625 -24.846043108997392 -27.02068041383637
1042.125 -24.844132823832375 -27.01971119539823
1042.625 -24.842223921828726 -27.01873164805368
1043.125 -24.840265264494136 -27.017762742944043
1043.625 -24.838321239400432 -27.01679083413505
1044.125 -24.836362138351255 -27.015822515020787
1044.625 -24.83440051091414 -27.014853877735693
1045.125 -24.832391774846382 -27.013878144643666
1045.625 -24.830388074495655 -27.012911270382713
1046.125 -24.82835745202245 -27.01193786386559
1046.625 -24.82633575943856 -27.010963280017435
1047.125 -24.824309952012207 -27.009991818084927
1047.625 -24.82221411876129 -27.009015091548683
1048.125 -24.82016021281209 -27.008046682415557
1048.625 -24.8180706446853 -27.00707725793368
1049.125 -24.81598494117083 -27.00610010647479
1049.625 -24.813859100309802 -27.005131860790193
1050.125 -24.811701834802108 -27.004162596291806
1050.625 -24.809575647779532 -27.003188347988765
1051.125 -24.807416869981385 -27.002223192943667
1051.625 -24.80524207425998 -27.001250651003836
1052.125 -24.80304011429686 -27.000274882136644
1052.625 -24.80083946454161 -26.999303090027738
1053.125 -24.79861640854958 -26.998335625732572
1053.625 -24.796399797857344 -26.997357976101533
1054.125 -24.794159133947694 -26.996390326729763
1054.625 -24.791883919675925 -26.995427041561676
1055.125 -24.78962354124933 -26.99444956077256
1055.625 -24.787299865760268 -26.993475627485097
1056.125 -24.784991336722552 -26.99250335256069
1056.625 -24.782666700105093 -26.991537853907275
1057.125 -24.780319604160745 -26.990559767328502
1057.625 -24.777975569603996 -26.989598078817153
1058.125 -24.775574009819792 -26.988632368366602
1058.625 -24.773216753188102 -26.987662388516434
1059.125 -24.770775913777822 -26.9866910488509
1059.625 -24.768358181293518 -26.985721259817094
1060.125 -24.76592958741698 -26.984754137079495
1060.625 -24.76346421070858 -26.98377704959181
1061.125 -24.761008258767014 -26.98280652707206
1061.625 -24.758479337944568 -26.981841082856832
1062.125 -24.756010416717796 -26.980872199728708
1062.625 -24.75346331564384 -26.979900647010517
1063.125 -24.750912696956007 -26.978933585530825
1063.625 -24.748366186582913 -26.977973886597585
1064.125 -24.74579471154239 -26.977003137765855
1064.625 -24.74317845364705 -26.97602612245148
1065.125 -24.740577415756 -26.97506440332191
1065.625 -24.73793646452126 -26.974101081012137
1066.125 -24.73529314556028 -26.973128817565268
1066.625 -24.732621706723656 -26.972160644231323
1067.125 -24.72992306104953 -26.971190306868635
1067.625 -24.727219451438 -26.970229354917507
1068.125 -24.724494321291203 -26.969259067248117
1068.625 -24.721758765178244 -26.968289471772078
1069.125 -24.718966957806426 -26.967335985256227
1069.625 -24.71621636683023 -26.966367098899887
1070.125 -24.71339664022834 -26.96539761302819
1070.625 -24.710575161398047 -26.964433270225246
1071.125 -24.70771384211542 -26.96347187504196
1071.625 -24.70483092022077 -26.962503414522985
1072.125 -24.701974801420775 -26.961539988842993
1072.625 -24.699056603012277 -26.96058367835118
1073.125 -24.6961544392135 -26.959619488407604
1073.625 -24.693185778477012 -26.958652365255254
1074.125 -24.69024028311152 -26.957689475314865
1074.625 -24.68724630087031 -26.956720184729733
1075.125 -24.684227200353174 -26.955774372039528
1075.625 -24.681226147774836 -26.954811353802477
1076.125 -24.678140326737733 -26.953845280288423
1076.625 -24.67508100280287 -26.95288223378833
1077.125 -24.67199675628672 -26.951918444984734
1077.625 -24.66885777693383 -26.95096094666225
1078.125 -24.665701922806523 -26.950002531015677
1078.625 -24.662564865326733 -26.94904652535491
1079.125 -24.659367213722984 -26.948081220705266
1079.625 -24.656151508454506 -26.947113708091493
1080.125 -24.65293348351925 -26.946168013289693
1080.625 -24.64966432540865 -26.945206983423443
1081.125 -24.646362627801178 -26.944249875481333
1081.625 -24.643037228083948 -26.9433008985568
1082.125 -24.63965028489745 -26.942335799003096
1082.625 -24.636263109152942 -26.94137461464324
1083.125 -24.632784764701817 -26.940427410388775
1083.625 -24.629312519779766 -26.93947287727584
1084.125 -24.62583021847335 -26.938519710460493
1084.625 -24.62223218598041 -26.937570496083538
1085.125 -24.618636052698143 -26.936625623406044
1085.625 -24.61501069807059 -26.935675777948788
1086.125 -24.61132764129713 -26.934737818779237
1086.625 -24.607638229659287 -26.933777026484282
1087.125 -24.6038621194337 -26.932835022347007
1087.625 -24.600099437337093 -26.931892514965536
1088.125 -24.596254458302923 -26.930947706657633
1088.625 -24.592439959969795 -26.929990430412346
1089.125 -24.588548404586682 -26.92906179097218
1089.625 -24.584631724282907 -26.928118755208715
1090.125 -24.580683719945164 -26.927165128479444
1090.625 -24.57670425033554 -26.926226097445376
1091.125 -24.572703928817432 -26.925275137632365
1091.625 -24.568629868548214 -26.924344420634934
1092.125 -24.564560984143924 -26.923399806817763
1092.625 -24.560458550238963 -26.9224665549757
1093.125 -24.55628703286257 -26.92153216158929
1093.625 -24.552143687309034 -26.92058803902684
1094.125 -24.5479422017663 -26.91964191046969
1094.625 -24.543707299195994 -26.918707132597138
1095.125 -24.539416581949773 -26.917757204923923
1095.625 -24.53514314539904 -26.916826139682573
1096.125 -24.530829771800367 -26.915884623994124
1096.625 -24.5264875119161 -26.914948832526377
1097.125 -24.522087016899317 -26.91400991790221
1097.625 -24.51769165364273 -26.913069145409068
1098.125 -24.513312058264646 -26.91214622726462
1098.625 -24.508806460600816 -26.911196771395197
1099.125 -24.50433473684174 -26.91026247319792
1099.625 -24.499840487209454 -26.909321664090005
1100.125 -24.495290138136983 -26.90837986770004
1100.625 -24.49078688907603 -26.90744810493435
1101.125 -24.48619563913562 -26.906512578160818
1101.625 -24.481615108562153 -26.905564213711198
1102.125 -24.476976874800545 -26.90462689250788
1102.625 -24.472344961993638 -26.903694612480425
1103.125 -24.46770583389187 -26.902753833734398
1103.625 -24.463033174587657 -26.90181271515456
1104.125 -24.45831338043821 -26.900881501535693
1104.625 -24.45360961041557 -26.899938653045055
1105.125 -24.44885211458135 -26.899001523780637
1105.625 -24.444121330200765 -26.898058646813304
1106.125 -24.439363030444685 -26.89711676026978
1106.625 -24.434532018083736 -26.896172594371652
1107.125 -24.429778401593882 -26.89523392445527
1107.625 -24.424925390809143 -26.89429596871865
1108.125 -24.420105689583597 -26.893348520064265
1108.625 -24.41526716162037 -26.892404271586237
1109.125 -24.410412222471358 -26.891453536831374
1109.625 -24.405547120395063 -26.89052300368627
1110.125 -24.400688967367188 -26.889579390813427
1110.625 -24.395790340972248 -26.888624509889677
1111.125 -24.39088655099544 -26.887687341950834
1111.625 -24.385994515202487 -26.886729666520182
1112.125 -24.381079113174007 -26.885781511476946
1112.625 -24.376151246217628 -26.88484209315734
1113.125 -24.37121565795787 -26.883883658708832
1113.625 -24.3663030237308 -26.88293465318987
1114.125 -24.361348983661347 -26.8819801050836
1114.625 -24.3564335164314 -26.881030362961887
1115.125 -24.351492351242463 -26.880077529513464
1115.625 -24.346545044767932 -26.879124150748183
1116.125 -24.34161697104009 -26.878157901391223
1116.625 -24.336656070075 -26.877211786657607
1117.125 -24.331746869185935 -26.87625598588316
1117.625 -24.326778545143405 -26.875281204625388
1118.125 -24.321857178239984 -26.874328163984337
1118.625 -24.316940837407422 -26.87335633535591
1119.125 -24.31201780431417 -26.872401915220028
1119.625 -24.307079358214313 -26.871446720140927
1120.125 -24.302068243138972 -26.870478184867814
1120.625 -24.297072416877864 -26.86952492837038
1121.125 -24.292008452849405 -26.868547845274723
1121.625 -24.286951574350788 -26.86759472556803
1122.125 -24.281809034455613 -26.86661167613533
1122.625 -24.276689259455956 -26.865661168918464
1123.125 -24.271504923170156 -26.86470123848085
1123.625 -24.266292692831037 -26.863722198359113
1124.125 -24.26106049886456 -26.86276484787273
1124.625 -24.25579103083583 -26.86180190172806
1125.125 -24.250494889115167 -26.860839620510596
1125.625 -24.24516866013743 -26.859867393467816
1126.125 -24.239813401951707 -26.858912850538722
1126.625 -24.234444237965263 -26.857951249450803
1127.125 -24.22903050115247 -26.856974743318442
1127.625 -24.223557250594013 -26.856011366797983
1128.125 -24.2181010965325 -26.85505282138999
1128.625 -24.212621248077365 -26.854081901404157
1129.125 -24.20710672409447 -26.853113180794914
1129.625 -24.201558483320397 -26.85214992838982
1130.125 -24.195982619736252 -26.851177603940208
1130.625 -24.190382183490577 -26.850206604769134
1131.125 -24.184764122149126 -26.84925147713832
1131.625 -24.17913470718142 -26.848283904812078
1132.125 -24.173475684933898 -26.84730879855693
1132.625 -24.167791494947622 -26.84633279576428
1133.125 -24.162086446475154 -26.845367708879344
1133.625 -24.156344539745128 -26.844398436647033
