FastTrWP/PhaseSpace/IAs/snIa_0.37_30.00_-0.40_0.01.csv
# %ECSV 0.9
# ---
# datatype:
# - {name: time-rel, datatype: float64}
# - {name: g, datatype: float64}
# - {name: i, datatype: float64}
# schema: astropy-2.0
time-rel g i
[from data line 1156]
781.6041666666666 23.202506310119738 22.480521730493468
782.1041666666665 23.203713233554268 22.4807020425839
782.6041666666666 23.2049255400145 22.480882734746487
783.1041666666666 23.206146578088507 22.481063795758697
783.6041666666665 23.207361073499936 22.48125758393843
784.1041666666666 23.208581766205945 22.481449435025045
784.6041666666666 23.2098082719847 22.481632142876137
785.1041666666665 23.211031566884355 22.481833168697385
785.6041666666666 23.21226069774326 22.48203478167461
786.1041666666666 23.213496969685806 22.48223313131229
786.6041666666665 23.214731317993255 22.482430531723033
787.1041666666666 23.215964247214146 22.482639246130027
787.6041666666666 23.21720154521925 22.482844520639524
788.1041666666665 23.218445452175935 22.48304919568752
788.6041666666666 23.219689703351104 22.483264842874156
789.1041666666666 23.22093157592554 22.483477686933078
789.6041666666665 23.22218036467982 22.48369508450597
790.1041666666666 23.223437387477333 22.48391584696128
790.6041666666666 23.224675863874786 22.48413457985796
791.1041666666665 23.22593743237279 22.48436137448649
791.6041666666666 23.227186099721145 22.484590164648715
792.1041666666666 23.228452073881098 22.484816545947787
792.6041666666665 23.229722972994495 22.485043242190518
793.1041666666666 23.23099004069423 22.48526930360072
793.6041666666666 23.232255269115196 22.485505626757664
794.1041666666665 23.23353427874171 22.485757788766946
794.6041666666666 23.234822955746548 22.485998964111733
795.1041666666666 23.236122320160284 22.48624068718233
795.6041666666665 23.237412462489885 22.486494976938815
796.1041666666666 23.23869121397509 22.48674561769205
796.6041666666666 23.2399976736942 22.4870014348912
797.1041666666665 23.241312548036834 22.487252895975892
797.6041666666666 23.24260830165558 22.48751614261107
798.1041666666666 23.24392432509825 22.487773363737947
798.6041666666665 23.24524047021101 22.488043526005153
799.1041666666666 23.24655204135749 22.488312517049167
799.6041666666666 23.24787419593095 22.488586666533475
800.1041666666665 23.24920370370915 22.48885726026909
800.6041666666666 23.25053523586797 22.48912943997524
801.1041666666666 23.251861869112265 22.489412490840877
801.6041666666665 23.253194414185906 22.489694040765357
802.1041666666666 23.25454180869354 22.489979307198848
802.6041666666666 23.255880503224585 22.490261000014815
803.1041666666665 23.257229148091 22.490548365522667
803.6041666666666 23.258574505410472 22.490841716776128
804.1041666666666 23.259921244357123 22.491138789215157
804.6041666666665 23.261273581777427 22.491429229618358
805.1041666666666 23.262627090973332 22.491735612467807
805.6041666666666 23.263976374387756 22.49203184316126
806.1041666666665 23.265343815002435 22.492336209962602
806.6041666666666 23.26671550470163 22.49264363272852
807.1041666666666 23.26807910170971 22.492956469284515
807.6041666666665 23.269438814766914 22.49326854742733
808.1041666666666 23.27081788315215 22.49357683962334
808.6041666666666 23.272178177956867 22.49389008844089
809.1041666666665 23.273552846505837 22.494212819530482
809.6041666666666 23.27492366844282 22.49453254907437
810.1041666666666 23.276301132946458 22.49485716455531
810.6041666666665 23.27768433138802 22.495183239724355
811.1041666666666 23.279065404503648 22.49550978173408
811.6041666666666 23.28044438342947 22.495838635967598
812.1041666666665 23.28183637223638 22.496172421374876
812.6041666666666 23.283200298866966 22.496506049153687
813.1041666666666 23.284594751769117 22.49684210526716
813.6041666666665 23.285991886519678 22.497177924543692
814.1041666666666 23.28737420154686 22.49752664910915
814.6041666666666 23.288767060097545 22.497864631562404
815.1041666666665 23.290149346496406 22.49820358719831
815.6041666666666 23.29155316274295 22.498551547240275
816.1041666666666 23.29293691826948 22.498900934192093
816.6041666666665 23.294336524526994 22.49925438161039
817.1041666666666 23.295715002387865 22.49960755442752
817.6041666666666 23.29711719548177 22.499958934875703
818.1041666666665 23.298507935778268 22.50031873135373
818.6041666666666 23.299912963014478 22.50067955411939
819.1041666666666 23.301295319159337 22.50103592296728
819.6041666666665 23.302693033325962 22.50140077114505
820.1041666666666 23.304098251496995 22.50176695268855
820.6041666666666 23.305487330514154 22.50212912032957
821.1041666666665 23.30688330993782 22.502491617459732
821.6041666666666 23.3082796284557 22.502861593103155
822.1041666666666 23.309663495620896 22.503237940468356
822.6041666666665 23.311065593943244 22.50361694891916
823.1041666666666 23.312457319027914 22.50399184534077
823.6041666666666 23.313844650593957 22.504367173752087
824.1041666666665 23.31523788836536 22.504746082149886
824.6041666666666 23.316625404249052 22.505124012121147
825.1041666666666 23.31802204276898 22.505510117713502
825.6041666666665 23.31942620535919 22.505892974149283
826.1041666666666 23.320807677142525 22.506280139440857
826.6041666666666 23.32221480304694 22.50667325784343
827.1041666666665 23.323609799198152 22.507069451377117
827.6041666666666 23.32501252149077 22.507464213741237
828.1041666666666 23.326402508807128 22.507858456608272
828.6041666666665 23.327811269660373 22.508262960049112
829.1041666666666 23.329214415313302 22.508662594907946
829.6041666666666 23.330631585493435 22.509065183865296
830.1041666666665 23.332020083042014 22.50948321258932
830.6041666666666 23.33344374940301 22.509884694721233
831.1041666666666 23.33485027011511 22.510292760511476
831.6041666666665 23.33626563994669 22.510705797867487
832.1041666666666 23.337686819291555 22.511124278197784
832.6041666666666 23.339089765487323 22.51154451868674
833.1041666666665 23.340508628852103 22.511961506474904
833.6041666666666 23.341933626543042 22.512384900512934
834.1041666666666 23.343344688670275 22.512811579063236
834.6041666666665 23.34477600683364 22.51324003848864
835.1041666666666 23.346186002471818 22.513676307878686
835.6041666666666 23.347611844463536 22.514105179269954
836.1041666666665 23.349035034033264 22.514544434103367
836.6041666666666 23.350451928834907 22.51496976616297
837.1041666666666 23.351877692633366 22.515415836738455
837.6041666666665 23.353314188077725 22.51585375007434
838.1041666666666 23.35473835822539 22.516294914845556
838.6041666666666 23.356174169125374 22.516745401904785
839.1041666666665 23.357608819357925 22.51719324573953
839.6041666666666 23.359027598517592 22.517646171419674
840.1041666666666 23.360458051557863 22.51809876741249
840.6041666666665 23.361904130707995 22.518547716315386
841.1041666666666 23.36332797967653 22.51900706447216
841.6041666666666 23.36476778002996 22.51946046643512
842.1041666666665 23.366203844238377 22.5199246856404
842.6041666666666 23.367628934384143 22.520384090650477
843.1041666666666 23.369076432380677 22.52085070912265
843.6041666666665 23.37050700982093 22.521315785075394
844.1041666666666 23.371950793440753 22.52179231155498
844.6041666666666 23.373400894407833 22.5222611845184
845.1041666666665 23.374835113511825 22.522731072981404
845.6041666666666 23.37628847199622 22.523206024961038
846.1041666666666 23.377724326904108 22.523684724469597
846.6041666666665 23.37916698993552 22.52416600070138
847.1041666666666 23.380612008101455 22.52464196069241
847.6041666666666 23.38205639055072 22.525126165826997
848.1041666666665 23.38350594258408 22.52561141969219
848.6041666666666 23.384950139672526 22.526096397755882
849.1041666666666 23.386391476041148 22.526587019587268
849.6041666666665 23.38784525628766 22.52707467009288
850.1041666666666 23.38929623754559 22.527566813779973
850.6041666666666 23.390735591159174 22.528063986527425
851.1041666666665 23.392189696287954 22.52856084360292
851.6041666666666 23.393642943841645 22.529058362733267
852.1041666666666 23.39508699657507 22.52956104997541
852.6041666666665 23.396539750787536 22.530064393232088
853.1041666666666 23.397997316029663 22.530564681142423
853.6041666666666 23.399437699498698 22.531074982222314
854.1041666666665 23.4008941328095 22.531576143902203
854.6041666666666 23.402353993718922 22.532088375828614
855.1041666666666 23.403800784660472 22.532596718757695
855.6041666666665 23.405263627958156 22.53311129642423
856.1041666666666 23.40670431415071 22.533631004474586
856.6041666666666 23.40816057698229 22.53414573632108
857.1041666666665 23.409606349474362 22.53465688897804
857.6041666666666 23.41107183957742 22.535180262593872
858.1041666666666 23.412526584291847 22.53569732355219
858.6041666666665 23.41397799336702 22.53622840611126
859.1041666666666 23.415443719764024 22.53675742634247
859.6041666666666 23.416887170752823 22.537287156268384
860.1041666666665 23.41834885144889 22.537814948871883
860.6041666666666 23.41980770597621 22.538349723236184
861.1041666666666 23.421275770871922 22.53888278111838
861.6041666666665 23.42272187850017 22.539421025699955
862.1041666666666 23.42418630790402 22.53996988614222
862.6041666666666 23.42565316077666 22.540507756315762
863.1041666666665 23.42710969602264 22.541046377309225
863.6041666666666 23.428568547668128 22.541598869393805
864.1041666666666 23.430029864441305 22.542150654656417
864.6041666666665 23.431503964466053 22.54269898127546
865.1041666666666 23.432954033859264 22.54325592944226
865.6041666666666 23.434435904491686 22.543809628644755
866.1041666666665 23.43589933163234 22.544369297977266
866.6041666666666 23.43736882877531 22.544921680660188
867.1041666666666 23.438825609375314 22.545482764805346
867.6041666666665 23.4402949468874 22.54605739583198
868.1041666666666 23.441756375145758 22.546612045296406
868.6041666666666 23.443231088040374 22.547189009711104
869.1041666666665 23.44469284757041 22.54775610096828
869.6041666666666 23.44617404972615 22.548330112858963
870.1041666666666 23.447642879827214 22.548903462232524
870.6041666666665 23.44911822493902 22.549474884346957
871.1041666666666 23.450586258564073 22.55006475444813
871.6041666666666 23.452070406516746 22.550639947469225
872.1041666666665 23.453540949765216 22.55122369692367
872.6041666666666 23.455010914434894 22.55180547940985
873.1041666666666 23.456477390817852 22.552404451905783
873.6041666666665 23.457965830791608 22.552981515473153
874.1041666666666 23.459447031587754 22.55357258015951
874.6041666666666 23.460911933181485 22.554166803638832
875.1041666666665 23.46239076724361 22.554762314517838
875.6041666666666 23.463877515766352 22.555351087073543
876.1041666666666 23.46535528209746 22.55595745485674
876.6041666666665 23.466847381681095 22.556555782987544
877.1041666666666 23.468325815919783 22.557169299282197
877.6041666666666 23.469813762954455 22.557772002698382
878.1041666666665 23.471288056398457 22.558370512655795
878.6041666666666 23.472771764167746 22.5589850052387
879.1041666666666 23.47427311894791 22.55959991787504
879.6041666666665 23.47575247047309 22.560214617653813
880.1041666666666 23.47724851858674 22.56083080053117
880.6041666666666 23.478729784559484 22.56143834311689
881.1041666666665 23.480211620403303 22.562062846620577
881.6041666666666 23.481710413897776 22.562690852957438
882.1041666666666 23.483201763412332 22.5633069308909
882.6041666666665 23.484692119879284 22.56393663150562
883.1041666666666 23.486185974950256 22.564563981731318
883.6041666666666 23.48767878920578 22.565197921194972
884.1041666666665 23.48917413687211 22.56583027448275
884.6041666666666 23.490672633391377 22.566457141956388
885.1041666666666 23.492172142084023 22.567087383756448
885.6041666666665 23.493662442290205 22.56772667517509
886.1041666666666 23.495159473476875 22.56836587862107
886.6041666666666 23.496661225973735 22.569005643330566
887.1041666666665 23.498166817121454 22.569658148826555
887.6041666666666 23.499668897603318 22.570302747899134
888.1041666666666 23.50116894077576 22.570930851666052
888.6041666666665 23.502677576840117 22.571590517870973
889.1041666666666 23.50418336506603 22.572236389851522
889.6041666666666 23.505686592363663 22.57289609609527
890.1041666666665 23.5072027302809 22.57355620759617
890.6041666666666 23.50871395123572 22.57420924730527
891.1041666666666 23.5102142137395 22.574866792597334
891.6041666666665 23.511720284852046 22.575528928033876
892.1041666666666 23.51324037313395 22.576185097937728
892.6041666666666 23.51474178059322 22.576851647071354
893.1041666666665 23.516261372853528 22.57751817721204
893.6041666666666 23.51777499134769 22.57819672146864
894.1041666666666 23.519289812231957 22.578859298193347
894.6041666666665 23.520808828528097 22.57953819353354
895.1041666666666 23.522312324949255 22.580221078425403
895.6041666666666 23.523829320636388 22.580888196190507
896.1041666666665 23.525350866649198 22.581571216652886
896.6041666666666 23.526857786285728 22.58225340455786
897.1041666666666 23.528379228522592 22.582942991897003
897.6041666666665 23.529892826058997 22.583619627251753
898.1041666666666 23.531420163874905 22.58431716832183
898.6041666666666 23.532952364571994 22.58500972569601
899.1041666666665 23.534463561729318 22.585703147802022
899.6041666666666 23.53599786472944 22.586404394103123
900.1041666666666 23.537511556939457 22.587097330589806
900.6041666666665 23.539039010592283 22.587797367674476
901.1041666666666 23.540566055985686 22.5885001652287
901.6041666666666 23.54210073062751 22.58920490200458
902.1041666666665 23.543619626916 22.58991282962824
902.6041666666666 23.545145794990475 22.590623437173406
903.1041666666666 23.546675348917002 22.59133807290481
903.6041666666665 23.548215219322167 22.592042566539995
904.1041666666666 23.549736574756185 22.592754059526147
904.6041666666666 23.55126605934268 22.593479008862914
905.1041666666665 23.55280064319558 22.594195219967578
905.6041666666666 23.554336167384523 22.594925045222098
906.1041666666666 23.555872797386254 22.595635647459957
906.6041666666665 23.557405655734645 22.59636475060686
907.1041666666666 23.558942853581918 22.59710008632121
907.6041666666666 23.560489870582124 22.597822482490812
908.1041666666665 23.562028305607505 22.5985620784286
908.6041666666666 23.563562734172866 22.59929604715881
909.1041666666666 23.565100333440952 22.600030072470688
909.6041666666665 23.566647979088387 22.600774883756248
910.1041666666666 23.568206888073142 22.601512542043487
910.6041666666666 23.56974890139188 22.602256094501314
911.1041666666665 23.57128402638592 22.602998900723335
911.6041666666666 23.57283996615379 22.603746032164498
912.1041666666666 23.574389628266978 22.604495223709545
912.6041666666665 23.575915351602518 22.60524861599789
913.1041666666666 23.57747742060294 22.606004342558425
913.6041666666666 23.57904571995229 22.60675861778804
914.1041666666665 23.580589901949743 22.60751386478777
914.6041666666666 23.58214012237469 22.60826946010234
915.1041666666666 23.583698380556335 22.609032451653952
915.6041666666665 23.5852558939014 22.60980423109959
916.1041666666666 23.58681372958585 22.610563761841842
916.6041666666666 23.58837213010069 22.61133543017344
917.1041666666665 23.589920044532544 22.61210188132698
917.6041666666666 23.591487991392086 22.612877074146486
918.1041666666666 23.59306623670871 22.613650932683335
918.6041666666665 23.594624869697686 22.61442931389957
919.1041666666666 23.5961814732914 22.615205634918127
919.6041666666666 23.597745585555174 22.615984869859787
920.1041666666665 23.599315481051786 22.616772684870092
920.6041666666666 23.60088778561396 22.617551351639133
921.1041666666666 23.602463084970537 22.61834590256385
921.6041666666665 23.604018500637956 22.619136637978343
922.1041666666666 23.605609111597474 22.61992885539503
922.6041666666666 23.607186053215653 22.620717831467857
923.1041666666665 23.608756606839346 22.621514321044472
923.6041666666666 23.610332375618395 22.622313301337797
924.1041666666666 23.61191877220547 22.62311746781961
924.6041666666665 23.61349842664954 22.62391703399039
925.1041666666666 23.61507132043893 22.62473432072103
925.6041666666666 23.616650787558967 22.62554571925773
