FastTrWP/PhaseSpace/IAs/snIa_0.39_30.00_0.24_0.07.csv
# %ECSV 0.9
# ---
# datatype:
# - {name: time-rel, datatype: float64}
# - {name: g, datatype: float64}
# - {name: i, datatype: float64}
# schema: astropy-2.0
time-rel g i
[from data line 2140]
651.5 24.927012427293654 23.049966876715267
652.0 24.928899884059636 23.050589357249255
652.5 24.9307699243154 23.051216180266096
653.0 24.932668211136168 23.051843231116038
653.5 24.934533458882797 23.052473288757334
654.0 24.93645393680196 23.05308984134426
654.5 24.938331868237995 23.053715165236422
655.0 24.940210097006474 23.054345455750266
655.5 24.942102525573805 23.054976777233563
656.0 24.94401338332889 23.055597323113002
656.5 24.94589167738521 23.05622192853006
657.0 24.94777541580843 23.056854228907675
657.5 24.94967630279165 23.05748167923643
658.0 24.951559438424503 23.058103811202
658.5 24.953442844548654 23.058721729142494
659.0 24.95532104189103 23.059347547604972
659.5 24.957212449011852 23.05995597678765
660.0 24.959095249295626 23.0605788857832
660.5 24.960952960118846 23.06119902844674
661.0 24.96283849844629 23.06180858500167
661.5 24.96470454987055 23.06242779339415
662.0 24.966590561883663 23.0630401964191
662.5 24.968445010572886 23.063652969996255
663.0 24.97035251406334 23.064263434910195
663.5 24.972188963820606 23.064879629030926
664.0 24.97405017677098 23.065476605061427
664.5 24.975912024694313 23.066077056164808
665.0 24.977777960759045 23.066686944995723
665.5 24.979639983502633 23.06729616684883
666.0 24.98149650876984 23.067908117223062
666.5 24.983363733011757 23.06850939094229
667.0 24.985224627018397 23.069110886534926
667.5 24.987064201207787 23.069704888886857
668.0 24.988923770470855 23.070310314134638
668.5 24.990779499211563 23.070918754143158
669.0 24.992622118354078 23.071506934585152
669.5 24.99446767729212 23.072101382295536
670.0 24.996339669293146 23.072705908049997
670.5 24.998160536338844 23.073310029367388
671.0 25.000034794901186 23.07390167743374
671.5 25.00187483034251 23.07450304089187
672.0 25.00371693537957 23.075095220423506
672.5 25.005567750650187 23.075687807774553
673.0 25.007399024320005 23.07629093515135
673.5 25.009263183796552 23.076885286073576
674.0 25.011088627191242 23.07747947743168
674.5 25.012956167958134 23.078076570176815
675.0 25.014806332291993 23.07867205787025
675.5 25.016657068988838 23.079274359747433
676.0 25.018505420829253 23.079864291486622
676.5 25.020338071081856 23.080459677624706
677.0 25.02220760729848 23.081061703056243
677.5 25.024038509806743 23.08165910322312
678.0 25.025881889753503 23.082245629875402
678.5 25.027715524865968 23.082849578644286
679.0 25.029573588205928 23.083438099038737
679.5 25.03144853141852 23.08404693074435
680.0 25.03325100410146 23.08464734992465
680.5 25.0351309506574 23.085242158761762
681.0 25.03697930549422 23.085833781170116
681.5 25.03882346273552 23.086425705652765
682.0 25.040697368700275 23.087044781934022
682.5 25.042551214546638 23.08763101437227
683.0 25.044411747782075 23.088242870135332
683.5 25.046257292829914 23.088845200222814
684.0 25.048124896695004 23.089438824230673
684.5 25.049980648837973 23.090048758519316
685.0 25.051836758726594 23.090652203775473
685.5 25.053699892856564 23.09125539266494
686.0 25.055560814000515 23.091862755298354
686.5 25.057431960272616 23.09246578422727
687.0 25.059318861341847 23.093070312091285
687.5 25.061184085816347 23.09369181379467
688.0 25.063061992148796 23.09429475398371
688.5 25.064923445632576 23.0949078822755
689.0 25.066788677880037 23.09552617718948
689.5 25.06868522926359 23.096129243205652
690.0 25.070543212294503 23.096753378724465
690.5 25.072448833440625 23.097372327768134
691.0 25.07435133326299 23.097988161037865
691.5 25.076232509822933 23.098595084143014
692.0 25.078097951116693 23.099213193796796
692.5 25.08000885788509 23.099831714116483
693.0 25.08187943535897 23.10045464841592
693.5 25.083755376194862 23.101069560862996
694.0 25.08566618172435 23.101697614880297
694.5 25.08754462547563 23.102306981162002
695.0 25.089428600916378 23.102930126492353
695.5 25.091317961991155 23.103533627124875
696.0 25.09321248115214 23.1041600607665
696.5 25.095102425069452 23.104783880395182
697.0 25.09697783889471 23.10540642805984
697.5 25.09888296406793 23.106024740977734
698.0 25.10078096229693 23.106643542893227
698.5 25.10270057435031 23.10726554609779
699.0 25.104568461592272 23.107879008236058
699.5 25.106461255285947 23.10851348115525
700.0 25.108363979614722 23.109133312595954
700.5 25.110278757885208 23.109748506633796
701.0 25.112156600156027 23.110373581537868
701.5 25.11406583643324 23.1109945486411
702.0 25.1159718743086 23.11162147024642
702.5 25.11786352144846 23.11224879984472
703.0 25.11976740878497 23.112878385293257
703.5 25.121664220756813 23.113493399315004
704.0 25.123565697435843 23.11412010834955
704.5 25.125471062771602 23.114746072881985
705.0 25.127353944472045 23.11537590544511
705.5 25.129278432535884 23.11600250287032
706.0 25.131182274473076 23.116623607348835
706.5 25.133048665178308 23.117246320981806
707.0 25.134978055829606 23.117883319172115
707.5 25.13687537742609 23.118501221390936
708.0 25.13876724730119 23.11912178600709
708.5 25.140688301036157 23.119757490346498
709.0 25.142585047932407 23.120385430116546
709.5 25.144481781141064 23.121001950324942
710.0 25.146391358357633 23.12164039556079
710.5 25.148274942541455 23.122269681985415
711.0 25.150192137244318 23.122892533273713
711.5 25.152106292051513 23.12352414696925
712.0 25.154008078163766 23.124161390562925
712.5 25.155897009208164 23.124775553494004
713.0 25.157782453528302 23.125409061973755
713.5 25.1596987736214 23.126032411667914
714.0 25.161604565924 23.126662595824953
714.5 25.163496138069075 23.127292618142544
715.0 25.165418878996526 23.127928919160215
715.5 25.167307793507874 23.128554152503007
716.0 25.16920895287237 23.129181085343433
716.5 25.171114471569386 23.129814183889728
717.0 25.173020860793883 23.13044086355619
717.5 25.1749128972857 23.1310850288553
718.0 25.176813676250195 23.13169910886233
718.5 25.17870633092633 23.132337254465366
719.0 25.180621495219118 23.132967562771825
719.5 25.18252661594252 23.133593816531008
720.0 25.184421318577847 23.134237507447896
720.5 25.186301810461387 23.134862579657923
721.0 25.188217179981102 23.135487707961616
721.5 25.190092721007513 23.13611908942864
722.0 25.191984805621065 23.136753116555553
722.5 25.193910859935812 23.137386274318743
723.0 25.19576681339171 23.138016624957164
723.5 25.197691816813172 23.13864115106048
724.0 25.199583219568474 23.139272695694395
724.5 25.20148574508439 23.139911902546114
725.0 25.20339913255716 23.14055345488285
725.5 25.205262294208456 23.141173215539315
726.0 25.207144002817717 23.1418154420314
726.5 25.209080172599585 23.14244125608424
727.0 25.21093397166093 23.143079744164574
727.5 25.212828044790108 23.143714467454725
728.0 25.214741899859522 23.144345715086843
728.5 25.216634321311187 23.144976931829273
729.0 25.218530794274557 23.145616153443108
729.5 25.220438108100176 23.146251512885442
730.0 25.222308160010385 23.146888983531987
730.5 25.224237251988747 23.14752355969144
731.0 25.226115031046426 23.14816486852296
731.5 25.227991387322334 23.14880354911018
732.0 25.22989526400268 23.149435574251203
732.5 25.231790485518072 23.15006800595958
733.0 25.23367246011547 23.15069550088449
733.5 25.23557000736913 23.15133925148807
734.0 25.237455622926145 23.151969199302343
734.5 25.23935733399113 23.15261656447193
735.0 25.24124828328498 23.15324440022925
735.5 25.243131401600355 23.153890534807093
736.0 25.2450302462411 23.154524005538928
736.5 25.246924220454613 23.15516417937431
737.0 25.248812189060594 23.15581125204242
737.5 25.250681741140262 23.15644747396602
738.0 25.252587557832666 23.157089904356813
738.5 25.25447495850824 23.157716928938413
739.0 25.25635891932946 23.158354508170085
739.5 25.25825424455118 23.158995053386132
740.0 25.260133463379564 23.159640986346318
740.5 25.262008060418207 23.160277957839686
741.0 25.26391811598661 23.16091849103776
741.5 25.26577845703033 23.16154749975244
742.0 25.26767657508341 23.162197873614122
742.5 25.269555853947313 23.162837757453325
743.0 25.2714360971519 23.16346754699059
743.5 25.273318744596093 23.1641073615692
744.0 25.275191241742455 23.164755025914463
744.5 25.277114256671144 23.16539765493625
745.0 25.278951410764176 23.16603230313085
745.5 25.280853524359394 23.166673605515903
746.0 25.282721632810453 23.167321574421173
746.5 25.28458649460926 23.1679568553811
747.0 25.28646870050297 23.168601220835747
747.5 25.288325722459874 23.16922826416192
748.0 25.290194215354536 23.169881554885563
748.5 25.292059668920807 23.170519188290292
749.0 25.293938276555366 23.171160016913426
749.5 25.295821811030194 23.171803891165514
750.0 25.2976881782916 23.1724402640792
750.5 25.29954298355779 23.17308451346582
751.0 25.301416180125948 23.17372458587012
751.5 25.303278693537777 23.17435977608152
752.0 25.305112568603704 23.17500061571074
752.5 25.307005631244994 23.175639315232832
753.0 25.308855025297298 23.17628283545242
753.5 25.310706028805363 23.17692577725071
754.0 25.3125884726756 23.17756432534982
754.5 25.314440443098135 23.178204231492685
755.0 25.31627574397055 23.178849954912764
755.5 25.318138576283467 23.179482068629554
756.0 25.319983202777475 23.18011828065734
756.5 25.321849311564502 23.18076357766222
757.0 25.3236768742141 23.181402123061076
757.5 25.325545783409034 23.18205185429106
758.0 25.32735846847536 23.18268567223327
758.5 25.32922685819966 23.18332815864466
759.0 25.331022400116908 23.183970982581783
759.5 25.33289174988598 23.18460277271616
760.0 25.334727361308257 23.185241560147723
760.5 25.336539569984087 23.185879449906537
761.0 25.338358227048715 23.186519629455084
761.5 25.340238645038546 23.18716637685341
762.0 25.34206919763235 23.187805733658983
762.5 25.34386694357167 23.18843409950935
763.0 25.34568183608206 23.1890847116405
763.5 25.347541841031557 23.18973058174757
764.0 25.349342889963356 23.190368620279393
764.5 25.351163529033848 23.191008842126728
765.0 25.352970159435017 23.19164053038684
765.5 25.35478543709661 23.192287075694043
766.0 25.356628216240935 23.19291864837423
766.5 25.358434925114636 23.1935642103099
767.0 25.360263895159306 23.194209940387847
767.5 25.362067122170394 23.194851662057108
768.0 25.363827965194993 23.195485320356404
768.5 25.365652445431635 23.196128368964025
769.0 25.367476553942694 23.19677584767274
769.5 25.369283044870418 23.19740617293831
770.0 25.37105696703292 23.198061273591627
770.5 25.37289883940972 23.198691036328384
771.0 25.3746748764809 23.199330384939483
771.5 25.376455788427602 23.199975499781758
772.0 25.378258854183283 23.200614260679934
772.5 25.380072371705374 23.20125962935784
773.0 25.38185100916712 23.20189981464621
773.5 25.383669252017057 23.20254797507159
774.0 25.38543947132606 23.20318331921349
774.5 25.387254877762018 23.203833959953556
775.0 25.389036062484365 23.204466454231245
775.5 25.390815574734347 23.205111681907383
776.0 25.3925889670511 23.20574973298987
776.5 25.394417569037834 23.20638859088656
777.0 25.39619731659418 23.207044067813477
777.5 25.397969874880395 23.20768412863889
778.0 25.39977733976437 23.208327159193193
778.5 25.40155805066274 23.208966252432024
779.0 25.40332255085705 23.209610081466433
779.5 25.405146866996592 23.21024731751471
780.0 25.406901083935928 23.21089829985545
780.5 25.40867474843917 23.211529570023487
781.0 25.4104526634878 23.212178011347298
781.5 25.412237667814228 23.21283028331208
782.0 25.41401039999886 23.213464484312553
782.5 25.415786581571282 23.214110698718684
783.0 25.417589081499866 23.214759259727305
783.5 25.41934701036837 23.21540141523624
784.0 25.421137610876727 23.216048824549688
784.5 25.422937033428678 23.216690631187834
785.0 25.42465600122665 23.21732943334256
785.5 25.426461731744986 23.21798749621873
786.0 25.428219292836992 23.218624865983834
786.5 25.430022957148335 23.21927545736434
787.0 25.431765464693335 23.21992207580803
787.5 25.43356552227983 23.220563554833966
788.0 25.43533349714068 23.221217044244085
788.5 25.43711640523235 23.22185921308531
789.0 25.438897209108035 23.22250959137701
789.5 25.44068683933002 23.22315199465357
790.0 25.442471126410773 23.22380473746083
790.5 25.444208116642088 23.224444572629945
791.0 25.445970606168512 23.22509484235733
791.5 25.447749423889356 23.225736721915204
792.0 25.449490384528232 23.226390048910336
792.5 25.451276909848318 23.227038098584774
793.0 25.453048370124122 23.227678993415847
793.5 25.454799114101814 23.228333798154473
794.0 25.456582700194442 23.22898074342799
794.5 25.458324275483175 23.22963331089104
795.0 25.46008470715178 23.230280071353842
795.5 25.461825602130332 23.23093131743109
796.0 25.463602363940254 23.231577011428932
796.5 25.465358501078477 23.232228367090432
797.0 25.467108229453828 23.232873175550488
797.5 25.468858688380394 23.2335368001417
798.0 25.470590268335318 23.234178682474482
798.5 25.472353385217485 23.23482281570741
799.0 25.474087329422666 23.235474642793733
799.5 25.475835260615582 23.236125915076713
800.0 25.477584097792814 23.236774665774405
800.5 25.47935808559512 23.237423613757894
801.0 25.481046260033544 23.23807625787401
801.5 25.482810234234936 23.23873366542696
802.0 25.484586034785735 23.23938648691733
802.5 25.48626503044664 23.240039257560234
803.0 25.488028338578733 23.24068750788861
803.5 25.489761749583884 23.24134202824155
804.0 25.491515656997304 23.241981111959653
804.5 25.493235921543057 23.24262800998532
805.0 25.4949696198638 23.243283511903677
805.5 25.49670648030775 23.243937788275137
806.0 25.498417446329622 23.24458793686178
806.5 25.500158800728073 23.245248237254522
807.0 25.50186005882878 23.245893536748838
807.5 25.50363411829313 23.246552204226596
808.0 25.505364490249303 23.24720341610954
808.5 25.507061740905613 23.247849464362538
809.0 25.508782083632397 23.24850865966393
809.5 25.510510475060528 23.249159314365187
810.0 25.512259454586598 23.249803656480367
