FastTrWP/PhaseSpace/IAs/snIa_0.50_30.00_2.61_0.14.csv
# %ECSV 0.9
# ---
# datatype:
# - {name: time-rel, datatype: float64}
# - {name: g, datatype: float64}
# - {name: i, datatype: float64}
# schema: astropy-2.0
time-rel g i
117.02083333333334 26.991493170555138 24.718284444525068
117.52083333333334 26.976902104494464 24.709918455430916
118.02083333333334 26.96234081689534 24.701581049448418
118.52083333333334 26.947726629356026 24.69327352130316
119.02083333333334 26.932923440305142 24.68496520297821
119.52083333333334 26.918045749095405 24.676647025996708
120.02083333333334 26.903158249050026 24.668379694797554
120.52083333333334 26.888177411782124 24.66010099064278
121.02083333333334 26.873096762550297 24.651848855794757
121.52083333333334 26.85801623728947 24.643626892981366
122.02083333333334 26.842926782230773 24.63538105937252
122.52083333333334 26.827925123953904 24.627172995957338
123.02083333333334 26.812896668139928 24.61894699223204
123.52083333333334 26.797851742719033 24.610773093245033
124.02083333333334 26.78282799316731 24.602599443593277
124.52083333333334 26.767877811891275 24.594447880946134
125.02083333333334 26.752863921402856 24.58629616955701
125.52083333333334 26.737974949271994 24.578179936552136
126.02083333333334 26.7230688972229 24.570096121121697
126.52083333333334 26.708158100160002 24.56200298299933
127.02083333333334 26.693335890761407 24.553926593825924
127.52083333333334 26.67855951599046 24.545891928038778
128.02083333333334 26.663747959164613 24.53786122804007
128.52083333333334 26.64901138403549 24.52984060202368
129.02083333333334 26.634335232835774 24.52186106277839
129.52083333333334 26.619727418210466 24.513893302964718
130.02083333333334 26.605150168179076 24.505962844257077
130.52083333333334 26.5905905818665 24.498018806365152
131.02083333333334 26.57612689929753 24.49011370927488
131.52083333333334 26.56172756024254 24.482263225111783
132.02083333333334 26.54737959194481 24.47440236996718
132.52083333333334 26.533024413387846 24.466566957571896
133.02083333333334 26.518834313474894 24.458745463692647
133.52083333333334 26.50467610260773 24.450962112059
134.02083333333334 26.490547613933437 24.443197625174488
134.52083333333334 26.476411551477813 24.43544759487999
135.02083333333334 26.462416864856486 24.427737156647815
135.52083333333334 26.448490369382615 24.420042896739137
136.02083333333334 26.434669395758597 24.412370071716158
136.52083333333334 26.420841235124506 24.40473471426914
137.02083333333334 26.40711171674762 24.397107348173
137.52083333333334 26.393434452422913 24.38951836136858
138.02083333333334 26.379885242762093 24.381948829222733
138.52083333333334 26.366379037187766 24.37443009606603
139.02083333333334 26.352864173801326 24.366898316865484
139.52083333333334 26.339540052648687 24.35939347389199
140.02083333333334 26.326182133378264 24.35194258001217
140.52083333333334 26.312952577902365 24.344515120298233
141.02083333333334 26.29975564272653 24.337090005970868
141.52083333333334 26.286710607207155 24.32969984832877
142.02083333333334 26.27365279558774 24.322359546326048
142.52083333333334 26.260653338945925 24.315026645695085
143.02083333333334 26.24778344421451 24.307731250581462
143.52083333333334 26.235050370292818 24.30046123953348
144.02083333333334 26.22225550088171 24.29320096286545
144.52083333333334 26.209580135559825 24.285973050420186
145.02083333333334 26.197028674437924 24.278768593514357
145.52083333333334 26.184509455605614 24.271619590183803
146.02083333333334 26.172070803913854 24.264487983888223
146.52083333333334 26.159693442825343 24.257366059676023
147.02083333333334 26.14738870975421 24.250281646579495
147.52083333333334 26.135145069295824 24.243231000090763
148.02083333333334 26.123041848844174 24.236203146496294
148.52083333333334 26.110944978847105 24.22918475735425
149.02083333333334 26.098964147333334 24.2222268391333
149.52083333333334 26.08701855491704 24.215293546657
150.02083333333334 26.075140717523666 24.208364699046328
150.52083333333334 26.063381014397873 24.20148150677255
151.02083333333334 26.051629664545032 24.19461908491364
151.52083333333334 26.040022810665047 24.187774524191838
152.02083333333334 26.028431204141192 24.18097507826139
152.52083333333334 26.016926282691685 24.1742171406025
153.02083333333334 26.005508811998208 24.16746418624107
153.52083333333334 25.99414063507505 24.160757657243465
154.02083333333334 25.98287247693937 24.15406033379594
154.52083333333334 25.971667399942532 24.147395949675033
155.02083333333334 25.960500029527136 24.14076073101043
155.52083333333334 25.949428363523054 24.134152740288954
156.02083333333334 25.93841179237412 24.127569423872792
156.52083333333334 25.927488239526163 24.1210305894364
157.02083333333334 25.916594923842794 24.114505061264705
157.52083333333334 25.905792504004705 24.10800743313219
158.02083333333334 25.894962555247226 24.101513809703235
158.52083333333334 25.88421091634414 24.09504273148095
159.02083333333334 25.873468594021567 24.088595400544893
159.52083333333334 25.86280357366779 24.08216788409037
160.02083333333334 25.852170118950866 24.075737513955367
160.52083333333334 25.841517526391637 24.06933030266387
161.02083333333334 25.830973669851222 24.0629480729565
161.52083333333334 25.820482560547866 24.056581683971288
162.02083333333334 25.809994434181537 24.05023908655305
162.52083333333334 25.79955517575495 24.043902754624238
163.02083333333334 25.78917580891945 24.037588725858985
163.52083333333334 25.778841321111354 24.031309196714457
164.02083333333334 25.768541682593625 24.02503359447553
164.52083333333334 25.758284736823505 24.018792379787964
165.02083333333334 25.748089972372536 24.01254571909307
165.52083333333334 25.737918285272773 24.006330912713807
166.02083333333334 25.727828307625174 24.000126151102535
166.52083333333334 25.71772805293694 23.99395618307455
167.02083333333334 25.707681665275153 23.987794571508744
167.52083333333334 25.697685019964318 23.981650165750096
168.02083333333334 25.687774382485323 23.97552710602327
168.52083333333334 25.677861796505468 23.969429484709615
169.02083333333331 25.667967233083036 23.963337008466684
169.52083333333334 25.65820810331153 23.957272131882963
170.02083333333334 25.648429460529982 23.951212794740442
170.52083333333331 25.638702891646524 23.94519737992848
171.02083333333334 25.628995827982024 23.939168864997132
171.52083333333334 25.61937734168636 23.933207220766196
172.02083333333331 25.60980722394163 23.927221984192645
172.52083333333334 25.60027238124799 23.92126972142446
173.02083333333334 25.590754361006276 23.91535194576641
173.52083333333331 25.5813106240277 23.90941974962107
174.02083333333334 25.571902169394424 23.903528470728723
174.52083333333334 25.562525468723596 23.897648985303835
175.02083333333331 25.55322255760972 23.891802415592515
175.52083333333334 25.543964408721635 23.885968954951686
176.02083333333334 25.534713747550377 23.880135837726762
176.52083333333331 25.525507291451973 23.87435523410165
177.02083333333334 25.516392025838957 23.86858384043792
177.52083333333334 25.507283008529345 23.862814614801785
178.02083333333331 25.49824321886087 23.85707021407867
178.52083333333334 25.48924068362966 23.85133595937159
179.02083333333334 25.480267026070127 23.84564839669968
179.52083333333331 25.47133529682196 23.839960158926928
180.02083333333334 25.46244026687555 23.83430382273111
180.52083333333334 25.4536283042917 23.828660626687274
181.02083333333331 25.444842951376128 23.82302916815651
181.52083333333334 25.4361234775644 23.81742564532069
182.02083333333334 25.427415414072414 23.811833845926724
182.52083333333331 25.418738290627445 23.806270355283456
183.02083333333334 25.410118351323995 23.800712481871273
183.52083333333334 25.401555294622703 23.795187490672816
184.02083333333331 25.393020238300096 23.789691432178067
184.52083333333334 25.384508618451 23.78419307146536
185.02083333333334 25.376079075113317 23.778712862331194
185.52083333333331 25.367690344899614 23.77327139166662
186.02083333333334 25.359324527001107 23.767824104756393
186.52083333333334 25.350991107691264 23.76241031024421
187.02083333333331 25.342724543703056 23.75701234653934
187.52083333333334 25.334488699619598 23.75165245905468
188.02083333333334 25.32629167828148 23.746287515806813
188.52083333333331 25.31814100932115 23.740944199340632
189.02083333333334 25.31003364106287 23.735632319921493
189.52083333333334 25.301967805441624 23.730335187578852
190.02083333333331 25.293939388205704 23.725052387123718
190.52083333333334 25.285961189195415 23.719784526222973
191.02083333333334 25.27801874577137 23.71453690084938
191.52083333333331 25.270097264579018 23.709309117836106
192.02083333333334 25.262238930637867 23.704108868127864
192.52083333333334 25.25443358738281 23.698918612156387
193.02083333333331 25.24661608007007 23.693745314260365
193.52083333333334 25.238841237756063 23.6885871653989
194.02083333333334 25.231085523016475 23.683422200927335
194.52083333333331 25.22334765647543 23.678273585534463
195.02083333333334 25.215629076492508 23.67313636728217
195.52083333333334 25.20794748368599 23.668004948590557
196.02083333333331 25.20025725235866 23.662884326412474
196.52083333333334 25.192578003929235 23.65778449109278
197.02083333333334 25.184962505974646 23.652674039869154
197.52083333333331 25.177355935155965 23.647591640012084
198.02083333333334 25.16975591676657 23.642508247599952
198.52083333333334 25.1621921239214 23.63743975122849
199.02083333333331 25.15466779553972 23.6323910004392
199.52083333333334 25.14712228856682 23.62734822817464
200.02083333333334 25.1396533259171 23.622306979436736
200.52083333333331 25.132185729048672 23.617293638425
201.02083333333334 25.12477690877772 23.61229403237081
201.52083333333334 25.117327036169222 23.607300044197782
202.02083333333331 25.109969853362102 23.602313762787283
202.52083333333334 25.10258759639448 23.597338690102433
203.02083333333334 25.095260774118525 23.592379352051744
203.52083333333331 25.08794480521857 23.587445068998896
204.02083333333334 25.080671713253196 23.582518642454083
204.52083333333334 25.073416921006135 23.5776064757507
205.02083333333331 25.066208943501046 23.57270811419083
205.52083333333334 25.059025202698543 23.56780880052171
206.02083333333334 25.051865602031846 23.56294670383294
206.52083333333331 25.04473960933469 23.558082516263305
207.02083333333334 25.037636295751533 23.553244530323227
207.52083333333334 25.030544193868373 23.54843178771857
208.02083333333331 25.023497544297886 23.543600892437095
208.52083333333334 25.016492859115957 23.53880493692224
209.02083333333334 25.00951104544388 23.5340392728336
209.52083333333331 25.00255775067909 23.529266028835906
210.02083333333334 24.99564197901329 23.524534611000924
210.52083333333334 24.988737627816505 23.519805619072336
211.02083333333331 24.981875308247453 23.515087612914595
211.52083333333334 24.975057532702255 23.510387345528983
212.02083333333334 24.96826316472758 23.50570437205754
212.52083333333331 24.9615164232728 23.501039727858597
213.02083333333334 24.95477428299063 23.49639624631903
213.52083333333334 24.94808598072302 23.491760659688236
214.02083333333331 24.941383593752402 23.487155462750472
214.52083333333334 24.93477110863659 23.48255311259527
215.02083333333334 24.9281639213031 23.477974810898544
215.52083333333331 24.921614529821532 23.473419514519144
216.02083333333334 24.915064893854403 23.46887243735423
216.52083333333334 24.908553652960727 23.46435006816469
217.02083333333331 24.9020910867803 23.4598365381189
217.52083333333334 24.89566086461895 23.455352626528633
218.02083333333334 24.88924932790665 23.450880706626474
218.52083333333331 24.882891231462043 23.446427742686936
219.02083333333334 24.87654673061606 23.44200236497761
219.52083333333334 24.870251405022472 23.437584042586227
220.02083333333331 24.863964426841633 23.43317761708837
220.52083333333334 24.857748408853205 23.428803188514312
221.02083333333334 24.85154017578339 23.424452917223945
221.52083333333331 24.845374566644924 23.420109114974657
222.02083333333334 24.83923150402306 23.415790971103853
222.52083333333334 24.833125044854313 23.411483819149055
223.02083333333331 24.827080240412055 23.40721028704291
223.52083333333334 24.82103160440495 23.402941051563047
224.02083333333334 24.815016076417994 23.398698675683285
224.52083333333331 24.809083172362243 23.394487415343516
225.02083333333334 24.8031410955663 23.390262139079514
225.52083333333334 24.797246951161075 23.386086309498072
226.02083333333331 24.79137108467136 23.381923867428437
226.52083333333334 24.78555373766885 23.377778810149294
227.02083333333334 24.779762521917462 23.37365004001111
227.52083333333331 24.774006121177216 23.369549806238425
228.02083333333334 24.76828144706326 23.36546190767313
228.52083333333334 24.76260441860766 23.36140756778553
229.02083333333331 24.756940288223834 23.357361189010376
229.52083333333334 24.75127955737531 23.353309262580414
230.02083333333334 24.74563878380037 23.34927386388584
230.52083333333331 24.74003734818045 23.34525582756325
231.02083333333334 24.73441547433774 23.341253338132383
231.52083333333334 24.728860757228635 23.337241029368975
232.02083333333331 24.723277128695763 23.3332392993824
232.52083333333334 24.717738190928756 23.329251647528046
233.02083333333334 24.712194914354416 23.325283018550888
233.52083333333334 24.706683423643923 23.321313249609425
234.02083333333334 24.70117161668862 23.3173680949402
234.52083333333334 24.695682096035327 23.313415679297812
235.02083333333334 24.690250831810538 23.309484783061606
235.52083333333334 24.684794338742297 23.305567648801745
236.02083333333334 24.67937802114507 23.30165249124413
236.52083333333334 24.67395822920142 23.297747543244082
237.02083333333334 24.668578877270427 23.293866212985087
237.52083333333334 24.663215093374532 23.28999821267036
238.02083333333334 24.657845124455434 23.286124917322418
238.52083333333334 24.65253904766938 23.2822675718211
239.02083333333334 24.64722463336367 23.27843745938654
239.52083333333334 24.64195345 23.274613851635596
240.02083333333334 24.636669324491102 23.270778987589832
240.52083333333334 24.631437912894206 23.26698754110954
241.02083333333334 24.626200777563596 23.26319606248008
241.52083333333334 24.62100518714483 23.259422256163205
242.02083333333334 24.615834578081866 23.25563972218469
242.52083333333334 24.610659529560696 23.251896746642664
243.02083333333334 24.605531178400216 23.248153223073103
243.52083333333334 24.600420485012506 23.244439512108293
244.02083333333334 24.595302815514472 23.240723837377676
244.52083333333334 24.590241245826938 23.23702159808081
245.02083333333334 24.585199885639003 23.233335441931338
245.52083333333334 24.58014708597112 23.2296734392327
246.02083333333334 24.5751449512978 23.226004023104462
246.52083333333334 24.570169810912724 23.222357314588457
247.02083333333334 24.56518607493979 23.21873549844952
247.52083333333334 24.560258169440697 23.215116223899503
248.02083333333334 24.55534203208537 23.21151778325731
248.52083333333334 24.55044528060629 23.20793724101129
249.02083333333334 24.5455677104594 23.204366916739705
249.52083333333334 24.540719122897855 23.200808087039846
250.02083333333334 24.535923559558583 23.197276318741334
250.52083333333334 24.531124600350466 23.193738351402587
251.02083333333334 24.52633896514879 23.190231462270333
251.52083333333334 24.521582520027376 23.186729221164107
252.02083333333334 24.51684289613288 23.18324506641825
252.52083333333334 24.51214972377455 23.17978389273088
253.02083333333334 24.507458926728166 23.176339432201367
253.52083333333334 24.502814378217312 23.172904071221268
254.02083333333334 24.49818515696822 23.169482680633557
254.52083333333334 24.493575964013065 23.166078992309895
255.02083333333334 24.488970870703128 23.16269543835681
255.52083333333334 24.48441881305021 23.15932020581361
256.0208333333333 24.47987949360102 23.15596475030473
256.5208333333333 24.475373434246656 23.152631340132096
257.0208333333333 24.470870481357036 23.14930098258515
257.5208333333333 24.466427251504605 23.1459932758245
258.0208333333333 24.46198369172427 23.14271789914406
258.5208333333333 24.457564218670388 23.139438900392836
259.0208333333333 24.453186407841123 23.13617957795712
