FastTrWP/PhaseSpace/IAs/snIa_0.35_30.00_-1.37_0.03.csv
# %ECSV 0.9
# ---
# datatype:
# - {name: time-rel, datatype: float64}
# - {name: g, datatype: float64}
# - {name: i, datatype: float64}
# schema: astropy-2.0
time-rel g i
[from data line 2016]
1258.5625 25.22019965776533 23.21583687831906
1259.0625 25.222045513436385 23.21646638276256
1259.5625 25.22395029002827 23.217082702638578
1260.0625 25.22581615827745 23.217708249263012
1260.5625 25.227703115574933 23.21835324346263
1261.0625 25.229551726331675 23.218977108675546
1261.5625 25.2314282285985 23.219607161154087
1262.0625 25.233300364375335 23.22024267476855
1262.5625 25.235170020508043 23.22087012951785
1263.0625 25.237040829902394 23.221506010593966
1263.5625 25.238906614639514 23.222131325566295
1264.0625 25.240776973979532 23.222770391795645
1264.5625 25.24264877835047 23.223409971306282
1265.0625 25.244518102267932 23.224043689412174
1265.5625 25.246401940267177 23.224681909894667
1266.0625 25.248255526954175 23.225321748193508
1266.5625 25.250122921584133 23.225966810484927
1267.0625 25.25200594723358 23.226607639569984
1267.5625 25.25386664512949 23.227247498508227
1268.0625 25.25572623128774 23.22790129775899
1268.5625 25.257624371799253 23.228538880413797
1269.0625 25.25949341602817 23.229188554934993
1269.5625 25.261384231635557 23.22983347832733
1270.0625 25.263282540580796 23.230490188108543
1270.5625 25.26516560656573 23.231148571543237
1271.0625 25.26704903497665 23.231803079436595
1271.5625 25.268927105766338 23.232449203729473
1272.0625 25.27083896996501 23.233102027899942
1272.5625 25.272733896618156 23.233756845820203
1273.0625 25.274636530289293 23.234426281914295
1273.5625 25.27655121063272 23.235084827786036
1274.0625 25.27845425710322 23.235737739136525
1274.5625 25.280354691061753 23.23641165013168
1275.0625 25.282301059136238 23.237071292911548
1275.5625 25.28421450415111 23.237746639560036
1276.0625 25.286139733989167 23.238413813759667
1276.5625 25.288069149364727 23.23908479086419
1277.0625 25.290011695773774 23.239748335554292
1277.5625 25.29191508351189 23.240426599543866
1278.0625 25.293836300737148 23.241104317651335
1278.5625 25.29576866113573 23.241776226024786
1279.0625 25.2977443206696 23.242462017357855
1279.5625 25.299637890125112 23.24314173545971
1280.0625 25.301573360824673 23.243806684383163
1280.5625 25.30350651959307 23.244487945189714
1281.0625 25.305455021267985 23.245176337948603
1281.5625 25.307380481882436 23.245864945483095
1282.0625 25.309306961982042 23.246554615068654
1282.5625 25.31128476711315 23.247228537219456
1283.0625 25.313187247726354 23.247911321975284
1283.5625 25.315144357463822 23.24859824336183
1284.0625 25.317089827265757 23.24928806656841
1284.5625 25.319014103633535 23.249987466289866
1285.0625 25.32096060879899 23.250675962413784
1285.5625 25.32291463632174 23.251367237138112
1286.0625 25.324834387995626 23.252051660568483
1286.5625 25.32678361258956 23.25275679216061
1287.0625 25.328723813647436 23.253443198961467
1287.5625 25.330695937157273 23.25414932068263
1288.0625 25.332618662929885 23.254838006393804
1288.5625 25.334588310698464 23.255547146947396
1289.0625 25.336543420149255 23.25623714975093
1289.5625 25.338490232239295 23.256938519232268
1290.0625 25.340429788678243 23.25764175737813
1290.5625 25.342383063249102 23.258353225874274
1291.0625 25.344328630637442 23.25906366602769
1291.5625 25.34627949713967 23.259766181250235
1292.0625 25.3482226207719 23.26046714350999
1292.5625 25.3501751849284 23.261179795861267
1293.0625 25.352132219984945 23.261888056294403
1293.5625 25.35405614362382 23.262605477693363
1294.0625 25.356018715513386 23.26331413423622
1294.5625 25.357972494962393 23.26402405777614
1295.0625 25.35991617503457 23.264727878474346
1295.5625 25.361869158253477 23.265453331155218
1296.0625 25.363822644027238 23.266179442518542
1296.5625 25.365785813132327 23.26689248177244
1297.0625 25.367725684597918 23.267602047488758
1297.5625 25.369676886947357 23.26832418958897
1298.0625 25.371616300387736 23.269049057583317
1298.5625 25.37357590243957 23.269779039592294
1299.0625 25.375537492721637 23.27049712074007
1299.5625 25.377499510013063 23.271214841340175
1300.0625 25.379445482813615 23.271933853113765
1300.5625 25.381419852831687 23.27266555742556
1301.0625 25.383357591429938 23.273396956549853
1301.5625 25.385285605714873 23.274127621414973
1302.0625 25.387241145275592 23.27486068432144
1302.5625 25.389200127617002 23.27559007820109
1303.0625 25.39113165496344 23.27631843082516
1303.5625 25.393110447114854 23.277050126061198
1304.0625 25.395047805012965 23.277783764299947
1304.5625 25.397017447589523 23.278520518411632
1305.0625 25.398943252848586 23.279260386858414
1305.5625 25.400881100478934 23.279993602435663
1306.0625 25.40283860531745 23.280733894836253
1306.5625 25.404792779552075 23.28146268875839
1307.0625 25.40674881451034 23.28220677830022
1307.5625 25.408691369583842 23.28294501274351
1308.0625 25.410638775166884 23.28369310755694
1308.5625 25.412580944360702 23.28444293924688
1309.0625 25.41453804797903 23.28517753862522
1309.5625 25.416481459448672 23.285919818261686
1310.0625 25.418416610600417 23.286672579460475
1310.5625 25.420382050558118 23.287417106398983
1311.0625 25.422337377869418 23.28817145719498
1311.5625 25.42427524557346 23.288917535879765
1312.0625 25.42622752708661 23.289676556890523
1312.5625 25.42815719734026 23.290426526789823
1313.0625 25.430129099425244 23.29117797934023
1313.5625 25.432068491426225 23.291943467567087
1314.0625 25.43398693978453 23.29270616245425
1314.5625 25.435962575032764 23.293454647944174
1315.0625 25.437886020000594 23.294222282769724
1315.5625 25.439863899356887 23.294980496685483
1316.0625 25.44182025507925 23.29573590385148
1316.5625 25.44374635624486 23.296507307934917
1317.0625 25.44568956397768 23.29726766046317
1317.5625 25.447663754544298 23.298033816695654
1318.0625 25.449592433611087 23.298799395990976
1318.5625 25.451533450631032 23.29957578531747
1319.0625 25.45348335184162 23.30034732954113
1319.5625 25.455444434603486 23.301112900378236
1320.0625 25.457386549577702 23.301887513446168
1320.5625 25.459333672545895 23.302662728863027
1321.0625 25.461282705188232 23.30342895509167
1321.5625 25.46323501071676 23.304206070557004
1322.0625 25.465184185366105 23.30498188848695
1322.5625 25.467120249869705 23.305758062438432
1323.0625 25.469078290631426 23.306533372046747
1323.5625 25.47099441196289 23.307321878409496
1324.0625 25.47294964227483 23.30810161327531
1324.5625 25.474909740965877 23.308887494644353
1325.0625 25.47685491020654 23.30967733993885
1325.5625 25.478784218428704 23.310455909390807
1326.0625 25.480741011726668 23.311239744927256
1326.5625 25.482665875195366 23.312026631329545
1327.0625 25.48460608548077 23.312815474398036
1327.5625 25.48655355004685 23.31359473384989
1328.0625 25.48846826584934 23.314392165423016
1328.5625 25.490414795304417 23.315177136472474
1329.0625 25.492341449169373 23.315973129356195
1329.5625 25.494285421320868 23.31676478169536
1330.0625 25.496222042721378 23.317559687139727
1330.5625 25.49815942681249 23.318359065550844
1331.0625 25.500104710808657 23.31915914259662
1331.5625 25.50202372688512 23.31994578400268
1332.0625 25.503951815508344 23.320755375291903
1332.5625 25.50592517505632 23.321548935668865
1333.0625 25.50781311254786 23.322354736759028
1333.5625 25.50972146522815 23.323147594620288
1334.0625 25.51165205577473 23.323951191775997
1334.5625 25.51359277097458 23.32476032094172
1335.0625 25.51554287426086 23.325568681790784
1335.5625 25.517443280499847 23.32636578185864
1336.0625 25.519358992430725 23.327179342870757
1336.5625 25.521292447547708 23.32799038499481
1337.0625 25.52320813594585 23.328792229991222
1337.5625 25.525127345044474 23.32960495626176
1338.0625 25.52704363448482 23.33041190161383
1338.5625 25.528944491370098 23.331227813842283
1339.0625 25.53085585682688 23.33203843490324
1339.5625 25.532800218246066 23.332842444882825
1340.0625 25.534715547952477 23.333677236771784
1340.5625 25.53660523566874 23.33448188429805
1341.0625 25.5385397958307 23.335301115522288
1341.5625 25.540428090519484 23.33611508594049
1342.0625 25.54235106844508 23.33692576738531
1342.5625 25.54425716705726 23.337755773995458
1343.0625 25.546157960827266 23.338568895377207
1343.5625 25.54806710021552 23.339391909689375
1344.0625 25.549966513784895 23.340209981020614
1344.5625 25.551881442349725 23.341042509906032
1345.0625 25.55377480242179 23.34187136776106
1345.5625 25.555698188037624 23.342698772958794
1346.0625 25.55762962553741 23.343531782192514
1346.5625 25.55952424926028 23.344357625182774
1347.0625 25.56142033476864 23.34518508971316
1347.5625 25.5633381561205 23.346016211652298
1348.0625 25.565246765519447 23.34684204368648
1348.5625 25.56712119540276 23.34768406267495
1349.0625 25.569025520930403 23.34852743225185
1349.5625 25.570931182198898 23.349348012741174
1350.0625 25.572841532239117 23.350187202947982
1350.5625 25.574707967464576 23.351017540893984
1351.0625 25.576606738070463 23.351868654381832
1351.5625 25.578535654560714 23.35271057077737
1352.0625 25.580399947076042 23.35354486170928
1352.5625 25.582312162196178 23.35439168285538
1353.0625 25.5841708186643 23.355233623990912
1353.5625 25.586058713574317 23.356090807526822
1354.0625 25.58797761043256 23.356925791676076
1354.5625 25.589836779862644 23.357777229151836
1355.0625 25.591697755837455 23.358635666362588
1355.5625 25.593590596480794 23.359470872757274
1356.0625 25.595487972458777 23.360315850418868
1356.5625 25.59735567524379 23.361177778186107
1357.0625 25.59921220029855 23.36202652128522
1357.5625 25.601086871654562 23.362880392287657
1358.0625 25.602971399739918 23.363737148884866
1358.5625 25.604816893163857 23.364600369334845
1359.0625 25.606713049175838 23.365451698171604
1359.5625 25.608564489407044 23.366323508341765
1360.0625 25.610442625753326 23.36717725090276
1360.5625 25.61228813827926 23.368033934062858
1361.0625 25.614139121415334 23.368900485537665
1361.5625 25.61601673678038 23.36976267802713
1362.0625 25.61785690412636 23.370622678418695
1362.5625 25.619739144383754 23.371489348363706
1363.0625 25.62155215024589 23.37235725483092
1363.5625 25.623425602409494 23.373227650861438
1364.0625 25.625233800381185 23.37409583919844
1364.5625 25.627085414892914 23.374959856414645
1365.0625 25.628893413129763 23.37584519215752
1365.5625 25.630737098751162 23.37671776764769
1366.0625 25.632575360819057 23.37758761183936
1366.5625 25.634380819011863 23.378450256582276
1367.0625 25.63620138122515 23.37933175974635
1367.5625 25.638052922979575 23.380212185177392
1368.0625 25.63987620078352 23.381084695422473
1368.5625 25.64167521671155 23.381976197288633
1369.0625 25.643493380301628 23.38284570638697
1369.5625 25.645268556945307 23.383719698185274
1370.0625 25.647094704184425 23.38461477433803
1370.5625 25.648890488131354 23.38549596092792
1371.0625 25.650658606975306 23.386384425175514
1371.5625 25.65246655778561 23.3872656129325
1372.0625 25.654247195786937 23.38815897788553
1372.5625 25.65601295444405 23.38904140889052
1373.0625 25.657836473131354 23.389924765730736
1373.5625 25.659579769953748 23.390812916104096
1374.0625 25.661357486204082 23.391715783341745
1374.5625 25.663119370347196 23.392608917504308
1375.0625 25.66489465794199 23.39349800648688
1375.5625 25.666659139117453 23.394395289488
1376.0625 25.668421985940057 23.395284837617627
1376.5625 25.670175098680616 23.396190486009218
1377.0625 25.67191420950673 23.39709271751689
1377.5625 25.673683053125224 23.39799072809001
1378.0625 25.67541641338528 23.39889574578875
1378.5625 25.67717484518522 23.399800228838238
1379.0625 25.678915031963207 23.400715729521586
1379.5625 25.6806321617086 23.401615157674236
1380.0625 25.682364882240094 23.402516801612705
1380.5625 25.684109222698567 23.403431732396722
1381.0625 25.685842670005012 23.40433309498713
1381.5625 25.687575224882217 23.405267310217003
1382.0625 25.689258007399538 23.40616002696088
1382.5625 25.691021399523372 23.40708507926474
1383.0625 25.692728420285007 23.407992171001798
1383.5625 25.694444997044133 23.408893962845355
1384.0625 25.696133743850975 23.409820185423754
1384.5625 25.697859890896105 23.41075778743982
1385.0625 25.69954185675413 23.41166947698463
1385.5625 25.701236517901474 23.412594485925506
1386.0625 25.702933062707046 23.41350206205384
1386.5625 25.70463464202077 23.414437124289222
1387.0625 25.706294931151902 23.415359243188124
1387.5625 25.70797620929597 23.416285281454783
1388.0625 25.709693667007155 23.417205747481198
1388.5625 25.71132792793871 23.418138363309417
1389.0625 25.713006777042725 23.419071438149825
1389.5625 25.71465359095823 23.420011585164495
1390.0625 25.71631252958597 23.420948347363016
1390.5625 25.717988864920667 23.421871329013353
1391.0625 25.719666726659554 23.42280519573213
1391.5625 25.721297632414995 23.423728781163653
1392.0625 25.72293940143208 23.42467830798658
1392.5625 25.7246209692004 23.425611509327076
1393.0625 25.726275528099173 23.426551670616465
1393.5625 25.727858088562154 23.427491335340918
1394.0625 25.729477257974477 23.428444035093495
1394.5625 25.731115837453626 23.429376030568704
1395.0625 25.732746572153353 23.43032026459369
1395.5625 25.73432595306866 23.43127307681451
1396.0625 25.735973123894507 23.43221078520959
1396.5625 25.737553694585277 23.433154789108062
1397.0625 25.739160991816203 23.434101893253647
1397.5625 25.740747045355754 23.435053895570704
1398.0625 25.742373932192876 23.43600292773617
1398.5625 25.74395937175984 23.436957203306036
1399.0625 25.745500424744975 23.43790805943341
1399.5625 25.747115573275103 23.4388623868539
1400.0625 25.74866054753372 23.439813785974543
1400.5625 25.75025131639635 23.440774862606162
1401.0625 25.751816693586452 23.441725579366206
1401.5625 25.75340113543941 23.442687233298575
1402.0625 25.754955677669322 23.44364758508891
1402.5625 25.756467314725104 23.44460887756654
1403.0625 25.758040475548356 23.44556863636152
1403.5625 25.75955961497391 23.44653096299737
1404.0625 25.761090977518784 23.44748619082496
1404.5625 25.762643582156098 23.44844615743545
1405.0625 25.76417917298555 23.449422979462234
1405.5625 25.765686879040356 23.450388748889274
1406.0625 25.76719668904746 23.451356403978963
1406.5625 25.768709647651946 23.45232813789444
1407.0625 25.770214275048 23.45330105202043
1407.5625 25.771736726809195 23.454260264734156
1408.0625 25.773198333772662 23.45523814301401
1408.5625 25.774696626642218 23.456218152547017
1409.0625 25.776201802631817 23.457196527165735
1409.5625 25.777651263355725 23.458169042707237
1410.0625 25.779133747923964 23.459144717729927
1410.5625 25.78057989670473 23.46012777911621
1411.0625 25.78203913359898 23.46111069218346
1411.5625 25.783525243339614 23.46207783951855
1412.0625 25.784965896427224 23.463071300999943
