FastTrWP/PhaseSpace/IAs/snIa_0.68_30.00_-0.61_0.13.csv
# %ECSV 0.9
# ---
# datatype:
# - {name: time-rel, datatype: float64}
# - {name: g, datatype: float64}
# - {name: i, datatype: float64}
# schema: astropy-2.0
time-rel g i
[from data line 703]
-17.5 24.608716210418894 22.366415539212245
-17.0 24.608511133038917 22.36542430742468
-16.5 24.608280981545537 22.3644297529109
-16.0 24.608066174168165 22.363438825561825
-15.5 24.60784732854942 22.362452553750533
-15.0 24.607634137766993 22.361471136750936
-14.5 24.60744835708679 22.36050277083499
-14.0 24.607267915943186 22.35952302772636
-13.5 24.60707298092987 22.35855430319317
-13.0 24.606921864965756 22.3575871239138
-12.5 24.606765006338748 22.35662404430836
-12.0 24.60659661327293 22.355659380099368
-11.5 24.606431525070604 22.35470149972671
-11.0 24.60629034559247 22.353755713508576
-10.5 24.606170342688923 22.352811129298964
-10.0 24.606028080920392 22.3518621324639
-9.5 24.605898893409158 22.350925179976034
-9.0 24.60579428107405 22.34997498393614
-8.5 24.60568858921357 22.34904988350666
-8.0 24.60559421875281 22.348118573498855
-7.5 24.605506883202768 22.347184360636273
-7.0 24.60540057986714 22.346271082843433
-6.5 24.60532105445686 22.34534718977958
-6.0 24.60523788162289 22.34442433202567
-5.5 24.60516111227086 22.343516383643735
-5.0 24.60509196270977 22.342604578163655
-4.5 24.60504084433608 22.341698069585902
-4.0 24.604997594595904 22.340794768365583
-3.5 24.604972884604667 22.339898345907233
-3.0 24.60492190991666 22.339003880956074
-2.5 24.604891453685475 22.33810996502102
-2.0 24.604862826611956 22.33721989836851
-1.5 24.60485070746591 22.336333242112453
-1.0 24.604840667261914 22.335454270964092
-0.5 24.60482958155795 22.334572383004506
0.0 24.604805950782985 22.333694145360088
0.5 24.60482783355863 22.33282969638763
1.0 24.604826729572213 22.33196096107711
1.5 24.604818632152554 22.331099977457413
2.0 24.604841556573707 22.330243067360765
2.5 24.604876601945193 22.32937532702453
3.0 24.604908666489237 22.328519450582665
3.5 24.60496279128149 22.327669501369094
4.0 24.604973161828994 22.326825538420877
4.5 24.605033713012617 22.325979520676817
5.0 24.60506934454863 22.32513724987672
5.5 24.605119227595406 22.3242993323699
6.0 24.605197589284504 22.32347500147148
6.5 24.60524817909039 22.32264082190964
7.0 24.605332886731496 22.32181378491123
7.5 24.60542270726691 22.320986794399104
8.0 24.605484348832253 22.32016169429835
8.5 24.60561888651048 22.319353053229875
9.0 24.60573103487288 22.318539414777447
9.5 24.60584714032582 22.31772865799197
10.0 24.605981698487373 22.31692271946187
10.5 24.60613738704773 22.316120435367978
11.0 24.606282587625653 22.315317075078923
11.5 24.606470400148112 22.314522957709094
12.0 24.6066325153018 22.31372587141905
12.5 24.60681001585509 22.312937750879847
13.0 24.606991032978527 22.31215066952016
13.5 24.60719503080824 22.311364575135176
14.0 24.607408001887055 22.310590388966407
14.5 24.607637217683937 22.309811243512307
15.0 24.607839199257015 22.309042583399275
15.5 24.6080953340692 22.308276111878442
16.0 24.608330595551223 22.3075115447714
16.5 24.60855935412347 22.306744059043147
17.0 24.60883299223245 22.30598098573685
17.5 24.609095265697917 22.305222534505287
18.0 24.609354738893757 22.304466219568937
18.5 24.609649944780386 22.30371911361745
19.0 24.609931248196084 22.302971336508577
19.5 24.61020324463782 22.30222870190893
20.0 24.61050726179575 22.301489810270123
20.5 24.610825327806396 22.300749830887433
21.0 24.61113273716021 22.300009159224704
21.5 24.61144543254511 22.299285839209464
22.0 24.611792678374886 22.298550896993433
22.5 24.61212497361632 22.29783594272032
23.0 24.61244756361954 22.297109288089636
23.5 24.61277459239762 22.296388357869994
24.0 24.613140770813935 22.29567384229576
24.5 24.6134943070245 22.294955342922055
25.0 24.613850248574135 22.294247915146677
25.5 24.61420607389108 22.29354341305551
26.0 24.6145783076178 22.29283089162761
26.5 24.61494099895112 22.292126448593503
27.0 24.6153259200771 22.2914307025224
27.5 24.61569703513167 22.2907396944805
28.0 24.61608677352914 22.290052009274355
28.5 24.61647200697618 22.289359685128556
29.0 24.61686563966001 22.288672965020698
29.5 24.617277943535115 22.287987662895752
30.0 24.617666559136765 22.28731559989109
30.5 24.61807067825269 22.28662988645607
31.0 24.61847218234786 22.28595694927874
31.5 24.618888281054566 22.28528261834525
32.0 24.61931488232824 22.28461334991517
32.5 24.619712241578213 22.283946334772512
33.0 24.620143659206942 22.28327667711173
33.5 24.62055739819541 22.28262087644982
34.0 24.62099265569998 22.28196340083652
34.5 24.621415983498398 22.28130879051909
35.0 24.6218502385518 22.2806523824891
35.5 24.62228940497402 22.280005771621234
36.0 24.622699616252113 22.2793577311158
36.5 24.62312852171278 22.27871447210476
37.0 24.623553847906514 22.27806948886778
37.5 24.624004447604094 22.2774315733407
38.0 24.624440668814863 22.27679824545835
38.5 24.6248834752873 22.27616852511204
39.0 24.625304665469905 22.27553583514696
39.5 24.625746095817824 22.274906677169515
40.0 24.62618934213158 22.27428168725934
40.5 24.62663249322771 22.273660474815138
41.0 24.627090393838742 22.273032945108483
41.5 24.627506304730137 22.272420492754637
42.0 24.6279551298181 22.271806538322082
42.5 24.62839987350844 22.2711896988262
43.0 24.62882961406715 22.270581580925864
43.5 24.62926800997488 22.269982041877597
44.0 24.62971606157116 22.26937135999924
44.5 24.63014216424526 22.26876942678885
45.0 24.63057078514968 22.268166682887856
45.5 24.631015906391774 22.267581683308254
46.0 24.63142455809653 22.266979486883724
46.5 24.631864136584 22.266396035175763
47.0 24.632303658699144 22.265797844850866
47.5 24.632738207868677 22.265209327456347
48.0 24.63316976245874 22.264628250351596
48.5 24.633591508594442 22.26404735625058
49.0 24.634044923703122 22.26346976903917
49.5 24.634496723970592 22.262891035927915
50.0 24.6349245561032 22.262318215657487
50.5 24.635369922543706 22.261743716895516
51.0 24.635816613812878 22.261171714232116
51.5 24.636270063591272 22.26061160051357
52.0 24.63672846327553 22.260045374525546
52.5 24.637184244206047 22.259487170211063
53.0 24.637657873376003 22.258925931768538
53.5 24.638114657747956 22.25836427336512
54.0 24.6385894357998 22.257814950913215
54.5 24.639056556731596 22.257255393687704
55.0 24.639503128344945 22.256710947121814
55.5 24.63998215793154 22.25615948965199
56.0 24.640467449290938 22.255616441213043
56.5 24.640929575352132 22.2550785288311
57.0 24.64141769541576 22.254531405265546
57.5 24.64191363478388 22.254002109458014
58.0 24.642393665584432 22.253465579320228
58.5 24.64287585126026 22.25293603350819
59.0 24.64336707395812 22.25240906086349
59.5 24.643845804794083 22.25187830045488
60.0 24.64434883570867 22.251354852428502
60.5 24.644837830082558 22.250834554794217
61.0 24.64535142218244 22.250307512577706
61.5 24.645849476176046 22.249803745012855
62.0 24.646355004921364 22.249286463375686
62.5 24.646861778060053 22.24877219405296
63.0 24.647375470758 22.248265355916
63.5 24.647894888062886 22.247756638254586
64.0 24.648404039529566 22.24725361336805
64.5 24.648921512995653 22.246756765048744
65.0 24.649459958194853 22.246256168565274
65.5 24.649974103575644 22.245761015530363
66.0 24.65050073941594 22.24527430663132
66.5 24.651021839343848 22.244783153454037
67.0 24.651561478041316 22.24429503781854
67.5 24.65208333135579 22.243807721541383
68.0 24.65261782559043 22.24332579957867
68.5 24.653166771690856 22.24284743804469
69.0 24.65371727027479 22.242377785498913
69.5 24.654243515636143 22.241899616867272
70.0 24.654815675237444 22.241427670773454
70.5 24.655357560314663 22.240965634106153
71.0 24.655901296960636 22.240493835149376
71.5 24.656475295182155 22.24003569952859
72.0 24.657033052196216 22.239580121182833
72.5 24.657582854200975 22.239115335901364
73.0 24.658164049963773 22.2386626899227
73.5 24.658725241895265 22.238213026665168
74.0 24.659292575605622 22.237763854974162
74.5 24.659861288628115 22.237315264605968
75.0 24.660444467170215 22.236875448120287
75.5 24.661023068675515 22.23643514405516
76.0 24.66158463844632 22.23599690610846
76.5 24.662183167770667 22.235567172773095
77.0 24.662769671400255 22.235131469546054
77.5 24.663359384102893 22.234703636569016
78.0 24.663954377512617 22.234267931999007
78.5 24.6645493873324 22.23385068993033
79.0 24.665153861912028 22.233430038099545
79.5 24.665756468938195 22.23301809899884
80.0 24.666342589956578 22.23259308612287
80.5 24.666965945562836 22.232186448362235
81.0 24.66757385625877 22.23177498130882
81.5 24.668179113417654 22.231369284990173
82.0 24.66880537558652 22.230966573305118
82.5 24.669417597646163 22.230568281502798
83.0 24.670029524437005 22.23017253720952
83.5 24.670667797767777 22.229775503314396
84.0 24.671284455349234 22.229388219410055
84.5 24.67189440208395 22.228995726272224
85.0 24.672544443102716 22.228607529385194
85.5 24.673186003262032 22.22822657045
86.0 24.673828085234597 22.227843493985393
86.5 24.674469375300024 22.227472119457396
87.0 24.675099223616744 22.22709377447461
87.5 24.67576353152355 22.22672695241174
88.0 24.676399118705138 22.226354833054476
88.5 24.67707427616034 22.22598865914906
89.0 24.67772135123161 22.22563141758819
89.5 24.67837293530955 22.225262836146772
90.0 24.679032797108377 22.22490466875968
90.5 24.679696082473974 22.22455338141224
91.0 24.680362787071463 22.224191764009518
91.5 24.681036287369665 22.22384109101837
92.0 24.68171399170018 22.22350084325821
92.5 24.682392451420114 22.223149400533522
93.0 24.683054302053513 22.222808953347155
93.5 24.683761232061393 22.22246851948028
94.0 24.684429033884552 22.222129646774505
94.5 24.685115939223785 22.221789818814543
95.0 24.68581503867849 22.221460519209828
95.5 24.686510779824474 22.221127711023346
96.0 24.68719144849487 22.220798886055988
96.5 24.687913933776997 22.22047245947108
97.0 24.688599815464517 22.22015039628984
97.5 24.689329801918834 22.219835216077584
98.0 24.69002643657322 22.219515404324174
98.5 24.69072410545904 22.21919425328896
99.0 24.69144333823931 22.218889273783255
99.5 24.69216613196156 22.218578727743385
100.0 24.692888873604716 22.21827277341735
100.5 24.693616645470545 22.21796002662839
101.0 24.694327092126297 22.21766341065715
101.5 24.695069208041307 22.217367853556244
102.0 24.69582704119167 22.217067356214223
102.5 24.696523915978 22.216774722166598
103.0 24.697277558105142 22.21648395227017
103.5 24.69802546862653 22.216191560184583
104.0 24.698750159655134 22.215905339794773
104.5 24.69950208082341 22.215617285046626
105.0 24.700265438880855 22.215342788627574
105.5 24.701032134411154 22.215062652344333
106.0 24.70176758626714 22.214793001458595
106.5 24.70254847900406 22.214520259477865
107.0 24.703288646106078 22.2142444797781
107.5 24.70405707870025 22.213980361466223
108.0 24.704838750463296 22.213720142003268
108.5 24.70559241368193 22.213449259047845
109.0 24.70641129361774 22.213188924699082
109.5 24.70717498349103 22.212933034384985
110.0 24.707945461376013 22.212687896036172
110.5 24.70874278255982 22.21243307256815
111.0 24.709532796603 22.212181736209136
111.5 24.710320677160897 22.21193917863408
112.0 24.711132961983274 22.21169796409292
112.5 24.711927491251906 22.21145591287689
113.0 24.712720974861032 22.21121455179873
113.5 24.713542867104398 22.21099008013722
114.0 24.714328898432477 22.210761302885864
114.5 24.715133083521724 22.210523623200448
115.0 24.715955944728634 22.21029552708721
115.5 24.716783681990417 22.210071687651755
116.0 24.71759841751403 22.209851082960263
116.5 24.71842279826708 22.20963865359211
117.0 24.719247006178904 22.20942000747062
117.5 24.72009121172315 22.20921266604957
118.0 24.720934878382256 22.20899996159931
118.5 24.721764705841572 22.208796722373275
119.0 24.72261770219744 22.208593741206837
119.5 24.723431726586405 22.20839060481139
120.0 24.724297836486755 22.208193475231397
120.5 24.72513969090631 22.207997900621915
121.0 24.725991579482898 22.207803925927344
121.5 24.72687094961184 22.207613894730194
122.0 24.72770239219372 22.207434706619516
122.5 24.728567582841098 22.207244429337244
123.0 24.729473749069225 22.207065860613262
123.5 24.730312405024442 22.20688900044928
124.0 24.731188266028887 22.206709428546073
124.5 24.732061329939626 22.20654398294315
125.0 24.732944650350905 22.20636905534201
125.5 24.733826439479092 22.206200738003396
126.0 24.734729181273845 22.206040526547657
126.5 24.735638341405007 22.205885248069507
127.0 24.73650084126581 22.205718268490262
127.5 24.737416620790302 22.205571711432395
128.0 24.738325434099306 22.20542054042335
128.5 24.73922796871165 22.205273448602476
129.0 24.74013861298012 22.20512396400329
129.5 24.741039385321677 22.204983651786034
130.0 24.74197967706978 22.2048453890373
130.5 24.742895174715997 22.204711985988958
131.0 24.74380609690606 22.204575477783184
131.5 24.74474714678791 22.204446200813628
132.0 24.745695879117584 22.204312981214503
132.5 24.74661338251718 22.204195900223223
133.0 24.747567516959563 22.204076179342437
133.5 24.748515649524915 22.203963505713084
134.0 24.749456272713868 22.203845589129564
134.5 24.75042083172297 22.203729223824197
135.0 24.75139354337101 22.203627030813735
135.5 24.752355451189555 22.203519862168946
136.0 24.75331700923288 22.20341838880504
136.5 24.75428850961865 22.203315299657177
137.0 24.755262866982267 22.20321354002421
137.5 24.756234823940225 22.203120391152275
138.0 24.75722508669535 22.203033745395388
138.5 24.758186895864274 22.20294182304039
139.0 24.75920971868504 22.202856316075824
139.5 24.760204289284353 22.202778860270822
140.0 24.761193331169217 22.202694834508335
140.5 24.762191067747604 22.20261119524594
141.0 24.763198881486584 22.202542684941378
141.5 24.764196418376343 22.20246980611695
142.0 24.765211762653433 22.202399873672544
142.5 24.766219259672013 22.202335630112234
143.0 24.767259067315152 22.202276684028142
143.5 24.768275496719166 22.202212969042634
144.0 24.76927701197228 22.202150426064712
144.5 24.770324752471772 22.2020942192654
145.0 24.771346101896974 22.202038984542497
145.5 24.772412157481035 22.201995616371363
146.0 24.773448047476485 22.201936156862956
146.5 24.77448263920146 22.20189620218196
147.0 24.775535209672007 22.20184698372764
147.5 24.776576313360597 22.20180609703096
148.0 24.77761829491637 22.201770216765237
148.5 24.77871691012811 22.201735535167458
149.0 24.779766934343385 22.20170140387598
149.5 24.780821373563935 22.201668922176104
150.0 24.781898458798587 22.201637188199967
150.5 24.78294985771872 22.201613839022244
151.0 24.7840314079426 22.201589202032107
151.5 24.785107477977316 22.20156844090331
152.0 24.786208647158702 22.201547004692532
152.5 24.787277559555925 22.20152967499275
153.0 24.7883595922821 22.201519554869517
153.5 24.78945151762188 22.201498448569005
154.0 24.790538715016122 22.2014892559867
154.5 24.791669931437212 22.201480422567144
155.0 24.792742993352807 22.20147840499209
155.5 24.793858842388467 22.201470104615034
156.0 24.794945700757268 22.201473809195164
156.5 24.796053794203967 22.20146948164871
157.0 24.797176609896916 22.201470445407303
157.5 24.798281573917546 22.201475596788796
158.0 24.799409944081813 22.201481007985166
158.5 24.800522255875155 22.201493657365123
159.0 24.801647518941266 22.20150355410513
159.5 24.80280239609405 22.20151783300846
160.0 24.80390976990071 22.20153739504759
160.5 24.805059261649255 22.201552680622747
161.0 24.806191716023296 22.20157085693717
161.5 24.807342426753035 22.20159100340295
162.0 24.808469016943555 22.201615717285247
162.5 24.80959764080354 22.201639156831902
163.0 24.810758371877213 22.20167045084564
163.5 24.811886613302594 22.201691219809785
164.0 24.81306563144859 22.201725812116
164.5 24.81422159055751 22.201757914965544
165.0 24.81538008983689 22.201795174030767
165.5 24.816532574959773 22.20182906036444
166.0 24.817712123782087 22.201864818798114
166.5 24.81885048128262 22.20190543313752
167.0 24.820045319667795 22.201946556677644
167.5 24.821205713688016 22.201993000732752
168.0 24.822391830096407 22.20203569058329
168.5 24.82356128638021 22.202089853623043
169.0 24.824726266826183 22.20213880436369
169.5 24.825944310796476 22.202186466904728
170.0 24.82710970234683 22.202246637466672
