FastTrWP/PhaseSpace/IAs/snIa_0.39_30.00_-0.14_-0.03.csv
# %ECSV 0.9
# ---
# datatype:
# - {name: time-rel, datatype: float64}
# - {name: g, datatype: float64}
# - {name: i, datatype: float64}
# schema: astropy-2.0
time-rel g i
[from data line 1155]
769.1041666666665 23.193358278015893 22.482436536517643
769.6041666666666 23.194501554366095 22.482540971040986
770.1041666666666 23.195663001801698 22.482652419482484
770.6041666666665 23.19681575198615 22.482767823556657
771.1041666666666 23.19797626428443 22.482883678786052
771.6041666666666 23.19914331223689 22.482997553730822
772.1041666666665 23.20030312563145 22.483117007040224
772.6041666666666 23.201480545231632 22.48324504487129
773.1041666666666 23.202644379179105 22.48335983238028
773.6041666666665 23.203815884062685 22.483481681008982
774.1041666666666 23.204988093438153 22.483612558810346
774.6041666666666 23.20616347575953 22.483743404407164
775.1041666666665 23.2073450242953 22.48388142002229
775.6041666666666 23.20852491522264 22.484002943289035
776.1041666666666 23.20971594814427 22.484144123473406
776.6041666666665 23.210899456310212 22.48427785286845
777.1041666666666 23.21208908349915 22.48442089381363
777.6041666666666 23.21327091451247 22.484551612230057
778.1041666666665 23.214465591633346 22.484703742860383
778.6041666666666 23.215668731085994 22.48485063024551
779.1041666666666 23.21685677195516 22.484998733859722
779.6041666666665 23.218064381555344 22.485138028769846
780.1041666666666 23.219255636215053 22.485294801251694
780.6041666666666 23.2204638781468 22.485452979568713
781.1041666666665 23.22167207820144 22.485606020277075
781.6041666666666 23.222876716385606 22.485758801438955
782.1041666666666 23.22407436902364 22.485926419364436
782.6041666666665 23.225294698844593 22.486086760719836
783.1041666666666 23.226520455034752 22.48624623272352
783.6041666666666 23.227729074018516 22.48640818529449
784.1041666666665 23.22895178560057 22.486576095421444
784.6041666666666 23.230168323134613 22.486743711718958
785.1041666666666 23.231388961923027 22.48691876486336
785.6041666666665 23.23261508627617 22.487089204516938
786.1041666666666 23.233842968563753 22.487266777032538
786.6041666666666 23.23507516081573 22.487440231788632
787.1041666666665 23.23629929689496 22.487619894806897
787.6041666666666 23.237519499946067 22.48779938547687
788.1041666666666 23.23876890783682 22.48798520685929
788.6041666666665 23.240009109161782 22.488165357412342
789.1041666666666 23.241241908134352 22.488347312342846
789.6041666666666 23.24247832396508 22.488534558084922
790.1041666666665 23.24373188824266 22.48872465527593
790.6041666666666 23.24497933262962 22.488922639888067
791.1041666666666 23.24621665754652 22.48911230289987
791.6041666666665 23.247475398163143 22.489309329021737
792.1041666666666 23.248712398118375 22.489506251119764
792.6041666666666 23.24996778295734 22.48970540966019
793.1041666666665 23.25121966524658 22.4899005770494
793.6041666666666 23.252480061800792 22.490103989685974
794.1041666666666 23.253737727187126 22.490307208139072
794.6041666666665 23.255009866249846 22.49052450396619
795.1041666666666 23.25627269274964 22.490724358624043
795.6041666666666 23.257540547668714 22.490936551774702
796.1041666666665 23.258805864803055 22.491150148887446
796.6041666666666 23.260081544005253 22.491357189390317
797.1041666666666 23.261368628298904 22.491582451263916
797.6041666666665 23.262645576734627 22.49179808572827
798.1041666666666 23.263932819998566 22.492024574005775
798.6041666666666 23.26522912409915 22.49224098194064
799.1041666666665 23.26651305277396 22.4924648375559
799.6041666666666 23.26780707403648 22.49268914370777
800.1041666666666 23.269104656632763 22.4929219393081
800.6041666666665 23.27041683529538 22.493155094411286
801.1041666666666 23.271722310750185 22.49338650827806
801.6041666666666 23.2730336617858 22.49361638961362
802.1041666666665 23.27432138328783 22.493851390014477
802.6041666666666 23.275647760221222 22.494096129615116
803.1041666666666 23.27697287927039 22.494333133654173
803.6041666666665 23.278283885246683 22.49457556577566
804.1041666666666 23.279607006637452 22.494819172397527
804.6041666666666 23.280928730242554 22.4950683558356
805.1041666666665 23.282254037369675 22.495322073098883
805.6041666666666 23.283582312701782 22.495560933461082
806.1041666666666 23.284917059170112 22.495814461761437
806.6041666666665 23.286240995314017 22.496074712942253
807.1041666666666 23.287572785682414 22.496329925941254
807.6041666666666 23.28891429660382 22.496582383927922
808.1041666666665 23.290259608490594 22.496850806536607
808.6041666666666 23.29159531045249 22.49711299778834
809.1041666666666 23.292937862502015 22.49738071959778
809.6041666666665 23.294280447119917 22.49763886562185
810.1041666666666 23.295626284029034 22.49791021949886
810.6041666666666 23.296977277408203 22.498175888184303
811.1041666666665 23.298325827123797 22.498458530092794
811.6041666666666 23.299680320313982 22.498723710186482
812.1041666666666 23.30103682741051 22.499005603173007
812.6041666666665 23.302389515511518 22.49928515362289
813.1041666666666 23.303741981102238 22.499564877830686
813.6041666666666 23.305097806275377 22.49984425248501
814.1041666666665 23.3064530059487 22.50012928617673
814.6041666666666 23.30780950622173 22.50041594296132
815.1041666666666 23.309177784981404 22.500699030070447
815.6041666666665 23.310535586267438 22.500993766037727
816.1041666666666 23.311903010279636 22.501292269723034
816.6041666666666 23.31327276830271 22.501578736434546
817.1041666666665 23.31463319688277 22.50187542879282
817.6041666666666 23.31599503313663 22.502181947578045
818.1041666666666 23.31737217890426 22.502478447511898
818.6041666666665 23.31873640956346 22.502779179361347
819.1041666666666 23.32009739523793 22.503095395130064
819.6041666666666 23.32146827439737 22.503392755787182
820.1041666666665 23.322840622353915 22.503699696541666
820.6041666666666 23.324213948402793 22.504009633283026
821.1041666666666 23.32557896388536 22.50433341596755
821.6041666666665 23.326950937368707 22.504637833171387
822.1041666666666 23.328321397114166 22.504959616881024
822.6041666666666 23.32969237167157 22.505267514050576
823.1041666666665 23.33105532022578 22.505596993124215
823.6041666666666 23.33243333514124 22.505913319040722
824.1041666666666 23.333807523697338 22.50623613995504
824.6041666666665 23.335166461359545 22.50656399251728
825.1041666666666 23.336548562119503 22.506888536560176
825.6041666666666 23.33789919963474 22.50722276735918
826.1041666666665 23.339279903671482 22.5075523593219
826.6041666666666 23.340646158358926 22.507887056585254
827.1041666666666 23.342014473444358 22.508217102018534
827.6041666666665 23.343395926684313 22.50856111399516
828.1041666666666 23.344770733604538 22.508899347254022
828.6041666666666 23.346137512733076 22.509248174917815
829.1041666666665 23.347508484130298 22.509586411739026
829.6041666666666 23.34888458170041 22.509935580281795
830.1041666666666 23.350273198054794 22.510287849103747
830.6041666666665 23.351646165631937 22.51063697448723
831.1041666666666 23.353020116702567 22.510988105047293
831.6041666666666 23.354405515673392 22.511348742886817
832.1041666666665 23.355791516913577 22.51169984947918
832.6041666666666 23.357166998067026 22.512065206447552
833.1041666666666 23.358556627074584 22.512424201330408
833.6041666666665 23.359930303251982 22.512792535046483
834.1041666666666 23.361326436200883 22.51316194723131
834.6041666666666 23.36271280514756 22.513526186555946
835.1041666666665 23.36411197190046 22.513896008427587
835.6041666666666 23.365494902737623 22.51427249773321
836.1041666666666 23.366888182077293 22.514638922362863
836.6041666666665 23.36828881321862 22.515019288198694
837.1041666666666 23.369674422693997 22.51540160962282
837.6041666666666 23.371069751221967 22.515783627693256
838.1041666666665 23.37247450165677 22.51616280237846
838.6041666666666 23.37386404457943 22.516552292360636
839.1041666666666 23.3752675527235 22.51694210241531
839.6041666666665 23.376663255481436 22.517325247002688
840.1041666666666 23.3780677225703 22.517719313246186
840.6041666666666 23.379469347631723 22.51811283839396
841.1041666666665 23.380869492200205 22.51850395286962
841.6041666666666 23.382272463961364 22.518903349041373
842.1041666666666 23.38368696488875 22.519303779667563
842.6041666666665 23.385092481525277 22.519705069178684
843.1041666666666 23.38648799583734 22.520109249518427
843.6041666666666 23.387894273163536 22.520513749184794
844.1041666666665 23.389309427549975 22.520915862620786
844.6041666666666 23.390722799537777 22.521336003853833
845.1041666666666 23.3921306911906 22.521748298044095
845.6041666666665 23.39354713163975 22.522156059747743
846.1041666666666 23.39495142580041 22.522576715823995
846.6041666666666 23.396357413859498 22.522990478921905
847.1041666666665 23.397787505986415 22.523414208746253
847.6041666666666 23.39919615971691 22.523830808513257
848.1041666666666 23.40060816087363 22.524253018071015
848.6041666666665 23.402028894031133 22.524676712817406
849.1041666666666 23.403446896142263 22.52510595176666
849.6041666666666 23.40486411211405 22.52552956155165
850.1041666666665 23.406275391119618 22.525971449226674
850.6041666666666 23.407698478336066 22.52639930291608
851.1041666666666 23.409118288590832 22.52683554083137
851.6041666666665 23.410543540441473 22.52726748913647
852.1041666666666 23.411963225588647 22.52771349256594
852.6041666666666 23.413385098861433 22.528153651390763
853.1041666666665 23.414805589517343 22.528595769577507
853.6041666666666 23.41622347882278 22.529049611068196
854.1041666666666 23.417649105972252 22.529484877617165
854.6041666666665 23.419081247917568 22.529936560577557
855.1041666666666 23.42050822573956 22.530380171368094
855.6041666666666 23.42192621881159 22.530831632820785
856.1041666666665 23.423349901487782 22.53129470003917
856.6041666666666 23.424777745666205 22.53174456480853
857.1041666666666 23.42620326596108 22.532204412095123
857.6041666666665 23.42763359740487 22.532669134900782
858.1041666666666 23.429057101560243 22.533129066596306
858.6041666666666 23.430484729264546 22.533594693534063
859.1041666666665 23.431912453102775 22.53405758271063
859.6041666666666 23.433341163676424 22.534520561360587
860.1041666666666 23.43477324338664 22.53498918359159
860.6041666666665 23.436210036914687 22.535463012097203
861.1041666666666 23.437633156036192 22.53593964445409
861.6041666666666 23.439061732596265 22.536401438548253
862.1041666666665 23.440502652620832 22.536888917444642
862.6041666666666 23.441925005204528 22.537366511080506
863.1041666666666 23.443365944128523 22.53785380291998
863.6041666666665 23.444795143724285 22.538333982027204
864.1041666666666 23.446230497901887 22.53882569286507
864.6041666666666 23.44766851024044 22.539310051619456
865.1041666666665 23.449102474708184 22.53979837333299
865.6041666666666 23.450541006751074 22.540291922811804
866.1041666666666 23.451977690403382 22.540784987017098
866.6041666666665 23.45341315118066 22.54128678861321
867.1041666666666 23.454852541661303 22.541779675473464
867.6041666666666 23.456286233558075 22.542275042201855
868.1041666666665 23.457741824745526 22.54278331372875
868.6041666666666 23.45916711067791 22.543294189820863
869.1041666666666 23.46061600109754 22.54379951049506
869.6041666666665 23.46204087495127 22.54431171840231
870.1041666666666 23.46349526859631 22.544816842240984
870.6041666666666 23.46494259886162 22.545334493570213
871.1041666666665 23.466391202611334 22.545846954353948
871.6041666666666 23.467835463113126 22.54636547182357
872.1041666666666 23.469276947344433 22.54689784835999
872.6041666666665 23.470723601052246 22.54740833002327
873.1041666666666 23.47217452685031 22.54792849677439
873.6041666666666 23.47361808832105 22.548456679566264
874.1041666666665 23.475066286126722 22.548978828850224
874.6041666666666 23.476516820175984 22.549510561210194
875.1041666666666 23.477973746642654 22.55004248530024
875.6041666666665 23.479415758745006 22.550577146753223
876.1041666666666 23.480870907959446 22.551114217670168
876.6041666666666 23.482320919077946 22.551651399618503
877.1041666666665 23.483783068580003 22.552194118838102
877.6041666666666 23.485221761490862 22.552728538691085
878.1041666666666 23.486693446911637 22.553272290844962
878.6041666666665 23.488139578460764 22.553824294458114
879.1041666666666 23.48959359331439 22.554368592218196
879.6041666666666 23.491067291366207 22.554925993742746
880.1041666666665 23.49252580570074 22.555470431309274
880.6041666666666 23.493979081554613 22.556022792273467
881.1041666666666 23.495439764397283 22.556585228886753
881.6041666666665 23.496903517676277 22.557139966086403
882.1041666666666 23.498365486305385 22.55769466205274
882.6041666666666 23.499824832664157 22.55825748526242
883.1041666666665 23.50128413366464 22.558825121884215
883.6041666666666 23.502755273758645 22.559386794779883
884.1041666666666 23.50422256087647 22.55995099952994
884.6041666666665 23.505685561151314 22.560525218656792
885.1041666666666 23.50714797111161 22.561097506148062
885.6041666666666 23.508619192510324 22.56166944842554
886.1041666666665 23.510099083724725 22.56224239140089
886.6041666666666 23.51157199677135 22.562831527466876
887.1041666666666 23.513039746438693 22.56340165236776
887.6041666666665 23.514508976480094 22.563981847229773
888.1041666666666 23.515988012406183 22.564565051597896
888.6041666666666 23.51746128784063 22.565149395205715
889.1041666666665 23.51893607626363 22.56573379092872
889.6041666666666 23.52041658397413 22.566321214346317
890.1041666666666 23.521882869682944 22.566909180135724
890.6041666666665 23.52335964614148 22.5675001045569
891.1041666666666 23.524848137207695 22.56809886677337
891.6041666666666 23.52632117257108 22.56869595933147
892.1041666666665 23.527820100207126 22.569292302513716
892.6041666666666 23.5292874474643 22.569886891305
893.1041666666666 23.530763465635026 22.570488580967517
893.6041666666665 23.532258525393793 22.571094843934816
894.1041666666666 23.53375260031178 22.571695509026988
894.6041666666666 23.53523002097377 22.57230775873305
895.1041666666665 23.53672006110125 22.57290619517237
895.6041666666666 23.538208089455587 22.5735282259965
896.1041666666666 23.53969101941494 22.57413966915548
896.6041666666665 23.541190531795845 22.574752960213683
897.1041666666666 23.542682752002257 22.57536802542933
897.6041666666666 23.544172671161668 22.575991781348893
898.1041666666665 23.54565961206894 22.576616398519228
898.6041666666666 23.547156795866538 22.577239804677266
899.1041666666666 23.54864873687676 22.57786370322727
899.6041666666665 23.550141704264007 22.578493250792476
900.1041666666666 23.551635822462003 22.579128002274217
900.6041666666666 23.55312330857576 22.579759139074152
901.1041666666665 23.55462167156011 22.58038945220152
901.6041666666666 23.556128910174728 22.58102197686847
902.1041666666666 23.55762052316171 22.58166569551711
902.6041666666665 23.559121040601493 22.582311934010324
903.1041666666666 23.560633242490482 22.582956489637425
903.6041666666666 23.56213132355569 22.583598402354504
904.1041666666665 23.56362699237735 22.584241851851445
904.6041666666666 23.5651334952607 22.58488910476077
905.1041666666666 23.566635396592464 22.58554448602622
905.6041666666665 23.5681486567055 22.586193705703597
906.1041666666666 23.569649540226113 22.58684686311794
906.6041666666666 23.57115952770829 22.587511644480216
907.1041666666665 23.572675995606012 22.588171623651018
907.6041666666666 23.574165708803655 22.588829606183175
908.1041666666666 23.57568016069621 22.589490569825227
908.6041666666665 23.5772013091377 22.590161394415222
909.1041666666666 23.57870476558214 22.59083145758199
909.6041666666666 23.580219335097432 22.591498973507335
910.1041666666665 23.581727597065726 22.5921672278723
910.6041666666666 23.583261099719607 22.592843459652926
911.1041666666666 23.58477235682219 22.593520547060074
911.6041666666665 23.58629018846043 22.594196963958105
912.1041666666666 23.58780633822637 22.594882696448426
912.6041666666666 23.58932871625125 22.59555826495236
913.1041666666665 23.590843464671195 22.596241128623234
