FastTrWP/PhaseSpace/IAs/snIa_0.56_30.00_-1.12_-0.12.csv
# %ECSV 0.9
# ---
# datatype:
# - {name: time-rel, datatype: float64}
# - {name: g, datatype: float64}
# - {name: i, datatype: float64}
# schema: astropy-2.0
time-rel g i
[from data line 2144]
725.5 26.03056290522367 23.16245318022578
726.0 26.030767454376207 23.163654598381736
726.5 26.030927873986688 23.164865293277344
727.0 26.03105998390703 23.16606550006768
727.5 26.031155271276884 23.16727371297844
728.0 26.031209884923634 23.168478237147095
728.5 26.031261389951055 23.169691013888084
729.0 26.031219017481337 23.1708817938093
729.5 26.03115115363911 23.17210567144133
730.0 26.031057480220827 23.17331751631659
730.5 26.030912058543194 23.174525567723485
731.0 26.030728931560873 23.175732765048803
731.5 26.030492224977205 23.17695796912642
732.0 26.030232212569135 23.178175773128174
732.5 26.02993795402249 23.17939141033142
733.0 26.02961249305022 23.180599286872628
733.5 26.029232822492823 23.18182852277321
734.0 26.028776030249126 23.183038000621323
734.5 26.028326235110818 23.184253595703467
735.0 26.02781659287153 23.18547639136097
735.5 26.027270603287764 23.1866959575636
736.0 26.0266890180336 23.18791684088768
736.5 26.02605893867456 23.189131447982902
737.0 26.02538699769104 23.19036388541631
737.5 26.024662840790427 23.191576877549895
738.0 26.023938794709082 23.19280141393459
738.5 26.02313505852697 23.194034512237998
739.0 26.02231920431562 23.19526746176812
739.5 26.021428415483513 23.196492887338223
740.0 26.020522894401196 23.197717691307304
740.5 26.019588142941124 23.198950200020704
741.0 26.018532715497376 23.200179243104515
741.5 26.01750344220459 23.201412790100548
742.0 26.01644541142401 23.202644032000173
742.5 26.015323941846816 23.20388001219368
743.0 26.01415498911336 23.205115689534427
743.5 26.01295127559218 23.206342330972987
744.0 26.011755926825757 23.207578638963685
744.5 26.01043278461105 23.208811503160298
745.0 26.0091185013265 23.21005921188169
745.5 26.0077399880419 23.211288822606274
746.0 26.00633982711099 23.212517602584605
746.5 26.004862226799407 23.213760499023955
747.0 26.00339521057073 23.215000122199246
747.5 26.001857831546484 23.216242886196277
748.0 26.000272273239023 23.217494999208988
748.5 25.998660856854997 23.21873463389654
749.0 25.997007545076297 23.219979216755817
749.5 25.995326755161464 23.221224039635977
750.0 25.99359336358876 23.22247067763707
750.5 25.99181705928935 23.22372258597578
751.0 25.989990750293693 23.224967618348664
751.5 25.98814059628374 23.226204920080036
752.0 25.98623771628369 23.227455134763897
752.5 25.984323356437883 23.228708868505365
753.0 25.98234068507616 23.229953748059206
753.5 25.98029611084645 23.231207725748927
754.0 25.978261666889413 23.2324544331931
754.5 25.976164752949376 23.233712098274196
755.0 25.97402566864382 23.234959485553425
755.5 25.971834630880252 23.236212463189872
756.0 25.969627204468505 23.23747892999773
756.5 25.96739803973737 23.23873638199138
757.0 25.96506956842516 23.23999041169735
757.5 25.96273025270568 23.241250180512914
758.0 25.960355235321657 23.24250789488175
758.5 25.957964569509294 23.24375997503062
759.0 25.95549786155191 23.24502461235683
759.5 25.952946120099 23.246282254102244
760.0 25.950313360917782 23.247550929362085
760.5 25.947617785460395 23.248820677966027
761.0 25.944823004501977 23.25008906889538
761.5 25.942028547709498 23.251349521692802
762.0 25.9391003097679 23.252606617877554
762.5 25.936133037282985 23.253888329084162
763.0 25.933060841795353 23.255155918212438
763.5 25.93001853328564 23.25643151722528
764.0 25.926808832427447 23.257701325319303
764.5 25.923638574528148 23.258978952435957
765.0 25.920359563732347 23.260250062949655
765.5 25.917081748555976 23.261529490226756
766.0 25.913706782715714 23.262800455699583
766.5 25.910275401074244 23.26407927766288
767.0 25.906849066980612 23.265349816896773
767.5 25.903318725587997 23.266646825674275
768.0 25.899777554911086 23.267926019346746
768.5 25.896219452548962 23.269212025094372
769.0 25.892594272755897 23.270486752279172
769.5 25.889002520796957 23.271776463225503
770.0 25.885308734390826 23.273059142044158
770.5 25.88161664942769 23.274347640586328
771.0 25.877866399351316 23.27563783085022
771.5 25.874112968018817 23.2769246660137
772.0 25.870329696069895 23.27822432696545
772.5 25.86652159236933 23.279506984715006
773.0 25.86272804658098 23.28079506141156
773.5 25.858850223168236 23.282091319925865
774.0 25.85503953416222 23.283386022768706
774.5 25.85116761295048 23.284685381165108
775.0 25.84726976802106 23.28597078025436
775.5 25.843398506952468 23.287262786186346
776.0 25.83947843880174 23.288552167381216
776.5 25.835594210080494 23.289862207381233
777.0 25.831682031186286 23.291155263670355
777.5 25.827778953138996 23.29245915575231
778.0 25.82387370872771 23.293763524256413
778.5 25.819955702638303 23.295057002209862
779.0 25.816036068961928 23.29635138725316
779.5 25.812129732949842 23.297657038998672
780.0 25.808294238775076 23.29896175624119
780.5 25.80433351010525 23.300251883930784
781.0 25.800497229084556 23.301564150921426
781.5 25.79661064676373 23.30286619935884
782.0 25.79271564139595 23.3041721339942
782.5 25.788907756905065 23.305472277473832
783.0 25.785076303676206 23.30677832178096
783.5 25.78121880291059 23.308075706102667
784.0 25.777436212423478 23.3093857518066
784.5 25.773666271293724 23.3106901405598
785.0 25.769916211395575 23.31200198860629
785.5 25.766146125278407 23.313307668570296
786.0 25.762450265641526 23.31461360194444
786.5 25.758752637386117 23.315919845963545
787.0 25.755100977650894 23.31723202362861
787.5 25.75150823168108 23.318527824228497
788.0 25.747870099370655 23.319842637623967
788.5 25.74430389907039 23.32115445555441
789.0 25.740720898897457 23.32245189805805
789.5 25.73719887529224 23.323763319243493
790.0 25.733712488315376 23.32507643453413
790.5 25.730284034745594 23.326383549515675
791.0 25.726898352811407 23.327669571603145
791.5 25.72350487890659 23.32900514887455
792.0 25.720154541876234 23.33032005854392
792.5 25.716893800679337 23.331630793425067
793.0 25.713623781563925 23.3329373156386
793.5 25.710398031883337 23.334241207646286
794.0 25.70721982605013 23.335543348080346
794.5 25.704114279317665 23.336850698948798
795.0 25.70102286784495 23.33816047089011
795.5 25.69795658400536 23.339472735722847
796.0 25.694965775503974 23.340777570379814
796.5 25.69201084469388 23.34209785815675
797.0 25.689027306645418 23.343398224538493
797.5 25.686001997610322 23.344710702841297
798.0 25.682994330201268 23.346020437008296
798.5 25.679964103712457 23.347334904134843
799.0 25.67694768514101 23.34864646360903
799.5 25.673897938622076 23.349960592059258
800.0 25.670848784665246 23.35128199004224
800.5 25.667841629253836 23.352586094329393
801.0 25.66474113118291 23.35391333027541
801.5 25.661710634743766 23.355217882035465
802.0 25.658640928270877 23.35653767304801
802.5 25.655618406866626 23.357852490732405
803.0 25.652567840886455 23.359167178810083
803.5 25.649486780635815 23.360490210043654
804.0 25.646464929720224 23.36180719244591
804.5 25.643390524572215 23.36312351258174
805.0 25.6403665449449 23.364451373414926
805.5 25.637300445999344 23.365773258373892
806.0 25.634318617690216 23.367098236224926
806.5 25.631272932628 23.368407335642573
807.0 25.628256484993244 23.369743240330966
807.5 25.6252508865779 23.371063771372327
808.0 25.62225774975111 23.37237591293539
808.5 25.619278281675 23.37370391701379
809.0 25.616314787187477 23.375027379667056
809.5 25.61334850415909 23.37636356413595
810.0 25.610404959909708 23.377678437920665
810.5 25.607502810677815 23.37901138386725
811.0 25.604546246758154 23.38033687031343
811.5 25.601677714118352 23.381660228790327
812.0 25.59878252357369 23.382989008535645
812.5 25.59591913189838 23.384314333345216
813.0 25.593096107412336 23.385649303247856
813.5 25.59024515370588 23.38697353532849
814.0 25.58742483648532 23.38829512044889
814.5 25.58465035797695 23.3896229168483
815.0 25.581913895825664 23.39095585871304
815.5 25.579161291099677 23.39227593953133
816.0 25.576434348040763 23.393596996803694
816.5 25.57375417980285 23.394934168578917
817.0 25.57110679165593 23.396254731926597
817.5 25.5684448020818 23.397589239648866
818.0 25.565827249523213 23.398915349806757
818.5 25.563249973157447 23.40023384771478
819.0 25.560645781647324 23.40156585369386
819.5 25.55815219932247 23.402890144283166
820.0 25.55562341810901 23.404215475744003
820.5 25.55317486742092 23.4055430592593
821.0 25.55072129859773 23.406869311870537
821.5 25.548313475087213 23.408202275795492
822.0 25.545916732480283 23.409521785603626
822.5 25.543561697757475 23.410848540493046
823.0 25.54127031265834 23.412184146202264
823.5 25.53900508792651 23.413502221443355
824.0 25.53673404224728 23.414831124304428
824.5 25.534556381013708 23.416153405896626
825.0 25.532373751460455 23.417475409056557
825.5 25.53023145712981 23.41879826836697
826.0 25.528130440145777 23.420120697891377
826.5 25.52609142207318 23.421441407688057
827.0 25.524072799427906 23.422777121855816
827.5 25.52206461971266 23.42410056161189
828.0 25.520135801158112 23.425410428959385
828.5 25.518213487366637 23.42673745372299
829.0 25.51638602174274 23.428059206617814
829.5 25.51455107444245 23.429379542439918
830.0 25.512774441572276 23.430687005604987
830.5 25.511054324242256 23.432019251906034
831.0 25.509358731624193 23.4333317017693
831.5 25.50773876232902 23.4346552272263
832.0 25.50613246475393 23.43597060343063
832.5 25.504564813454756 23.437279693594817
833.0 25.503065081460722 23.438597709662893
833.5 25.501607330573574 23.43991118011641
834.0 25.500176536514566 23.44123191563427
834.5 25.498784837920823 23.44254164183336
835.0 25.497383275877517 23.44386139852249
835.5 25.496052366063196 23.445183171057415
836.0 25.494699633941828 23.44649034864881
836.5 25.493384814405946 23.447799016329643
837.0 25.492116104189503 23.44911233034984
837.5 25.49083625158611 23.450432314065985
838.0 25.489633715661256 23.451742089757946
838.5 25.488398021152467 23.453048124976462
839.0 25.487271476578833 23.45436407647395
839.5 25.486101036976336 23.455690921856075
840.0 25.484965864874617 23.45700258537684
840.5 25.48386490545483 23.45830506740514
841.0 25.482789324600425 23.45962179615499
841.5 25.4817179579897 23.46094437096271
842.0 25.480711595018413 23.4622570899397
842.5 25.47969110676899 23.463574777966237
843.0 25.478713514108268 23.46487741338229
843.5 25.47775493572205 23.466191872761048
844.0 25.47683303901018 23.467501582008307
844.5 25.47590916047983 23.468810511568616
845.0 25.475031420112785 23.470132423195356
845.5 25.474181196252886 23.47143008360166
846.0 25.473330136498973 23.472739233283892
846.5 25.472526555671564 23.474057201522044
847.0 25.471752726990246 23.475369940612673
847.5 25.470983391164282 23.476686745577275
848.0 25.470231617462467 23.477984449745396
848.5 25.469537424403207 23.47928055392074
849.0 25.468836535277397 23.480602766170588
849.5 25.468187949808975 23.481913321576492
850.0 25.46757533077197 23.483222856713848
850.5 25.466933200080568 23.484533462998026
851.0 25.46632194565249 23.485842991056135
851.5 25.465791217867295 23.487148246077687
852.0 25.4652342849931 23.48844764903685
852.5 25.46470249866642 23.489748455779814
853.0 25.464236534448474 23.491055867642842
853.5 25.463747496950383 23.492357425948377
854.0 25.463319300047978 23.49365119984721
854.5 25.46291415886583 23.49497067062999
855.0 25.462497282479497 23.496265652746633
855.5 25.46213552092949 23.49757315733497
856.0 25.46177850353015 23.49887585644989
856.5 25.461468613001212 23.50017633987578
857.0 25.461132747073766 23.501476897822332
857.5 25.460876328160587 23.502779166482316
858.0 25.46065084664173 23.504078011148962
858.5 25.460401310313646 23.50538070229989
859.0 25.46021391472984 23.506664738588157
859.5 25.460052778531505 23.50797343975833
860.0 25.459897685804993 23.50925796475545
860.5 25.45977477766408 23.510553019083957
861.0 25.45966220376814 23.511851005058023
861.5 25.45958440644697 23.51314874964119
862.0 25.45953268664322 23.514434371394735
862.5 25.459505043669335 23.51571785328078
863.0 25.459511934944715 23.517012530487346
863.5 25.459528981885548 23.518306740813543
864.0 25.459570800188573 23.519602828349253
864.5 25.459636778498048 23.520887669547417
865.0 25.459738978754597 23.52217963875839
865.5 25.459871737969586 23.5234553910123
866.0 25.460005621390373 23.524747586168104
866.5 25.460201443891094 23.526040402920675
867.0 25.46037861147424 23.527325430580575
867.5 25.46061085270302 23.52859599746281
868.0 25.460837227671135 23.52988528333097
868.5 25.46112199725501 23.5311576298656
869.0 25.461398646469906 23.532437926549868
869.5 25.461764605589142 23.533707610113584
870.0 25.462054815595252 23.534996801576156
870.5 25.462479736027852 23.536267412279006
871.0 25.462862672242622 23.53754531461827
871.5 25.46329699587858 23.538824209011068
872.0 25.463728544188253 23.54009047151817
872.5 25.464194837789556 23.541377854413575
873.0 25.464705597508363 23.54263984649025
873.5 25.465251722664846 23.54390716150927
874.0 25.465796720446225 23.545177323844353
874.5 25.46636509944573 23.54644870909038
875.0 25.466976312554223 23.547724946354265
875.5 25.46762576617876 23.548991180713834
876.0 25.468239192598578 23.55025978698152
876.5 25.468930334091727 23.551531929286455
877.0 25.46964244410357 23.552790257460007
877.5 25.470393043220195 23.554066147473137
878.0 25.471127050082977 23.55531731161017
878.5 25.471918723369168 23.556588737769278
879.0 25.47273172518992 23.557855976604444
879.5 25.473567074632246 23.559110829236047
880.0 25.47442740260914 23.56037503527896
