FastTrWP/PhaseSpace/IAs/snIa_0.55_30.00_0.14_0.15.csv
# %ECSV 0.9
# ---
# datatype:
# - {name: time-rel, datatype: float64}
# - {name: g, datatype: float64}
# - {name: i, datatype: float64}
# schema: astropy-2.0
time-rel g i
[from data line 2018]
1165.3333333333333 25.736954942146873 22.698202860298945
1165.8333333333333 25.738927692390213 22.699106917297005
1166.3333333333333 25.740909234719215 22.700027706560668
1166.8333333333333 25.742870038595896 22.700938644980585
1167.3333333333333 25.744850333766433 22.701861051602997
1167.8333333333333 25.746800877533957 22.70276587701874
1168.3333333333333 25.748781861795177 22.703677323788018
1168.8333333333333 25.750736910936464 22.704602446041346
1169.3333333333333 25.7527161193974 22.7055197774845
1169.8333333333333 25.75471586011095 22.70643706304096
1170.3333333333333 25.75666577164182 22.70734451915153
1170.8333333333333 25.758647233266498 22.708266918837126
1171.3333333333333 25.760619306122045 22.709182105987228
1171.8333333333333 25.76255621637403 22.71009847990424
1172.3333333333333 25.76456543327088 22.711019195957483
1172.8333333333333 25.766520878718403 22.711934371480076
1173.3333333333333 25.768477737156374 22.712846835365298
1173.8333333333333 25.770444342387297 22.713760862391133
1174.3333333333333 25.77239656609401 22.71468306134517
1174.8333333333333 25.774391072053863 22.71560179964459
1175.3333333333333 25.77636307554995 22.716516143323684
1175.8333333333333 25.778332398341185 22.717429561440223
1176.3333333333333 25.780296318657292 22.718351872680902
1176.8333333333333 25.782268103047087 22.719267399225323
1177.3333333333333 25.784196068128907 22.720183036126276
1177.8333333333333 25.786174576003678 22.721087280596247
1178.3333333333333 25.78814341832619 22.722010084384113
1178.8333333333333 25.790118049048374 22.7229211492594
1179.3333333333333 25.792077594750662 22.72383454234626
1179.8333333333333 25.79405494338349 22.7247442707681
1180.3333333333333 25.795995196679932 22.725660461181548
1180.8333333333333 25.79801300833961 22.72657391835736
1181.3333333333333 25.799955753722642 22.72748428365636
1181.8333333333333 25.801895942901282 22.72839383284517
1182.3333333333333 25.803867641496264 22.72930887349102
1182.8333333333333 25.805857658360367 22.73021972051826
1183.3333333333333 25.807771569761137 22.731130182884577
1183.8333333333333 25.809757465825186 22.73204281764723
1184.3333333333333 25.81171554652265 22.73296141779693
1184.8333333333333 25.81366172131481 22.73386725225084
1185.3333333333333 25.81562945193635 22.734790624928824
1185.8333333333333 25.817639615898706 22.735702236328702
1186.3333333333333 25.81958453201617 22.73661808669146
1186.8333333333333 25.821540867355104 22.737528305029894
1187.3333333333333 25.82348773987418 22.73844861917926
1187.8333333333333 25.825478455384108 22.73936487189157
1188.3333333333333 25.827422017463448 22.740279810494904
1188.8333333333333 25.829410814786634 22.74119425461494
1189.3333333333333 25.831387723493712 22.742115654534267
1189.8333333333333 25.833300184178153 22.743039491011807
1190.3333333333333 25.83529437624606 22.74395137667396
1190.8333333333333 25.83724322740009 22.74487124539231
1191.3333333333333 25.839197551362272 22.745788635389104
1191.8333333333333 25.84114822161885 22.7467085860015
1192.3333333333333 25.843161000316282 22.747630928516056
1192.8333333333333 25.845104252000652 22.74854706183554
1193.3333333333333 25.847036040633547 22.74946930392483
1193.8333333333333 25.849012194828273 22.750396806302774
1194.3333333333333 25.850957561357163 22.75131418261578
1194.8333333333333 25.852894965578376 22.75224013292375
1195.3333333333333 25.85487368272898 22.753150846078974
1195.8333333333333 25.85684321595537 22.754076476898362
1196.3333333333333 25.85878626127335 22.754999739110097
1196.8333333333333 25.860746751546486 22.755914351534425
1197.3333333333333 25.86272921218104 22.75685076069255
1197.8333333333333 25.86469313987859 22.75776737369452
1198.3333333333333 25.86661055642557 22.75868199268151
1198.8333333333333 25.868590933341316 22.759614037731055
1199.3333333333333 25.870571544837784 22.76053066955604
1199.8333333333333 25.87246603895351 22.761461034874145
1200.3333333333333 25.874470983029685 22.762381411262346
1200.8333333333333 25.876366010428082 22.763302673411093
1201.3333333333333 25.87833968964928 22.764229857588667
1201.8333333333333 25.880337954979524 22.765156172627602
1202.3333333333333 25.88226638174168 22.76607274297936
1202.8333333333333 25.88421795149326 22.767002272243992
1203.3333333333333 25.886172396089812 22.767926855550247
1203.8333333333333 25.88810645649385 22.768849992659767
1204.3333333333333 25.89007117620937 22.769776333974047
1204.8333333333333 25.891978275937827 22.770702813272706
1205.3333333333333 25.893913738628562 22.771623761015178
1205.8333333333333 25.895901150117883 22.77255553296177
1206.3333333333333 25.897842932253823 22.77347731467212
1206.8333333333333 25.899790406066714 22.77440153726274
1207.3333333333333 25.90171889901481 22.77532573321722
1207.8333333333333 25.903700204545164 22.776253103952108
1208.3333333333333 25.905601830346406 22.777183299043166
1208.8333333333333 25.90757019577108 22.77810585574203
1209.3333333333333 25.90947186486177 22.779030847447387
1209.8333333333333 25.911466604085277 22.77995137426555
1210.3333333333333 25.913368814842464 22.780890054686168
1210.8333333333333 25.915315997666543 22.781807540620047
1211.3333333333333 25.91726925057526 22.782729890859088
1211.8333333333333 25.91915861928841 22.78366386946926
1212.3333333333333 25.92111600444628 22.78459435745313
1212.8333333333333 25.92306962644262 22.785508147379705
1213.3333333333333 25.92499788985913 22.786431878505017
1213.8333333333333 25.926904468793875 22.787372053960937
1214.3333333333333 25.928835355399954 22.788289114567654
1214.8333333333333 25.93076316478111 22.789214415420012
1215.3333333333333 25.93270024996943 22.790140138127573
1215.8333333333333 25.934624129035704 22.791064685425397
1216.3333333333333 25.936547174937395 22.791991078701066
1216.8333333333333 25.938480632208687 22.792919945977992
1217.3333333333333 25.940376232457858 22.793844900179042
1217.8333333333333 25.942344898311028 22.794767472055387
1218.3333333333333 25.944223617472225 22.795699401368474
1218.8333333333333 25.94616701297919 22.796616402550466
1219.3333333333333 25.948091592854198 22.79754206151157
1219.8333333333333 25.950021987920202 22.798475456729435
1220.3333333333333 25.95191908784291 22.79939514133217
1220.8333333333333 25.953843918731828 22.800322011460207
1221.3333333333333 25.955747136999754 22.80124239109298
1221.8333333333333 25.957673794611907 22.80217230567331
1222.3333333333333 25.95959937637796 22.803092099276935
1222.8333333333333 25.961509847542924 22.804032001078074
1223.3333333333333 25.963428047556224 22.804950900784284
1223.8333333333333 25.965302339460322 22.805870338693524
1224.3333333333333 25.967217150401815 22.806801627701056
1224.8333333333333 25.969141063787472 22.807727530364982
1225.3333333333333 25.971052374977454 22.808657577822867
1225.8333333333333 25.97296786890183 22.80957886692091
1226.3333333333333 25.97486258055155 22.81050938247679
1226.8333333333333 25.976778053788735 22.811439276622632
1227.3333333333333 25.978686233935406 22.812363045476545
1227.8333333333333 25.980548545537108 22.813294630696788
1228.3333333333333 25.9824715749673 22.81422138377732
1228.8333333333333 25.98435173973348 22.815146213182974
1229.3333333333333 25.98626567856359 22.81607504154463
1229.8333333333333 25.988145167922376 22.816998727727324
1230.3333333333333 25.990056073998087 22.81792197068969
1230.8333333333333 25.991930535297726 22.81885201862298
1231.3333333333333 25.993828237720834 22.819788936862548
1231.8333333333333 25.99572592064174 22.820708077732277
1232.3333333333333 25.997600812017204 22.821644087969133
1232.8333333333333 25.999498514135354 22.82256675559475
1233.3333333333333 26.001398430900306 22.82349008756606
1233.8333333333333 26.003281032524125 22.824425752285492
1234.3333333333333 26.00517834814786 22.825346388387988
1234.8333333333333 26.007043293226605 22.82627320930684
1235.3333333333333 26.00896086323261 22.82720641228417
1235.8333333333333 26.01080836016896 22.828132444790423
1236.3333333333333 26.012698136892784 22.829056484271696
1236.8333333333333 26.014552569194397 22.829988465586922
1237.3333333333333 26.016422479043257 22.830915872263606
1237.8333333333333 26.01828194910714 22.831843247096725
1238.3333333333333 26.020168274108876 22.832776831554998
1238.8333333333333 26.02205581455788 22.833702267521716
1239.3333333333333 26.02390925576546 22.834633167735554
1239.8333333333333 26.02579252869702 22.835559387123958
1240.3333333333333 26.027663182847945 22.83649091210925
1240.8333333333333 26.029532837938095 22.83742311157362
1241.3333333333333 26.03137467940215 22.838343999308304
1241.8333333333333 26.033252127809035 22.839271954412613
1242.3333333333333 26.035110999366076 22.840199060586734
1242.8333333333333 26.036927118982295 22.841128500311314
1243.3333333333333 26.03879624931755 22.84206505754908
1243.8333333333333 26.04065552114215 22.842991155017902
1244.3333333333333 26.042500336272244 22.843918317485464
1244.8333333333333 26.04433639741627 22.844850396500846
1245.3333333333333 26.046160457634745 22.84577400230832
1245.8333333333333 26.047994168151675 22.846703973175117
1246.3333333333333 26.049868024322123 22.847623950099045
1246.8333333333333 26.051697834729918 22.848561850727815
1247.3333333333333 26.053511891679477 22.849490392768125
1247.8333333333333 26.055384712378192 22.85041469430102
1248.3333333333333 26.057201075463475 22.851344129983996
1248.8333333333333 26.059027788681384 22.85227593928994
1249.3333333333333 26.060825430864178 22.853203917477558
1249.8333333333333 26.062681554128503 22.85413512913065
1250.3333333333333 26.064492524362247 22.85506349125932
1250.8333333333333 26.066270689897596 22.8559873235751
1251.3333333333333 26.068094941796897 22.856913698041993
1251.8333333333333 26.06988968968014 22.857847969003743
1252.3333333333333 26.0716999504619 22.858777270014137
1252.8333333333333 26.07351456052288 22.85970125418386
1253.3333333333333 26.07534340058301 22.8606297776771
1253.8333333333333 26.07711271809025 22.861558447857526
1254.3333333333333 26.078942914254423 22.8624878366453
1254.8333333333333 26.08073575067837 22.86341630904709
1255.3333333333333 26.082532357815793 22.864346871511035
1255.8333333333333 26.084338445528132 22.865274420674034
1256.3333333333333 26.086100776828573 22.866204932065692
1256.8333333333333 26.08785365517842 22.867130465422516
1257.3333333333333 26.08963304146211 22.868059085464466
1257.8333333333333 26.091398663285325 22.86899385555969
1258.3333333333333 26.09321885057474 22.869914419847248
1258.8333333333333 26.094980684857433 22.87084904557151
1259.3333333333333 26.0967705376369 22.871775782192717
1259.8333333333333 26.098550848757856 22.8727006199178
1260.3333333333333 26.1002963370241 22.873636639680814
1260.8333333333333 26.102067331465403 22.874557047651706
1261.3333333333333 26.10381364621493 22.875495735698934
1261.8333333333333 26.105592212489306 22.876423212793377
1262.3333333333333 26.107384811110617 22.877344981112977
1262.8333333333333 26.10915038377486 22.878277806653426
1263.3333333333333 26.110848426570385 22.87921317847182
1263.8333333333333 26.112611242519222 22.880141425482527
1264.3333333333333 26.114348880766848 22.881063234220758
1264.8333333333333 26.116120382842336 22.881991732111526
1265.3333333333333 26.117862923596995 22.882927052478358
1265.8333333333333 26.119588319062235 22.88385355776304
1266.3333333333333 26.12133878951022 22.884785609238815
1266.8333333333333 26.123081886108604 22.885710137418364
1267.3333333333333 26.124778073134358 22.886645223563498
1267.8333333333333 26.12652514120077 22.887577609842612
1268.3333333333333 26.12822755699773 22.88849667149377
1268.8333333333333 26.129972037583418 22.889431090224942
1269.3333333333333 26.131720100250785 22.89036028839089
1269.8333333333333 26.13340514001539 22.891283453148226
1270.3333333333333 26.135153899354822 22.892221267693813
1270.8333333333333 26.136836350909924 22.89314797777598
1271.3333333333333 26.138577609884575 22.89407106733259
1271.8333333333333 26.1402609414816 22.895005118147314
1272.3333333333333 26.141975196500063 22.89593594187393
1272.8333333333333 26.143647663248224 22.896855396287748
1273.3333333333333 26.14535790535124 22.897788002629603
1273.8333333333333 26.147061870094493 22.898718823614995
1274.3333333333333 26.148734158679776 22.89964641744046
1274.8333333333333 26.150411321000284 22.90057825415445
1275.3333333333333 26.15206668796063 22.901507943781382
1275.8333333333333 26.153741431985168 22.90243329135833
1276.3333333333333 26.155434006791225 22.903368340218464
1276.8333333333333 26.15709960603084 22.90428835806367
1277.3333333333333 26.15877015264358 22.905218658246294
1277.8333333333333 26.160439628404554 22.906147065896548
1278.3333333333333 26.162081185264118 22.907070813758704
1278.8333333333333 26.16371326602018 22.90800693460924
1279.3333333333333 26.165384746031176 22.90893500428148
1279.8333333333333 26.167025092630926 22.909862742390136
1280.3333333333333 26.168638712247343 22.91079584106758
1280.8333333333333 26.170347537992065 22.91171096236734
1281.3333333333333 26.1719466193438 22.912648820348856
1281.8333333333333 26.173557950260054 22.913571480318726
1282.3333333333333 26.175224305428834 22.914495948470837
1282.8333333333333 26.17682179105902 22.915426616269894
1283.3333333333333 26.178454187868617 22.91635360534133
1283.8333333333333 26.180081351369267 22.917274088401385
1284.3333333333333 26.181698127060393 22.9182042346372
1284.8333333333333 26.183287351044136 22.91912994056883
1285.3333333333333 26.184892484794776 22.92005339218784
1285.8333333333333 26.186500280750785 22.920976099897263
1286.3333333333333 26.18809484216376 22.921907167762143
1286.8333333333333 26.189643309685266 22.922835180143796
1287.3333333333333 26.191238086650245 22.9237534212338
1287.8333333333333 26.192812906346603 22.92469391299754
1288.3333333333333 26.194386705836727 22.9256073845584
1288.8333333333333 26.195986711570285 22.926540413179165
1289.3333333333333 26.197535996888654 22.92745499228679
1289.8333333333333 26.19911948890545 22.92838258970701
1290.3333333333333 26.200670895810276 22.929301795460013
1290.8333333333333 26.202178178733387 22.930232781933046
1291.3333333333333 26.20372168655432 22.9311563118592
1291.8333333333333 26.205318654647833 22.93208184222426
1292.3333333333333 26.206837635177425 22.93299685054626
1292.8333333333333 26.208320676518063 22.933924407404767
1293.3333333333333 26.209829439898474 22.93483714003876
1293.8333333333333 26.211392726646828 22.935766266624007
1294.3333333333333 26.212891234851703 22.93669859991732
1294.8333333333333 26.214403763626926 22.93760508312065
1295.3333333333333 26.215868358371424 22.938531607924737
1295.8333333333333 26.217367716299897 22.939455547149823
1296.3333333333333 26.218815975136714 22.9403740505203
1296.8333333333333 26.220291004877566 22.941283046353686
1297.3333333333333 26.221743438430558 22.94220909507684
1297.8333333333333 26.22318776919616 22.94312722661859
1298.3333333333333 26.22464124283932 22.94403899556302
1298.8333333333333 26.226083389253464 22.94496609150061
1299.3333333333333 26.227491170048477 22.945876586567916
1299.8333333333333 26.228855688454512 22.946793326681906
1300.3333333333333 26.230330833496936 22.947706235600513
1300.8333333333333 26.231728551617298 22.948616576141355
1301.3333333333333 26.23310179727014 22.949529714391996
1301.8333333333333 26.234512366613124 22.950449841926993
1302.3333333333333 26.23582289136094 22.95136463083647
1302.8333333333333 26.237241767717766 22.95228716252558
1303.3333333333333 26.23857257124754 22.95318630210645
1303.8333333333333 26.240022385148837 22.954106052600793
1304.3333333333333 26.241341794859782 22.955015068372717
1304.8333333333333 26.24267851323008 22.955923996051354
1305.3333333333333 26.244028640027324 22.95683743185789
1305.8333333333333 26.245392881362616 22.95775695314497
1306.3333333333333 26.2467252353634 22.958671253088283
1306.8333333333333 26.24804823164268 22.959576874059803
