FastTrWP/PhaseSpace/IAs/snIa_0.61_30.00_3.31_0.07.csv
# %ECSV 0.9
# ---
# datatype:
# - {name: time-rel, datatype: float64}
# - {name: g, datatype: float64}
# - {name: i, datatype: float64}
# schema: astropy-2.0
time-rel g i
20.354166666666668 26.988768355348014 25.700546916983285
20.854166666666668 26.977385908481388 25.689241432234148
21.354166666666668 26.966000543123197 25.67797463224433
21.854166666666668 26.95473411381493 25.666757304616176
22.354166666666668 26.943499695181213 25.655599524427053
22.854166666666668 26.932332991486092 25.644448453337198
23.354166666666668 26.92129440967993 25.633346052004946
23.85416666666666 26.91026285719947 25.622279202900135
24.354166666666668 26.899252222925863 25.611318974450455
24.854166666666668 26.888385219310106 25.600325969221096
25.35416666666666 26.877623004771 25.589382117190596
25.854166666666668 26.86682778001156 25.578484833241273
26.354166666666668 26.856146177650523 25.567606077981324
26.85416666666666 26.845452607530454 25.556795067488398
27.354166666666668 26.83485069029289 25.545970286646885
27.854166666666668 26.82430042900535 25.535213965889454
28.35416666666666 26.81387200541691 25.524476750815314
28.854166666666668 26.803468465379503 25.513761022487355
29.354166666666668 26.793143359281288 25.503105976846673
29.85416666666666 26.782807382089146 25.49247827735978
30.354166666666668 26.77260650072131 25.48186736051757
30.854166666666668 26.762415624605115 25.47129517188637
31.35416666666666 26.752279472746242 25.460723543399112
31.854166666666668 26.7422738427757 25.45019793853111
32.35416666666667 26.73224101997735 25.439710332160175
32.85416666666666 26.722254093841592 25.429273754891888
33.35416666666667 26.712365031373643 25.418814074762686
33.85416666666667 26.70257285388422 25.40839488298857
34.35416666666666 26.692794420005548 25.398019621159122
34.85416666666667 26.683012323431207 25.38767973696553
35.35416666666667 26.673352857210077 25.377352175709188
35.85416666666666 26.66374192381398 25.367032395504214
36.35416666666667 26.65421238410989 25.356751462812554
36.85416666666667 26.64466096183007 25.34647991508737
37.35416666666666 26.635211990550594 25.33627684851755
37.85416666666667 26.625803305112193 25.326052560120345
38.35416666666667 26.616480636647267 25.315844719792114
38.85416666666666 26.607109632817348 25.305754772818446
39.35416666666667 26.597894781187208 25.295671430421166
39.85416666666667 26.588623266069277 25.28567701085749
40.35416666666667 26.579361435794112 25.275776245980776
40.85416666666667 26.570230896970635 25.26591434404033
41.35416666666667 26.561072579999504 25.256136431647732
41.85416666666667 26.551975240667755 25.246412985689517
42.35416666666667 26.542876288172653 25.23671027667573
42.85416666666667 26.533879404671946 25.227115348767523
43.35416666666667 26.524855019048985 25.217536631004602
43.85416666666667 26.51591718084708 25.208044559518044
44.35416666666667 26.506951403110875 25.198582317112702
44.85416666666667 26.49809522200848 25.189180444643785
45.35416666666667 26.489226445289226 25.179812250312583
45.85416666666667 26.480376335679164 25.170477852506345
46.35416666666667 26.471588779441625 25.16120003119065
46.85416666666667 26.462880601587585 25.151989143708114
47.35416666666667 26.454165143653636 25.142772937090992
47.85416666666667 26.445493603057994 25.133615446902134
48.35416666666667 26.436824199277254 25.12449394660015
48.85416666666667 26.428246571678645 25.11540386230857
49.35416666666667 26.41967704101079 25.10637524597881
49.85416666666667 26.411154337593075 25.097315029612236
50.35416666666667 26.40264434082255 25.088347492417924
50.85416666666667 26.39420104317474 25.07938262204346
51.35416666666667 26.385760778979638 25.070447109359236
51.85416666666667 26.377354299792284 25.06153349383648
52.35416666666667 26.369045179931824 25.052646050347708
52.85416666666667 26.36072365117689 25.04381789540796
53.35416666666667 26.35242389137833 25.03496961249967
53.85416666666667 26.344206397690026 25.026157108057994
54.35416666666667 26.33597138692709 25.01739084089154
54.85416666666667 26.327818490428882 25.0086213760579
55.35416666666667 26.31973864754258 24.999839390435984
55.85416666666667 26.311574961318264 24.991152582428047
56.35416666666667 26.303537935073127 24.982435453679006
56.85416666666667 26.29552261862546 24.97372288925583
57.35416666666667 26.28752566045591 24.965039610116264
57.85416666666667 26.27958201636313 24.95639066907383
58.35416666666667 26.27167444614388 24.94773308835763
58.85416666666667 26.263781876201403 24.9391039716434
59.35416666666667 26.255912618470795 24.930472655843673
59.85416666666667 26.248138293867804 24.921855612692283
60.35416666666667 26.240361578658668 24.913252379614377
60.85416666666667 26.232626623376497 24.904656869430355
61.35416666666667 26.224892643987037 24.896062000297743
61.85416666666667 26.217258867232797 24.887502803850378
62.35416666666667 26.209601956380514 24.878922651613543
62.85416666666667 26.202012239834836 24.870348515439552
63.35416666666667 26.194450619034274 24.861797540860522
63.85416666666667 26.186896864524734 24.85326137408356
64.35416666666667 26.179407583267434 24.84473684223864
64.85416666666667 26.171941428526146 24.836175805189377
65.35416666666667 26.16452173274771 24.827639223650205
65.85416666666667 26.157136662002554 24.819127314767627
66.35416666666667 26.14979460355919 24.810594262696704
66.85416666666667 26.14241449675803 24.802071275432326
67.35416666666667 26.13513817501872 24.79353310249251
67.85416666666667 26.12793186047041 24.785036126743663
68.35416666666667 26.120669264927166 24.776529120481463
68.85416666666667 26.1134881056938 24.7680005096818
69.35416666666667 26.106307301951226 24.75949397317878
69.85416666666667 26.099208080249316 24.750977936596108
70.35416666666667 26.09214119981526 24.742467306746832
70.85416666666667 26.08506415851664 24.733941235900645
71.35416666666667 26.078046189532202 24.72542700014616
71.85416666666667 26.071090372100826 24.71691480514159
72.35416666666666 26.06408131971019 24.708410063372853
72.85416666666667 26.057177372425592 24.699904388985757
73.35416666666667 26.050292307718898 24.6913778564339
73.85416666666666 26.043413921246398 24.682854905504
74.35416666666667 26.036595164029066 24.674333173540823
74.85416666666667 26.029832565705142 24.66581484455931
75.35416666666666 26.023092169239163 24.65727008322829
75.85416666666667 26.016333056132538 24.648754423476337
76.35416666666667 26.00963136083571 24.64021625579456
76.85416666666666 26.00297023665668 24.63166532480158
77.35416666666667 25.99634812352867 24.623135756044427
77.85416666666667 25.989733859009156 24.61460269868834
78.35416666666666 25.983128792378803 24.606075833843736
78.85416666666667 25.976562168453587 24.597550068126175
79.35416666666667 25.970019307250244 24.589046280966457
79.85416666666666 25.963506759885163 24.5805344479812
80.35416666666667 25.95699525188289 24.57205189979181
80.85416666666667 25.950495037496403 24.563542757599777
81.35416666666666 25.944023702998113 24.55507932618939
81.85416666666667 25.937562737064926 24.54661658617006
82.35416666666667 25.93114960100381 24.5381580658405
82.85416666666666 25.92476321407052 24.529719458305618
83.35416666666667 25.91838034450728 24.521297753921516
83.85416666666667 25.912056766852825 24.512882568138558
84.35416666666666 25.905684790721434 24.504464119868796
84.85416666666667 25.899391397273845 24.496090610904307
85.35416666666667 25.893069467224894 24.48772015970968
85.85416666666666 25.88678951730829 24.4793729012936
86.35416666666667 25.880546594476556 24.47102205923105
86.85416666666667 25.874293173999547 24.462717709925744
87.35416666666666 25.868113497405517 24.45440042379643
87.85416666666667 25.861937868365608 24.446120850396493
88.35416666666667 25.855767749479867 24.43784842249244
88.85416666666666 25.84962147777322 24.429612583321724
89.35416666666667 25.84351042969573 24.421374933089357
89.85416666666667 25.837434990559455 24.4131780490433
90.35416666666666 25.831310624760924 24.404989227606208
90.85416666666667 25.825296367759456 24.396819977054577
91.35416666666667 25.819237588109935 24.388686056002868
91.85416666666666 25.813235717607334 24.380565241514148
92.35416666666667 25.807224391297968 24.372452717099584
92.85416666666667 25.801266630495746 24.36439368028072
93.35416666666666 25.79531775758651 24.356326775497426
93.85416666666667 25.789370769879522 24.348302482533786
94.35416666666667 25.783493677630787 24.340289469789788
94.85416666666666 25.777590289433157 24.332307583048376
95.35416666666667 25.77170544682984 24.3243610943726
95.85416666666667 25.765893173202635 24.316413697621712
96.35416666666666 25.760085970539652 24.308499931806956
96.85416666666667 25.754300349294148 24.300621383952
97.35416666666667 25.748504417619262 24.292751738688768
97.85416666666666 25.74274957735077 24.28491521219246
98.35416666666667 25.737021731697205 24.277110063108758
98.85416666666667 25.731310300006903 24.269315858548012
99.35416666666666 25.725627253933503 24.2615599295357
99.85416666666667 25.71995876912938 24.253827895013508
100.35416666666667 25.714297720080992 24.246133509115516
100.85416666666666 25.70868736213615 24.238447595685507
101.35416666666667 25.703071549197052 24.230789570099674
101.85416666666667 25.697490685919135 24.223149853235633
102.35416666666666 25.691937837649213 24.21557043679117
102.85416666666667 25.686423011430072 24.207991824784152
103.35416666666667 25.6808966825582 24.200449402280768
103.85416666666667 25.675403105765415 24.19292886414904
104.35416666666667 25.66994398413659 24.18542848006686
104.85416666666667 25.664486532671607 24.177968381637584
105.35416666666667 25.659026901206072 24.17054371075881
105.85416666666667 25.653639469233333 24.163122690733573
106.35416666666667 25.64821668986418 24.1557415458854
106.85416666666667 25.642850219348695 24.148395365467795
107.35416666666667 25.637502215409448 24.14107292599671
107.85416666666667 25.632161271072146 24.13377214561352
108.35416666666667 25.62687394890389 24.126517655413153
108.85416666666667 25.621594234690793 24.119265619251713
109.35416666666667 25.61636017618243 24.112071519653412
109.85416666666667 25.611061561209564 24.104881736319193
110.35416666666667 25.60585140360177 24.097707960824902
110.85416666666667 25.600634144343797 24.090604016411525
111.35416666666667 25.595474110492283 24.083495468532725
111.85416666666667 25.590292153410186 24.076430886878768
112.35416666666667 25.58519270375141 24.06939656517168
112.85416666666667 25.58005375849442 24.062385530808537
113.35416666666667 25.574951682174905 24.055422883445704
113.85416666666667 25.56987088170258 24.04845501339775
114.35416666666667 25.564812412094767 24.041527699375127
114.85416666666667 25.559758458610794 24.034629864324177
115.35416666666667 25.554734304932122 24.02776907599817
115.85416666666667 25.549749747124125 24.02093158156978
116.35416666666667 25.54478617684005 24.014106853750825
116.85416666666667 25.539812856361483 24.00730626787439
117.35416666666667 25.53486099875991 24.00050944610163
117.85416666666667 25.529934883850483 23.993750870074596
118.35416666666667 25.525015416033625 23.98699771623482
118.85416666666667 25.520109876520117 23.98024790778433
119.35416666666667 25.515210817810313 23.973540806376352
119.85416666666667 25.51031753062623 23.966834428155543
120.35416666666667 25.505462934094272 23.960136655457838
120.85416666666667 25.500643047543555 23.953482110883613
121.35416666666667 25.495782461154306 23.946822543227626
121.85416666666667 25.490983863943857 23.94019098832765
122.35416666666667 25.486182329400677 23.933573844673987
122.85416666666667 25.481401074045156 23.926988929624716
123.35416666666667 25.476622311387725 23.920403906386284
123.85416666666667 25.471864016618927 23.913845727044745
124.35416666666667 25.467130994280357 23.907314298313356
124.85416666666667 25.462390411867645 23.900774039089935
125.35416666666667 25.457654361342534 23.894286311763864
125.85416666666667 25.452954160812773 23.887790953170086
126.35416666666667 25.44828142890982 23.881327723318385
126.85416666666667 25.443610269752853 23.874874449544627
127.35416666666667 25.43892217243605 23.868439011921456
127.85416666666667 25.434308293545435 23.862035652571745
128.35416666666666 25.429695106371845 23.855640345497516
128.85416666666666 25.42507206814484 23.849263722667775
129.35416666666666 25.42047526544112 23.842912112132137
129.85416666666666 25.415875174222357 23.836580755984514
130.35416666666666 25.411289952888087 23.830268213501412
130.85416666666666 25.406741026517675 23.823997487217348
131.35416666666666 25.40218916829961 23.817700676639333
131.85416666666666 25.39767592764296 23.811441046242656
132.35416666666666 25.39315731084253 23.805207499732532
132.85416666666666 25.388650283089383 23.79897923385299
133.35416666666666 25.38418732133843 23.79277898264965
133.85416666666666 25.379711423126352 23.786606891252454
134.35416666666666 25.375247842889138 23.780455621880105
134.85416666666666 25.37078511586809 23.774292585783286
135.35416666666666 25.366367748807317 23.76819014572518
135.85416666666666 25.36193186446412 23.762082427418157
136.35416666666666 25.357529940765584 23.756005967315502
136.85416666666666 25.353124343914576 23.749943073939065
137.35416666666666 25.34874413444864 23.74389905357046
137.85416666666666 25.344369667464527 23.737875160044098
138.35416666666666 25.340044495762626 23.731870469610875
138.85416666666666 25.335697994875687 23.72587833564898
139.35416666666666 25.33137631961064 23.719935639886963
139.85416666666666 25.327077051880046 23.71398871757972
140.35416666666666 25.322722133683673 23.708055226796127
140.85416666666666 25.31847781794282 23.702161149903056
141.35416666666666 25.314195925749683 23.696280035463964
141.85416666666666 25.309935764021816 23.690408926518458
142.35416666666666 25.30569716852473 23.684568448529216
142.85416666666666 25.301468085200973 23.678748220892665
143.35416666666666 25.29722787603577 23.67293908849637
143.85416666666666 25.29304663172779 23.667144730298695
144.35416666666666 25.288841559413523 23.661374623100517
144.85416666666666 25.284667757139594 23.655637036657666
145.35416666666666 25.28050045464213 23.649913127699055
145.85416666666666 25.276336013843842 23.64419917932058
146.35416666666666 25.27218640874793 23.63850640078486
146.85416666666666 25.26805556553462 23.632854265176082
147.35416666666666 25.263961570442607 23.62720210435302
147.85416666666666 25.2598383232173 23.621584740403453
148.35416666666666 25.255752503418634 23.615965808078954
148.85416666666666 25.251700879073532 23.61039056607732
149.35416666666666 25.247619297132104 23.604816654735142
149.85416666666666 25.24356048465929 23.599270115861778
150.35416666666666 25.23951533062839 23.59374179643854
150.85416666666666 25.235507462572563 23.588225933163663
151.35416666666666 25.231463799621157 23.582745447559432
151.85416666666666 25.227479245003906 23.577271601819806
152.35416666666666 25.223471653018418 23.571823228306616
152.85416666666666 25.21951254958259 23.566391177519176
153.35416666666666 25.215535242931217 23.560983492568262
153.85416666666666 25.211601881561148 23.55559311837912
154.35416666666666 25.207661098684525 23.550216951131077
154.85416666666666 25.203746074071667 23.544870399386593
155.35416666666666 25.19979132220941 23.539507243970185
155.85416666666666 25.195902821382646 23.534155505796676
156.35416666666666 25.192004590677847 23.52881268375915
156.85416666666666 25.18808831503259 23.523473847087043
157.35416666666666 25.184213271541516 23.518161556917796
157.85416666666666 25.180324274456503 23.51283898824311
158.35416666666666 25.176454550206266 23.507536284598892
158.85416666666666 25.172599428418053 23.502226885054757
159.35416666666666 25.16874344099245 23.49694388894562
159.85416666666666 25.16492204584783 23.491662036299484
160.35416666666666 25.161108120759238 23.486384634880977
160.85416666666666 25.157278979460997 23.481133216203443
161.35416666666666 25.153447157790623 23.47589222367303
161.85416666666666 25.149636472161188 23.4706593579303
162.35416666666666 25.145850227837457 23.465422636338772
162.85416666666666 25.14207786704066 23.46022060176034
