FastTrWP/PhaseSpace/IAs/snIa_0.4_20_-1_0.1.csv
# %ECSV 0.9
# ---
# datatype:
# - {name: time-rel, datatype: float64}
# - {name: g, datatype: float64}
# - {name: i, datatype: float64}
# schema: astropy-2.0
time-rel g i
[from data line 2775]
1370.5833333333333 -23.513075826212287 -26.32512453034761
1371.0833333333333 -23.512172332003644 -26.32412588429307
1371.5833333333333 -23.51126895630978 -26.323122130607977
1372.0833333333333 -23.510345820321234 -26.322121900847574
1372.5833333333333 -23.50948524972373 -26.32112581336292
1373.0833333333333 -23.508506174963067 -26.32012224565555
1373.5833333333333 -23.50761213344231 -26.319127988289296
1374.0833333333333 -23.506723659252373 -26.318118348390435
1374.5833333333333 -23.505864071502714 -26.317116304890238
1375.0833333333333 -23.504969498632132 -26.316110245377025
1375.5833333333333 -23.504086720272255 -26.315099460815397
1376.0833333333333 -23.503152730561496 -26.314098214667958
1376.5833333333333 -23.502275541257966 -26.313080756529605
1377.0833333333333 -23.501408273343767 -26.312085811931478
1377.5833333333333 -23.50050104187371 -26.311084925333628
1378.0833333333333 -23.499646030064163 -26.310065957448593
1378.5833333333333 -23.49873178960007 -26.309063267059194
1379.0833333333333 -23.497855907768447 -26.308048673973353
1379.5833333333333 -23.49696310309568 -26.307035720916865
1380.0833333333333 -23.496171045913755 -26.306036988373286
1380.5833333333333 -23.495233162500334 -26.305025602543832
1381.0833333333333 -23.49437200489922 -26.30400113832746
1381.5833333333333 -23.49351183695694 -26.303001957482337
1382.0833333333333 -23.49266483863371 -26.30198798049117
1382.5833333333333 -23.49176222230583 -26.300970335396162
1383.0833333333333 -23.49087854021849 -26.299960653075324
1383.5833333333333 -23.490065172335875 -26.298934942816985
1384.0833333333333 -23.489185209301287 -26.29793467427823
1384.5833333333333 -23.488328826149193 -26.296917475715095
1385.0833333333333 -23.487471432271782 -26.295899072564353
1385.5833333333333 -23.486607832339992 -26.29488759303488
1386.0833333333333 -23.485763438358084 -26.293860459626266
1386.5833333333333 -23.48492303855874 -26.292862727848373
1387.0833333333333 -23.48407521423352 -26.291835883789005
1387.5833333333333 -23.483267217963114 -26.29081284474522
1388.0833333333333 -23.48236466785988 -26.28979699271135
1388.5833333333333 -23.48151650490143 -26.288778076187448
1389.0833333333333 -23.480733528761206 -26.287754645019056
1389.5833333333333 -23.479868988648708 -26.28673758482629
1390.0833333333333 -23.479023934001667 -26.285714298146058
1390.5833333333333 -23.47816250176688 -26.2846925951941
1391.0833333333333 -23.477397942185164 -26.28366672120275
1391.5833333333333 -23.47655109945332 -26.28263885149536
1392.0833333333333 -23.47569551268164 -26.281625345261087
1392.5833333333333 -23.47487656249935 -26.280599331429755
1393.0833333333333 -23.47405520554735 -26.279581226999767
1393.5833333333333 -23.473219147275728 -26.278558094370755
1394.0833333333333 -23.47242344260939 -26.277529951895424
1394.5833333333333 -23.4715938191786 -26.27650311274659
1395.0833333333333 -23.47074221672752 -26.27548431773206
1395.5833333333333 -23.469921804043416 -26.27445324434834
1396.0833333333333 -23.469177024080807 -26.273412242932732
1396.5833333333333 -23.468358011437527 -26.27237671574845
1397.0833333333333 -23.467488083436294 -26.271362802255062
1397.5833333333333 -23.46669002590373 -26.270323670399172
1398.0833333333333 -23.46590863783809 -26.269289970439527
1398.5833333333333 -23.465087463853838 -26.26827049466427
1399.0833333333333 -23.464256233272568 -26.267236485906285
1399.5833333333333 -23.463493923726965 -26.266193105639953
1400.0833333333333 -23.462693500117435 -26.2651655628931
1400.5833333333333 -23.461923241988934 -26.264140311292326
1401.0833333333333 -23.461090978437753 -26.263103036138595
1401.5833333333333 -23.460278925315592 -26.262060353713423
1402.0833333333333 -23.459502265045362 -26.26103523556701
1402.5833333333333 -23.458672999798374 -26.259994689313174
1403.0833333333333 -23.457936326292348 -26.258953057602675
1403.5833333333333 -23.457099590571996 -26.25791475079415
1404.0833333333333 -23.456284095404296 -26.25689273441857
1404.5833333333333 -23.455511375152696 -26.255846807349513
1405.0833333333333 -23.45475583408996 -26.254809982872366
1405.5833333333333 -23.453967173237466 -26.25376772984501
1406.0833333333333 -23.4531653330253 -26.252722398008245
1406.5833333333333 -23.45244720143767 -26.25167489371792
1407.0833333333333 -23.45159727223441 -26.25063749450678
1407.5833333333333 -23.45084697759528 -26.249606911725913
1408.0833333333333 -23.45006466682107 -26.24854808942736
1408.5833333333333 -23.449260456169846 -26.24751200228196
1409.0833333333333 -23.448537649532835 -26.246464405620692
1409.5833333333333 -23.447763328991783 -26.24542048773282
1410.0833333333333 -23.44698694466848 -26.24437223830061
1410.5833333333333 -23.44619825707865 -26.243333927946843
1411.0833333333333 -23.445479584466902 -26.24229174370158
1411.5833333333333 -23.44469516604787 -26.241226714595616
1412.0833333333333 -23.443957772008446 -26.240192494828168
1412.5833333333333 -23.443205409307602 -26.239140299458185
1413.0833333333333 -23.442488313162613 -26.23808385039203
1413.5833333333333 -23.441646694666318 -26.237043161648103
1414.0833333333333 -23.440940084212578 -26.235982813734488
1414.5833333333333 -23.440232181820548 -26.23494116497684
1415.0833333333333 -23.439464498547636 -26.233890858218768
1415.5833333333333 -23.438728157813248 -26.23283764228624
1416.0833333333333 -23.437992170315315 -26.231793672942807
1416.5833333333333 -23.437194561412852 -26.23073326928555
1417.0833333333333 -23.436486553579194 -26.229685800268996
1417.5833333333333 -23.435738032041797 -26.228627791950604
1418.0833333333333 -23.434974249740893 -26.227572965714927
1418.5833333333333 -23.434304177792008 -26.22651684547822
1419.0833333333333 -23.433558317862367 -26.225457572215323
1419.5833333333333 -23.432865681281086 -26.224404273885426
1420.0833333333333 -23.432060267058674 -26.223350609884424
1420.5833333333333 -23.43136844621658 -26.22228816649843
1421.0833333333333 -23.43065674570351 -26.221221242623827
1421.5833333333333 -23.429947065097497 -26.220164009155795
1422.0833333333333 -23.429210901359745 -26.219099440313084
1422.5833333333333 -23.42849710031632 -26.218045809054182
