FastTrWP/PhaseSpace/IAs/snIa_0.4_20_-1_0.0.csv
# %ECSV 0.9
# ---
# datatype:
# - {name: time-rel, datatype: float64}
# - {name: g, datatype: float64}
# - {name: i, datatype: float64}
# schema: astropy-2.0
time-rel g i
[from data line 552]
259.2083333333333 -26.66873839079249 -27.169837318136153
259.7083333333333 -26.670729108769372 -27.17182817064563
260.2083333333333 -26.672720583540826 -27.173817044079314
260.7083333333333 -26.674699163640735 -27.17579802929958
261.2083333333333 -26.676665176477567 -27.177767061818923
261.7083333333333 -26.678613417921557 -27.1797392390951
262.2083333333333 -26.680559406179583 -27.18170154782939
262.7083333333333 -26.682481481667672 -27.183654910053832
263.2083333333333 -26.684397891514642 -27.185607737625105
263.7083333333333 -26.686309508744152 -27.187545626527893
264.2083333333333 -26.688207320757552 -27.18948522837344
264.7083333333333 -26.69009836041147 -27.19140877482205
265.2083333333333 -26.691972595448938 -27.19332902787617
265.7083333333333 -26.69384473403864 -27.19524330191394
266.2083333333333 -26.695698727525155 -27.197163442676896
266.7083333333333 -26.69753523285092 -27.199056458729963
267.2083333333333 -26.69937737401652 -27.200958847893947
267.7083333333333 -26.70119360172436 -27.202849310648674
268.2083333333333 -26.70302117142864 -27.204726601443888
268.7083333333333 -26.704825104589574 -27.206609912941904
269.2083333333333 -26.706610607466917 -27.20848371379914
269.7083333333333 -26.708395296260903 -27.21034014783918
270.2083333333333 -26.710169619323555 -27.212203600735787
270.7083333333333 -26.71192462530325 -27.214053227575903
271.2083333333333 -26.713694550362185 -27.2159049678094
271.7083333333333 -26.715425898643485 -27.21774262529516
272.2083333333333 -26.717154003236544 -27.219574824503493
272.7083333333333 -26.71887389715831 -27.22140596363132
273.2083333333333 -26.72058610242738 -27.22321846746157
273.7083333333333 -26.722284411116625 -27.22504798578123
274.2083333333333 -26.723966269056604 -27.226845973912823
274.7083333333333 -26.72565664867339 -27.228642870693953
275.2083333333333 -26.727318483448435 -27.23044665946452
275.7083333333333 -26.728968661900915 -27.232240516067733
276.2083333333333 -26.730622647116405 -27.234017780722933
276.7083333333333 -26.7322599430779 -27.23579441229806
277.2083333333333 -26.733885364574018 -27.23756473405164
277.7083333333333 -26.735498410541418 -27.23933008858491
278.2083333333333 -26.737102024284184 -27.241088617830243
278.7083333333333 -26.73870019978424 -27.242843628851507
279.2083333333333 -26.740291652523794 -27.244594110412223
279.7083333333333 -26.741858047883866 -27.246330050166414
280.2083333333333 -26.74342454558616 -27.24807412863983
280.7083333333333 -26.744970185330438 -27.249792337778622
281.2083333333333 -26.74651261810645 -27.251512915668236
281.7083333333333 -26.748050772142378 -27.253230766940266
282.2083333333333 -26.749568831370798 -27.254943625247172
282.7083333333333 -26.75108107772074 -27.25664343839479
283.2083333333333 -26.752575773975188 -27.258346849815297
283.7083333333333 -26.75408135373778 -27.26002805766481
284.2083333333333 -26.7555445232375 -27.26171654541494
284.7083333333333 -26.757027981344482 -27.263390791925776
285.2083333333333 -26.75848990148023 -27.26505727041799
285.7083333333333 -26.75993826949112 -27.2667326621404
286.2083333333333 -26.761374104641863 -27.268392407565628
286.7083333333333 -26.76279645871418 -27.27004704912893
287.2083333333333 -26.76421469236346 -27.27168899810127
287.7083333333333 -26.765615667454576 -27.273339791115525
288.2083333333333 -26.76701354844406 -27.27496974721879
288.7083333333333 -26.768400850799686 -27.27661089954674
289.2083333333333 -26.769774749366423 -27.278229455938714
289.7083333333333 -26.771135391614077 -27.279845644977044
290.2083333333333 -26.772497803239133 -27.28145643681936
290.7083333333333 -26.773830965244212 -27.28305796667364
291.2083333333333 -26.77517611631078 -27.2846607200389
291.7083333333333 -26.776498309748654 -27.286251594436067
292.2083333333333 -26.777806295271603 -27.28783701111938
292.7083333333333 -26.779115400156495 -27.289423268462492
293.2083333333333 -26.78040148400479 -27.290994549902216
293.7083333333333 -26.781675585800325 -27.29257639270566
294.2083333333333 -26.782945464076725 -27.294135461377003
294.7083333333333 -26.784205587653243 -27.295688046214195
295.2083333333333 -26.785453781321237 -27.297241368442403
295.7083333333333 -26.786679044410484 -27.298789373405633
296.2083333333333 -26.787917120694868 -27.30032929164311
296.7083333333333 -26.789141721173575 -27.301856444794804
297.2083333333333 -26.790346246671536 -27.303397432035254
297.7083333333333 -26.791542629901794 -27.304919497832785
298.2083333333333 -26.79272704701383 -27.306433598023567
298.7083333333333 -26.79391719551267 -27.307937360030298
299.2083333333333 -26.795078235950914 -27.30945299893517
299.7083333333333 -26.796231513826697 -27.310956488360205
300.2083333333333 -26.797386070697584 -27.312451850462555
300.7083333333333 -26.79851853780822 -27.313948962343968
301.2083333333333 -26.799650206781294 -27.31542704805941
301.7083333333333 -26.80077583177191 -27.316912758799386
302.2083333333333 -26.801880820852094 -27.31838049233849
302.7083333333333 -26.802989411841818 -27.319853862425024
303.2083333333333 -26.80407271894747 -27.321327459454217
303.7083333333333 -26.80515378961193 -27.322778597943667
304.2083333333333 -26.80621942178289 -27.324240411819304
304.7083333333333 -26.80728823256601 -27.32568622420998
305.2083333333333 -26.808349690410367 -27.327128374925774
305.7083333333333 -26.80939338180149 -27.328575621817606
306.2083333333333 -26.810427144184366 -27.330003906384114
306.7083333333333 -26.81145902835071 -27.331434378618326
307.2083333333333 -26.8124809191179 -27.3328655476945
307.7083333333333 -26.813481999615945 -27.33427930256054
308.2083333333333 -26.814488810580492 -27.335689367339185
308.7083333333333 -26.815480395465208 -27.337098821870768
309.2083333333333 -26.816460639665614 -27.33850418183082
309.7083333333333 -26.81743555780089 -27.33990170688973
310.2083333333333 -26.8184030020345 -27.34128581256344
310.7083333333333 -26.819351356509227 -27.342679650882022
311.2083333333333 -26.820301117748812 -27.34406762722289
311.7083333333333 -26.821247056405305 -27.34544393389189
312.2083333333333 -26.82217385184253 -27.346817493170718
312.7083333333333 -26.82309277079744 -27.348175040683444
313.2083333333333 -26.824007373548923 -27.349545784258417
313.7083333333333 -26.824917300180203 -27.350899677681877
314.2083333333333 -26.82581010838929 -27.35224916232138
314.7083333333333 -26.826705091851903 -27.353604427451437
315.2083333333333 -26.827592703759976 -27.354940907257216
315.7083333333333 -26.82845098384825 -27.356279969586602
316.2083333333333 -26.829324420897287 -27.357615397076437
316.7083333333333 -26.83017563759754 -27.35894669558952
317.2083333333333 -26.831034014081215 -27.360256137012637
317.7083333333333 -26.831872200525716 -27.361578150156625
318.2083333333333 -26.832701384830926 -27.362894158251517
318.7083333333333 -26.83352415869257 -27.364204253106013
319.2083333333333 -26.834350281873213 -27.365504511722996
319.7083333333333 -26.835148070931947 -27.366800526859308
320.2083333333333 -26.835956832707218 -27.368094215223046
320.7083333333333 -26.83675498247784 -27.369383339187074
321.2083333333333 -26.837537037048868 -27.370666335833157
321.7083333333333 -26.83831459732859 -27.371948846604653
322.2083333333333 -26.839086348937094 -27.373220169302893
322.7083333333333 -26.83985604508624 -27.3744869560785
323.2083333333333 -26.840616391707023 -27.375755480794467
323.7083333333333 -26.84136007410026 -27.37701944335987
324.2083333333333 -26.842099363333276 -27.37825931891214
324.7083333333333 -26.842824805381056 -27.379518904637223
325.2083333333333 -26.843553314693978 -27.380762961563473
325.7083333333333 -26.84427659189081 -27.382004792640934
326.2083333333333 -26.844985544171067 -27.383236621626157
326.7083333333333 -26.845683564406606 -27.384468360157335
327.2083333333333 -26.846379735079843 -27.38569591050746
327.7083333333333 -26.847073227733578 -27.386917360680187
328.2083333333333 -26.847759919337747 -27.388133546820043
328.7083333333333 -26.84842779618402 -27.38934203758168
329.2083333333333 -26.849110318077045 -27.390545858133947
329.7083333333333 -26.849755237517428 -27.39175156571168
330.2083333333333 -26.850408051467763 -27.392947570374705
330.7083333333333 -26.85104929228794 -27.394148228542857
331.2083333333333 -26.851677398100517 -27.395333624224175
331.7083333333333 -26.85229921362862 -27.396518827409636
332.2083333333333 -26.852913746915824 -27.397691798879528
332.7083333333333 -26.85352378971264 -27.398868429733703
333.2083333333333 -26.854110789134516 -27.400034048704477
333.7083333333333 -26.85470811348573 -27.40120026803181
334.2083333333333 -26.85528621066998 -27.402362853000586
334.7083333333333 -26.855855014337013 -27.403520493100544
335.2083333333333 -26.856408914006558 -27.404673211609037
335.7083333333333 -26.856965206041185 -27.40582204086348
336.2083333333333 -26.857507231783444 -27.40695744755852
336.7083333333333 -26.85805134806089 -27.408101309363786
337.2083333333333 -26.858581573171993 -27.409235495326605
337.7083333333333 -26.85909813923046 -27.410366200115675
338.2083333333333 -26.85961601795635 -27.41148199199695
338.7083333333333 -26.860116670596476 -27.412612028251537
339.2083333333333 -26.860612827921898 -27.41372612441639
339.7083333333333 -26.86110488416884 -27.414844703658968
340.2083333333333 -26.86159603487175 -27.4159471803315
340.7083333333333 -26.862069046879938 -27.417048550814304
341.2083333333333 -26.862541145268438 -27.418152012868006
341.7083333333333 -26.86301343425971 -27.419246245109786
342.2083333333333 -26.863452915733774 -27.420343881251917
342.7083333333333 -26.86390125753568 -27.421426887257137
343.2083333333333 -26.864355530493782 -27.42250895813481
343.7083333333333 -26.86478805713032 -27.423582982204646
344.2083333333333 -26.865215135885812 -27.424664021756605
344.7083333333333 -26.865629693313714 -27.425732412530863
345.2083333333333 -26.86604866323357 -27.42680160535359
345.7083333333333 -26.866456028979297 -27.427858328004163
346.2083333333333 -26.866860563511715 -27.428914972982344
346.7083333333333 -26.867254358025455 -27.429964413054773
347.2083333333333 -26.867645330678236 -27.43102137278244
347.7083333333333 -26.868035444638192 -27.43206696004655
348.2083333333333 -26.86841029809157 -27.433109605172532
348.7083333333333 -26.868782185787822 -27.4341431741148
349.2083333333333 -26.869143807314444 -27.43518465215429
349.7083333333333 -26.869507533513538 -27.436202269621933
350.2083333333333 -26.869859625793286 -27.437230895734995
350.7083333333333 -26.87020695408603 -27.43826275652179
351.2083333333333 -26.87056203723172 -27.439269651374495
351.7083333333333 -26.870894325942395 -27.440275920452667
352.2083333333333 -26.871229675260885 -27.441291673176412
352.7083333333333 -26.871556897909024 -27.44230293352974
353.2083333333333 -26.87187635129237 -27.44330174307136
353.7083333333333 -26.872193833898642 -27.444292579398883
354.2083333333333 -26.872513944012244 -27.44529209185061
354.7083333333333 -26.872821572609897 -27.44628077747931
355.2083333333333 -26.87312869377887 -27.447268307046357
355.7083333333333 -26.873419105012818 -27.4482458902901
356.2083333333333 -26.873724778895372 -27.44922627713475
356.7083333333333 -26.874009904825847 -27.45019821548094
357.2083333333333 -26.87430374341753 -27.451166781425588
357.7083333333333 -26.8745777436957 -27.45213745904666
358.2083333333333 -26.874851992900023 -27.453098368932892
358.7083333333333 -26.875124860539223 -27.454059570310317
359.2083333333333 -26.875384868219776 -27.45502468924057
359.7083333333333 -26.875652691643563 -27.455974111367965
360.2083333333333 -26.875923067858626 -27.456920196522162
360.7083333333333 -26.87618210881073 -27.45786586182681
361.2083333333333 -26.87642422634703 -27.45880150641622
361.7083333333333 -26.87668554044172 -27.459740616121753
362.2083333333333 -26.8769267568641 -27.460675943250244
362.7083333333333 -26.877176341898796 -27.46159974318092
363.2083333333333 -26.877411257724113 -27.46252827990302
363.7083333333333 -26.87763939591752 -27.463454655071065
364.2083333333333 -26.87786839816937 -27.464365622512847
364.7083333333333 -26.87809914651772 -27.465281310562403
365.2083333333333 -26.878311694356476 -27.46620385369342
365.7083333333333 -26.878524134423177 -27.467121992052338
366.2083333333333 -26.878737155514457 -27.468016075879234
366.7083333333333 -26.878946970572215 -27.468925884404747
367.2083333333333 -26.879142008998475 -27.469824979281725
367.7083333333333 -26.879331948717322 -27.47071674300207
368.20833333333326 -26.879524352039148 -27.471605465506542
368.7083333333333 -26.879705882025124 -27.472502973261037
369.2083333333333 -26.879893623625502 -27.47338530733508
369.70833333333326 -26.880054941764868 -27.47427174403937
370.2083333333333 -26.88023459946963 -27.47514671808737
370.7083333333333 -26.88039165893175 -27.476024537306433
371.20833333333326 -26.880545146182932 -27.47689438750581
371.7083333333333 -26.880711760013924 -27.477757912940554
372.2083333333333 -26.88085526508056 -27.478621779962143
372.70833333333326 -26.88099315298823 -27.479480913918437
373.2083333333333 -26.88114142035762 -27.480342600143196
373.7083333333333 -26.881273359479252 -27.481202084879076
374.20833333333326 -26.88139703601894 -27.4820467195011
374.7083333333333 -26.881520919739543 -27.482894117288545
375.2083333333333 -26.881640577517445 -27.4837367660197
375.70833333333326 -26.881749743656247 -27.484575316481887
376.2083333333333 -26.88185203787529 -27.485409977798533
376.7083333333333 -26.88196648489894 -27.486249409716116
377.20833333333326 -26.882062466550618 -27.48707510969037
377.7083333333333 -26.88214725246771 -27.48790101822136
378.2083333333333 -26.882233860031896 -27.48871999225233
378.70833333333326 -26.88231322893358 -27.489539418534452
379.2083333333333 -26.882385262062698 -27.490353852444333
379.7083333333333 -26.882454558774104 -27.491163818035794
380.20833333333326 -26.882516705298464 -27.491974077603267
380.7083333333333 -26.882585853552484 -27.492780854610896
381.2083333333333 -26.882628179714395 -27.493570753879712
381.70833333333326 -26.88267749011719 -27.49436525912859
382.2083333333333 -26.88272689600784 -27.495164715090876
382.7083333333333 -26.882760439866047 -27.4959490504542
383.20833333333326 -26.882788242016847 -27.496737109694887
383.7083333333333 -26.88281325384091 -27.49751270264101
384.2083333333333 -26.88284803480054 -27.49828945013354
384.70833333333326 -26.882847843818976 -27.49906422400436
385.2083333333333 -26.88285606928888 -27.49983780248039
385.7083333333333 -26.882860843037847 -27.500598444080616
386.20833333333326 -26.882861092616146 -27.50136546566821
386.7083333333333 -26.88284587605491 -27.502119118909306
387.2083333333333 -26.882833748131468 -27.502872974830623
387.70833333333326 -26.88281779536257 -27.503624029564335
388.2083333333333 -26.88279644518324 -27.504373992475752
388.7083333333333 -26.882762622969807 -27.505114224340534
389.20833333333326 -26.88272708041646 -27.50585224382221
389.7083333333333 -26.88267971831984 -27.506587218185388
390.2083333333333 -26.88262836214866 -27.507319819844625
390.70833333333326 -26.88258082897057 -27.508050111680955
391.2083333333333 -26.882517462754514 -27.508759568835973
391.7083333333333 -26.88243936576368 -27.509491268371143
392.20833333333326 -26.882380799397623 -27.510201615221767
392.7083333333333 -26.88230657447198 -27.510919301756708
393.2083333333333 -26.88222431894222 -27.51162002147823
393.70833333333326 -26.882116617685444 -27.51232950859462
394.2083333333333 -26.88203213886449 -27.513025872605148
394.7083333333333 -26.881916628298033 -27.513728260145914
395.20833333333326 -26.88181984175374 -27.51441388370052
395.7083333333333 -26.881706977696204 -27.515106852055318
396.2083333333333 -26.88158269989294 -27.515787704600328
396.70833333333326 -26.881444880319272 -27.516466775028352
397.2083333333333 -26.88132818434688 -27.517147797212584
397.7083333333333 -26.881183138230128 -27.51781797759227
398.20833333333326 -26.881043750441457 -27.518482231613124
