FastTrWP/PhaseSpace/IAs/snIa_0.32_30.00_-0.80_0.09.csv
# %ECSV 0.9
# ---
# datatype:
# - {name: time-rel, datatype: float64}
# - {name: g, datatype: float64}
# - {name: i, datatype: float64}
# schema: astropy-2.0
time-rel g i
[from data line 289]
372.8541666666667 24.060309222573828 23.521329649273692
373.3541666666667 24.055199883053024 23.51728110484169
373.85416666666663 24.05009553107182 23.513236331325306
374.3541666666667 24.044989220940213 23.509199035114335
374.8541666666667 24.03989100387839 23.505162669553403
375.35416666666663 24.034823251252163 23.50113109289402
375.8541666666667 24.029766707846306 23.497115566374156
376.3541666666667 24.024736936376993 23.493124020931507
376.85416666666663 24.019684698355626 23.489114506853234
377.3541666666667 24.014650801452937 23.485127216586967
377.8541666666667 24.009642500701386 23.481133879563917
378.35416666666663 24.0046325062878 23.477167956976665
378.8541666666667 23.9996543981748 23.473208119945255
379.3541666666667 23.9946652043902 23.46923385987806
379.85416666666663 23.989715368283527 23.46528048661249
380.3541666666667 23.984757288639436 23.46133402642749
380.8541666666667 23.979820270025755 23.457396844130812
381.35416666666663 23.974896157876593 23.45346517712408
381.8541666666667 23.969966012158444 23.44955271403132
382.3541666666667 23.965054665302475 23.44562970010079
382.85416666666663 23.960148314863837 23.44172399881653
383.3541666666667 23.95525878279694 23.43782431535012
383.8541666666667 23.950395844147295 23.433925342766653
384.35416666666663 23.94552346181554 23.430045018279046
384.8541666666667 23.940680020289665 23.426162525717523
385.3541666666667 23.935816199748064 23.42228332134789
385.85416666666663 23.93097610713431 23.418424896041344
386.3541666666667 23.926168055814443 23.41456225444364
386.8541666666667 23.921356119874943 23.410697776084454
387.35416666666663 23.916532778186482 23.40686933659669
387.8541666666667 23.911749218736027 23.40302195665356
388.3541666666667 23.90696303278982 23.399197044439866
388.85416666666663 23.902198750142038 23.3953661325766
389.3541666666667 23.89744246781747 23.39154708641342
389.8541666666667 23.89267607698285 23.387735412132095
390.35416666666663 23.887937012122258 23.383928456216353
390.8541666666667 23.88319661362321 23.380130728476736
391.3541666666667 23.878473515278785 23.37633900911171
391.85416666666663 23.87376076952053 23.372553343401215
392.3541666666667 23.869056791804766 23.36877412892401
392.8541666666667 23.864365267113964 23.36499702006575
393.35416666666663 23.859677291868607 23.361234295856534
393.8541666666667 23.855013494023446 23.357470238354917
394.3541666666667 23.850329169340846 23.35371389054826
394.85416666666663 23.845671935169616 23.349956001530163
395.3541666666667 23.841024751685108 23.346224291938253
395.8541666666667 23.836382437769544 23.34248083938562
396.35416666666663 23.831755855586376 23.33874560046342
396.8541666666667 23.827130808283524 23.33502430266755
397.3541666666667 23.822526241396865 23.331301269408765
397.85416666666663 23.817927622719655 23.327589186355237
398.3541666666667 23.813322645869917 23.323869420207664
398.8541666666667 23.80873715137568 23.320165891063965
399.35416666666663 23.804156951362017 23.31647039076403
399.8541666666667 23.799595422131286 23.312776629427972
400.3541666666667 23.795017920970732 23.309095393404746
400.85416666666663 23.790479353610582 23.305409277154496
401.3541666666667 23.785940569693132 23.30174175246574
401.8541666666667 23.781404590193418 23.298069168266235
402.35416666666663 23.776881501231788 23.29440094208077
402.8541666666667 23.77234181723866 23.29075040678886
403.3541666666667 23.767849224146236 23.287093110298432
403.85416666666663 23.76334373068635 23.283443381222945
404.3541666666667 23.758860684426658 23.279789277549536
404.8541666666667 23.754376384908262 23.27615893409849
405.35416666666663 23.749877052724845 23.272529330932823
405.8541666666667 23.745420554180665 23.26890025613197
406.3541666666667 23.74094741927891 23.265283338232553
406.85416666666663 23.73648547797574 23.261653001328018
407.3541666666667 23.732023603934174 23.258031710344056
407.8541666666667 23.727558854730436 23.25440064629209
408.35416666666663 23.723081315056902 23.25077233849457
408.8541666666667 23.71860995096277 23.247146188889822
409.3541666666667 23.714128652395846 23.243511149700524
409.85416666666663 23.70964710719788 23.239878049092766
410.3541666666667 23.70518431168962 23.23624340161303
410.8541666666667 23.700699373871466 23.23262122604298
411.35416666666663 23.696224470546316 23.228997503873657
411.8541666666667 23.691740609703796 23.225373001667307
412.3541666666667 23.687272548907494 23.221743511984357
412.85416666666663 23.68280679857778 23.2181275531039
413.3541666666667 23.678332230792506 23.21450094629741
413.8541666666667 23.673869449927643 23.21088258369719
414.35416666666663 23.669423262930525 23.207271038755195
414.8541666666667 23.664967394921486 23.20366500902319
415.3541666666667 23.66052687797204 23.200050858513876
415.85416666666663 23.65609018911084 23.19644927462913
416.3541666666667 23.651661780397752 23.192860824302826
416.8541666666667 23.64723576443079 23.189270465709765
417.35416666666663 23.642832067735895 23.185687206231588
417.8541666666667 23.63843114044014 23.182103414014108
418.3541666666667 23.634054681356588 23.178540377814493
418.85416666666663 23.629658887315706 23.174965492184604
419.3541666666667 23.625290422719708 23.171412540847424
419.8541666666667 23.62092377737911 23.16785762140947
420.35416666666663 23.6165877206179 23.164316383391707
420.8541666666667 23.612249728258664 23.160777741888722
421.3541666666667 23.607933184708738 23.15725699414862
421.85416666666663 23.60362112422003 23.153737068240403
422.3541666666667 23.599328034712403 23.150231198465757
422.8541666666667 23.595054118527127 23.146730561124294
423.35416666666663 23.590789374221153 23.143243566337187
423.8541666666667 23.586531111612757 23.13975491201381
424.3541666666667 23.582302612139195 23.136296140856544
424.85416666666663 23.57808480751133 23.132836243081524
425.3541666666667 23.573888550908407 23.129393239351845
425.8541666666667 23.569709282935975 23.125957320744543
426.35416666666663 23.56553630531446 23.12253062425123
426.8541666666667 23.561395542758422 23.11911399653954
427.3541666666667 23.55727267371856 23.11571590318564
427.85416666666663 23.553170468937708 23.112332857928482
428.3541666666667 23.549077534323324 23.108949883536276
428.8541666666667 23.544996845686285 23.105601914961746
429.35416666666663 23.5409535586623 23.10223728147704
429.8541666666667 23.536918153971783 23.0989080015176
430.3541666666667 23.53291983941029 23.095570384165832
430.85416666666663 23.52892300120535 23.092271945142706
431.3541666666667 23.524962964871733 23.088973675416522
431.8541666666667 23.52101805324159 23.08569239431921
432.35416666666663 23.517091694091988 23.082430876747612
432.8541666666667 23.51321299860632 23.079174502661704
433.3541666666667 23.509336408325403 23.07593734256697
433.85416666666663 23.50548429679393 23.072720448067095
434.3541666666667 23.501653384160022 23.06951335981463
434.8541666666667 23.497854920888837 23.06632479669179
435.35416666666663 23.4940609744716 23.06314896112463
435.8541666666667 23.490322787292865 23.05999815269462
436.3541666666667 23.486594754570817 23.056854639896812
436.85416666666663 23.482889458559534 23.053729447388378
437.3541666666667 23.479199064660207 23.050620214320794
437.8541666666667 23.475549449915878 23.047525426811802
438.35416666666663 23.471916078071153 23.044453091855214
438.8541666666667 23.468303855182363 23.04139388956247
439.3541666666667 23.464706595225636 23.03833241924832
439.85416666666663 23.461102195264814 23.0352767915422
440.3541666666667 23.45752029849292 23.03223547694238
440.8541666666667 23.45393868839703 23.029195082489128
441.35416666666663 23.450374844694956 23.02616473761887
441.8541666666667 23.446833659507522 23.02313975604787
442.3541666666667 23.443280190770004 23.020130721297058
442.85416666666663 23.439747341186127 23.017121705134144
443.3541666666667 23.436231270195545 23.014119899113147
443.8541666666667 23.43271988368166 23.011129818420045
444.35416666666663 23.429228800591243 23.008150406202095
444.8541666666667 23.42574467197471 23.005173461325164
445.3541666666667 23.422275510066925 23.002214423640975
445.85416666666663 23.41882318259533 22.999255844095302
446.3541666666667 23.41536058229775 22.99630482565322
446.8541666666667 23.41193339731323 22.99336312268214
447.35416666666663 23.40851341032313 22.99043076477041
447.8541666666667 23.40510501596599 22.987512519470847
448.3541666666667 23.401701858288572 22.984598016469707
448.85416666666663 23.39833532979831 22.98169087730721
449.3541666666667 23.394952791211434 22.978801485898575
449.8541666666667 23.391604775570222 22.975921857630933
450.35416666666663 23.388259007899034 22.973044914071593
450.8541666666667 23.384940786811388 22.970183713405525
451.3541666666667 23.38162648995887 22.967322567174943
451.85416666666663 23.378332829449295 22.964479383745324
452.3541666666667 23.375043764814556 22.96163591889274
452.8541666666667 23.3717818490139 22.95881818648632
453.35416666666663 23.36853160198496 22.956002922631274
453.8541666666667 23.36528718507646 22.953195539518553
454.3541666666667 23.362077385856512 22.950404542342113
454.85416666666663 23.358862950742374 22.947622153176574
455.3541666666667 23.355663217941647 22.94485169053598
455.8541666666667 23.352498863734393 22.942080006855605
456.35416666666663 23.349325473262578 22.939337199980724
456.8541666666667 23.346181005228846 22.9365915727221
457.3541666666667 23.343057654044202 22.933868226584284
457.85416666666663 23.339943007830485 22.931150110756832
458.3541666666667 23.33683856233907 22.928434601164277
458.8541666666667 23.333756859976372 22.925735663242214
459.35416666666663 23.33070206439361 22.923066491237535
459.8541666666667 23.327665089146812 22.920380875608053
460.3541666666667 23.3246168571344 22.917723047611425
460.85416666666663 23.321616124842706 22.91507333088822
461.3541666666667 23.318607962046674 22.912420792786765
461.8541666666667 23.315634119040787 22.909796274577765
462.35416666666663 23.312674468910537 22.90718900029141
462.8541666666667 23.309725527429677 22.904576309568206
463.3541666666667 23.306800512895446 22.901997655620228
463.85416666666663 23.30388933869024 22.899415176352594
464.3541666666667 23.300996273931098 22.896842746085596
464.8541666666667 23.298119483876828 22.894285385158174
465.35416666666663 23.29526290996425 22.891745144492305
465.8541666666667 23.29242747769719 22.889215716156578
466.3541666666667 23.28960006915105 22.886699233391422
466.85416666666663 23.286798918330764 22.8841929181102
467.3541666666667 23.284009229395167 22.881698056076157
467.8541666666667 23.28124151602978 22.879224129443134
468.35416666666663 23.278497883918348 22.876747609695734
468.8541666666667 23.275774563182008 22.874290607546698
469.3541666666667 23.273063588794475 22.871852154511952
469.85416666666663 23.270367041758906 22.86942571915267
470.3541666666667 23.267691732382918 22.867010427536915
470.8541666666667 23.265038782920335 22.864599437252192
471.35416666666663 23.262386533787186 22.86220401241602
471.8541666666667 23.259746189190086 22.859816864971062
472.3541666666667 23.257126493305584 22.857441610751973
472.85416666666663 23.254519551787546 22.855066712654573
473.3541666666667 23.2519221463464 22.852704288899783
473.8541666666667 23.249344192022164 22.85035064141066
474.35416666666663 23.24676987611632 22.848009980553464
474.8541666666667 23.244223363144798 22.845685461920286
475.3541666666667 23.241682674704357 22.8433481919619
475.85416666666663 23.23913876671829 22.84104252465535
476.3541666666667 23.23662706383024 22.838742656236704
476.8541666666667 23.234124782814682 22.83644414284546
477.35416666666663 23.231629395714396 22.834150158173614
477.8541666666667 23.22915454396022 22.831878550466964
478.3541666666667 23.226677855666583 22.829613602076435
478.85416666666663 23.224232313942764 22.827351444700298
479.3541666666667 23.22178377522759 22.82509666166627
479.8541666666667 23.21936217066749 22.82285699565122
480.35416666666663 23.216946418448742 22.820619563921085
480.8541666666667 23.214540945927162 22.818392040873754
481.3541666666667 23.212149280226868 22.81618922667515
481.85416666666663 23.209771709783272 22.81397486753905
482.3541666666667 23.207418693456397 22.811787264669295
482.8541666666667 23.205064547171563 22.80959319874399
483.35416666666663 23.202720690184393 22.807418087794833
483.8541666666667 23.200384429000728 22.805248060136883
484.3541666666667 23.198072649448353 22.80308158931263
484.8541666666667 23.19577319315339 22.80093119011252
485.3541666666667 23.19347121191501 22.798791660081925
485.8541666666667 23.19119828259893 22.796651320998862
486.3541666666667 23.188928771834135 22.79451121722
486.8541666666667 23.186665806547467 22.792392868102617
487.3541666666667 23.184430088602333 22.79029489515194
487.8541666666667 23.182204029413356 22.788184128091057
488.3541666666667 23.179971394189536 22.786096076660883
488.8541666666667 23.177772018864502 22.784010310201218
489.3541666666667 23.175562165333538 22.781926445994376
489.8541666666667 23.173389498040116 22.77986174558295
490.3541666666667 23.171221839451533 22.77781085759933
490.8541666666667 23.1690513046999 22.775759440119177
491.3541666666667 23.166913405543262 22.773712892643104
491.8541666666667 23.16477195532896 22.771677689257444
492.3541666666667 23.16264565631977 22.769652074045798
492.8541666666667 23.160536570408897 22.76763286055616
493.3541666666667 23.15843999193534 22.765627520186374
493.8541666666667 23.156346037806223 22.76363088059805
494.3541666666667 23.154266771407084 22.761631150526746
494.8541666666667 23.1522070739455 22.759639835593237
495.3541666666667 23.150145712362836 22.757678377128027
495.8541666666667 23.14810231541891 22.75570320580598
496.3541666666667 23.146065623805203 22.753737633428788
496.8541666666667 23.14404617233107 22.751793567900968
497.3541666666667 23.142040807129728 22.74984963391325
497.8541666666667 23.140038622241708 22.747911590437223
498.3541666666667 23.13805527217637 22.745988891886423
498.8541666666667 23.136086106762935 22.7440661919964
499.3541666666667 23.134114129663274 22.742160230376673
499.8541666666667 23.132166426575914 22.740254916741943
500.3541666666667 23.130222859862457 22.738360622676495
500.8541666666667 23.12829766210806 22.73647391978414
501.3541666666667 23.126372967915575 22.734586702425354
501.8541666666667 23.124470222848487 22.73272097642931
502.3541666666667 23.122572953737826 22.730860580753816
502.8541666666667 23.120685012994024 22.729005076154163
503.3541666666667 23.118809048361758 22.727155277131995
503.8541666666667 23.116937964840737 22.725306537779137
504.3541666666667 23.115080855114137 22.723467042245723
504.8541666666667 23.1132239237579 22.721641397646664
505.3541666666667 23.11138766388161 22.719819135293907
505.8541666666667 23.109565553259237 22.718005975201756
506.3541666666667 23.10774032292587 22.71620022800083
506.8541666666667 23.105926663150605 22.71439311308441
507.3541666666667 23.10413756482746 22.712606944873485
507.8541666666667 23.102342268012187 22.710820695723587
508.3541666666667 23.100557950785365 22.709037658104315
508.8541666666667 23.098792152203004 22.707262118620225
509.3541666666667 23.09702168736129 22.705506083592837
509.8541666666667 23.095279374403596 22.70374048000229
510.3541666666667 23.093535381026456 22.70198597169451
510.8541666666667 23.09179889838068 22.70024470864477
511.3541666666667 23.090082354669747 22.698502477292433
511.8541666666667 23.088355138354558 22.696768717340603
512.3541666666666 23.086659212617814 22.695048659399994
512.8541666666666 23.084962262125487 22.69332919487363
513.3541666666666 23.083279957853087 22.69162397376087
513.8541666666666 23.081601270361535 22.689927533846305
514.3541666666666 23.079945582404434 22.688218308740712
514.8541666666666 23.078288098564133 22.686524604568103
515.3541666666666 23.07663096319031 22.68485665823429
515.8541666666666 23.07499655174585 22.68316650349138
