FastTrWP/PhaseSpace/IAs/snIa_0.6_25_0.0_0.1.csv
# %ECSV 0.9
# ---
# datatype:
# - {name: time-rel, datatype: float64}
# - {name: g, datatype: float64}
# - {name: i, datatype: float64}
# schema: astropy-2.0
time-rel g i
[from data line 832]
397.2291666666667 -25.967165579653905 -27.614011375304127
397.72916666666663 -25.967631575758027 -27.61499482984247
398.2291666666667 -25.968106647182786 -27.61597776758687
398.7291666666667 -25.968549581020206 -27.6169521549923
399.22916666666663 -25.96899310053271 -27.617923551019107
399.7291666666667 -25.969430950766252 -27.618894797410974
400.2291666666667 -25.969881551903722 -27.619861590790187
400.72916666666663 -25.970302063833874 -27.620823997520517
401.2291666666667 -25.97071444754267 -27.621777695228946
401.7291666666667 -25.971127961304635 -27.622736257402394
402.22916666666663 -25.971507361569472 -27.623682643887577
402.7291666666667 -25.971897732135343 -27.624640125676073
403.2291666666667 -25.972281083941724 -27.625582814299822
403.72916666666663 -25.972665075965885 -27.626522811819186
404.2291666666667 -25.973051871383607 -27.627457815773504
404.7291666666667 -25.97339616485124 -27.62839273095077
405.22916666666663 -25.973751041092783 -27.62931829330009
405.7291666666667 -25.97410152229233 -27.630248340615978
406.2291666666667 -25.97443942898645 -27.631164482772025
406.72916666666663 -25.97477399122329 -27.63209085475216
407.2291666666667 -25.975091481456122 -27.633003760864373
407.7291666666667 -25.975409252025603 -27.6339144583172
408.22916666666663 -25.97573169541193 -27.63482017220065
408.7291666666667 -25.97603989271412 -27.635726110882715
409.2291666666667 -25.976351416730473 -27.63663439972219
409.72916666666663 -25.976611879873563 -27.637528472023817
410.2291666666667 -25.97690015634875 -27.638423076507166
410.7291666666667 -25.977194936215486 -27.639316715093706
411.22916666666663 -25.977456605970314 -27.640199550572703
411.7291666666667 -25.977716799677385 -27.641087287238054
412.2291666666667 -25.977977551818544 -27.641964685287434
412.72916666666663 -25.97821860074292 -27.642848303001518
413.2291666666667 -25.97846533492856 -27.643712618901834
413.7291666666667 -25.97869515215894 -27.64459137050399
414.22916666666663 -25.978942296041822 -27.64545800485059
414.7291666666667 -25.979155944945077 -27.64632217079784
415.2291666666667 -25.979387997196028 -27.647181662912264
415.72916666666663 -25.97958070315263 -27.648042519467314
416.2291666666667 -25.979787149906954 -27.64889663220673
416.7291666666667 -25.979992550585088 -27.649743887425068
417.22916666666663 -25.980192091776853 -27.65059179192198
417.7291666666667 -25.980359986552685 -27.651438842822095
418.2291666666667 -25.98053351749957 -27.652272097576642
418.72916666666663 -25.9807115257299 -27.653115197160307
419.2291666666667 -25.980875658831792 -27.653951634805995
419.7291666666667 -25.98104492966451 -27.654777012323173
420.22916666666663 -25.98121513270553 -27.655604266962122
420.7291666666667 -25.981350776862865 -27.656424649287473
421.2291666666667 -25.981491304130927 -27.657248651932598
421.72916666666663 -25.981629178122535 -27.658068586023028
422.2291666666667 -25.981768399730356 -27.658878880848757
422.7291666666667 -25.981889587891768 -27.659692178912504
423.22916666666663 -25.98201062860855 -27.660501812696875
423.7291666666667 -25.982136342486704 -27.661306288374696
424.2291666666667 -25.982229511377398 -27.662108408718748
424.72916666666663 -25.982333940313758 -27.662896094739267
425.2291666666667 -25.98244230078852 -27.663701669720105
425.7291666666667 -25.982526100039994 -27.664494459741157
426.22916666666663 -25.98260787916891 -27.665281379154255
426.7291666666667 -25.98268843318934 -27.66606706389281
427.2291666666667 -25.982769617088685 -27.6668520988011
427.72916666666663 -25.982836523708745 -27.667627194947187
428.2291666666667 -25.982902534229467 -27.66840208946583
428.7291666666667 -25.982949291969504 -27.669176103442723
429.22916666666663 -25.983004955002627 -27.66994839204206
429.7291666666667 -25.983043668250332 -27.670707866338784
430.2291666666667 -25.983079861236114 -27.67147816311254
430.72916666666663 -25.983093837276204 -27.67223027035008
431.2291666666667 -25.98309643338357 -27.672990315051745
431.7291666666667 -25.9831047199679 -27.673739822655953
432.22916666666663 -25.98309536276528 -27.67448253043429
432.7291666666667 -25.983078598823223 -27.67523039641261
433.2291666666667 -25.983060978635834 -27.675972720755947
433.72916666666663 -25.983027975249705 -27.676713172482714
434.2291666666667 -25.98299431147595 -27.67744345650825
434.7291666666667 -25.98294207383692 -27.67818387957788
435.22916666666663 -25.98289739506783 -27.678907226514845
435.7291666666667 -25.98283873132598 -27.67963684053406
436.2291666666667 -25.982774358713403 -27.68035322935255
436.72916666666663 -25.982697297573154 -27.68107327180877
437.2291666666667 -25.982613024022445 -27.681786714344124
437.7291666666667 -25.982542926983424 -27.682506690543356
438.22916666666663 -25.982430524556648 -27.683210079838673
438.7291666666667 -25.98233693999333 -27.683917513889035
439.2291666666667 -25.98222530206161 -27.68462477924033
439.72916666666663 -25.98211106609972 -27.685317764018514
440.2291666666667 -25.981969123522784 -27.686020258047698
440.7291666666667 -25.981845536752854 -27.686710549478853
441.22916666666663 -25.981709305156848 -27.687397410034677
441.7291666666667 -25.98158360938534 -27.68808884309959
442.2291666666667 -25.98142218127307 -27.688778326331217
442.72916666666663 -25.981276631330207 -27.689459780194248
443.2291666666667 -25.981115337413403 -27.690138517413754
443.7291666666667 -25.98094398368842 -27.690803115062536
444.22916666666663 -25.980780028980135 -27.69148430623712
444.7291666666667 -25.98060270128184 -27.692153124440587
445.2291666666667 -25.980428640926796 -27.69282358806509
445.72916666666663 -25.98022246449279 -27.69348504167132
446.2291666666667 -25.980040315301096 -27.694146402354892
446.7291666666667 -25.97983653878341 -27.69481238481728
447.22916666666663 -25.979633789352185 -27.69546348490389
447.7291666666667 -25.979439924881987 -27.696121427703172
448.2291666666667 -25.979225609667132 -27.69676832310183
448.72916666666663 -25.97899443251499 -27.697414088919352
449.2291666666667 -25.978785196394817 -27.698059830065933
449.7291666666667 -25.978557511593117 -27.698701836451566
450.22916666666663 -25.97833754596355 -27.699344663146512
450.7291666666667 -25.97809014119353 -27.699977085316338
451.2291666666667 -25.977850396977217 -27.700611656658822
451.72916666666663 -25.977621102426944 -27.701247004949096
452.2291666666667 -25.97735623406081 -27.701874534769033
452.7291666666667 -25.977116829108986 -27.702503408132984
453.22916666666663 -25.976847975937574 -27.703127427206347
453.7291666666667 -25.97658908954193 -27.703750199737847
454.2291666666667 -25.976324408414314 -27.704369957183125
454.72916666666663 -25.976057804686906 -27.704982223990207
455.2291666666667 -25.97578989878513 -27.70560009875339
455.7291666666667 -25.975501987435365 -27.70621299392294
456.22916666666663 -25.975232465119106 -27.706816129826407
456.7291666666667 -25.974953866397836 -27.70743314854562
457.2291666666667 -25.974678655924606 -27.708031006072765
457.72916666666663 -25.974386091409226 -27.708630219678525
458.2291666666667 -25.974104873600563 -27.709234362830585
458.7291666666667 -25.97381591537427 -27.709832925277702
459.22916666666663 -25.97353308982028 -27.710428062966727
459.7291666666667 -25.97322202284792 -27.711026110200617
460.2291666666667 -25.972922296233918 -27.711614031913246
460.72916666666663 -25.972617969586324 -27.712203134345955
461.2291666666667 -25.972327052856382 -27.712786267858412
461.7291666666667 -25.97201487358948 -27.713374337973583
462.22916666666663 -25.971702810546304 -27.713944427327284
462.7291666666667 -25.971402443772867 -27.71452752356118
463.2291666666667 -25.97108814082279 -27.715105559594146
463.72916666666663 -25.970772844671387 -27.715682371780535
464.2291666666667 -25.970462327774115 -27.716257340351884
464.7291666666667 -25.970153047736705 -27.71682493030653
465.22916666666663 -25.96983288567971 -27.71739611043005
465.7291666666667 -25.96950542053696 -27.71795706760284
466.2291666666667 -25.969188174362795 -27.718520104385718
466.72916666666663 -25.96887773015803 -27.719089683172978
467.2291666666667 -25.968543220245923 -27.719645715486514
467.7291666666667 -25.968219660608977 -27.720208292783852
468.22916666666663 -25.96789240796312 -27.720765457141038
468.7291666666667 -25.967539876117826 -27.72131754613037
469.2291666666667 -25.967203365207816 -27.721869022781817
469.72916666666663 -25.966859153669816 -27.722416683954492
470.2291666666667 -25.96652305262476 -27.722965293686983
470.7291666666667 -25.966159649962815 -27.723507051737993
471.22916666666663 -25.96581246168907 -27.724043798147676
471.7291666666667 -25.96544360864781 -27.724589137638237
472.2291666666667 -25.96508213621666 -27.725127597946294
472.72916666666663 -25.96472637413956 -27.725660047261613
473.2291666666667 -25.964358870843114 -27.726202690096365
473.7291666666667 -25.963988436717273 -27.72672702575688
474.22916666666663 -25.96360361147418 -27.7272568621946
474.7291666666667 -25.96321693577915 -27.727781820795506
475.2291666666667 -25.962839163695367 -27.728309943499827
475.72916666666663 -25.962443887647304 -27.728829479438772
476.2291666666667 -25.962053124955126 -27.729346820069228
476.7291666666667 -25.9616653326154 -27.72986034639232
477.22916666666663 -25.961260703471094 -27.730382965638903
477.7291666666667 -25.96086385942688 -27.730888850610636
478.2291666666667 -25.96044516878542 -27.731401522189735
478.72916666666663 -25.960038694278772 -27.731906211466484
479.2291666666667 -25.95962225738615 -27.732413680356736
479.7291666666667 -25.959207056188404 -27.732912906585824
480.22916666666663 -25.958777375837187 -27.733416019826407
480.7291666666667 -25.958333660162726 -27.73391775833536
481.2291666666667 -25.957914901291325 -27.73440947823216
481.72916666666663 -25.95747911932267 -27.734903123264758
482.2291666666667 -25.957055328676113 -27.73539760617406
482.7291666666667 -25.95659227123786 -27.73588821479018
483.22916666666663 -25.956161086509756 -27.7363741071286
483.7291666666667 -25.95570723396936 -27.73685342336186
484.2291666666667 -25.955240187637806 -27.737340062680826
484.72916666666663 -25.954786262456512 -27.737818542726362
485.2291666666667 -25.95432130882123 -27.73829063725536
485.7291666666667 -25.953854900123666 -27.73877029443803
486.22916666666663 -25.95338210521939 -27.739239181076528
486.7291666666667 -25.952915012814284 -27.739705415664623
487.2291666666667 -25.952419011858545 -27.740178416852267
487.72916666666663 -25.95194941156892 -27.740639607757636
488.2291666666667 -25.951450410643787 -27.741107533397983
488.7291666666667 -25.950956194629867 -27.74156376249312
489.22916666666663 -25.950461058459645 -27.742019634839412
489.7291666666667 -25.94996341465636 -27.742469541970273
490.2291666666667 -25.94946088192884 -27.74292559526499
490.72916666666663 -25.948958132381563 -27.743371276297133
491.2291666666667 -25.94843373880746 -27.74381879007834
491.7291666666667 -25.94792973079543 -27.74426965807711
492.22916666666663 -25.94740023160434 -27.744708774758085
492.7291666666667 -25.946867578517008 -27.74514867892608
493.2291666666667 -25.94633642317246 -27.745579323049117
493.7291666666667 -25.945818759750928 -27.7460188132004
494.2291666666667 -25.94526673394254 -27.74645547766802
494.7291666666667 -25.944725016549963 -27.74688623211639
495.2291666666667 -25.94417039831399 -27.74730578540513
495.7291666666667 -25.94363129871205 -27.74772793975718
496.2291666666667 -25.943070523770956 -27.748149912640937
496.7291666666667 -25.94249450419804 -27.748569198110545
497.2291666666667 -25.941942305200527 -27.748983130008984
497.7291666666667 -25.941379232743095 -27.749397042613303
498.2291666666667 -25.940796387743763 -27.749808349223425
498.7291666666667 -25.940225914681946 -27.75022053847454
499.2291666666667 -25.93963920833801 -27.750624140282557
499.7291666666667 -25.939042623053034 -27.751028324334257
500.2291666666667 -25.938452942558182 -27.751422437482717
500.7291666666667 -25.937865137842003 -27.75182325598919
501.2291666666667 -25.937260024229992 -27.75221260044548
501.7291666666667 -25.936649336832755 -27.752610503079094
502.2291666666667 -25.936041551285673 -27.753005529889016
502.7291666666667 -25.935431506790433 -27.753384279175553
503.2291666666667 -25.93481154558161 -27.75376913744264
503.7291666666667 -25.934180623890832 -27.754150374887743
504.2291666666667 -25.9335529245341 -27.754530156525064
504.7291666666667 -25.932931794574678 -27.754908205440685
505.2291666666667 -25.93228341587597 -27.75528521639393
505.7291666666667 -25.93163373417069 -27.755658514670976
506.2291666666667 -25.93099756560786 -27.75602224603486
506.7291666666667 -25.93035171073121 -27.756397409953877
507.2291666666667 -25.929684213012322 -27.75675388812033
507.7291666666667 -25.92903213118321 -27.757120828157955
508.2291666666667 -25.928359548082042 -27.757479926392122
508.7291666666667 -25.927694482307203 -27.75783871094546
509.2291666666667 -25.927024481657885 -27.758195386049675
509.7291666666667 -25.926323932486866 -27.75854971413341
510.2291666666667 -25.925648287694294 -27.758895019538414
510.7291666666667 -25.92498313041807 -27.75924295303365
511.2291666666667 -25.92429061647202 -27.75958496850787
511.7291666666667 -25.923590324531254 -27.75993657457618
512.2291666666666 -25.922888014956726 -27.760281048235015
512.7291666666666 -25.92219038817366 -27.760611683154455
513.2291666666666 -25.921472727518736 -27.76095558501406
513.7291666666666 -25.92074756942783 -27.761286418830558
514.2291666666666 -25.920042360615124 -27.7616251604959
514.7291666666666 -25.919320694244874 -27.761949626094484
515.2291666666666 -25.918591425399455 -27.762281193441076
515.7291666666666 -25.917873433803777 -27.762599479191515
516.2291666666666 -25.91712186999777 -27.76292096076483
516.7291666666666 -25.916383622320875 -27.763244216067974
517.2291666666666 -25.91564548416303 -27.76356024172688
517.7291666666666 -25.914894993496333 -27.763882064610122
518.2291666666666 -25.914120047961397 -27.764198193695442
518.7291666666666 -25.913372873765944 -27.76450511565168
519.2291666666666 -25.912610990144472 -27.764815311043407
519.7291666666666 -25.91184122276252 -27.765117356360246
520.2291666666666 -25.91106420115061 -27.765426970336012
520.7291666666666 -25.91028372928853 -27.76572257885267
521.2291666666666 -25.909496886699287 -27.766016006550597
521.7291666666666 -25.908707031915537 -27.766315303389657
522.2291666666666 -25.907900459247593 -27.76661158514284
522.7291666666666 -25.907123171988218 -27.766896524518565
523.2291666666666 -25.906306685393044 -27.76718338379481
523.7291666666666 -25.905510146121998 -27.767475062794684
524.2291666666666 -25.90471259713069 -27.767759513779907
524.7291666666666 -25.903885807405302 -27.768040407964
525.2291666666666 -25.90304618752092 -27.768315001224675
525.7291666666666 -25.902229187519964 -27.76859391965763
526.2291666666666 -25.90140266346094 -27.768869609423334
526.7291666666666 -25.900565879579112 -27.769139072700405
527.2291666666666 -25.899722465604242 -27.769403317049452
527.7291666666666 -25.89889176231417 -27.76967230387289
528.2291666666666 -25.898020163484897 -27.769940835010345
528.7291666666666 -25.897171326438997 -27.77019518806911
529.2291666666666 -25.89632099011649 -27.77046179345453
529.7291666666666 -25.895445985367456 -27.77071625078269
530.2291666666666 -25.894572573487835 -27.770971150984764
530.7291666666666 -25.893689952633867 -27.771217667750165
531.2291666666666 -25.89280647075771 -27.77147039897403
531.7291666666666 -25.89192358403771 -27.771712372309942
532.2291666666666 -25.89103697857798 -27.7719539436776
532.7291666666666 -25.890129147497866 -27.77219268350589
533.2291666666666 -25.889230392991067 -27.77243677113524
533.7291666666666 -25.88833578123884 -27.772675889614614
534.2291666666666 -25.887415721055966 -27.772909037368827
534.7291666666666 -25.886506275752943 -27.7731353160067
535.2291666666666 -25.885567440150314 -27.773364856105335
