FastTrWP/PhaseSpace/IAs/snIa_0.61_30.00_-0.15_0.03.csv
# %ECSV 0.9
# ---
# datatype:
# - {name: time-rel, datatype: float64}
# - {name: g, datatype: float64}
# - {name: i, datatype: float64}
# schema: astropy-2.0
time-rel g i
[from data line 576]
426.3333333333333 24.08550670698721 22.646290835210216
426.8333333333333 24.08355108259428 22.64450014750583
427.33333333333326 24.0816218998318 22.64271199928503
427.8333333333333 24.07969248478587 22.64094628925853
428.3333333333333 24.077764791917858 22.639179418076214
428.83333333333326 24.075853623052744 22.637404232836403
429.3333333333333 24.073946257881044 22.635648453720826
429.8333333333333 24.072055451143367 22.63389207039848
430.33333333333326 24.070174114129838 22.632144146257176
430.8333333333333 24.068298659308084 22.63040115857279
431.3333333333333 24.066434516530997 22.628656216528846
431.83333333333326 24.0645855874447 22.626926660016498
432.3333333333333 24.06274758372217 22.625199565699702
432.8333333333333 24.060910932147603 22.623477296591204
433.33333333333326 24.05908719167508 22.62175443266272
433.8333333333333 24.057275598099128 22.62004764262293
434.3333333333333 24.055486644235483 22.618339607857113
434.83333333333326 24.053690600097646 22.616636473649937
435.3333333333333 24.051902524256693 22.61492919234557
435.8333333333333 24.05012092339208 22.613245069202268
436.33333333333326 24.048362032970296 22.61156397746031
436.8333333333333 24.04661200886325 22.609873593381113
437.3333333333333 24.044862520672766 22.608205117847344
437.83333333333326 24.04313048334815 22.606530158107315
438.3333333333333 24.041402016642923 22.60487195078586
438.8333333333333 24.039687439561327 22.603206469843798
439.33333333333326 24.03798095911816 22.601549575903253
439.8333333333333 24.036291839480665 22.599900089618146
440.3333333333333 24.03461197124665 22.598257749121828
440.83333333333326 24.032922971201902 22.596612232642673
441.3333333333333 24.03127281158323 22.594978009054735
441.8333333333333 24.0296109029017 22.593350735504902
442.33333333333326 24.027967026182043 22.591719546343377
442.8333333333333 24.026319051545958 22.590105263678723
443.3333333333333 24.024692966137287 22.58848973143541
443.83333333333326 24.02308240533064 22.58687466313618
444.3333333333333 24.02146737925737 22.585281582539764
444.8333333333333 24.01986798095992 22.58366860869129
445.33333333333326 24.018287707672663 22.582076838039317
445.8333333333333 24.016706595563907 22.580480747633608
446.3333333333333 24.0151309686855 22.5789051292508
446.83333333333326 24.01358156639794 22.577327695082342
447.3333333333333 24.012019071195823 22.57574680962432
447.8333333333333 24.01047927902468 22.57418081281953
448.33333333333326 24.00895722724983 22.572611600123626
448.8333333333333 24.00742690402433 22.571052316972633
449.3333333333333 24.005917748764055 22.569489472671176
449.83333333333326 24.004412738051837 22.567948731680847
450.3333333333333 24.002923552852046 22.56639521514401
450.8333333333333 24.001434533587872 22.564852342270715
451.33333333333326 23.999942723976332 22.563321670927692
451.8333333333333 23.9984762763971 22.561791008173365
452.3333333333333 23.99702414199689 22.560261150114215
452.83333333333326 23.995578405180744 22.558746407379495
453.3333333333333 23.99415842323567 22.55722840200945
453.8333333333333 23.992721950365006 22.555709930767062
454.33333333333326 23.991311672557437 22.55420971304581
454.8333333333333 23.98988881269549 22.552708388511835
455.3333333333333 23.988494393590297 22.55120884243544
455.83333333333326 23.987100514629805 22.549716645167834
456.3333333333333 23.98572008350304 22.548232272259195
456.8333333333333 23.98434498978249 22.546747673739326
457.33333333333326 23.982971357763873 22.545269088542046
457.8333333333333 23.981627685746577 22.54378849082404
458.3333333333333 23.98028911343554 22.542316971404702
458.83333333333326 23.978952335632147 22.540858274443934
459.3333333333333 23.97764638615877 22.53939966675883
459.8333333333333 23.97631621765139 22.537949827288685
460.33333333333326 23.975003692967128 22.536502660739668
460.8333333333333 23.973703077039904 22.535057040785116
461.3333333333333 23.972433542314104 22.533618050848787
461.83333333333326 23.971145338489947 22.532180310610546
462.3333333333333 23.96987866365027 22.530743319624168
462.8333333333333 23.96861928115561 22.529312680803308
463.33333333333326 23.967373158622067 22.527901095242665
463.8333333333333 23.966107336203216 22.526482288048282
464.3333333333333 23.964883602126704 22.525065848675577
464.83333333333326 23.963665303782527 22.5236668175736
465.3333333333333 23.962453438088875 22.522256410463534
465.8333333333333 23.961240702919678 22.520857008296606
466.33333333333326 23.96003372154889 22.519461563030035
466.8333333333333 23.95884176815681 22.51806806764155
467.3333333333333 23.957654771757003 22.516686845640443
467.83333333333326 23.956478083521237 22.51530252023732
468.3333333333333 23.955306660569086 22.513914214281947
468.8333333333333 23.954143415891075 22.512536552656513
469.33333333333326 23.952987041708216 22.5111688368467
469.8333333333333 23.95184540008177 22.50980235828026
470.3333333333333 23.950699512363805 22.508442210855804
470.83333333333326 23.949564634231244 22.507077785205073
471.3333333333333 23.948447563694177 22.505723733995584
471.8333333333333 23.947329795157057 22.504378361952313
472.33333333333326 23.946219492102735 22.503027453831592
472.8333333333333 23.945112504780862 22.501682366133604
473.3333333333333 23.944034662612008 22.500341063311495
473.83333333333326 23.94294970085573 22.499015825797777
474.3333333333333 23.94187598959915 22.49768740582255
474.8333333333333 23.94080529449786 22.496358519538525
475.33333333333326 23.939732487041695 22.495033833471588
475.8333333333333 23.938694740249602 22.49371417115328
476.3333333333333 23.937635833977303 22.49240162752336
476.83333333333326 23.936605934271856 22.49109393574454
477.3333333333333 23.935572230354587 22.48977813313022
477.8333333333333 23.934563584147767 22.488486779888564
478.33333333333326 23.933549371706864 22.487190743409187
478.8333333333333 23.932540209183895 22.485892875774766
479.3333333333333 23.931540173222086 22.484603537639778
479.83333333333326 23.930546249639203 22.4833148439943
480.3333333333333 23.92956750616115 22.48204232238652
480.8333333333333 23.928606794351115 22.480759719045174
481.33333333333326 23.9276261756983 22.479479403991608
481.8333333333333 23.926681110529863 22.47821232517879
482.3333333333333 23.925732648189324 22.476954345347483
482.83333333333326 23.92479206629925 22.47569632889475
483.3333333333333 23.92385437547917 22.474437601499822
483.8333333333333 23.922942903951473 22.47318727459891
484.33333333333326 23.92202767179179 22.471939275778382
484.8333333333333 23.921133736813466 22.47068603147018
485.3333333333333 23.9202164633044 22.469449906278037
485.83333333333326 23.919331261454992 22.468213048736438
486.3333333333333 23.91844295978396 22.466975712866983
486.8333333333333 23.91756846275875 22.465757537717124
487.33333333333326 23.916698938237605 22.46453017099634
487.8333333333333 23.915842311005967 22.463314378127684
488.3333333333333 23.914987364666537 22.4620961286111
488.8333333333333 23.914145048976337 22.460877595572086
489.3333333333333 23.91331369477601 22.459674046703235
489.8333333333333 23.91250372166462 22.458469400942104
490.3333333333333 23.911675307662875 22.45727220691309
490.8333333333333 23.910867422650096 22.456075552082844
491.3333333333333 23.91006473842228 22.45488636326135
491.8333333333333 23.909280119595287 22.453696032533152
492.3333333333333 23.90850368872748 22.45251647018943
492.8333333333333 23.907733712695517 22.451336913167097
493.3333333333333 23.906968236508504 22.450163999246687
493.8333333333333 23.90620789309118 22.448986858108494
494.3333333333333 23.905451117316034 22.447816711436744
494.8333333333333 23.904716107598855 22.44665896049739
495.3333333333333 23.90398366894277 22.44549778678875
495.8333333333333 23.90325266622853 22.444351420396377
496.3333333333333 23.902536183594385 22.443201062476636
496.8333333333333 23.901845134993405 22.442051571388024
497.3333333333333 23.90114702370183 22.44091234863425
497.8333333333333 23.900449915121275 22.439776021196085
498.3333333333333 23.899776089426727 22.43863650278502
498.8333333333333 23.899091330886144 22.43750612041402
499.3333333333333 23.898454487075917 22.43638792498104
499.8333333333333 23.89777201176608 22.43526412878267
500.3333333333333 23.897136623274655 22.434150643325353
500.8333333333333 23.896498806933536 22.433031436509296
501.3333333333333 23.895871886932735 22.431919768899384
501.8333333333333 23.89525232597243 22.430817680137785
502.3333333333333 23.894644711433063 22.42971599748892
502.8333333333333 23.894029631249722 22.428619113750944
503.3333333333333 23.893442321280606 22.42752389265645
503.8333333333333 23.892852519278275 22.426437042492534
504.3333333333333 23.892294912591062 22.425353160495565
504.8333333333333 23.89172027130204 22.424277819855533
505.3333333333333 23.891171985348617 22.42319244612769
505.8333333333333 23.89061719666031 22.42211772920126
506.3333333333333 23.890062926149056 22.421054931483418
506.8333333333333 23.889538219572284 22.419979145186083
507.3333333333333 23.889016218684436 22.418915656396546
507.8333333333333 23.888503139464895 22.417859160126426
508.3333333333333 23.887994431502175 22.416798192810788
508.8333333333333 23.887509167792942 22.415750170107515
509.3333333333333 23.887014600937327 22.414699535634558
509.8333333333333 23.886531200297902 22.41364966206771
510.3333333333333 23.886055095591665 22.412614289556203
510.8333333333333 23.88559230207777 22.41157546375546
511.3333333333333 23.885150414044617 22.410540910620593
511.8333333333333 23.884701133399982 22.409511497275105
512.3333333333334 23.884238045896623 22.408476944664013
512.8333333333334 23.88381609542201 22.4074594985959
513.3333333333334 23.883401347436305 22.406437921505248
513.8333333333334 23.882977720322213 22.405417948115986
514.3333333333334 23.882565444306426 22.404406148495468
514.8333333333334 23.882171326558954 22.403393414309324
515.3333333333334 23.881763802494405 22.4023846946074
515.8333333333334 23.881399501457953 22.40138993654171
516.3333333333334 23.88100862323938 22.40038739246518
516.8333333333334 23.880637083980684 22.39939016558525
517.3333333333334 23.880278211379085 22.39840570805675
517.8333333333334 23.879912479049498 22.397418194190678
518.3333333333334 23.87957584940612 22.396431794514406
518.8333333333334 23.879230911105918 22.395449668162243
519.3333333333334 23.878903964040695 22.39447588554817
519.8333333333334 23.878572123191248 22.39349537102262
520.3333333333334 23.878263476141743 22.392523237399374
520.8333333333334 23.877960359855418 22.391557555894703
521.3333333333334 23.877647487986916 22.390595048108
521.8333333333334 23.877338638137054 22.3896398062896
522.3333333333334 23.877044783938768 22.38867824866723
522.8333333333334 23.876775211008482 22.38772873490553
523.3333333333334 23.876498637968563 22.386777366487784
523.8333333333334 23.876226339602624 22.38582663794489
524.3333333333334 23.875956951009528 22.38488217297696
524.8333333333334 23.875695316927388 22.383951509925577
525.3333333333334 23.875464597581484 22.383011251512215
525.8333333333334 23.875197576376763 22.382078026622047
526.3333333333334 23.874973807625985 22.381152627327143
526.8333333333334 23.874753191057344 22.380229151885146
527.3333333333334 23.87453386496958 22.379301559074264
527.8333333333334 23.874310958073316 22.378381688757862
528.3333333333334 23.874101295892185 22.377469920631366
528.8333333333334 23.8738904791162 22.376558275155745
529.3333333333334 23.873700368160797 22.375651793312677
529.8333333333334 23.873500393853412 22.37474344299216
530.3333333333334 23.873325004227752 22.373838219691898
530.8333333333334 23.873142028368292 22.372945176756716
531.3333333333334 23.872974025421637 22.372055318585854
531.8333333333334 23.87281095983084 22.371157254182165
532.3333333333334 23.872643181347367 22.370271499529277
532.8333333333334 23.87249418129748 22.369389589046627
533.3333333333334 23.872347727220387 22.368511565280116
533.8333333333334 23.872200728965144 22.367627622492613
534.3333333333334 23.87206299394454 22.366752086700288
534.8333333333334 23.871943656462346 22.36587664346284
535.3333333333334 23.871818361349412 22.36501792841829
535.8333333333334 23.871701868939645 22.364145247130267
536.3333333333334 23.87158394180856 22.363288277425248
536.8333333333334 23.871477162769224 22.362424812507445
537.3333333333334 23.871378779221104 22.361577207495205
537.8333333333334 23.871282497648973 22.36072584544534
538.3333333333334 23.87119592378457 22.359877627076
538.8333333333334 23.871106359469817 22.359036640320515
539.3333333333334 23.87102635706135 22.35819332705407
539.8333333333334 23.870945935341958 22.357354422839393
540.3333333333334 23.870878619573798 22.356512761073304
540.8333333333334 23.87082372231887 22.355687379466247
541.3333333333334 23.87075760140268 22.354864175079754
541.8333333333334 23.8707160048342 22.354036451871163
542.3333333333334 23.870683511234184 22.353212906243655
542.8333333333334 23.870644366456798 22.352399370360743
543.3333333333334 23.870610542085963 22.351576245036565
543.8333333333334 23.87060755445438 22.3507719487757
544.3333333333334 23.870586707684666 22.349957778596522
544.8333333333334 23.87058713988939 22.349153778611925
545.3333333333334 23.870594194700917 22.348357997691352
545.8333333333334 23.870638443304983 22.34756007042668
546.3333333333334 23.87064759922703 22.346761427272085
546.8333333333334 23.870689979362062 22.345971773889445
547.3333333333334 23.87074202004968 22.34518692515623
547.8333333333334 23.87077829362204 22.344395738672446
548.3333333333334 23.870829549185775 22.34361342815232
548.8333333333334 23.87089939292562 22.342834466017646
549.3333333333334 23.870975095123338 22.34206086586315
549.8333333333334 23.871054994063485 22.341289584413936
550.3333333333334 23.871141208878576 22.340522375581212
550.8333333333334 23.871239858078557 22.339752739019882
551.3333333333334 23.87135041214897 22.338984295933656
551.8333333333334 23.87144916595 22.338232690119014
552.3333333333334 23.871580026757933 22.337470902838376
552.8333333333334 23.871694674606594 22.336716904291446
553.3333333333334 23.871812815091413 22.335970059733814
553.8333333333334 23.87194970815809 22.335220169045648
554.3333333333334 23.872104643238615 22.334474920064032
554.8333333333334 23.872254314681506 22.333738043899032
555.3333333333334 23.872396552817253 22.332991708107343
555.8333333333334 23.87256500101821 22.332258624353067
556.3333333333334 23.87271778173787 22.33151831423662
556.8333333333334 23.87290349258859 22.330796093699725
557.3333333333334 23.873081073949436 22.330068226176575
557.8333333333334 23.873251149007846 22.3293476070978
558.3333333333334 23.87345232059152 22.328625391807723
558.8333333333334 23.87366130367528 22.3279091681372
559.3333333333334 23.873859551861717 22.327201259392613
559.8333333333334 23.874063312748582 22.326483164578445
560.3333333333334 23.87427629173409 22.325775079099266
560.8333333333334 23.87448997398534 22.32506996008933
561.3333333333334 23.87471928137917 22.324365558967717
561.8333333333334 23.87493237772197 22.323670358641834
562.3333333333334 23.875168484371514 22.32296815282528
562.8333333333334 23.875413180641047 22.322277424667693
563.3333333333334 23.87565201481976 22.321585308950866
563.8333333333334 23.875895089881276 22.32089885158398
564.3333333333334 23.87613925992436 22.320212755505928
564.8333333333334 23.876396516980357 22.319531812583048
565.3333333333334 23.876653851316206 22.318845858179607
565.8333333333334 23.87691558283729 22.318178207182612
566.3333333333334 23.877191121233604 22.31749647937903
566.8333333333334 23.877451594987914 22.31682914123212
567.3333333333334 23.877725534635278 22.316157994227584
567.8333333333334 23.87799051052967 22.31549676391403
568.3333333333334 23.878284726948998 22.314836740669406
568.8333333333334 23.878569845574333 22.314168596089324
569.3333333333334 23.878849034597014 22.31351783676132
