FastTrWP/PhaseSpace/IAs/snIa_0.58_30.00_-1.78_-0.06.csv
# %ECSV 0.9
# ---
# datatype:
# - {name: time-rel, datatype: float64}
# - {name: g, datatype: float64}
# - {name: i, datatype: float64}
# schema: astropy-2.0
time-rel g i
-310.5 26.99026953780749 24.98786466298112
-310.0 26.967263111352135 24.980261832266496
-309.5 26.944728538341547 24.972693088448274
-309.0 26.92231220264777 24.96516088599194
-308.5 26.90039121769559 24.957614913009863
-308.0 26.878768927689748 24.950112728346877
-307.5 26.85742891969166 24.94260497634491
-307.0 26.83630839990919 24.93515185804722
-306.5 26.815529355343287 24.927708195532844
-306.0 26.794975598042456 24.920299492470686
-305.5 26.77475993305466 24.912891559209665
-305.0 26.75473209024777 24.905506290616128
-304.5 26.734998902569686 24.89815014640293
-304.0 26.715481901911566 24.890783428451996
-303.5 26.69616251814571 24.88348876274245
-303.0 26.677122658121903 24.87616597821656
-302.5 26.65830151451784 24.86886665879738
-302.0 26.639666691021866 24.86159528945027
-301.5 26.621160996456133 24.854364711739905
-301.0 26.60297633834334 24.84712550062111
-300.5 26.584954859116362 24.839889740712003
-300.0 26.567106749574634 24.8327041568906
-299.5 26.54942167531063 24.825491850227024
-299.0 26.53187764598338 24.81832493123804
-298.5 26.514569203289962 24.81117219016838
-298.0 26.49739314969986 24.80401421751807
-297.5 26.480411350236132 24.796912116550757
-297.0 26.463502750530527 24.789778556534124
-296.5 26.44685796804568 24.782693582128964
-296.0 26.43030069187393 24.775618223050802
-295.5 26.413914260886884 24.768542635292775
-295.0 26.39763845072928 24.761488030348502
-294.5 26.381497904615138 24.754448798592435
-294.0 26.365533399197002 24.74739297489549
-293.5 26.349668200191005 24.740405291048937
-293.0 26.33390560106764 24.73340782075356
-292.5 26.318347353667924 24.72642037486078
-292.0 26.30287407609535 24.719453969939753
-291.5 26.287578350579874 24.712505821628987
-291.0 26.272426283661968 24.705602994266723
-290.5 26.257412018670856 24.6986785291464
-290.0 26.242526777397835 24.691781670808496
-289.5 26.227772646708484 24.68492254852002
-289.0 26.213094238073698 24.67808258765421
-288.5 26.19857479605319 24.67124000614682
-288.0 26.18425670697432 24.6644213267517
-287.5 26.169964649709556 24.657642210595828
-287.0 26.15580076050767 24.650858707951357
-286.5 26.141749858551975 24.644108588862004
-286.0 26.127867647880628 24.63735816233216
-285.5 26.11401009824499 24.63065464536079
-285.0 26.100322094232315 24.623937326464237
-284.5 26.08672448550919 24.617261413005316
-284.0 26.073256854756846 24.610621604006923
-283.5 26.059868226805346 24.603951189148493
-283.0 26.046622216043286 24.59731367823853
-282.5 26.033390727670064 24.59070948859424
-282.0 26.020323834399992 24.584116051444237
-281.5 26.007349098128778 24.57753668287557
-281.0 25.994456113484837 24.57096827719219
-280.5 25.981645587194564 24.564438453608943
-280.0 25.96899140559134 24.55790798150025
-279.5 25.956394019796814 24.55139680731001
-279.0 25.943866338743206 24.544918813863347
-278.5 25.93142063331573 24.538430491151605
-278.0 25.919078720136596 24.531965862868436
-277.5 25.90680439840397 24.525528995934724
-277.0 25.894640008903206 24.51909700608003
-276.5 25.882543803692386 24.512703284554963
-276.0 25.87059609290611 24.506304531329135
-275.5 25.858594726445308 24.499944542419403
-275.0 25.846788039285983 24.493572005036043
-274.5 25.83501112172149 24.48723713740804
-274.0 25.823314100117642 24.480921021951477
-273.5 25.811691092627186 24.47459088974341
-273.0 25.800169805478927 24.468314983922888
-272.5 25.788696106326686 24.462051766955145
-272.0 25.777321689941278 24.455799727586186
-271.5 25.76596802501225 24.44952659584495
-271.0 25.754744325055174 24.443321195416306
-270.5 25.743578828169976 24.43709134956459
-270.0 25.73249905198448 24.430902194258202
-269.5 25.721437888042114 24.42471936268523
-269.0 25.710477415973326 24.418560232870664
-268.5 25.699562083268653 24.412398371976778
-268.0 25.68871036739356 24.406258850602818
-267.5 25.677939570935585 24.400153328605988
-267.0 25.667226549172938 24.394052900865987
-266.5 25.65657894433481 24.387971538928927
-266.0 25.64600459575725 24.381893662265487
-265.5 25.635444808364873 24.37583809338043
-265.0 25.62501238575081 24.369785388653966
-264.5 25.614609631250005 24.363763298576956
-264.0 25.60425559088174 24.357757412612294
-263.5 25.593995822472422 24.351769881911057
-263.0 25.583752720506908 24.345782254903877
-262.5 25.573572224420104 24.33979866653994
-262.0 25.56344984611423 24.33385194350172
-261.5 25.553414709507564 24.32789821459425
-261.0 25.54341514027753 24.322001374931425
-260.5 25.53346136813323 24.31608456691618
-260.0 25.52358240552715 24.31018420316258
-259.5 25.51374476370502 24.304303275878603
-259.0 25.503942704945167 24.298456345180167
-258.5 25.49420173153786 24.292588958117932
-258.0 25.48453419604342 24.28675979373635
-257.5 25.47488846972606 24.280941762351244
-257.0 25.465289224287154 24.275115930432584
-256.5 25.45577562571104 24.269321698338405
-256.0 25.44627856021201 24.26353327741601
-255.5 25.43684821446878 24.257768301128905
-255.0 25.427466210885477 24.252022505618687
-254.5 25.418111002421465 24.246285328954073
-254.0 25.408863676975 24.240560923133316
-253.5 25.3995941522019 24.234845719247147
-253.0 25.390406742761144 24.229151579281098
-252.5 25.38125546856749 24.223460798664508
-252.0 25.372139323767087 24.217813830260432
-251.5 25.36308100533833 24.21216009493758
-251.0 25.354070091332886 24.206524716902518
-250.5 25.345124773106274 24.200902819336818
-250.0 25.33615938236627 24.195279327001984
-249.5 25.327276122436434 24.18971015275062
-249.0 25.318465545238233 24.18412832413569
-248.5 25.309659822889998 24.17854610444955
-248.0 25.30090408598113 24.172984391134893
-247.5 25.292182329924255 24.167450895733403
-247.0 25.283528591507917 24.16191519270944
-246.5 25.27485826732313 24.156403848228535
-246.0 25.266268986483375 24.150884874316144
-245.5 25.257732602802427 24.14541278290357
-245.0 25.24919989975031 24.139923637177773
-244.5 25.240715147772246 24.1344582107265
-244.0 25.232253991841308 24.129015125023997
-243.5 25.223866002280705 24.123584571192115
-243.0 25.215507534093163 24.118149119936803
-242.5 25.207176583443133 24.112731224712334
-242.0 25.198902738233624 24.10734557437197
-241.5 25.190610594118898 24.10194596426807
-241.0 25.182397712547008 24.09655996428526
-240.5 25.174196866969737 24.091210652418592
-240.0 25.16606909901754 24.085854488316976
-239.5 25.15795144951578 24.080510151776437
-239.0 25.149862843241372 24.075188526296657
-238.5 25.141805150036348 24.069863938501555
-238.0 25.133788914994373 24.064543650347495
-237.5 25.125791653317066 24.05925166595094
-237.0 25.11783935194533 24.05398481232151
-236.5 25.10993028557975 24.048707570220387
-236.0 25.102038780937747 24.043441832625486
-235.5 25.094188814645246 24.038198689237067
-235.0 25.086343673360485 24.032962452221373
-234.5 25.078540755293808 24.027717071711972
-234.0 25.07080636445928 24.022514374730495
-233.5 25.06305429170841 24.017311798555085
-233.0 25.05534346568006 24.012113024428984
-232.5 25.047687343651234 24.006911747939476
-232.0 25.040032127939643 24.001759193015765
-231.5 25.03240321231388 23.996592320441792
-231.0 25.02482490180872 23.99146097685563
-230.5 25.01726991312502 23.986302277710042
-230.0 25.00975138122714 23.981182722034596
-229.5 25.00225786421968 23.976070123213468
-229.0 24.994755017918358 23.970963744984548
-228.5 24.987318397605797 23.965849527104474
-228.0 24.979876601188398 23.96076458512177
-227.5 24.972500422028837 23.95569457668752
-227.0 24.9651496501518 23.95062272001024
-226.5 24.957803813754293 23.94555334323302
-226.0 24.950483291599145 23.940510903803407
-225.5 24.943195359225317 23.935466395492874
-225.0 24.935957360373674 23.93044607340166
-224.5 24.92868732294257 23.925429060697773
-224.0 24.921500322914845 23.920412131395338
-223.5 24.91431201664438 23.91541903185685
-223.0 24.90713274640023 23.910431230953954
-222.5 24.90001132294298 23.905451391425885
-222.0 24.892896300898858 23.900473640779786
-221.5 24.885809675774485 23.89551136720698
-221.0 24.87874500914595 23.890568369957585
-220.5 24.871705329344532 23.88561234960553
-220.0 24.864678268704186 23.880688165056917
-219.5 24.857692772796725 23.875761307866078
-219.0 24.850726618260083 23.87084271861312
-218.5 24.84377330057763 23.86594106043319
-218.0 24.836847135529048 23.86103931308806
-217.5 24.829945089343546 23.85615155059927
-217.0 24.823069946603617 23.85127058227592
-216.5 24.81620888270744 23.846402306205245
-216.0 24.809374807344106 23.841557961915235
-215.5 24.802567374736114 23.83669874770095
-215.0 24.79578806232007 23.83186402465355
-214.5 24.78902315865534 23.827042793154106
-214.0 24.782273722412448 23.822223254898958
-213.5 24.77559694409226 23.81741700816989
-213.0 24.768892198933436 23.812620688811677
-212.5 24.762222852080363 23.807828104078887
-212.0 24.755572462410946 23.803052579019038
-211.5 24.748956080593963 23.798282349545676
-211.0 24.742344434360287 23.79353993514281
-210.5 24.735767573000942 23.78878747835653
-210.0 24.729206578510837 23.78404343758804
-209.5 24.722639377814737 23.77931364020437
-209.0 24.716140836837553 23.77459644532606
-208.5 24.709627957603292 23.769901338131405
-208.0 24.70316120327785 23.765174891234043
-207.5 24.6966980903754 23.76048121288493
-207.0 24.690269088812528 23.75580910174246
-206.5 24.683834705004397 23.751135930570587
-206.0 24.677450635910873 23.746463357385956
-205.5 24.671085548977814 23.74181483934358
-205.0 24.664724115308246 23.737165762278885
-204.5 24.658390214178088 23.732528223169975
-204.0 24.652055945314558 23.727904399526082
-203.5 24.645770714495217 23.723272053133897
-203.0 24.639495776896037 23.71866670781159
-202.5 24.633225504705223 23.714066843451477
-202.0 24.626993869733603 23.70947774820557
-201.5 24.620773861490296 23.704889689708697
-201.0 24.61458177564179 23.700314643560787
-200.5 24.60837718823648 23.695729240796112
-200.0 24.60221939533568 23.69117989889231
-199.5 24.59608560088728 23.68662630134558
-199.0 24.589955890315053 23.682085708680866
-198.5 24.58383204473444 23.677546999400843
-198.0 24.577727808267127 23.673017426718005
-197.5 24.571652488212173 23.66850318918448
-197.0 24.56561313144856 23.663983305936117
-196.5 24.559562688925766 23.65948343493962
-196.0 24.553545636805246 23.65498234246134
-195.5 24.547529185523732 23.650506741577715
-195.0 24.541542026603594 23.646032913820108
-194.5 24.535544342446805 23.641547029917625
-194.0 24.529601481560206 23.637086060180255
-193.5 24.523665699973268 23.632629882564487
-193.0 24.517736229405696 23.628178375460198
-192.5 24.51183830428391 23.623740992026573
-192.0 24.505941785391094 23.619303838144567
-191.5 24.500057743210306 23.614871679066663
-191.0 24.49421535420459 23.610462877014385
-190.5 24.48835875919729 23.606050113832033
-190.0 24.482538341755934 23.601649684928926
-189.5 24.47672262155232 23.59724990731936
-189.0 24.470931487830185 23.592867377389016
-188.5 24.465171402982293 23.58847805418891
-188.0 24.459406691493587 23.58410144513487
-187.5 24.453649392047936 23.579737999040724
-187.0 24.447922465086933 23.575372833593406
-186.5 24.442197097280186 23.571036985115793
-186.0 24.43650969319954 23.566688976561153
-185.5 24.430820808197442 23.562350802174805
-185.0 24.425139914557047 23.558007760871213
-184.5 24.41948341843565 23.553694711466907
-184.0 24.413831785548204 23.549376180843353
-183.5 24.40821854751278 23.545065043056226
-183.0 24.402605847702606 23.540763358668517
-182.5 24.396985458666144 23.536463171709393
-182.0 24.391407447960766 23.532156533876417
-181.5 24.385821571266007 23.5278803298333
-181.0 24.380297355187217 23.52360948684142
-180.5 24.374740043089922 23.51934578808429
-180.0 24.369206956531283 23.51507759839024
-179.5 24.36369577261104 23.51081894336072
-179.0 24.35817553751161 23.50657400626339
-178.5 24.35267448200454 23.502315885845007
-178.0 24.34714428255907 23.498060974669173
-177.5 24.34161591801894 23.493800080871594
-177.0 24.336081935844916 23.4895450023025
-176.5 24.330556396291488 23.485284863485706
-176.0 24.325016116469097 23.481026926381997
-175.5 24.319476134130284 23.476770094222253
-175.0 24.313947061559404 23.472524993309886
-174.5 24.308415309328065 23.468261292247952
-174.0 24.302891984521686 23.464009337752604
-173.5 24.29737752227117 23.459761760567858
-173.00000000000006 24.291830094289274 23.455518791492594
-172.5 24.28631652600213 23.451285158786
-172.0 24.280803432848703 23.44704204903334
-171.50000000000006 24.275311324547882 23.44279947214945
-171.0 24.26980787580429 23.438577196008875
-170.5 24.264336402301826 23.434350793175724
-170.00000000000006 24.258847867745125 23.430129459454708
-169.5 24.253389362680032 23.425912208401844
-169.0 24.247937478909694 23.421709236984892
-168.50000000000006 24.24250364207773 23.41749384955901
-168.0 24.237070947794162 23.413315178181406
-167.5 24.231626107944603 23.409115771403386
-167.00000000000006 24.226234689348964 23.404937194983333
-166.5 24.220847599501827 23.400762737608993
-166.0 24.215459548439625 23.39659236795427
-165.50000000000006 24.210105254151824 23.392429365096273
-165.0 24.20476605895073 23.38829715527282
-164.5 24.199438768575227 23.384138214051227
-164.00000000000006 24.194139060279717 23.38000890971848
-163.5 24.188853697843914 23.375882247726217
-163.0 24.18357260953084 23.371763027962018
-162.50000000000006 24.17832203280865 23.367662654667505
-162.0 24.17309394147676 23.36356391121874
-161.5 24.167868061504805 23.35948820071217
-161.00000000000006 24.162706248299667 23.35540680413382
-160.5 24.157529482137512 23.35134325891056
-160.0 24.152384662457163 23.347283822417587
-159.50000000000006 24.14726311678224 23.343246709611737
-159.0 24.142158457947204 23.33921626004225
-158.5 24.137080359809463 23.33519955165159
-158.00000000000006 24.132038661166597 23.33119411636055
-157.5 24.12700426126896 23.327195977627863
-157.0 24.121999032886553 23.32320633775083
-156.50000000000006 24.117031869809956 23.319245329877837
-156.0 24.11207739279608 23.315280929142325
-155.5 24.107159609618964 23.31133692485625
-155.00000000000006 24.102266723440962 23.307400558493757
-154.5 24.097383661825262 23.3034950813525
-154.0 24.092554353359038 23.299579894920587
-153.50000000000006 24.087720604588462 23.295690816859906
-153.0 24.082946344271345 23.29181403951018
-152.5 24.078195091723966 23.287953684076417
-152.00000000000006 24.07346096517 23.284108686267682
-151.5 24.068763107252266 23.280266420055025
-151.0 24.064092995389537 23.27645365120445
-150.50000000000006 24.059462033422804 23.272639195389733
-150.0 24.054855210117914 23.268860233440304
-149.5 24.050261333383535 23.265085035009648
-149.00000000000006 24.045711303114842 23.26133075367885
-148.5 24.041203411752345 23.2575972746027
-148.0 24.036719546276704 23.25386979631564
-147.50000000000006 24.032265137627462 23.250163489302103
-147.0 24.0278374273176 23.246453100539508
-146.5 24.02346049158606 23.242775749133415
-146.00000000000006 24.01912109889198 23.23911450646493
-145.5 24.014799764896175 23.235477388787544
-145.0 24.010519826669178 23.231842086758554
-144.50000000000006 24.006272178288203 23.2282462008424
-144.0 24.002063298735834 23.22463693472812
-143.5 23.997869342650468 23.22106536730843
-143.00000000000006 23.99372137407529 23.217506418239168
-142.5 23.98961600956728 23.213971607439202
-142.0 23.985529653127728 23.21043325581148
-141.50000000000006 23.981489830945442 23.206931482147294
-141.0 23.977472730382164 23.203433504098825
-140.5 23.973482881352464 23.199953050963018
-140.00000000000006 23.96946789764041 23.196472501117054
-139.5 23.965493090963875 23.19300285715022
-139.0 23.961515789990322 23.18953909061346
-138.50000000000006 23.95756651075477 23.18607927617908
-138.0 23.95361502631818 23.182639498372595
-137.5 23.949704309003344 23.179204666123287
-137.00000000000006 23.94579941297339 23.175775797974293
-136.5 23.94188329537708 23.172347905168596
-136.0 23.938024050741117 23.168930571818933
-135.50000000000006 23.934146850779698 23.165528019705608
-135.0 23.930290884691843 23.16212683593648
-134.5 23.926449325683258 23.158737291381062
