FastTrWP/PhaseSpace/IAs/snIa_0.61_30.00_-0.15_0.03.csv
# %ECSV 0.9
# ---
# datatype:
# - {name: time-rel, datatype: float64}
# - {name: g, datatype: float64}
# - {name: i, datatype: float64}
# schema: astropy-2.0
time-rel g i
[from data line 1077]
132.5 24.030295570390212 22.234379630996344
133.0 24.031528368011102 22.234301082302995
133.5 24.03280949017872 22.234237403693655
134.0 24.034042632676027 22.234175397846276
134.5 24.03531609868507 22.23411031830811
135.0 24.03659303109364 22.234052009588833
135.5 24.037875723247364 22.233990921050392
136.0 24.03916134798005 22.23393723805442
136.5 24.04042895268239 22.233886649717046
137.0 24.04171034504074 22.23383758120817
137.5 24.043014888965402 22.233785049433337
138.0 24.044291993219375 22.233739619420323
138.5 24.045582822439464 22.233688563338546
139.0 24.0469040776657 22.233651267311856
139.5 24.048211573450153 22.233609926173287
140.0 24.04949660931701 22.233572993263046
140.5 24.050824176433853 22.233534635345652
141.0 24.052135023536824 22.233509992669678
141.5 24.053444404191886 22.233466015630455
142.0 24.054778214160933 22.233440106871605
142.5 24.056100561174443 22.23341069073043
143.0 24.057418781072066 22.233380231468416
143.5 24.058748592438125 22.233355767089215
144.0 24.060075870821727 22.233335995434533
144.5 24.06141420559315 22.233313009598756
145.0 24.062742628467625 22.233300138403212
145.5 24.064097989480683 22.23327589119609
146.0 24.065414793228538 22.23326657822273
146.5 24.066779621620256 22.233251217087382
147.0 24.068129312994735 22.233237459643544
147.5 24.06945873140082 22.23322467050554
148.0 24.07080629521132 22.233216642896263
148.5 24.0721557763862 22.2332128815405
149.0 24.07350947325588 22.2332000490343
149.5 24.074836560711 22.233193486543477
150.0 24.07621955635674 22.233185248027894
150.5 24.077570144061134 22.23319427448577
151.0 24.078938847165432 22.23319298468715
151.5 24.080272759136633 22.233185940857567
152.0 24.081626802750996 22.233192067919823
152.5 24.08300956015235 22.233195218186896
153.0 24.084366282887434 22.233204762187377
153.5 24.08575132877205 22.233213720624644
154.0 24.087116337579886 22.233226542506163
154.5 24.08849863141289 22.23323931030449
155.0 24.089889472164966 22.233258121382637
155.5 24.091270004141045 22.233279628268715
156.0 24.09267123662329 22.23330500418474
156.5 24.09408455510699 22.233327447594572
157.0 24.09549620048425 22.23334773360976
157.5 24.09690716771709 22.233378894361906
158.0 24.098322056978656 22.233417590924176
158.5 24.099762177296288 22.233447860795863
159.0 24.101170135315222 22.23348096669431
159.5 24.102603469404382 22.23352229244071
160.0 24.10404921876804 22.233561305221915
160.5 24.10549268204488 22.233606821040315
161.0 24.106946338766008 22.233646086659228
161.5 24.108400569239592 22.233699040754587
162.0 24.109849567559817 22.233742741787687
162.5 24.11130306885 22.233798246849418
163.0 24.112788333824877 22.233849467987426
163.5 24.11424416534171 22.23390890256862
164.0 24.11573036517989 22.23396466065409
164.5 24.11719588864045 22.234021009134025
165.0 24.11869675630298 22.23408593078904
165.5 24.12017456210718 22.234154759775883
166.0 24.121655295089212 22.234219992810193
166.5 24.123144056830558 22.234287684572326
167.0 24.12464798049239 22.23435631670594
167.5 24.1261609833103 22.234429523210927
168.0 24.127660784130114 22.234505882233897
168.5 24.129173668353854 22.234579840332167
169.0 24.130684648649222 22.2346605341458
169.5 24.132195303621913 22.23473780964323
170.0 24.13371569569291 22.234817563966036
170.5 24.135235497560068 22.23490835390452
171.0 24.136764432898875 22.234989216376427
171.5 24.1383033672561 22.235080858759396
172.0 24.139818788077136 22.235168783193203
172.5 24.141341332887297 22.235256774245833
173.0 24.142892523827047 22.235352505175456
173.5 24.144443546866686 22.235440227563235
174.0 24.145982991767653 22.235541715852047
174.5 24.14752947677076 22.235637957705716
175.0 24.149080356453922 22.2357330229544
175.5 24.150620996368858 22.235835705088924
176.0 24.152182976582765 22.23593484549406
176.5 24.153725375238217 22.236042989700575
177.0 24.155291951897887 22.236150696939095
177.5 24.15686046374583 22.23625448348826
178.0 24.15840783117037 22.23636226105848
178.5 24.15996560489892 22.236474008876847
179.0 24.16155157624745 22.236585438080784
179.5 24.16311137640751 22.236696631758107
180.0 24.164667998701148 22.236811246901667
180.5 24.16622833966397 22.236925097552547
181.0 24.16781284841126 22.237046380697116
181.5 24.16938784348838 22.237164926585503
182.0 24.17096058270119 22.23729030253205
182.5 24.17254013775779 22.23740187769263
183.0 24.174125602797748 22.23752405320015
183.5 24.17568768430918 22.237652421015493
184.0 24.1772762754809 22.23777590019958
184.5 24.178851046507436 22.237908765343217
185.0 24.180418020401376 22.238031836147893
185.5 24.182020145790098 22.23815811755832
186.0 24.18361338001327 22.238284181057185
186.5 24.18517899844098 22.23842272291442
187.0 24.186785316235785 22.238555642119238
187.5 24.188371204554052 22.238683295195266
188.0 24.189935825551387 22.238821759031765
188.5 24.191524161868475 22.23896012644909
189.0 24.193111472137478 22.23909241970884
189.5 24.19469877087492 22.23923670011541
190.0 24.19627221273275 22.23937199053907
190.5 24.197846004471426 22.239510611406676
191.0 24.199463602312022 22.239644332464692
191.5 24.201030973367605 22.2397959104039
192.0 24.20261079411744 22.239939879733885
192.5 24.204218156347753 22.240077963274185
193.0 24.20581049314754 22.240226132658186
193.5 24.207404813971568 22.240378817279407
194.0 24.20901639245531 22.24052892671736
194.5 24.210599486046164 22.240682713576764
195.0 24.21219782195637 22.240843025812822
195.5 24.213814183822397 22.240991256172645
196.0 24.215428563702535 22.241147706397655
196.5 24.21703339382379 22.241309026289603
197.0 24.218651189386748 22.241462613984638
197.5 24.220257418899138 22.24162951328255
198.0 24.221872558977054 22.24179776891097
198.5 24.22348180153181 22.24195381533796
199.0 24.225113215535877 22.242124539285342
199.5 24.22673180880866 22.24229310769715
200.0 24.228374632031098 22.242460720616442
200.4999999999999 24.229997931786894 22.242636453020697
201.0 24.231626364280455 22.242809378229982
201.5 24.233256731247252 22.242977597877406
201.9999999999999 24.234886037118027 22.243150391709992
202.5 24.236519454200803 22.243336766859315
203.0 24.238159734529866 22.24351490992605
203.4999999999999 24.239804155248038 22.24368931934037
204.0 24.241441825872656 22.243868962330385
204.5 24.243092000589122 22.244056211977806
204.9999999999999 24.24473287811908 22.24424061008846
205.5 24.246383717310366 22.244429449060025
206.0 24.24804321817687 22.244617553490645
206.4999999999999 24.249712604647186 22.244805200473785
207.0 24.251351947417866 22.244996666295
207.5 24.253017315016216 22.24518929305196
207.9999999999999 24.25467560728885 22.2453902657057
208.5 24.25633694791206 22.24557690240873
209.0 24.257996648399242 22.24577223948694
209.4999999999999 24.25967403679857 22.245974890103405
210.0 24.261338503096525 22.246172517962542
210.5 24.26300615462132 22.246380139865472
210.9999999999999 24.26468609021552 22.246579427008598
211.5 24.26635276955905 22.246789371959032
212.0 24.268035691190807 22.246991304215946
212.4999999999999 24.26972542291352 22.247195900492404
213.0 24.27141937816762 22.247407812272023
213.5 24.273096939704395 22.24762226382921
213.9999999999999 24.274785220786566 22.24782941583696
214.5 24.276461372725215 22.24804381408099
215.0 24.278157005705523 22.248260256376078
215.4999999999999 24.27985196366202 22.248474182818512
216.0 24.281554352671368 22.248689969371664
216.5 24.283245984671723 22.2489078442985
216.9999999999999 24.284960841648147 22.249138800091444
217.5 24.286643066696186 22.249354726076223
218.0 24.288364093295147 22.24957550080118
218.4999999999999 24.29006113808832 22.249801657835768
219.0 24.29178372954326 22.250028358370816
219.5 24.29348049896629 22.25025476200234
219.9999999999999 24.295189963449623 22.25049015996629
220.5 24.296907583166842 22.25071912866825
221.0 24.29861678855616 22.25095250505745
221.4999999999999 24.30034285995741 22.25118291285614
222.0 24.302067849186194 22.25141988663312
222.5 24.30378824707025 22.251654607796524
222.9999999999999 24.30552569216931 22.25188819837002
223.5 24.307240938039275 22.252134408647407
224.0 24.308978326573147 22.252372992223517
224.4999999999999 24.310708356393853 22.252608986256458
225.0 24.31245356790201 22.252856166816905
225.5 24.314181071606686 22.253106373086048
225.9999999999999 24.315918079940644 22.25335023635366
226.5 24.317658787300882 22.253598982474237
227.0 24.319394381045292 22.253845443335322
227.4999999999999 24.321143820309587 22.25408983040532
228.0 24.32290532609251 22.25434403666826
228.5 24.324648947337106 22.25459589537776
228.9999999999999 24.326366526866515 22.254856260829502
229.5 24.328145927648485 22.25510946378678
230.0 24.32989532105136 22.25536841293366
230.4999999999999 24.33166536363782 22.255627515937206
231.0 24.333410312537588 22.25589035554468
231.5 24.33517071722519 22.256146658890692
231.9999999999999 24.33695871768692 22.256411518099522
232.5 24.33872066219164 22.256673693748525
233.0 24.340462637868754 22.256946299368924
233.4999999999999 24.342251130052052 22.257211013839164
234.0 24.34402053523349 22.25748288989262
234.5 24.34581914245708 22.257753980461672
234.9999999999999 24.34759986887628 22.25802786529133
235.5 24.349376434540847 22.2582988352141
236.0 24.35115009879475 22.258576589432046
236.4999999999999 24.352953697008797 22.25885428333173
237.0 24.35473820764162 22.259132214101285
237.5 24.356545097190114 22.259416947598925
237.9999999999999 24.358329957405033 22.25970426409138
238.5 24.36012253324885 22.259982960648586
239.0 24.361950360167874 22.260275169966867
239.4999999999999 24.363733152727335 22.26056196395978
240.0 24.365532822718265 22.26084542143696
240.5 24.367344160370415 22.261131459503414
240.9999999999999 24.369165206416707 22.261435839022162
241.5 24.37097563029208 22.261729539469577
242.0 24.372777008137056 22.262020678456523
242.4999999999999 24.374599185628067 22.26231651524578
243.0 24.37644440589654 22.262612809404704
243.5 24.37824514893887 22.262911091282398
243.9999999999999 24.380093863311455 22.263210998555643
244.5 24.381906675871555 22.263517245081246
245.0 24.383746149418634 22.263823403779416
245.4999999999999 24.385569596399264 22.264129368499624
246.0 24.38742517243625 22.264435782122767
246.5 24.389243165791 22.26473857254056
246.9999999999999 24.391105027791845 22.265050687894625
247.5 24.392939070413053 22.26536417504122
248.0 24.39478528084859 22.2656773206665
248.4999999999999 24.396622825102014 22.265989253904145
249.0 24.398487951131877 22.266297467213153
249.5 24.40032958167869 22.26661961773855
249.9999999999999 24.402194717494886 22.266939260192146
250.5 24.404047638464736 22.267261815736493
251.0 24.405924484376875 22.267588643502787
251.4999999999999 24.40776653536657 22.267900510260986
252.0 24.409635896406673 22.268224269480864
252.5 24.411496418905383 22.268549989289106
252.9999999999999 24.413368340870463 22.26887864004845
253.5 24.415252912811944 22.269208966937583
254.0 24.417127438563547 22.26953847892434
254.4999999999999 24.418997629023444 22.269868424796865
255.0 24.420873562298922 22.270202767363028
255.5 24.422763051706248 22.270533626878493
255.9999999999999 24.424643358996633 22.270871443797017
256.5 24.426534314135353 22.271206345735706
257.0 24.42842009331812 22.27154483594125
257.4999999999999 24.430313444821863 22.271880766228254
258.0 24.43221249081749 22.2722224048037
258.5 24.434106035193874 22.272562781814
258.9999999999999 24.43598992095909 22.272910125616384
259.5 24.437908441312675 22.27325640661516
260.0 24.439808316533785 22.273596836475654
260.4999999999999 24.441687917657603 22.27393924384088
261.0 24.44360261158847 22.274292147378695
261.5 24.44550890779926 22.274647436004848
261.9999999999999 24.44742788037717 22.27499141119726
262.5 24.449342806674906 22.275353480318202
263.0 24.451262081705195 22.27569985002992
263.4999999999999 24.45316820772007 22.276050491279115
264.0 24.455088042764515 22.276406109548766
264.5 24.457025592088 22.276770537931995
264.9999999999999 24.45894000213545 22.277121960525545
265.5 24.460866350918774 22.277485320421142
266.0 24.46278429372348 22.277845881755745
266.4999999999999 24.46471580201412 22.278209723514326
267.0 24.466662158775595 22.278571908609813
267.5 24.468593474089737 22.278943852949663
267.9999999999999 24.470528782938143 22.279305497399598
268.5 24.472447243783954 22.2796704875039
269.0 24.474403287281884 22.280042225957324
269.4999999999999 24.47634367155011 22.280408378188547
270.0 24.478309317547513 22.280780600070543
270.5 24.480279102107012 22.281157249071136
270.9999999999999 24.48223122346267 22.28152670279298
271.5 24.484193175880257 22.281904453398667
272.0 24.486152380775607 22.28229398076501
272.4999999999999 24.48813725375938 22.282663759276794
273.0 24.490115078778018 22.283047939580968
273.5 24.492087344798467 22.283441730856218
273.9999999999999 24.494080894117175 22.28381791716957
274.5 24.4960913111229 22.284204868397744
275.0 24.49806880601414 22.284598344884714
275.4999999999999 24.50007672882903 22.28498394735761
276.0 24.502059990857518 22.28537722557014
276.5 24.504076746573283 22.285771599792437
276.9999999999999 24.506083135905108 22.28616992849424
277.5 24.508081838226513 22.2865664807907
278.0 24.51009578834997 22.286965882637343
278.4999999999999 24.512115607676733 22.287367374382153
279.0 24.51415598993878 22.28776520353849
279.5 24.516165037071037 22.288177081522633
279.9999999999999 24.5181976416443 22.28857438121007
280.5 24.520230712003524 22.288978215246612
281.0 24.522269859009583 22.2893862650933
281.4999999999999 24.52429946817249 22.289797891769453
282.0 24.526326249794263 22.290204424233906
282.5 24.528373860023397 22.29062178544646
282.9999999999999 24.530407759149263 22.291033623995794
283.5 24.532475292338923 22.29145206204425
284.0 24.534515701957623 22.29186458337206
284.4999999999999 24.53659766186066 22.29228078296891
285.0 24.538616174868928 22.29269823692598
285.5 24.540666706056612 22.293118611889806
285.9999999999999 24.542733319946393 22.29353645637858
286.5 24.544802936334452 22.293960398365208
287.0 24.5468556729515 22.294386225013017
287.4999999999999 24.548920045610473 22.294813377503345
288.0 24.55097684858255 22.295231216280754
288.5 24.55306663242027 22.29566586596595
288.9999999999999 24.555117469733215 22.29609362402126
289.5 24.557179260948388 22.296520823297396
290.0 24.559254221003233 22.29695523838421
290.4999999999999 24.561343272830435 22.29738473630826
291.0 24.563403906710025 22.29781306891192
291.5 24.565481780210664 22.29825419854865
291.9999999999999 24.56755179939622 22.29868256746682
292.5 24.56963339797984 22.299122732049664
293.0 24.57170345914971 22.299559287391478
293.4999999999999 24.573777537847906 22.300000284616562
294.0 24.575852840052423 22.300442342714817
294.5 24.57793662497877 22.300880831942372
294.9999999999999 24.58001865705195 22.301325196382216
295.5 24.582089380684575 22.301769158315892
296.0 24.584175261860807 22.302217390988254
296.4999999999999 24.586263409444243 22.302655193946688
297.0 24.588328805878497 22.303104446103113
297.5 24.59040519861486 22.303553492102655
297.9999999999999 24.592494982993482 22.30400346920422
298.5 24.594561631285853 22.304450353944677
299.0 24.59665490570011 22.304896913856883
299.4999999999999 24.59871496940039 22.305349800385553
300.0 24.60079248728817 22.30580419174189
300.5 24.602874697878896 22.306255096695253
300.9999999999999 24.604952009819772 22.306703241088613
301.5 24.607001677401588 22.30716262986975
302.0 24.60908053242566 22.30761091681918
302.4999999999999 24.61115821253941 22.308071933808833
303.0 24.613224798343364 22.30852950752778
303.5 24.615276253391905 22.308984144439528
303.9999999999999 24.6173400228195 22.309449794669653
304.5 24.619431600576767 22.309902882196752
305.0 24.62148734174474 22.3103687483161
305.4999999999999 24.623558171387984 22.310824579194485
306.0 24.62558911714386 22.31129323395392
306.5 24.62766117843969 22.311752721425332
306.9999999999999 24.629719236620065 22.312207385563493
