FastTrWP/PhaseSpace/IAs/snIa_0.37_30.00_-1.06_0.06.csv
# %ECSV 0.9
# ---
# datatype:
# - {name: time-rel, datatype: float64}
# - {name: g, datatype: float64}
# - {name: i, datatype: float64}
# schema: astropy-2.0
time-rel g i
230.77083333333334 26.992647495731205 25.214904070488636
231.27083333333334 26.969884919201498 25.20585665607222
231.77083333333334 26.94741674489809 25.196862520829207
232.27083333333334 26.925343209608922 25.187913032366662
232.77083333333334 26.90366728920509 25.179031481892615
233.27083333333334 26.88225102984549 25.170179172413597
233.77083333333334 26.8612249539677 25.16136498440275
234.27083333333334 26.840522471101153 25.152591473760975
234.77083333333334 26.82010017684148 25.143842914077382
235.27083333333334 26.800007192197697 25.13512053617594
235.77083333333334 26.78015733652357 25.126485681090447
236.27083333333334 26.760596071253463 25.117875060458314
236.77083333333334 26.741305063791106 25.109289022370955
237.27083333333334 26.72221433113554 25.10074615792903
237.77083333333334 26.703435523124153 25.092232098304276
238.27083333333334 26.684864238496825 25.083798906263176
238.77083333333334 26.666556240399277 25.075364788857083
239.27083333333334 26.64843977499876 25.06698913982479
239.77083333333334 26.630574238370937 25.058631131470193
240.27083333333334 26.612880910476836 25.050321057707954
240.77083333333334 26.595416619123895 25.04203035792814
241.27083333333334 26.57816847147569 25.033777722958398
241.77083333333334 26.561147824182104 25.025586302590007
242.27083333333334 26.544232577369222 25.017406081234217
242.77083333333334 26.527584168740606 25.00926975711158
243.27083333333334 26.511031516585376 25.001176470504273
243.77083333333334 26.494720374511964 24.993139621579697
244.27083333333334 26.478554307519385 24.9850932769047
244.77083333333334 26.462529536675106 24.97710058891256
245.27083333333334 26.446687521924 24.969138525245445
245.77083333333334 26.430957044060193 24.961213642237354
246.27083333333334 26.415453953525603 24.95330813330614
246.77083333333334 26.400078131697807 24.945450715782854
247.27083333333334 26.3848064547733 24.937615264896962
247.77083333333334 26.369708778077367 24.929830286134063
248.27083333333334 26.35477426023671 24.922070849290307
248.77083333333334 26.33994314196324 24.914351410341492
249.27083333333334 26.32527721084566 24.90664492922327
249.77083333333334 26.310673818591958 24.89898807328585
250.27083333333334 26.296235514703973 24.89135771822605
250.77083333333334 26.281904205896296 24.883753867436443
251.27083333333334 26.267684749863353 24.876173827528675
251.77083333333334 26.253633777691356 24.868641804518475
252.27083333333334 26.239633528188058 24.86113848290878
252.77083333333334 26.225750718067708 24.853641808806316
253.27083333333334 26.21202746543354 24.846204782367145
253.77083333333334 26.19838092721714 24.83878178741742
254.27083333333334 26.1848221307092 24.831404013625466
254.77083333333334 26.171400679494763 24.824035298796442
255.27083333333334 26.158073462972602 24.81670006261738
255.77083333333334 26.14484183321528 24.809414102565754
256.2708333333333 26.131695843086415 24.80211324809593
256.7708333333333 26.118628132149592 24.794888950638146
257.2708333333333 26.10566407163057 24.787672105726855
257.7708333333333 26.092836625323955 24.780499746139437
258.2708333333333 26.080046016653803 24.773325865481034
258.7708333333333 26.06730489569333 24.766206142441504
259.2708333333333 26.054683657891367 24.759087876044426
259.7708333333333 26.04219885144218 24.752029809506723
260.2708333333333 26.029755685665734 24.744978155993028
260.7708333333333 26.017384222216656 24.737921716855368
261.2708333333333 26.00512422217376 24.73093104929649
261.7708333333333 25.992903120100355 24.723990584792208
262.2708333333333 25.980790713305222 24.717050018537023
262.7708333333333 25.968765684723508 24.710117809689702
263.2708333333333 25.956727108442514 24.703235985930352
263.7708333333333 25.944844919301676 24.69636454102387
264.2708333333333 25.93298663576011 24.689556719035753
264.7708333333333 25.92123840122943 24.68272197652269
265.2708333333333 25.909559667048914 24.675939393177245
265.7708333333333 25.898005060507177 24.669192813154343
266.2708333333333 25.886503028091234 24.662473948839686
266.7708333333333 25.875107277299797 24.655746757686497
267.2708333333333 25.863790659584623 24.64906341059386
267.7708333333333 25.852508570190714 24.642411600146033
268.2708333333333 25.84135725642968 24.63576685012669
268.7708333333333 25.830270208251363 24.629152915638116
269.2708333333333 25.819239214771763 24.622562795246825
269.7708333333333 25.808296599888486 24.616021590218825
270.2708333333333 25.797442022505596 24.609488704320608
270.7708333333333 25.78663789819084 24.602959059303394
271.2708333333333 25.77590564223153 24.59648461906262
271.7708333333333 25.76523455341507 24.59000642047144
272.2708333333333 25.754633271002653 24.583563125969246
272.7708333333333 25.744116715511094 24.5771415333984
273.2708333333333 25.733596048507643 24.570741715535917
273.7708333333333 25.723184987690615 24.564359074656302
274.2708333333333 25.712857789876843 24.55799988502255
274.7708333333333 25.702550277179803 24.55166842612274
275.2708333333333 25.692318474819015 24.545362637637005
275.7708333333333 25.68212830543181 24.539063124490728
276.2708333333333 25.67199815110722 24.53279376023484
276.7708333333333 25.661903302064122 24.526535736326984
277.2708333333333 25.651898924257168 24.520306580779017
277.7708333333333 25.64189438362753 24.514082529386798
278.2708333333333 25.63194902853798 24.50788549190612
278.7708333333333 25.62206830873222 24.501708949000374
279.2708333333333 25.612268576529146 24.49555698778292
279.7708333333333 25.602455168636354 24.48941658541157
280.2708333333333 25.59271299453642 24.483301380966168
280.7708333333333 25.583016309677102 24.47720617274209
281.2708333333333 25.573357208880438 24.471125371594255
281.7708333333333 25.563746410071246 24.46505680927303
282.2708333333333 25.554143363001607 24.45901475335658
282.7708333333333 25.54464580954363 24.452980256308273
283.2708333333333 25.535157833764895 24.44698256426305
283.7708333333333 25.52571750024669 24.440988391329462
284.2708333333333 25.51627357231159 24.435011388705213
284.7708333333333 25.506914212218152 24.42904674509419
285.2708333333333 25.497599431715123 24.423112984253773
285.7708333333333 25.48826779845497 24.417199895659607
286.2708333333333 25.47896980934578 24.41127458982239
286.7708333333333 25.46976224779785 24.40539298249577
287.2708333333333 25.46054759069703 24.3995172565314
287.7708333333333 25.45138896400597 24.393652977498522
288.2708333333333 25.442256765817554 24.387829208767755
288.7708333333333 25.433154478778285 24.381990334402843
289.2708333333333 25.424082577084288 24.37617502518009
289.7708333333333 25.415032953093647 24.370389432688434
290.2708333333333 25.406029328742928 24.364618490869454
290.7708333333333 25.39702810841478 24.358851171983027
291.2708333333333 25.388071690280043 24.35312091116932
291.7708333333333 25.37916007831315 24.347376439812045
292.2708333333333 25.37025730231369 24.341659280108225
292.7708333333333 25.361365300612093 24.335951044436438
293.2708333333333 25.35252741910074 24.330245530207904
293.7708333333333 25.34371958113418 24.324586200193906
294.2708333333333 25.334923206482884 24.318933287733593
294.7708333333333 25.326151968961 24.313286542473485
295.2708333333333 25.317407554807954 24.307669585391718
295.7708333333333 25.30869259891268 24.30203465071436
296.2708333333333 25.299992871447593 24.29643421070672
296.7708333333333 25.291306946253084 24.290839974446897
297.2708333333333 25.28267732186402 24.28526151952285
297.7708333333333 25.274024348002143 24.27969398500118
298.2708333333333 25.26544203111113 24.274160090876986
298.7708333333333 25.256855982569423 24.26861963024836
299.2708333333333 25.2483691122977 24.263100775744974
299.7708333333333 25.239873127275313 24.257603826435176
300.2708333333333 25.231409363221793 24.25211111076019
300.7708333333333 25.222973246451602 24.246625450091607
301.2708333333333 25.214556143787977 24.24118378843836
301.7708333333333 25.206189051677264 24.235736382474006
302.2708333333333 25.19785929149897 24.230323533249923
302.7708333333333 25.18949944164179 24.224892513742006
303.2708333333333 25.181236648400116 24.21950331413743
303.7708333333333 25.172940603750543 24.214121296049555
304.2708333333333 25.164732861802783 24.208734153231866
304.7708333333333 25.15654456136753 24.203388882708182
305.2708333333333 25.148365535671893 24.198043872335443
305.7708333333333 25.1402204749618 24.192721196169042
306.2708333333333 25.132101954472933 24.18739979380135
306.7708333333333 25.12402248316764 24.182094059241027
307.2708333333333 25.115963025452007 24.176791517255634
307.7708333333333 25.107940909861256 24.17153327886905
308.2708333333333 25.099929048897405 24.16625569989911
308.7708333333333 25.091958039670516 24.161013958510868
309.2708333333333 25.08399674179703 24.15576372994805
309.7708333333333 25.07609269546887 24.150550574957954
310.2708333333333 25.068194849664323 24.145321457084727
310.7708333333333 25.06031364984704 24.140132434330663
311.2708333333333 25.052476565013222 24.134934067666958
311.7708333333333 25.044653044581263 24.129764446288526
312.2708333333333 25.03688176862947 24.12461198109858
312.7708333333333 25.029137194599738 24.11945016112427
313.2708333333333 25.02137969887512 24.11432199567998
313.7708333333333 25.013654825787658 24.109191456702632
314.2708333333333 25.00596844036619 24.1040928863227
314.7708333333333 24.99829402461662 24.098985652322554
315.2708333333333 24.99068699095435 24.093898415778185
315.7708333333333 24.983068021360488 24.088820634518186
316.2708333333333 24.975484486786634 24.08375209613431
316.7708333333333 24.96792846130798 24.078708605477956
317.2708333333333 24.96037352053138 24.07365943665234
317.7708333333333 24.952883981834674 24.06862560377347
318.2708333333333 24.94538694004229 24.063607408435065
318.7708333333333 24.937956634981376 24.05859198589276
319.2708333333333 24.930510742094476 24.05361269920703
319.7708333333333 24.923064073232695 24.048630527041595
320.2708333333333 24.915676894156547 24.043639139322416
320.7708333333333 24.908317661767608 24.03868498034135
321.2708333333333 24.90098042915006 24.033732965024637
321.7708333333333 24.89364486585005 24.028793253889443
322.2708333333333 24.886340537670502 24.023866019022954
322.7708333333333 24.879076208581875 24.01893634819563
323.2708333333333 24.871819845367344 24.014017157237642
323.7708333333333 24.864593333565217 24.009127759700736
324.2708333333333 24.857397628805224 24.004234647240544
324.7708333333333 24.850204589088424 23.999357896636443
325.2708333333333 24.843054537394103 23.99449475318383
325.7708333333333 24.835895672322536 23.989648056850523
326.2708333333333 24.8288012707657 23.984803024568485
326.7708333333333 24.82170166656489 23.979967354186194
327.2708333333333 24.814634838513022 23.97512654024461
327.7708333333333 24.807570202388185 23.970324238281066
328.2708333333333 24.8005327408325 23.965515165094374
328.7708333333333 24.793538463333963 23.960707594663397
329.2708333333333 24.786542555345648 23.955938338799385
329.7708333333333 24.77957754885678 23.951166493332103
330.2708333333333 24.772627177007266 23.946396897377063
330.7708333333333 24.76570810806904 23.941643690144385
331.2708333333333 24.75883568420681 23.936892887687936
331.7708333333333 24.751941287534187 23.932154765895657
332.2708333333333 24.745065986888047 23.927439188417114
332.7708333333333 24.738247471502127 23.922723561027862
333.2708333333333 24.731416451803945 23.918027104667935
333.7708333333333 24.72463148903914 23.913333784811694
334.2708333333333 24.717860018112656 23.908660282428148
334.7708333333333 24.71110764632639 23.9039812281325
335.2708333333333 24.704376640589807 23.89933101449764
335.7708333333333 24.697665210250015 23.8946703435272
336.2708333333333 24.69097554824848 23.89003532592244
336.7708333333333 24.684279755998425 23.885420150173996
337.2708333333333 24.677667229191282 23.880810453164962
337.7708333333333 24.6710282257078 23.876189944708436
338.2708333333333 24.66439672029837 23.87159582343593
338.7708333333333 24.657807060688185 23.86700273032657
339.2708333333333 24.651238292979855 23.862438444626534
339.7708333333333 24.64470067939196 23.85786348480942
340.2708333333333 24.638161258987743 23.85330225295634
340.7708333333333 24.63165564294308 23.848764083178878
341.2708333333333 24.625131495973545 23.84421732533321
341.7708333333333 24.61866473404417 23.839677358860047
342.2708333333333 24.61221405592923 23.835158004067267
342.7708333333333 24.605786091040905 23.830641655263566
343.2708333333333 24.599352034123093 23.826150481139535
343.7708333333333 24.59294453771053 23.821654320742567
344.2708333333333 24.586558069626136 23.8171698488696
344.7708333333333 24.580199796149497 23.812682916099742
345.2708333333333 24.573825544939698 23.808212356962013
345.7708333333333 24.567492637380425 23.8037554319016
346.2708333333333 24.561166815946578 23.79931724961329
346.7708333333333 24.554883212057117 23.794861370160536
347.2708333333333 24.548591702503444 23.79044731993033
347.7708333333333 24.54232274840727 23.786003137784135
348.2708333333333 24.536066009316414 23.781592042709498
348.7708333333333 24.529838142302637 23.77717570866528
349.2708333333333 24.523627132978078 23.772769818594185
349.7708333333333 24.51741069637906 23.768385488120394
350.2708333333333 24.511229091386685 23.76400340431853
350.7708333333333 24.505064981947843 23.759628287537815
351.2708333333333 24.49889449735936 23.75525104988428
351.7708333333333 24.49276966274619 23.750886429932926
352.2708333333333 24.48663006510373 23.74654898982459
352.7708333333333 24.48052397195555 23.742181441062424
353.2708333333333 24.4744222112385 23.737856266580835
353.7708333333333 24.468343273803693 23.733518110602752
354.2708333333333 24.462282085471628 23.729199356815055
354.7708333333333 24.456234289735566 23.724886277223366
355.2708333333333 24.450208744543698 23.720589019467155
355.7708333333333 24.44418518115317 23.71628076024912
356.2708333333333 24.438175311912595 23.71199318581816
356.7708333333333 24.432194163867308 23.707691256058613
357.2708333333333 24.426221971717954 23.703418958461604
357.77083333333326 24.42024920890534 23.699144755900782
358.2708333333333 24.414312742955538 23.694878398239517
358.7708333333333 24.40839454695441 23.69061627115166
359.27083333333326 24.402470685861108 23.686358866139045
359.7708333333333 24.396531829943452 23.682124520457343
360.2708333333333 24.39065470346832 23.677879578208234
360.77083333333326 24.384763381828126 23.67365484544092
361.2708333333333 24.378923114517967 23.669424050414257
361.7708333333333 24.37307739654115 23.665214460773978
362.27083333333326 24.367229772496554 23.660991927880353
362.7708333333333 24.361401424441596 23.656798331538145
363.2708333333333 24.35560244361652 23.652590276768493
363.77083333333326 24.34979344896041 23.648401418953643
364.2708333333333 24.344023175428028 23.644220885243136
364.7708333333333 24.33824801014414 23.640037002358355
365.27083333333326 24.33250356860224 23.63587752470376
365.7708333333333 24.326770259906002 23.63170800712731
366.2708333333333 24.321044910159102 23.62755967344966
366.77083333333326 24.31533020765827 23.62341547792676
367.2708333333333 24.309642511218968 23.619279945100473
367.7708333333333 24.303954734658014 23.61513956369478
368.27083333333326 24.29830520009245 23.61103152225777
368.7708333333333 24.292644488311176 23.606913666150696
369.2708333333333 24.287017479056324 23.602805492680787
369.77083333333326 24.281393193919037 23.598713989843624
370.2708333333333 24.275766842370686 23.594612875422744
370.7708333333333 24.27017705909641 23.590535363301303
371.27083333333326 24.26459422450881 23.586451911973214
371.7708333333333 24.25902312239058 23.582371222411986
372.2708333333333 24.25344857716949 23.578304375022626
372.77083333333326 24.24791651832953 23.574250580139346
373.2708333333333 24.242387666726426 23.57019661555965
373.7708333333333 24.236864003542273 23.566163620532695
374.27083333333326 24.23136147005615 23.562134081365965
