FastTrWP/PhaseSpace/IAs/snIa_0.69_30.00_-0.15_0.05.csv
# %ECSV 0.9
# ---
# datatype:
# - {name: time-rel, datatype: float64}
# - {name: g, datatype: float64}
# - {name: i, datatype: float64}
# schema: astropy-2.0
time-rel g i
[from data line 1076]
121.0 24.3784777458024 22.223505109261417
121.5 24.37933493377436 22.22332701625271
122.0 24.380210553726364 22.223165024106358
122.5 24.381095282736112 22.222998111629686
123.0 24.38197857068896 22.2228410322735
123.5 24.382862806839654 22.222681549260955
124.0 24.38375798385391 22.22252192922506
124.5 24.384659508836965 22.222365748385027
125.0 24.385560770986167 22.222219080282777
125.5 24.386455286783825 22.2220679637131
126.0 24.38739593832603 22.22192008405805
126.5 24.388281227897348 22.221779204486637
127.0 24.38918058649503 22.22163808183339
127.5 24.390106670599057 22.221498271064256
128.0 24.3910096317555 22.221362470094327
128.5 24.391955576633237 22.22123099919674
129.0 24.39289159285987 22.221096956808037
129.5 24.393815507784158 22.220964063875567
130.0 24.394747234936432 22.22084503005015
130.5 24.39570563745245 22.220717308392146
131.0 24.396651826310926 22.220604857219932
131.5 24.397592327145542 22.22048640690155
132.0 24.398567417701603 22.220362496799044
132.5 24.39951333144736 22.22025582831408
133.0 24.400474071431226 22.22015322286357
133.5 24.401463650559137 22.220043596497874
134.0 24.4024454847805 22.219935733269264
134.5 24.40342144577455 22.21983668296053
135.0 24.404423144896352 22.219736613547006
135.5 24.405406559761133 22.219644210409868
136.0 24.40639916291126 22.219552134716434
136.5 24.407401165709626 22.219463016997445
137.0 24.408413260400334 22.21937311990302
137.5 24.409412290263415 22.21928498528038
138.0 24.410420189847795 22.219202571862073
138.5 24.411453177988676 22.21912036640682
139.0 24.412468948141278 22.219037146611154
139.5 24.413497393340165 22.21896395104679
140.0 24.41452481111094 22.218883299779236
140.5 24.415550060534805 22.218820032130957
141.0 24.41660965515545 22.218753708963256
141.5 24.41764657511117 22.218682771489874
142.0 24.41868776403379 22.218620566845274
142.5 24.419738073780675 22.218557077162977
143.0 24.420790362108356 22.21850398221658
143.5 24.42184232543317 22.218442896269437
144.0 24.422904874745992 22.21838963164657
144.5 24.42398551381137 22.218334460821062
145.0 24.425050121380302 22.218284475989428
145.5 24.426122592518155 22.21824059533124
146.0 24.427192733210944 22.21819922768582
146.5 24.42828947401329 22.21815315291556
147.0 24.42937111458257 22.21811679508978
147.5 24.4304635230203 22.21807559776961
148.0 24.431553770595404 22.21803779813801
148.5 24.432639612254015 22.218004919374593
149.0 24.43375003713964 22.217975359600224
149.5 24.43485091369581 22.217941295693272
150.0 24.435950183354734 22.217913314110543
150.5 24.437056350356194 22.217895821811755
151.0 24.438185779865584 22.217868755123323
151.5 24.439280299284462 22.217848506661262
152.0 24.44041764376322 22.217825371403475
152.5 24.441535374591517 22.217811061668687
153.0 24.442669764143766 22.217804057687225
153.5 24.44381027328745 22.2177922926724
154.0 24.44493265025116 22.217780557868842
154.5 24.44606763539764 22.2177642249901
155.0 24.447187916604825 22.217761597841147
155.5 24.448349265810055 22.217755365181752
156.0 24.449505188304663 22.21775553192918
156.5 24.450642432426136 22.217760222583006
157.0 24.45179624492247 22.217761009569045
157.5 24.45293762247783 22.217760653812878
158.0 24.454087177102053 22.217762617862675
158.5 24.455252636228405 22.217771486913414
159.0 24.456404653422634 22.217783189927417
159.5 24.457588831113625 22.21780143549887
160.0 24.458753114622223 22.217808667851344
160.5 24.45990926870172 22.217821520752317
161.0 24.461079494854378 22.217842109464762
161.5 24.462263808940776 22.21785572374869
162.0 24.46342742933623 22.217885917584994
162.5 24.464629408013153 22.217898898937086
163.0 24.465792038468308 22.217928105255513
163.5 24.46696824680125 22.21795522299548
164.0 24.468159800269923 22.217977944074047
164.5 24.469369005100283 22.21801418599672
165.0 24.470559676814965 22.21804050448657
165.5 24.47174330830152 22.218071336317312
166.0 24.472937477907628 22.21811533609104
166.5 24.47415112927304 22.2181459129205
167.0 24.47532887711614 22.218189348205904
167.5 24.476542971509616 22.21823406164626
168.0 24.477734182932686 22.218269249719306
168.5 24.478954282396003 22.21832050074702
169.0 24.480156226445757 22.218361489735056
169.5 24.481369155878724 22.218405338612477
170.0 24.482569763187563 22.21845814622883
170.5 24.483791114036645 22.218511989976882
171.0 24.485016903375346 22.21856298513056
171.5 24.48624207185327 22.218624096346318
172.0 24.48746898398663 22.218677658623495
172.5 24.48869689032297 22.218743506751437
173.0 24.489955008548897 22.21880183983568
173.5 24.491190923511944 22.21886755692212
174.0 24.492430288292812 22.218939454700866
174.5 24.493671263344584 22.219005975256714
175.0 24.494924636508465 22.219080404814434
175.5 24.49619131643892 22.219150801278253
176.0 24.497451034591613 22.21923236744832
176.5 24.49871900430889 22.219304157008818
177.0 24.499980571460785 22.219390954679486
177.5 24.501266402828307 22.219471700040117
178.0 24.5025420683762 22.21955618906865
178.5 24.503811370513002 22.219647365041062
179.0 24.50509675944218 22.21973213456753
179.5 24.506377882513686 22.219832031237647
180.0 24.50769078282245 22.219920501844356
180.5 24.508976228002844 22.220016565803263
181.0 24.510282263710987 22.22011722907421
181.5 24.511576969797574 22.220217028903477
182.0 24.51289165273129 22.22031816869231
182.5 24.514195188402145 22.220421007961853
183.0 24.515516937826 22.22053127622747
183.5 24.516831238446173 22.220640657120583
184.0 24.51815198243319 22.220744934266396
184.5 24.519453532117595 22.220864168567132
185.0 24.52078791522375 22.22097524652864
185.5 24.52213837891628 22.221098612690525
186.0 24.523466949794965 22.221212315190154
186.5 24.524786453228952 22.221327690932423
187.0 24.526147857909475 22.22145183733086
187.5 24.527475495008318 22.221574844370195
188.0 24.52881992842213 22.22170362023117
188.5 24.530188686800628 22.22182766859477
189.0 24.531515000047218 22.221957837605096
189.5 24.532880550786356 22.22209290633261
190.0 24.53423906103078 22.22222502058562
190.5 24.535602793295936 22.222360732727967
191.0 24.53695782761036 22.222497563996725
191.5 24.538318303294098 22.222630610283417
192.0 24.53970282850984 22.22277601348845
192.5 24.54106375798105 22.22291656735198
193.0 24.542440410708043 22.22306164481603
193.5 24.543810428099967 22.223201033292366
194.0 24.54520247454077 22.22335448467812
194.5 24.546575430365568 22.223509524825502
195.0 24.547968854123322 22.223658390509264
195.5 24.54936915277656 22.223807902108614
196.0 24.550746042588155 22.2239627896553
196.5 24.552141604692732 22.22412507569731
197.0 24.55353717134299 22.22427762403263
197.5 24.554935526286528 22.2244388185021
198.0 24.55632832993544 22.224600660387694
198.5 24.557757347333357 22.224753768155445
199.0 24.559154596480447 22.224930474354455
199.5 24.56054252616525 22.22509119961099
200.0 24.561969530895645 22.22525842810162
200.5 24.563367257646675 22.22542751027071
201.0 24.564795940796827 22.225599289090233
201.5 24.56620834352563 22.225779839079735
202.0 24.56763505959667 22.22594543166774
202.5 24.569069354523037 22.226122595169386
203.0 24.570486061944568 22.226303141798095
203.5 24.571898323530675 22.226477956251898
204.0 24.573303250838528 22.22665520210167
204.5 24.574749768492392 22.226840706403273
205.0 24.57616948166345 22.227017844511742
205.5 24.577624194655613 22.22720876530734
206.0 24.579046288965827 22.227397450286066
206.5 24.58047291231107 22.2275796018761
207.0 24.581908914201502 22.227772247514167
207.5 24.58337932210479 22.22796052035609
208.0 24.584800694350744 22.22815171171211
208.5 24.586250495357245 22.2283488014549
209.0 24.587694436736616 22.228537444415224
209.5 24.589136703518655 22.22873269930695
210.0 24.590579437310925 22.228932882173247
210.5 24.59204367295083 22.229126495170807
211.0 24.593492738714424 22.229333442093356
211.5 24.594947976006935 22.229533500262665
212.0 24.59640811231136 22.22974314451907
212.5 24.597858803645387 22.229951270844325
213.0 24.599323312273498 22.230150769183528
213.5 24.600797814363386 22.230367443133062
214.0 24.60228463903885 22.230577099133257
214.5 24.603737222487048 22.23079046245637
215.0 24.605219029339807 22.231003923931517
215.5 24.60669575860613 22.231223202625255
216.0 24.608205859949706 22.231447608847347
216.5 24.60965123346089 22.23165912435526
217.0 24.611163217499193 22.231886995060176
217.4999999999999 24.612649219435482 22.232109533531318
218.0 24.614151127500996 22.232336465243016
218.5 24.61564367203799 22.232563775613208
218.9999999999999 24.61714044271449 22.23279678500916
219.5 24.61864844715476 22.23302320045272
220.0 24.620164771099454 22.233254702429825
220.4999999999999 24.62166264316854 22.233493415252244
221.0 24.623168091226194 22.233731491204235
221.5 24.624701320161325 22.233968115381405
221.9999999999999 24.626215454265775 22.23420681746645
222.5 24.627731618431852 22.234448602590106
223.0 24.629254599454296 22.234697744860657
223.4999999999999 24.63078646046514 22.234945216873093
224.0 24.632322196369184 22.23518887147728
224.5 24.633844377768565 22.235434687894156
224.9999999999999 24.635382321946913 22.23568491259534
225.5 24.63693464608905 22.235937211527105
226.0 24.63846660102184 22.236192928437035
226.4999999999999 24.639997700560127 22.2364512840672
227.0 24.641564921647124 22.23670496518814
227.5 24.643107045538066 22.236970006155342
227.9999999999999 24.64466993539109 22.237219855637814
228.5 24.64620967894647 22.23748636620065
229.0 24.6477852917498 22.237748922783563
229.4999999999999 24.64933428988756 22.23801861480967
230.0 24.650891268014977 22.23828728378741
230.5 24.652490594562934 22.238559281070884
230.9999999999999 24.654049102602137 22.238826803852206
231.5 24.655611030537766 22.239103503490902
232.0 24.657187833399774 22.23937711274205
232.4999999999999 24.658768051573695 22.23964672330188
233.0 24.660360609170425 22.23992726118086
233.5 24.66195805598519 22.240205773680813
233.9999999999999 24.663532756131996 22.240483277047808
234.5 24.665120860449697 22.24077072386556
235.0 24.666726439108743 22.241055664104238
235.4999999999999 24.668323032295728 22.24134346139344
236.0 24.669916732987417 22.241627371290793
236.5 24.671513849539963 22.241921485707635
236.9999999999999 24.67315046972285 22.242208457490555
237.5 24.674743826950277 22.242499662997165
238.0 24.676356269364565 22.242791516722814
238.4999999999999 24.677982403650176 22.24309339667225
239.0 24.679597449763065 22.24338474537383
239.5 24.681221154920713 22.243685964936347
239.9999999999999 24.682841478067417 22.243988675181544
240.5 24.684469858051795 22.244288943589048
241.0 24.686090577980476 22.244592604266163
241.4999999999999 24.687737046940583 22.244902646243286
242.0 24.68935881643388 22.24521770204129
242.5 24.69100224113304 22.245520119443118
242.9999999999999 24.692634350633256 22.24582820875307
243.5 24.694289254670405 22.246140709994147
244.0 24.695934100271973 22.246454871072487
244.4999999999999 24.697587917805063 22.246762297908997
245.0 24.69925665666837 22.2470903960322
245.5 24.700899177508816 22.24740551184066
245.9999999999999 24.702561514235953 22.24772006634856
246.5 24.70421347369617 22.24803906117161
247.0 24.705882376774536 22.248363231424868
247.4999999999999 24.70755440564289 22.248693638822886
248.0 24.709231116263055 22.249018360595123
248.5 24.71087536318756 22.249341366915694
248.9999999999999 24.71256975662492 22.249674585535146
249.5 24.714228298711678 22.249998260232793
250.0 24.715934015799675 22.25033657811748
250.4999999999999 24.717619854636894 22.250676163884915
251.0 24.719291308165865 22.251005919137114
251.5 24.720994959101823 22.2513462015728
251.9999999999999 24.722695805465747 22.251682253087782
252.5 24.724394413267817 22.252021238756086
253.0 24.72609377988436 22.252368293248267
253.4999999999999 24.727824409703768 22.25271252815659
254.0 24.729517649546317 22.253061497224373
254.5 24.73123022888415 22.25340136219863
254.9999999999999 24.73296268796766 22.25376108902494
255.5 24.73468403476925 22.254114651823503
256.0 24.7363979312262 22.254465689757975
256.4999999999999 24.738138246284112 22.254821236030406
257.0 24.739881562683117 22.255184244215307
257.5 24.741623229175293 22.255544148877245
257.9999999999999 24.74332673250276 22.25589674368858
258.5 24.745084983880872 22.256268092346204
259.0 24.746831968581873 22.25663094064229
259.4999999999999 24.748597681526093 22.257002160996255
260.0 24.75033264360202 22.257367279631666
260.5 24.752092899989325 22.257734989405833
260.9999999999999 24.753856785506372 22.25811591911205
261.5 24.755628235605393 22.258484565609624
262.0 24.75739098148327 22.25886083669376
262.4999999999999 24.75915367715197 22.259240322421864
263.0 24.76094313958461 22.259614398398444
263.5 24.762724529314678 22.259999337289408
263.9999999999999 24.764493947852124 22.26037941452601
264.5 24.766303335687017 22.26077156256261
265.0 24.768073081372137 22.261148508294703
265.4999999999999 24.769869147823375 22.26153723966641
266.0 24.7716719089247 22.261930062310494
266.5 24.77347116962452 22.262316762485614
266.9999999999999 24.77527862334927 22.262710304030833
267.5 24.777067787455245 22.263110102242226
268.0 24.778890868580387 22.263502993225476
268.4999999999999 24.780708318743407 22.2639037466357
269.0 24.782517218030854 22.264304352521442
269.5 24.784351188781226 22.26470407403876
269.9999999999999 24.786167165414078 22.265107311351326
270.5 24.787998263212376 22.265513090339205
271.0 24.789833810005078 22.26591963494839
271.4999999999999 24.79165415591781 22.26633065653479
272.0 24.79348977393276 22.266731096410123
272.5 24.79534222191942 22.267145330956673
272.9999999999999 24.79718994322512 22.26755969537836
273.5 24.799035461168074 22.267975312175892
274.0 24.800873616157606 22.268392588076228
274.4999999999999 24.80275398388028 22.268808703122275
275.0 24.804605207173505 22.26922088546418
275.5 24.806473142685395 22.26964073066935
275.9999999999999 24.808331284523476 22.27006782106795
276.5 24.810186448232024 22.27049188174172
277.0 24.81207505246925 22.27092118375581
277.4999999999999 24.813936355957548 22.271342710283783
278.0 24.81581685108264 22.27176821526793
278.5 24.817707895124524 22.27220333185226
278.9999999999999 24.819590715808 22.272633908776815
279.5 24.821475122849193 22.273065030371555
280.0 24.8233727329638 22.273510805209376
280.4999999999999 24.825270543659833 22.273936409672757
281.0 24.827159922976612 22.274374974425776
281.5 24.829066838633118 22.27481809836852
281.9999999999999 24.830967131769654 22.275255169890023
282.5 24.83287666911732 22.27570244919867
283.0 24.83478994259159 22.276144526131418
283.4999999999999 24.836700720241417 22.276585873687978
284.0 24.83859687845652 22.277036730253524
284.5 24.840545493896254 22.277476314627688
284.9999999999999 24.84247106760909 22.2779322520082
285.5 24.844396302524558 22.278381146517205
286.0 24.84633052239613 22.27883889161452
286.4999999999999 24.848243712507152 22.279286384330025
287.0 24.850189860456627 22.279741687561962
287.5 24.852131105224977 22.28020238755342
287.9999999999999 24.854073563336318 22.28065319227248
288.5 24.85601794244287 22.28111560515258
289.0 24.857957345775233 22.281574335906082
289.4999999999999 24.859911141483366 22.282036907114847
290.0 24.861856506988303 22.282505103801775
290.5 24.86382807841811 22.28296318094258
290.9999999999999 24.865767696757814 22.283434408791777
291.5 24.867762014920004 22.28390222976527
292.0 24.86974558320871 22.284375396310764
292.4999999999999 24.871723775082334 22.28485138056747
293.0 24.873698504589004 22.285320552092376
293.5 24.875691609752835 22.28580779778548
293.9999999999999 24.877706216264173 22.28628202922918
294.5 24.879698494042742 22.28676380417297
295.0 24.8817448233329 22.2872414679188
295.4999999999999 24.8837668031825 22.287731466685734
296.0 24.885777582813517 22.288217604729464
296.5 24.887817314048384 22.288711972393994
296.9999999999999 24.889847554216743 22.289206634922007
297.5 24.891895991394595 22.28969055994677
298.0 24.893938173217766 22.29019204042615
