FastTrWP/PhaseSpace/IAs/snIa_0.61_30.00_-0.65_0.10.csv
# %ECSV 0.9
# ---
# datatype:
# - {name: time-rel, datatype: float64}
# - {name: g, datatype: float64}
# - {name: i, datatype: float64}
# schema: astropy-2.0
time-rel g i
[from data line 576]
467.2708333333333 24.18604536065047 22.537482849751456
467.77083333333326 24.184761832991875 22.53590846368718
468.2708333333333 24.18345897459298 22.534350668751443
468.7708333333333 24.182185491721228 22.53279088416406
469.27083333333326 24.180923858502233 22.5312353316307
469.7708333333333 24.179672947481805 22.529687110386117
470.2708333333333 24.178420422719785 22.528143221129532
470.77083333333326 24.17719462666345 22.52660215589473
471.2708333333333 24.17594997760208 22.525057879390005
471.7708333333333 24.174729254539425 22.523528187337753
472.27083333333326 24.173511832652274 22.52200895434639
472.7708333333333 24.172302426586953 22.52047960761649
473.2708333333333 24.17110118591225 22.518960376023095
473.77083333333326 24.169893814269034 22.517444509303917
474.2708333333333 24.16873631537523 22.5159348607637
474.7708333333333 24.167559257770716 22.514430214853437
475.27083333333326 24.166404505193768 22.512925436656136
475.7708333333333 24.1652532933155 22.511427052148804
476.2708333333333 24.16410748529597 22.509941225056792
476.77083333333326 24.162969398445192 22.508452284579068
477.2708333333333 24.161842981697564 22.50697152662537
477.7708333333333 24.16073470496389 22.50548980360182
478.27083333333326 24.15960692848538 22.50401647295388
478.7708333333333 24.158524700864238 22.502548495886696
479.2708333333333 24.157427241978063 22.501079045170723
479.77083333333326 24.156330354495992 22.49962372294993
480.2708333333333 24.15525880256988 22.49816901508599
480.7708333333333 24.15418778209898 22.496713056305776
481.27083333333326 24.15313856571413 22.49526960707557
481.7708333333333 24.152080934800665 22.493823035205622
482.2708333333333 24.151040052933368 22.492390906749975
482.77083333333326 24.150012029913693 22.49095040698991
483.2708333333333 24.148991196475333 22.489525056641067
483.7708333333333 24.147974907157565 22.48809295498823
484.27083333333326 24.146979960432056 22.486676576949797
484.7708333333333 24.14595956618041 22.48526420163366
485.2708333333333 24.144986839542426 22.483843691850215
485.77083333333326 24.14400910914701 22.482435525082508
486.2708333333333 24.14304338786202 22.48103709879102
486.7708333333333 24.142080476689603 22.479635346593625
487.27083333333326 24.14113046725447 22.4782413999737
487.7708333333333 24.1401971981885 22.476849117114934
488.2708333333333 24.139256263881542 22.47547253017664
488.7708333333333 24.13832392300637 22.474083236228335
489.2708333333333 24.137422225146103 22.472711224176074
489.7708333333333 24.136507135015947 22.471337345143315
490.2708333333333 24.13561784860132 22.469966794573285
490.7708333333333 24.134724138203325 22.46860710226506
491.2708333333333 24.13384853956537 22.467248752869292
491.7708333333333 24.132974313555778 22.465891299794208
492.2708333333333 24.13212349841336 22.464539921846956
492.7708333333333 24.131247522881036 22.463201851318622
493.2708333333333 24.13043436014974 22.46186140600647
493.7708333333333 24.129588022472866 22.460516622575938
494.2708333333333 24.128758533280966 22.459185864116566
494.7708333333333 24.12793946362132 22.457865797561936
495.2708333333333 24.127125890611257 22.45653448752752
495.7708333333333 24.12634418371322 22.455215672463993
496.2708333333333 24.125544490944158 22.45390491611756
496.7708333333333 24.124776874750147 22.452590540403126
497.2708333333333 24.124012149685935 22.45128190066793
497.7708333333333 24.123250999061355 22.449983325498074
498.2708333333333 24.12249271735821 22.448682466264458
498.7708333333333 24.121754864968977 22.44739490028538
499.2708333333333 24.121020041342014 22.446100807910327
499.7708333333333 24.12030517589105 22.444822856987322
500.2708333333333 24.119595240610504 22.443544722330383
500.7708333333333 24.118878110699068 22.442265412045707
501.2708333333333 24.118193673699082 22.440994987931894
501.7708333333333 24.11748834235841 22.439729344151743
502.2708333333333 24.11682780000541 22.438462892349797
502.7708333333333 24.116167019551156 22.43720347547835
503.2708333333333 24.115514500949494 22.435951002471228
503.7708333333333 24.11486069865397 22.434702252319365
504.2708333333333 24.114223109040655 22.433454150826925
504.7708333333333 24.1135825241704 22.43221116443237
505.2708333333333 24.1129672528495 22.430982759366277
505.7708333333333 24.11236892949272 22.429736029537793
506.2708333333333 24.111763980058743 22.428514547396155
506.7708333333333 24.111175163240716 22.42728176547416
507.2708333333333 24.110589200725624 22.42605184721235
507.7708333333333 24.110019144575542 22.42483902445704
508.2708333333333 24.109477955726707 22.423619678349674
508.7708333333333 24.108901147242708 22.422411361746647
509.2708333333333 24.10835274878152 22.421198643670653
509.7708333333333 24.107824006311258 22.42000067104597
510.2708333333333 24.107299600671 22.41879652444578
510.7708333333333 24.10677764746698 22.417595753567106
511.2708333333333 24.106259037171757 22.41639925922234
511.7708333333333 24.105772948982764 22.415214282132332
512.2708333333334 24.105279705719134 22.414026649981878
512.7708333333334 24.104790634445067 22.41284610098807
513.2708333333334 24.104314178641314 22.411666266540436
513.7708333333334 24.10386804387958 22.41048523731923
514.2708333333334 24.103405383722247 22.409318875865885
514.7708333333334 24.102949666757606 22.408150829004278
515.2708333333334 24.102511718043317 22.40699973950687
515.7708333333334 24.102083460804543 22.405835888427465
516.2708333333334 24.101654528472327 22.404677442644054
516.7708333333334 24.101239674173677 22.40351667013842
517.2708333333334 24.1008277526526 22.40237951083387
517.7708333333334 24.100434066435263 22.40123162276733
518.2708333333334 24.10004062026376 22.40009221596397
518.7708333333334 24.099649760871454 22.398953298428474
519.2708333333334 24.099297515790965 22.397811223939414
519.7708333333334 24.098910746696095 22.396684482822206
520.2708333333334 24.098547619638374 22.395561858985143
520.7708333333334 24.098209790373602 22.39444348769473
521.2708333333334 24.097853054371463 22.393322416410154
521.7708333333334 24.097522281657106 22.39221197855094
522.2708333333334 24.09718830129862 22.39108925508683
522.7708333333334 24.096863933902085 22.389994949376543
523.2708333333334 24.096556967694262 22.388885690166248
523.7708333333334 24.096253364082628 22.387786598943762
524.2708333333334 24.095961080913977 22.38669008596421
524.7708333333334 24.09566138383239 22.385605441203694
525.2708333333334 24.095375879006887 22.384514949328413
525.7708333333334 24.095101242853545 22.383428446847176
526.2708333333334 24.094831679758638 22.382341249051066
526.7708333333334 24.094563476471862 22.38127036413644
527.2708333333334 24.09432120547607 22.380195456139596
527.7708333333334 24.094061381473182 22.379123800582555
528.2708333333334 24.09383810174952 22.37805604714297
528.7708333333334 24.093582250862283 22.376994567724353
529.2708333333334 24.093356583976245 22.375944103165896
529.7708333333334 24.09313240402649 22.37488429744696
530.2708333333334 24.0929186803707 22.373841493484882
530.7708333333334 24.09270443652567 22.372789920942683
531.2708333333334 24.092506512336644 22.371743473254252
531.7708333333334 24.092316556475545 22.370705566450297
532.2708333333334 24.09212823733149 22.369672021920863
532.7708333333334 24.091946476994742 22.36864086243302
533.2708333333334 24.091764245946415 22.36761334329394
533.7708333333334 24.091602761004623 22.366585060816107
534.2708333333334 24.09144813625953 22.365563612752617
534.7708333333334 24.09127281910727 22.36455282167773
535.2708333333334 24.091136385901457 22.36354142846102
535.7708333333334 24.090985644587857 22.36252943555655
536.2708333333334 24.09085238757544 22.36152115159235
536.7708333333334 24.09072849105676 22.360522174595022
537.2708333333334 24.090600318667917 22.359518053182967
537.7708333333334 24.090470948715126 22.358532042130868
538.2708333333334 24.09036342303978 22.357541342310657
538.7708333333334 24.09026528932231 22.356555380408743
539.2708333333334 24.090162846077845 22.355569925968986
539.7708333333334 24.090056509580265 22.354596266948278
540.2708333333334 24.089970220835323 22.353617544355142
540.7708333333334 24.08988825216925 22.35264396896587
541.2708333333334 24.089797277973307 22.35168355028683
541.7708333333334 24.08973982680484 22.350715705875533
542.2708333333334 24.08967706619553 22.3497529505605
542.7708333333334 24.08961455227679 22.34879394297414
543.2708333333334 24.0895748408063 22.34784768818851
543.7708333333334 24.08953299053585 22.346890268334644
544.2708333333334 24.089510559396103 22.34594987191929
544.7708333333334 24.089497644699193 22.34500660802675
545.2708333333334 24.089502891247413 22.344062265317376
545.7708333333334 24.089491169166234 22.34312602165869
546.2708333333334 24.089501998401875 22.3421926507034
546.7708333333334 24.089517896146337 22.34126585039089
547.2708333333334 24.08954642559187 22.340333390892372
547.7708333333334 24.089584153036455 22.33940631290682
548.2708333333334 24.089631538492092 22.33849411718272
548.7708333333334 24.08966340915466 22.33757819300252
549.2708333333334 24.089746527538296 22.336658250749338
549.7708333333334 24.089815697409126 22.33574916046972
550.2708333333334 24.089892722476115 22.334837856452722
550.7708333333334 24.089974701058914 22.33393394976847
551.2708333333334 24.090060264237387 22.333042820272265
551.7708333333334 24.090156306118246 22.332140493996405
552.2708333333334 24.090278816789038 22.331242472433296
552.7708333333334 24.090386247638108 22.33034692532521
553.2708333333334 24.09050146073448 22.329466155931645
553.7708333333334 24.09064361576931 22.328581294570053
554.2708333333334 24.09077198039002 22.327700362696877
554.7708333333334 24.09090786091154 22.32682091974111
555.2708333333334 24.09106653399407 22.325946719210926
555.7708333333334 24.091215128532365 22.32508003759385
556.2708333333334 24.091391418326296 22.32421389903506
556.7708333333334 24.091548796484815 22.323343937221516
557.2708333333334 24.09172505746918 22.32248968997687
557.7708333333334 24.09191165733882 22.32163058088151
558.2708333333334 24.092095693996917 22.320771436109034
558.7708333333334 24.092300101128806 22.319925028631058
559.2708333333334 24.092503400938398 22.31906721273549
559.7708333333334 24.092691439325385 22.318231721965528
560.2708333333334 24.092894943970396 22.317392367669477
560.7708333333334 24.093104687774705 22.3165575672536
561.2708333333334 24.093317465631408 22.31571838277938
561.7708333333334 24.093580087180875 22.314893797023977
562.2708333333334 24.093807183327876 22.31405605607797
562.7708333333334 24.094042589072863 22.313233055638356
563.2708333333334 24.094286070881367 22.312415478281018
563.7708333333334 24.0945337132891 22.311598590028552
564.2708333333334 24.094794649289927 22.310781425577886
564.7708333333334 24.095030940127515 22.30997674543813
565.2708333333334 24.095304862902843 22.309163904057193
565.7708333333334 24.095570618798043 22.308363896061355
566.2708333333334 24.095835429173352 22.307562085444154
566.7708333333334 24.096109360201776 22.306759256672922
567.2708333333334 24.09640211436067 22.30596670168424
567.7708333333334 24.096682219027304 22.305178780132525
568.2708333333334 24.09694784942014 22.30438678715037
568.7708333333334 24.097246464597593 22.303606309644813
569.2708333333334 24.097538065238922 22.302825890504714
569.7708333333334 24.097844515823716 22.302043344345833
570.2708333333334 24.098137514072846 22.30127466146412
570.7708333333334 24.09844418357851 22.30050000544161
571.2708333333334 24.098748262803102 22.299738137701752
571.7708333333334 24.099070855889426 22.298972523873076
572.2708333333334 24.099366404253864 22.29821084994353
572.7708333333334 24.099685002211622 22.29745200554618
573.2708333333334 24.100003944870465 22.296700503885035
573.7708333333334 24.10032609687466 22.2959471229772
574.2708333333334 24.100659528943265 22.295197088640503
574.7708333333334 24.100980064427944 22.29445862121349
575.2708333333334 24.101298339356173 22.293717981479553
575.7708333333334 24.101632710717823 22.292981867888155
576.2708333333334 24.10197589890047 22.29224741469878
576.7708333333334 24.102307052197727 22.291516452456786
577.2708333333334 24.10263197269057 22.290788173378484
577.7708333333334 24.10296566334683 22.290067158484806
578.2708333333334 24.10330783845984 22.28934567058872
578.7708333333334 24.10364997817904 22.28863154563708
579.2708333333334 24.10399831604424 22.287921449433966
579.7708333333334 24.104337104621226 22.287203957679594
580.2708333333334 24.104693268474136 22.286507329993857
580.7708333333334 24.105041757052263 22.285798687085112
581.2708333333334 24.105410783456204 22.2851005559463
581.7708333333334 24.10573863492832 22.284397258301183
582.2708333333334 24.10609761119101 22.28370504738949
582.7708333333334 24.106454490258304 22.28301390338553
583.2708333333334 24.106826845452204 22.282315802420214
583.7708333333334 24.107193277781384 22.281635101853638
584.2708333333334 24.107566038718918 22.280947751350524
584.7708333333334 24.10794196052339 22.280269604873872
585.2708333333334 24.10832939457339 22.279596054504193
585.7708333333334 24.108705491213342 22.278924030251677
586.2708333333334 24.1090993785556 22.278249141168132
586.7708333333334 24.109499903969336 22.277582560083715
587.2708333333334 24.109887994792093 22.276916076564774
587.7708333333334 24.11029696494493 22.276256436250907
588.2708333333334 24.11069298923912 22.2755975056264
588.7708333333334 24.111094678787065 22.274932793809548
589.2708333333334 24.111517316728857 22.274283682653277
589.7708333333334 24.11192912412307 22.273631694643502
590.2708333333334 24.112364604586155 22.272979335679008
590.7708333333334 24.11277190856016 22.27233623032296
591.2708333333334 24.113200855185568 22.271689802888176
591.7708333333334 24.11362470291952 22.27105918838735
592.2708333333334 24.11407070955489 22.270421457831702
592.7708333333334 24.114505867216867 22.269787645895633
593.2708333333334 24.11495783847137 22.269157144308316
593.7708333333334 24.11539578009573 22.268526116211724
594.2708333333334 24.115856644058024 22.267906407191976
594.7708333333334 24.11631447707319 22.267285586003524
595.2708333333334 24.11677645393677 22.266670041789958
595.7708333333334 24.11723751633223 22.266055523398364
596.2708333333334 24.117713176118976 22.26544676575839
596.7708333333334 24.11817763721539 22.264834172129177
597.2708333333334 24.118657803186906 22.26423162155796
597.7708333333334 24.119149964217982 22.263629992916186
598.2708333333334 24.11962882761823 22.26302401815836
598.7708333333334 24.120132298367846 22.262432663307848
599.2708333333334 24.12061925212965 22.261842857895225
599.7708333333334 24.121111100017426 22.26124672613947
600.2708333333334 24.12161955132226 22.260658610155964
600.7708333333334 24.122139320558933 22.260074929489235
601.2708333333334 24.122637992542483 22.259497082931713
601.7708333333334 24.1231659913203 22.258919688849073
602.2708333333334 24.12368115819024 22.258347500167194
602.7708333333334 24.124211055176723 22.257777222673646
603.2708333333334 24.124722274168626 22.25720784245757
603.7708333333334 24.12526254542936 22.25664824260269
604.2708333333334 24.125806063595654 22.25608240772107
604.7708333333334 24.12635113722611 22.25553120429702
605.2708333333334 24.126889355580545 22.254975707909473
605.7708333333334 24.127438463453153 22.25442366583845
606.2708333333334 24.12799467336308 22.253868265841007
606.7708333333334 24.128559634457353 22.253328594895688
607.2708333333334 24.12913754458649 22.25278557541873
607.7708333333334 24.12969313364458 22.25224998449564
608.2708333333334 24.130278988888456 22.251713288308753
608.7708333333334 24.13085694037735 22.251182400665787
609.2708333333334 24.13144012008782 22.250653022682116
609.7708333333334 24.132022020515475 22.250129877818456
610.2708333333334 24.13261521822136 22.249610485695214
610.7708333333334 24.133213793106208 22.24908952399683
