FastTrWP/PhaseSpace/IAs/snIa_0.55_30.00_-0.21_0.10.csv
# %ECSV 0.9
# ---
# datatype:
# - {name: time-rel, datatype: float64}
# - {name: g, datatype: float64}
# - {name: i, datatype: float64}
# schema: astropy-2.0
time-rel g i
[from data line 1670]
1002.3125 25.042692706992355 22.50409437448605
1002.8125 25.044560001580894 22.504726956962603
1003.3125 25.04643291338091 22.505351909733577
1003.8125 25.04831225287278 22.505983787948267
1004.3125 25.05017555915698 22.506613177186196
1004.8125 25.05204249058416 22.507255027157
1005.3125 25.053901340375234 22.507885720059587
1005.8125 25.055802224930787 22.5085110857638
1006.3125 25.057654188077624 22.509141820876827
1006.8125 25.059524027666523 22.50978226679909
1007.3125 25.06138497770689 22.510423020667226
1007.8125 25.063255461729568 22.511057580061113
1008.3125 25.065159616159267 22.51168960132018
1008.8125 25.066993881975684 22.51232643283654
1009.3125 25.068876395665754 22.512968876926163
1009.8125 25.07078704631187 22.513611827444002
1010.3125 25.07263349295957 22.514254730606208
1010.8125 25.074515928477517 22.514888980294295
1011.3125 25.076379924666497 22.51553241250148
1011.8125 25.07826025548357 22.516172442209314
1012.3125 25.08013445476198 22.51681707803028
1012.8125 25.081994071032476 22.51745862121907
1013.3125 25.083874235558937 22.518106020396115
1013.8125 25.085754959596738 22.51875611638627
1014.3125 25.087621026216556 22.519402969623677
1014.8125 25.08950012123739 22.520045803160606
1015.3125 25.091369021878368 22.520695110542608
1015.8125 25.09323695339105 22.521334640151245
1016.3125 25.095115934440354 22.521992329725013
1016.8125 25.097008790618585 22.52263695025594
1017.3125 25.09887677484282 22.523286509821894
1017.8125 25.100766275013665 22.52393893308495
1018.3125 25.10263728064718 22.524584657148424
1018.8125 25.10452046691913 22.525243390537277
1019.3125 25.106415301602016 22.525890587749977
1019.8125 25.1082811219551 22.526545139534505
1020.3125 25.110138852189237 22.52720362506637
1020.8125 25.112040190988978 22.527859944643588
1021.3125 25.11393139877788 22.528514717039627
1021.8125 25.115811414406316 22.529169729374633
1022.3125 25.11769418057723 22.529835399785046
1022.8125 25.119589161505836 22.530482985439626
1023.3125 25.121484033628633 22.531143076226392
1023.8125 25.123374623899608 22.531794685010063
1024.3125 25.12527033439545 22.532464457151566
1024.8125 25.127151982834217 22.533128141926625
1025.3125 25.12904712514881 22.533773483006044
1025.8125 25.130939993533442 22.534440819527365
1026.3125 25.132822655050198 22.535097574735893
1026.8125 25.134742103943065 22.535771936972978
1027.3125 25.13661766906282 22.536425042156996
1027.8125 25.138538098013058 22.537097434825398
1028.3125 25.14042581795504 22.53776416553855
1028.8125 25.14235055493806 22.538429073148997
1029.3125 25.144234917447523 22.53909280682588
1029.8125 25.14611825822813 22.53975407872638
1030.3125 25.14802695507113 22.54042322312522
1030.8125 25.1499579810176 22.541092392697184
1031.3125 25.151852983563682 22.541752620756466
1031.8125 25.153758033315103 22.542427892756166
1032.3125 25.155683365548647 22.54309291843383
1032.8125 25.15760519773898 22.54377101588657
1033.3125 25.159507862283867 22.54443820063579
1033.8125 25.16141891541826 22.545116357848958
1034.3125 25.163354178144736 22.545780046270426
1034.8125 25.165245268429246 22.546457056672182
1035.3125 25.16715376508828 22.54713030181836
1035.8125 25.169080671655223 22.547800655851923
1036.3125 25.171000545638265 22.548477652189128
1036.8125 25.172894757284837 22.549155976598207
1037.3125 25.174807256127334 22.549827413032
1037.8125 25.176740597579954 22.55050419519158
1038.3125 25.178645787162793 22.551190965952994
1038.8125 25.180586338651153 22.5518673826127
1039.3125 25.182502263213422 22.552545322228944
1039.8125 25.184420595512602 22.553223226868766
1040.3125 25.186359127437605 22.55389063316357
1040.8125 25.188263884085984 22.55458033389758
1041.3125 25.19017788372333 22.55526629571451
1041.8125 25.192097093622895 22.555948308976667
1042.3125 25.194016171558623 22.55663195982542
1042.8125 25.195957179559407 22.557314200892904
1043.3125 25.19786112298805 22.55800805598468
1043.8125 25.199813813398308 22.558684448657566
1044.3125 25.20172964959113 22.55936924514542
1044.8125 25.203670432655834 22.5600621313921
1045.3125 25.205606864051052 22.560751613507783
1045.8125 25.207511079124473 22.561434727123274
1046.3125 25.20947033550531 22.562129143314035
1046.8125 25.211383840016918 22.562817276727863
1047.3125 25.213308656825095 22.56350239632864
1047.8125 25.215235441891714 22.564198902524094
1048.3125 25.21717516417802 22.564889934354618
1048.8125 25.219097060169865 22.565579549483612
1049.3125 25.221056467692136 22.566277990918437
1049.8125 25.22296674673409 22.56696636305605
1050.3125 25.224895865799365 22.567663909387324
1050.8125 25.22685601069744 22.56835732635594
1051.3125 25.228808974349633 22.569054852627307
1051.8125 25.230701153913607 22.569751206461653
1052.3125 25.232667644145025 22.570455816833046
1052.8125 25.234581070104714 22.57115321327092
1053.3125 25.236534365561113 22.57184833318327
1053.8125 25.238466606020808 22.57255536745362
1054.3125 25.240402564133365 22.573253992999717
1054.8125 25.2423494355733 22.573952367986966
1055.3125 25.244299087405246 22.574662231946693
1055.8125 25.246235662676824 22.575367477240476
1056.3125 25.248197840870667 22.576070218807942
1056.8125 25.250144194392952 22.576777921415946
1057.3125 25.25210051107186 22.57747963303043
1057.8125 25.254056161802936 22.578192053818004
1058.3125 25.255985275483454 22.578894899001426
1058.8125 25.257940923675548 22.579596880878285
1059.3125 25.259923753866698 22.580316694753947
1059.8125 25.26182945043089 22.581027407993016
1060.3125 25.26381460870828 22.581732784876248
1060.8125 25.26576767672726 22.582455297038248
1061.3125 25.26771685269576 22.583163314367532
1061.8125 25.26967085890275 22.583876915884744
1062.3125 25.27162470771283 22.584592583634937
1062.8125 25.273614589472455 22.58531933489465
1063.3125 25.275576339478235 22.586021342893385
1063.8125 25.277512983388398 22.58673881087685
1064.3125 25.27948150967505 22.58746497247412
1064.8125 25.281442187330775 22.588176771165294
1065.3125 25.283392813911405 22.588906049233408
1065.8125 25.285362420385184 22.58962252991385
1066.3125 25.287332170453766 22.590343171385847
1066.8125 25.289294689517217 22.59106838216883
1067.3125 25.291282537901175 22.591794341462283
1067.8125 25.293257583591107 22.592521456632177
1068.3125 25.295236089174608 22.59325080282425
1068.8125 25.29717548224042 22.59397187722062
1069.3125 25.2991556895252 22.59469978752999
1069.8125 25.30115381843043 22.595434267271877
1070.3125 25.303111508181818 22.596155592459624
1070.8125 25.305104440924637 22.596891444390394
1071.3125 25.307092890144247 22.597609464724016
1071.8125 25.309039502052354 22.598340439981534
1072.3125 25.31103250255994 22.5990820770727
1072.8125 25.313002365689265 22.599816594533088
1073.3125 25.31496797680517 22.600550294033596
1073.8125 25.317002017599826 22.601293197667495
1074.3125 25.318977843793135 22.602011870131705
1074.8125 25.320950079446973 22.602755580501068
1075.3125 25.322917534394414 22.603487766486552
1075.8125 25.32492948179851 22.604236200968636
1076.3125 25.326887797619516 22.604973553778954
1076.8125 25.328871248130646 22.60571368023054
1077.3125 25.33087708215518 22.606445356222714
1077.8125 25.332824653967457 22.607197311896826
1078.3125 25.33483602236044 22.607931372575017
1078.8125 25.336813950350518 22.608676256089517
1079.3125 25.338800636905873 22.609422151332858
1079.8125 25.340830779509545 22.610164879865486
1080.3125 25.342787171294056 22.61091450633113
1080.8125 25.344791669395896 22.61165676816252
1081.3125 25.346791310234025 22.612410642468742
1081.8125 25.348771583778422 22.6131621328258
1082.3125 25.350783653346923 22.613906345754916
1082.8125 25.352752442381323 22.614655149639134
1083.3125 25.354759422991133 22.615413922883704
1083.8125 25.35676942690745 22.616159701198765
1084.3125 25.3587642327949 22.616921039912373
1084.8125 25.360757206390797 22.617684438044282
1085.3125 25.362779419632435 22.61842386470921
1085.8125 25.36476281769703 22.61918261033298
1086.3125 25.366764461088458 22.61993503516555
1086.8125 25.368768283488322 22.62069502712363
1087.3125 25.37078879491421 22.621451559736304
1087.8125 25.372782866287128 22.622217574601176
1088.3125 25.374807469952728 22.622976198411436
1088.8125 25.376814351337163 22.623746093392107
1089.3125 25.37880440323759 22.62450027245226
1089.8125 25.38081901879704 22.625267044338155
1090.3125 25.3828264676949 22.62602790609696
1090.8125 25.38485542391973 22.62679563377233
1091.3125 25.38686881845422 22.62756715499107
1091.8125 25.388880062352012 22.628330985254248
1092.3125 25.390869246947297 22.629100640081536
1092.8125 25.392929015862904 22.629871599464032
1093.3125 25.394936055516716 22.630637326341873
1093.8125 25.396920459997567 22.63141224598531
1094.3125 25.398984518194805 22.63219193500399
1094.8125 25.40099734147464 22.63295764358622
1095.3125 25.40302387658182 22.63373302633012
1095.8125 25.40502119346486 22.63451568345647
1096.3125 25.40705285575674 22.63529472428505
1096.8125 25.409088779566705 22.636069404486374
1097.3125 25.411102654867843 22.636843365976603
1097.8125 25.413147012940623 22.6376257350339
1098.3125 25.41515884537262 22.638411925211187
1098.8125 25.41719976046256 22.639191077311786
1099.3125 25.419245874572876 22.639972699910512
1099.8125 25.42126670944702 22.640764889851
1100.3125 25.423275312284233 22.641543556379993
1100.8125 25.425332133323188 22.64232867681364
1101.3125 25.427362085584097 22.64311581456017
1101.8125 25.429402752814596 22.643911037142924
1102.3125 25.431438699591496 22.64470609496806
1102.8125 25.433489199587292 22.64549719287654
1103.3125 25.43552244186666 22.646284506271485
1103.8125 25.437568510343525 22.647073783769823
1104.3125 25.439621370409412 22.647878910965375
1104.8125 25.441656598237586 22.648664697819967
1105.3125 25.443718979859998 22.649471165109304
1105.8125 25.445758865625628 22.65026252643816
1106.3125 25.447809821681812 22.651065997652694
1106.8125 25.449833352184896 22.651868734413352
1107.3125 25.451898200007314 22.65266800437626
1107.8125 25.453961313587445 22.65347621931291
1108.3125 25.455990571058532 22.65428091066187
1108.8125 25.458070143586752 22.65507517543661
1109.3125 25.46013787607494 22.65588795089332
1109.8125 25.462188968859152 22.656691320743327
1110.3125 25.464245509536084 22.657503930915954
1110.8125 25.46629039748629 22.658308473260483
1111.3125 25.46839650818335 22.65912005023191
1111.8125 25.470427890011436 22.659930867309303
1112.3125 25.472469187357202 22.660750084014655
1112.8125 25.474558001182302 22.661564875492
1113.3125 25.476613288216072 22.662376408213163
1113.8125 25.478673001108238 22.663196138195577
1114.3125 25.480733430920676 22.66401354015596
1114.8125 25.48280948254464 22.664835228083792
1115.3125 25.48485634288936 22.66564507240166
1115.8125 25.48695230418999 22.666466575700195
1116.3125 25.489011289921237 22.667300065783166
1116.8125 25.491085407070095 22.66811240623841
1117.3125 25.493174879471304 22.668933135837555
1117.8125 25.495232724639205 22.66976252149391
1118.3125 25.49731929136129 22.670588511329615
1118.8125 25.499377828863405 22.671424700807933
1119.3125 25.5014660073613 22.67224787158696
1119.8125 25.503550603488776 22.67307632191067
1120.3125 25.50563331219571 22.673911545389362
1120.8125 25.507691176294664 22.67474304498616
1121.3125 25.50979666034703 22.6755649080031
1121.8125 25.51187935937826 22.67640867741457
1122.3125 25.513971299769768 22.677239495938526
1122.8125 25.51604440865472 22.67808173364015
1123.3125 25.51810631351718 22.67891936835836
1123.8125 25.52021260991372 22.679758499444155
1124.3125 25.522286104180047 22.680600724902476
1124.8125 25.524390741756168 22.68143638207627
1125.3125 25.52647167538874 22.68227567271209
1125.8125 25.52857765084886 22.683124526658634
1126.3125 25.53067410792265 22.683965985213558
1126.8125 25.532768114880003 22.684812137106224
1127.3125 25.534846270861088 22.685665871988483
1127.8125 25.536937255977726 22.686511545704953
1128.3125 25.539037886224495 22.687365355141388
1128.8125 25.541136580658854 22.688209705274993
1129.3125 25.54323830032135 22.68906127940124
1129.8125 25.545343851242983 22.68991339195538
1130.3125 25.547413408433187 22.690770720960145
1130.8125 25.549532227698858 22.691623433215394
1131.3125 25.551666369540335 22.692483216906176
1131.8125 25.553746820502248 22.693336489470592
1132.3125 25.5558500131973 22.694197140966537
1132.8125 25.557946807965667 22.69505737499366
1133.3125 25.56003496006113 22.695925374242577
1133.8125 25.5621756030853 22.69677277587099
1134.3125 25.564276966995646 22.697647853103025
1134.8125 25.566380860766238 22.69850541190694
1135.3125 25.568506580768858 22.69936662074853
1135.8125 25.57059405686821 22.70023410235488
1136.3125 25.572723150113443 22.701100563609767
1136.8125 25.5747991900896 22.70197864684825
1137.3125 25.576955497796355 22.70284592060645
1137.8125 25.57906116980321 22.70372419627506
1138.3125 25.581164754446448 22.70458463984393
1138.8125 25.58329550184923 22.705460223202657
1139.3125 25.58541545461412 22.70633780013199
1139.8125 25.587523860721667 22.70720949442298
1140.3125 25.589652499343472 22.708088709617943
1140.8125 25.59176476835622 22.708969039021607
1141.3125 25.593897077697903 22.709845015907444
1141.8125 25.596003733092886 22.71073071893632
1142.3125 25.59813166999703 22.7116037036896
1142.8125 25.600273225778967 22.712492738612106
1143.3125 25.602390387611734 22.713372628451513
1143.8125 25.60452089871202 22.714256563684188
1144.3125 25.606650310224758 22.71515357503428
1144.8125 25.608793714419114 22.71603861600915
1145.3125 25.610916953300077 22.716924345062615
1145.8125 25.613056690374055 22.717824885675096
1146.3125 25.615207552463268 22.718720256295228
1146.8125 25.61730998905024 22.719622419488225
1147.3125 25.619477717190982 22.720517613154332
1147.8125 25.62161823360061 22.721421186475727
1148.3125 25.6237463012654 22.722323204454913
1148.8125 25.625907860987944 22.723225595823667
1149.3125 25.628081313143166 22.72413137706627
1149.8125 25.63022902706021 22.7250399264727
1150.3125 25.632354333833423 22.725953633533727
1150.8125 25.634493222601904 22.726865045551182
1151.3125 25.636657822766292 22.727780453479415
1151.8125 25.638795652311966 22.728698840330335
1152.3125 25.64098276548393 22.729609539784335
1152.8125 25.643133363074654 22.730536963743727
1153.3125 25.64530939852554 22.731451100155383
1153.8125 25.647452698530707 22.732377202845534
1154.3125 25.649619942323646 22.73329553827689
1154.8125 25.651788656409252 22.734212501085995
1155.3125 25.65393572663599 22.735145187285973
1155.8125 25.656139736593996 22.736069742103982
1156.3125 25.65825160472984 22.736992401708235
1156.8125 25.66046030825165 22.737918211555638
1157.3125 25.662585670361835 22.738859045610837
1157.8125 25.66477560011481 22.739783495309787
1158.3125 25.666962937990846 22.740720150125536
1158.8125 25.669096315573473 22.741648109213823
1159.3125 25.67130864050579 22.742589711391474
1159.8125 25.673468025796137 22.743528050868807
1160.3125 25.675628791917283 22.74445525433018
1160.8125 25.677782474575793 22.745398131115806
1161.3125 25.680004380989452 22.746334845473214
1161.8125 25.682171910303918 22.747273380425767
1162.3125 25.68433456727288 22.74821489775674
1162.8125 25.686514241345762 22.749161331106663
1163.3125 25.68866619312919 22.750097538744424
1163.8125 25.69082839983284 22.751040502005353
1164.3125 25.692971237079476 22.75198794449458
1164.8125 25.69517663462895 22.75292188133784
1165.3125 25.697338248461897 22.7538690522939
1165.8125 25.699514304718946 22.75480921211903
1166.3125 25.701721463442617 22.755771022018564
1166.8125 25.703859850620493 22.756706920584186
1167.3125 25.706011940335955 22.757657017460016
1167.8125 25.708251177951897 22.758596340369404
1168.3125 25.71038973465576 22.759546105982345
1168.8125 25.712567743412556 22.76049378311678
1169.3125 25.71473205881933 22.761443471761975
1169.8125 25.71690327076184 22.762385963064737
1170.3125 25.719068002804658 22.76333858811008
1170.8125 25.721247589046527 22.764290042813997
