FastTrWP/PhaseSpace/IAs/snIa_0.44_30.00_0.35_-0.04.csv
# %ECSV 0.9
# ---
# datatype:
# - {name: time-rel, datatype: float64}
# - {name: g, datatype: float64}
# - {name: i, datatype: float64}
# schema: astropy-2.0
time-rel g i
[from data line 2048]
1197.875 24.834285719744784 23.02213803396773
1198.375 24.836351609132045 23.023061906242983
1198.875 24.838384716480594 23.023979319844248
1199.375 24.840444545352746 23.024895993074036
1199.875 24.842482030419983 23.025814509758607
1200.375 24.84452823127657 23.026731966274916
1200.875 24.846584724432205 23.027650998583127
1201.375 24.848625077356886 23.028566799061203
1201.875 24.850671077527995 23.0294832116058
1202.375 24.85271505223048 23.030398678270082
1202.875 24.854734833392037 23.031305347615913
1203.375 24.856804036737167 23.03221942862387
1203.875 24.858822931358326 23.03312195303962
1204.375 24.860886483535005 23.03403481460937
1204.875 24.86290928460768 23.034942447792417
1205.375 24.86492930246515 23.035845222245925
1205.875 24.867001859673646 23.03674936300461
1206.375 24.86902992633958 23.037655757878003
1206.875 24.871044786276922 23.03856171224201
1207.375 24.873093611793355 23.039458602495905
1207.875 24.875120561225064 23.04035506704677
1208.375 24.87715566352545 23.041260858138717
1208.875 24.87919028642162 23.042151482640875
1209.375 24.881221634471117 23.043048596912058
1209.875 24.88325349392276 23.04394083832517
1210.375 24.88527153713178 23.044831940809654
1210.875 24.88730147696792 23.045717231130617
1211.375 24.889315324672125 23.046608516019678
1211.875 24.891347057716402 23.04750090737403
1212.375 24.89337186789423 23.048387776860018
1212.875 24.895400167180107 23.049272020498456
1213.375 24.897433593289833 23.05014874425605
1213.875 24.899452951860063 23.05105021747083
1214.375 24.901457094643785 23.051930654769464
1214.875 24.903494555117412 23.052805358282384
1215.375 24.90551088141974 23.05368514445491
1215.875 24.90752844579976 23.05455737516896
1216.375 24.909552371979906 23.05545017730328
1216.875 24.911566582351732 23.05631827053169
1217.375 24.913578515621083 23.057194881367764
1217.875 24.915619311385324 23.058072813314773
1218.375 24.917640074507 23.058946896831564
1218.875 24.91963870747263 23.05981619581596
1219.375 24.92165832435591 23.060689780616354
1219.875 24.923665282554822 23.061558932960992
1220.375 24.925702090737435 23.062418026169397
1220.875 24.927695836825613 23.06328898034618
1221.375 24.92970566631824 23.064150202447475
1221.875 24.93173660528175 23.065021266991423
1222.375 24.933757675896715 23.065880119417365
1222.875 24.935746915377457 23.066749795114085
1223.375 24.937758581706394 23.067604254574032
1223.875 24.939760009006285 23.06845825288947
1224.375 24.941781845673667 23.069323838342648
1224.875 24.943789253070637 23.070178096282348
1225.375 24.945791078340328 23.071036752417964
1225.875 24.947795069340355 23.071882943988488
1226.375 24.949775902788225 23.072732043570923
1226.875 24.951794128465693 23.073585943517344
1227.375 24.953796040970243 23.07443461650898
1227.875 24.955780192482315 23.075283080077753
1228.375 24.957799728938394 23.07612592671834
1228.875 24.959775276918755 23.076967149255868
1229.375 24.96175601830211 23.07782245470179
1229.875 24.963749031188573 23.078655973160394
1230.375 24.965740900710802 23.079494375052118
1230.875 24.967742524851808 23.08032440115405
1231.375 24.96971658170682 23.08117283480268
1231.875 24.971711538117223 23.082006565793527
1232.375 24.973699240317934 23.08284348492527
1232.875 24.975678830127784 23.083673370687503
1233.375 24.977655235083663 23.084505624799206
1233.875 24.97963845364525 23.085327326675248
1234.375 24.981604474289696 23.086162839937664
1234.875 24.983577392270078 23.08699621953835
1235.375 24.985554242768746 23.087798420320876
1235.875 24.987540591607097 23.08863075848683
1236.375 24.989484794555473 23.08945637655018
1236.875 24.991436726535156 23.09026686427238
1237.375 24.99342156734844 23.091082555384716
1237.875 24.995380576451176 23.091903309358234
1238.375 24.997342983266524 23.092722081890457
1238.875 24.999320657053165 23.09352942703956
1239.375 25.001243442708425 23.094340439221682
1239.875 25.00321175996993 23.095143441592377
1240.375 25.00515869227089 23.0959609800869
1240.875 25.007103623999676 23.096759313104634
1241.375 25.009036624141622 23.097556521669553
1241.875 25.01098303553806 23.098359719486478
1242.375 25.012936601138435 23.09916855066415
1242.875 25.01486607463672 23.09996240514884
1243.375 25.01680039928597 23.100756611770347
1243.875 25.01872962734046 23.1015511999064
1244.375 25.020663676483217 23.102350003542448
1244.875 25.02261532704804 23.103124937179548
1245.375 25.024533542216577 23.10391984020473
1245.875 25.02646148161371 23.104703539649073
1246.375 25.028359808557138 23.105488029644086
1246.875 25.030278812640972 23.106268856178815
1247.375 25.032180813089866 23.107055062204683
1247.875 25.034096208626263 23.107823544310513
1248.375 25.035971479771145 23.108602754051088
1248.875 25.03788493707139 23.109376079464244
1249.375 25.039780167524714 23.110142970477018
1249.875 25.04164883994605 23.110903055868718
1250.375 25.043541391829635 23.111651131328458
1250.875 25.045434825967806 23.11242386765207
1251.375 25.047296867410655 23.113174771376464
1251.875 25.049173892115448 23.11392965550005
1252.375 25.051044816642076 23.11467932342701
1252.875 25.052914683737836 23.115442991802766
1253.375 25.05475499533455 23.116185578731667
1253.875 25.056591818928595 23.116928694743464
1254.375 25.058455408120764 23.117664604804457
1254.875 25.06029706738474 23.118415436392414
1255.375 25.062156147324657 23.11915351776808
1255.875 25.06399146482735 23.11989472341348
1256.375 25.065845280109716 23.1206224730172
1256.875 25.067675397103972 23.121360303954518
1257.375 25.069513557980375 23.12208456552614
1257.875 25.071348069832982 23.12281070859257
1258.375 25.07315769232993 23.12354166529484
1258.875 25.075003931387002 23.124270526891145
1259.375 25.076816038162 23.124993005877478
1259.875 25.07863624614691 23.125717476466583
1260.375 25.080444095367625 23.126437732377894
1260.875 25.08227272529496 23.12715136460609
1261.375 25.08406524812151 23.127865080121538
1261.875 25.08589073077922 23.128594592436677
1262.375 25.087706506512134 23.12929180523474
1262.875 25.089500557192743 23.130013320632813
1263.375 25.091302162026498 23.130733926261055
1263.875 25.093104618507294 23.131440427476203
1264.375 25.09492134534176 23.132146146851596
1264.875 25.096701447133928 23.13286119706325
1265.375 25.098508037439323 23.133557245955075
1265.875 25.100298366432604 23.13425920364893
1266.375 25.10210066301214 23.13497329459259
1266.875 25.10387044714349 23.135679953937107
1267.375 25.105689966315964 23.136379442918702
1267.875 25.107488374802035 23.137073799253905
1268.375 25.10924147804447 23.13778527167311
1268.875 25.111041946621103 23.138480922552414
1269.375 25.112834795862348 23.139182393453392
1269.875 25.114615221803295 23.139879612664224
1270.375 25.11643892431682 23.140576059593222
1270.875 25.11820848147511 23.141276076636217
1271.375 25.119992029254878 23.14197042545793
1271.875 25.1217812299334 23.142665031943743
1272.375 25.123561150044754 23.1433596465406
1272.875 25.125382490706677 23.144058572419205
1273.375 25.127161750986534 23.144761483329432
1273.875 25.128936395401567 23.14545328779271
1274.375 25.13072731511408 23.14614277931199
1274.875 25.132535081186262 23.146838399011003
1275.375 25.134328147082186 23.147532360288707
1275.875 25.136120419226376 23.148228762075206
1276.375 25.137901230118466 23.148927714221095
1276.875 25.139702543341546 23.149622228691868
1277.375 25.141481328491007 23.15031469655441
1277.875 25.143308175465386 23.15100880636319
1278.375 25.145105171128872 23.15170446414569
1278.875 25.146885575516258 23.15240593833767
1279.375 25.14869338991733 23.153103326536183
1279.875 25.150481387649343 23.153793355289448
1280.375 25.152308965668624 23.1544912291275
1280.875 25.154097298005453 23.15518281992034
1281.375 25.155933030540996 23.155876954053912
1281.875 25.157711745849028 23.1565762251954
1282.375 25.159530617260437 23.157266697189197
1282.875 25.16130930621104 23.157959951968422
1283.375 25.16309961870272 23.15865179822932
1283.875 25.164904216858567 23.15933713701922
1284.375 25.16669246286658 23.16002675609123
1284.875 25.168494479545984 23.160705372024463
1285.375 25.17028114199489 23.161391808085558
1285.875 25.172062734188213 23.162077727571603
1286.375 25.173846632262492 23.162760558863205
1286.875 25.17562747109502 23.163443800299596
1287.375 25.17741019717452 23.164121020955506
1287.875 25.179191612481418 23.16481030109715
1288.375 25.18096889359342 23.165472438871664
1288.875 25.18272091776793 23.166154397527094
1289.375 25.184535661880787 23.166829337949192
1289.875 25.18629417771944 23.167513050338684
1290.375 25.188069878519737 23.1681764333165
1290.875 25.189814759414517 23.168850879449842
1291.375 25.191581981980097 23.16952074895282
1291.875 25.19338282317126 23.170190092590204
1292.375 25.19513806344392 23.170861779771226
1292.875 25.196912108451915 23.171537602547822
1293.375 25.19869608169828 23.17220389625454
1293.875 25.20045684630388 23.172875548368385
1294.375 25.202220733040825 23.173540992795246
1294.875 25.203983370376804 23.17421048771461
1295.375 25.20574863526424 23.1748780805634
1295.875 25.207533163489817 23.17553644472467
1296.375 25.20926913054587 23.176204559316048
1296.875 25.211032952096353 23.1768664668052
1297.375 25.212826454934337 23.17753351867863
1297.875 25.214557426067774 23.17819872902915
1298.375 25.216341419327307 23.178866229634117
1298.875 25.218078176535393 23.17952335188007
1299.375 25.219863504866524 23.180189605906307
1299.875 25.22162378435061 23.18084367088681
1300.375 25.223400490524078 23.181519653936515
1300.875 25.225162170445643 23.18216871052982
1301.375 25.22690308066684 23.182835882440678
1301.875 25.22867923430923 23.183496493882064
1302.375 25.2304639960834 23.184159318937777
1302.875 25.23222439526768 23.18482945826013
1303.375 25.234000238027473 23.185482615703457
1303.875 25.235743837267357 23.186160794735578
1304.375 25.237497087837006 23.186799389245945
1304.875 25.23929612348551 23.187471930147893
1305.375 25.24106078020894 23.188139330312918
1305.875 25.242817582589762 23.18878429927743
1306.375 25.244613193100378 23.189457437459197
1306.875 25.246383436500498 23.19011632462344
1307.375 25.248169076485595 23.190785764837933
1307.875 25.24992399732186 23.1914428163538
1308.375 25.251719008894042 23.192106134536946
1308.875 25.25350638384507 23.19277727269165
1309.375 25.255278084579366 23.193439208374368
1309.875 25.257063166608095 23.19409377858369
1310.375 25.25885387368882 23.194761870507705
1310.875 25.260646060553086 23.195433572081022
1311.375 25.262420026368385 23.196102428824815
1311.875 25.264230143909693 23.196763930953615
1312.375 25.26602291904841 23.19742815807196
1312.875 25.267834010558722 23.198095945631266
1313.375 25.26959301554705 23.198774153985113
1313.875 25.271439990769476 23.19943872649241
1314.375 25.273249495490504 23.200101982854303
1314.875 25.275042541330336 23.2007760298197
1315.375 25.276839485604864 23.201452057559926
1315.875 25.278656264221624 23.20212540563191
1316.375 25.280503641661205 23.202796951579742
1316.875 25.282300506091325 23.203466370661367
1317.375 25.2841117606009 23.204141394510962
1317.875 25.285933348364956 23.204811184459277
1318.375 25.28774981120097 23.20548329495545
1318.875 25.28958879077277 23.206161507188806
1319.375 25.29140262177492 23.206838674219608
1319.875 25.293209710078315 23.20750047852328
1320.375 25.294994348674994 23.208171500676098
1320.875 25.2968683334058 23.208852096080538
1321.375 25.298669831090162 23.20951737901892
1321.875 25.30053877127346 23.210195946869288
1322.375 25.30236065095165 23.210863506462545
1322.875 25.304157282535723 23.211543033092248
1323.375 25.30598934167233 23.21221509144027
1323.875 25.30784786317396 23.21288880711638
1324.375 25.30967708509054 23.213564274266467
1324.875 25.311496815219783 23.214233875448144
1325.375 25.31332665080263 23.214912169058653
1325.875 25.315200033467057 23.215582153095543
1326.375 25.317017916126808 23.216254045901927
1326.875 25.318859009200327 23.216940002487018
1327.375 25.320695714579312 23.217609441410872
1327.875 25.322513206127475 23.218292194654193
1328.375 25.324359169380777 23.21895204532822
1328.875 25.326211649822582 23.21962781253371
1329.375 25.328063932626375 23.2202985697514
1329.875 25.3299059114946 23.220968624941403
1330.375 25.33173834088478 23.221645734665024
1330.875 25.333579543155086 23.22231965302967
1331.375 25.335423129628456 23.222992278657657
1331.875 25.337248141729237 23.223669126766296
1332.375 25.33912001988942 23.22433931405696
1332.875 25.340969542243993 23.22501388742814
1333.375 25.342813346627967 23.225688710490402
1333.875 25.344664787043634 23.226357990038657
1334.375 25.346504106657214 23.22703965349161
1334.875 25.348376466798733 23.227701870884143
1335.375 25.350228942976095 23.228378692324114
1335.875 25.35207174919952 23.229057683947563
1336.375 25.353916045818284 23.229728557141016
1336.875 25.35577944470393 23.23040677739727
1337.375 25.357630694870416 23.231067894399615
1337.875 25.359460131994467 23.231743103595804
1338.375 25.361332351691978 23.232424874777692
1338.875 25.363182452518704 23.23309539500667
1339.375 25.365036055187836 23.233765009334185
1339.875 25.36690031778017 23.234428719298098
1340.375 25.368771307816196 23.23509212438352
1340.875 25.370617297677068 23.23577647609931
1341.375 25.37248674939869 23.23645156796472
1341.875 25.374298200717273 23.237115624190988
1342.375 25.376175163885748 23.23779669050957
1342.875 25.37805225557587 23.23846038356411
1343.375 25.379865470104306 23.239123009012847
1343.875 25.381735648551228 23.239805345991176
1344.375 25.38362677878037 23.240478142652897
1344.875 25.385469994466966 23.24114814947391
1345.375 25.387312091196904 23.24181015686953
1345.875 25.389175734788054 23.242489100174055
1346.375 25.391043209745256 23.243159129874947
1346.875 25.392929047521978 23.243826856523825
1347.375 25.394730960478288 23.24449799563982
1347.875 25.396625399529505 23.24515976786625
1348.375 25.398485115791942 23.245838331554168
1348.875 25.400337488343723 23.24650330832183
1349.375 25.402198955382374 23.247159360747496
1349.875 25.404062631626502 23.24783310058766
1350.375 25.405890816738903 23.248508662095727
1350.875 25.407783423352438 23.24916183374573
1351.375 25.40963576026215 23.249841448112853
1351.875 25.41150704194949 23.25050435550537
1352.375 25.41333263581428 23.251169578411872
1352.875 25.415210571070507 23.25184641046388
1353.375 25.417091791194373 23.25250919134818
1353.875 25.41897231004233 23.25317535518458
1354.375 25.420820856506168 23.25384903051915
1354.875 25.42268622329832 23.254508323211844
1355.375 25.424550827354523 23.255184659183964
1355.875 25.42642047121373 23.25584573877952
1356.375 25.42829899972391 23.256510645105358
1356.875 25.430154387942522 23.257191215021326
1357.375 25.432043662284862 23.257850803044228
1357.875 25.43389208236805 23.258513972852455
1358.375 25.435757175412427 23.259180499749874
1358.875 25.43764733854318 23.259851851110685
1359.375 25.43952528893412 23.260513729106588
1359.875 25.441368379305302 23.261174499571986
1360.375 25.44324359061557 23.261851830250123
1360.875 25.445120657036796 23.26252214511344
1361.375 25.446996809252976 23.263167809648234
1361.875 25.448850386343192 23.263851127149458
1362.375 25.450712591772557 23.264504886389766
1362.875 25.452601256803288 23.26517582479617
1363.375 25.454491084871638 23.265855036569505
1363.875 25.456358305729015 23.26650370286395
1364.375 25.458224687539285 23.267170702318623
1364.875 25.460085017010037 23.267840689043965
1365.375 25.461978757516484 23.268499906907447
1365.875 25.46384733306956 23.269165683638327
1366.375 25.465743597795733 23.269834683170533
1366.875 25.46757771223522 23.270496381400246
1367.375 25.469486197278627 23.271158509790844
1367.875 25.47132785864835 23.27182405491056
1368.375 25.473185526897367 23.272490777156246
1368.875 25.475106773392678 23.273149025877984
1369.375 25.476969243571325 23.273807578262982
1369.875 25.478848069540202 23.274472401058446
