FastTrWP/PhaseSpace/IAs/snIa_0.51_30.00_0.49_0.03.csv
# %ECSV 0.9
# ---
# datatype:
# - {name: time-rel, datatype: float64}
# - {name: g, datatype: float64}
# - {name: i, datatype: float64}
# schema: astropy-2.0
time-rel g i
[from data line 1154]
724.7083333333334 23.559740296276317 22.35909349006732
725.2083333333334 23.560942758515644 22.35910115987265
725.7083333333334 23.562161844439213 22.359099089017054
726.2083333333334 23.563373047608536 22.359106360896245
726.7083333333334 23.564600157618408 22.359116572589116
727.2083333333334 23.565797465350165 22.359123074241595
727.7083333333334 23.56702573406315 22.359133396510522
728.2083333333334 23.56823501696812 22.359146960898954
728.7083333333334 23.569450616807785 22.359157441346575
729.2083333333334 23.57067458571748 22.359180091896885
729.7083333333334 23.571893881999614 22.359191854640667
730.2083333333334 23.573112997422207 22.359216912901555
730.7083333333334 23.57434452738549 22.35923382235763
731.2083333333334 23.57556626617502 22.35926324060106
731.7083333333334 23.576789494174342 22.35928296281958
732.2083333333334 23.578007601755182 22.359314782464562
732.7083333333334 23.579229274756997 22.359338092578113
733.2083333333334 23.580467053404654 22.359373441740175
733.7083333333334 23.581685367131165 22.359409224651703
734.2083333333334 23.582911538105424 22.359441611628373
734.7083333333334 23.584154219053644 22.35946758980029
735.2083333333334 23.585381139489577 22.359513157330543
735.7083333333334 23.586619364918594 22.359544945721378
736.2083333333334 23.58787225747504 22.35959533764438
736.7083333333334 23.589103900235347 22.35963273782161
737.2083333333334 23.59034012333149 22.359675508357885
737.7083333333334 23.591595605594705 22.3597288229807
738.2083333333334 23.592844560018143 22.359773355329935
738.7083333333334 23.594095041946694 22.35981689610874
739.2083333333334 23.595352551626952 22.359862023017975
739.7083333333334 23.596608038480532 22.359928504750748
740.2083333333334 23.597853658431237 22.35998158816439
740.7083333333334 23.599108683397738 22.36003621336867
741.2083333333334 23.600370877035253 22.360098605216972
741.7083333333334 23.601629548171328 22.36015177470451
742.2083333333334 23.602899347373945 22.360215539306424
742.7083333333334 23.604170543807403 22.36028065798984
743.2083333333334 23.605447259010766 22.36034117363214
743.7083333333334 23.60671396000177 22.36041269922804
744.2083333333333 23.60798801433726 22.360485107664747
744.7083333333334 23.609247140527323 22.360555538155
745.2083333333334 23.610537673170448 22.360625758399422
745.7083333333333 23.611805775725813 22.360698043761865
746.2083333333334 23.613087754410117 22.36078092472743
746.7083333333334 23.614387725510095 22.36085369841812
747.2083333333333 23.615667756728968 22.360936325255707
747.7083333333334 23.616938035310156 22.361005755718306
748.2083333333334 23.618238072300628 22.36109504537747
748.7083333333333 23.61954059576163 22.361185148618794
749.2083333333334 23.620823554345392 22.361269714911273
749.7083333333334 23.622127608880348 22.36135768084324
750.2083333333333 23.623409239234654 22.361447640891466
750.7083333333334 23.624711505010772 22.36153880422893
751.2083333333334 23.626019029599085 22.361629431659193
751.7083333333333 23.627312550785255 22.361722801551437
752.2083333333334 23.628633923337663 22.36181500872434
752.7083333333334 23.629932503404675 22.361915043652232
753.2083333333333 23.631234731277175 22.36201765386901
753.7083333333334 23.632560982263055 22.362117542584276
754.2083333333334 23.633878456089406 22.362220188425148
754.7083333333333 23.635181626529224 22.362329491008005
755.2083333333334 23.63650582020292 22.362431467858684
755.7083333333334 23.637814101430155 22.362538267511223
756.2083333333333 23.639145945937628 22.362645083472508
756.7083333333334 23.64047104190563 22.362750564190748
757.2083333333334 23.641801593497203 22.362869609970446
757.7083333333333 23.64311853264812 22.36298580283497
758.2083333333334 23.644454064732983 22.363098563286176
758.7083333333334 23.64578673382093 22.36322116764115
759.2083333333333 23.647117106271452 22.363339875279912
759.7083333333334 23.648449108652766 22.363455797828117
760.2083333333334 23.64978683247982 22.363582006727786
760.7083333333333 23.651125945556245 22.363703316799032
761.2083333333334 23.652463402832232 22.36382930672384
761.7083333333334 23.653807434132595 22.363959185920027
762.2083333333333 23.655158626474414 22.364085047904325
762.7083333333334 23.656508396472937 22.364213164780757
763.2083333333334 23.65785408991833 22.364348928783716
763.7083333333333 23.65918526344615 22.364480422961964
764.2083333333334 23.660558902541318 22.3646095851418
764.7083333333334 23.661904938223174 22.36475197836971
765.2083333333333 23.663267003865755 22.36489325533176
765.7083333333334 23.66461499282972 22.36502691150431
766.2083333333334 23.665985945141447 22.365166919001783
766.7083333333333 23.66734687773937 22.36531279201042
767.2083333333334 23.66870849979837 22.36545427623775
767.7083333333334 23.670070344188954 22.365598299138178
768.2083333333333 23.67143945249351 22.365745424870983
768.7083333333334 23.672808351960857 22.365904017177385
769.2083333333334 23.67418009147339 22.36605798695804
769.7083333333333 23.67554998287494 22.36620106248152
770.2083333333334 23.676930612858634 22.366347450377702
770.7083333333334 23.678297951613484 22.366513198361645
771.2083333333333 23.679695954300406 22.36667516351721
771.7083333333334 23.68107139090519 22.366829469665248
772.2083333333334 23.68245487840641 22.366991034255648
772.7083333333333 23.683838970458172 22.36715542261632
773.2083333333334 23.68522763569096 22.36731641834657
773.7083333333334 23.68662286637782 22.3674846889387
774.2083333333333 23.688027968454417 22.36765983672163
774.7083333333334 23.689421644757424 22.36782193303361
775.2083333333334 23.690825717886057 22.36798850204151
775.7083333333333 23.692224240695538 22.368162354924852
776.2083333333334 23.69361851016794 22.368346602824833
776.7083333333334 23.695031441787478 22.368521738733005
777.2083333333333 23.6964430250351 22.368704458404704
777.7083333333334 23.697841452521114 22.36888120034323
778.2083333333334 23.69925854369985 22.369061920574925
778.7083333333333 23.700683342096397 22.36924334413296
779.2083333333334 23.702096403158293 22.369431961749378
779.7083333333334 23.70352135108018 22.36962343149694
780.2083333333333 23.704948295249565 22.36980356111055
780.7083333333334 23.706366939683043 22.369998037847875
781.2083333333334 23.707791382531965 22.370195319866536
781.7083333333333 23.709219560455203 22.37038712803631
782.2083333333334 23.710650188810266 22.370581176064107
782.7083333333334 23.71208897948447 22.370778655938125
783.2083333333333 23.713518738405014 22.370973994205784
783.7083333333334 23.714963010652816 22.3711757022474
784.2083333333334 23.71639146692294 22.37137878923051
784.7083333333333 23.717842896067577 22.371581667042673
785.2083333333334 23.719289515133553 22.371789428204035
785.7083333333334 23.72072932748345 22.371993522004132
786.2083333333333 23.7221880685661 22.372201182520616
786.7083333333334 23.723638570698885 22.372411536909564
787.2083333333334 23.725084714302163 22.372625874057782
787.7083333333333 23.7265447749645 22.372838097831618
788.2083333333334 23.72799474569465 22.373057385990762
788.7083333333334 23.72946113553371 22.37326610764866
789.2083333333333 23.730920132387237 22.373490004491607
789.7083333333334 23.732392505973646 22.373709916294324
790.2083333333334 23.73385422943773 22.373926409357164
790.7083333333333 23.735302635816673 22.374150597334225
791.2083333333334 23.73678987766578 22.374373880601222
791.7083333333334 23.738269033536064 22.374598779848732
792.2083333333333 23.739733395018355 22.374824488731875
792.7083333333334 23.74120992303685 22.375056678116543
793.2083333333334 23.742688446265547 22.375285750555854
793.7083333333333 23.744164608906853 22.37551696671283
794.2083333333334 23.745654807935246 22.37575259891859
794.7083333333334 23.74712876975778 22.37598697357936
795.2083333333333 23.74862257890171 22.3762279394646
795.7083333333334 23.750117189961305 22.37645407658178
796.2083333333334 23.751600274512626 22.376701591210143
796.7083333333333 23.753097969347596 22.37693520561294
797.2083333333334 23.754598498056183 22.37717914135294
797.7083333333334 23.75608802955203 22.377416565429975
798.2083333333333 23.757579407187993 22.37766756507408
798.7083333333334 23.75907858277791 22.37791117291989
799.2083333333334 23.760577977493178 22.378159629322035
799.7083333333333 23.762092461710065 22.378407280010503
800.2083333333334 23.763599428084646 22.378663058130634
800.7083333333334 23.76511506234609 22.37891101212506
801.2083333333333 23.76661228187237 22.37916894974552
801.7083333333334 23.768116479034855 22.379417993488588
802.2083333333334 23.769647183133415 22.379675515908882
802.7083333333333 23.771154720513668 22.37993426923404
803.2083333333334 23.772674448009194 22.380194315408332
803.7083333333334 23.77419818392989 22.38045482909061
804.2083333333333 23.77570450593702 22.380714354831063
804.7083333333334 23.77723879538337 22.38097516285731
805.2083333333334 23.77875753282304 22.381238318582312
805.7083333333333 23.780294475258167 22.38150872626408
806.2083333333334 23.78182247541566 22.381774108662007
806.7083333333334 23.783370104161612 22.382049284479493
807.2083333333333 23.784897340057856 22.382311712288367
807.7083333333334 23.786441127966622 22.382592558229973
808.2083333333334 23.787986118833054 22.382870616947827
808.7083333333333 23.78954018915031 22.383143732184628
809.2083333333334 23.791098270531027 22.38342235013926
809.7083333333334 23.792649280741053 22.383701901710168
810.2083333333333 23.794206453123262 22.38399042752624
810.7083333333334 23.795778629642378 22.384270786998876
811.2083333333334 23.797340241555325 22.384560848907732
811.7083333333333 23.798914503513092 22.384846222368665
812.2083333333334 23.800473279540245 22.38514268320561
812.7083333333334 23.802053021969435 22.38543453381356
813.2083333333333 23.803619914155174 22.385723886537768
813.7083333333334 23.805215934806817 22.386017775851403
814.2083333333334 23.80678860182 22.386310742814068
814.7083333333333 23.808388415477836 22.386610126118956
815.2083333333334 23.80997663510129 22.386908025452886
815.7083333333334 23.81155323486491 22.38721285918222
816.2083333333333 23.813144386550125 22.387509901403618
816.7083333333334 23.814755955634123 22.38782114274479
817.2083333333334 23.816337803464634 22.388130130615057
817.7083333333333 23.817946048623266 22.388433253828516
818.2083333333334 23.81955387697603 22.388742822556253
818.7083333333334 23.821146610688785 22.38905412947204
819.2083333333333 23.822753291907127 22.38936842341525
819.7083333333334 23.824379808555882 22.389683681191332
820.2083333333334 23.825983301969536 22.389997341257132
820.7083333333333 23.82760339058457 22.390310845941084
821.2083333333334 23.8292174492381 22.39062904370941
821.7083333333334 23.830843338832963 22.390951665145824
822.2083333333333 23.832451179038536 22.39126802064282
822.7083333333334 23.834064993040034 22.391595988488415
823.2083333333334 23.83569380019598 22.391919092056384
823.7083333333333 23.837311517534445 22.392241946047516
824.2083333333334 23.838934547525493 22.39256471842326
824.7083333333334 23.840572492941035 22.39289235558505
825.2083333333333 23.842194565263387 22.393223923779978
825.7083333333334 23.843828092959136 22.393552439024237
826.2083333333334 23.845467511479317 22.39388372108955
826.7083333333333 23.84709355974458 22.394218394741685
827.2083333333334 23.848731704999917 22.394547606632518
827.7083333333334 23.85036911184756 22.39488565319168
828.2083333333333 23.852010312057132 22.39522236615884
828.7083333333334 23.85364058643921 22.395565212201873
829.2083333333334 23.8552790955311 22.395903977085524
829.7083333333333 23.856909152348443 22.396235813518032
830.2083333333334 23.85855123749345 22.396584944140017
830.7083333333334 23.860185783200475 22.396920865705763
831.2083333333333 23.86184463777176 22.39726410805644
831.7083333333334 23.86347729328815 22.3976096258844
832.2083333333334 23.865123484519604 22.39796131325125
832.7083333333333 23.866754798298004 22.398301841474016
833.2083333333334 23.868402081551547 22.39865081217502
833.7083333333334 23.870055487242734 22.398999621131644
834.2083333333333 23.871680850312327 22.399344308492136
834.7083333333334 23.873336785943863 22.399700314608246
835.2083333333334 23.874975353415962 22.40004946380622
835.7083333333333 23.876623409212222 22.40040401621902
836.2083333333334 23.878266108902327 22.400757085691264
836.7083333333334 23.87989927860518 22.401107594335375
837.2083333333333 23.881562596089335 22.401471633543544
837.7083333333334 23.88319249007369 22.40182248294275
838.2083333333334 23.884843023735932 22.402179672331034
838.7083333333333 23.8864891456328 22.402543430985116
839.2083333333334 23.888123907590213 22.40289824423865
839.7083333333334 23.88976281981168 22.403255274338413
840.2083333333333 23.891402432149214 22.40361759023564
840.7083333333334 23.893051070922986 22.403975270160196
841.2083333333334 23.894683976065565 22.404342756301144
841.7083333333333 23.896320512881097 22.404709585856143
842.2083333333334 23.89797451863082 22.405070628760136
842.7083333333334 23.899627395151207 22.40542889233355
843.2083333333333 23.901243279297706 22.405796971182127
843.7083333333334 23.90290722651118 22.406168320761765
844.2083333333334 23.904554543441257 22.406541897440107
844.7083333333333 23.906196532885286 22.40691833671336
845.2083333333334 23.90783513491376 22.407284182109656
845.7083333333334 23.909499854991356 22.407664429578524
846.2083333333333 23.91113866356131 22.40803497280055
846.7083333333334 23.912797366952667 22.408415058316432
847.2083333333334 23.91445295445518 22.40878704377571
847.7083333333333 23.916096603957044 22.40916766491431
848.2083333333334 23.91776309668436 22.409551004555553
848.7083333333334 23.919408656567704 22.409939507083564
849.2083333333333 23.92105766491357 22.410320586718857
849.7083333333334 23.922727966988596 22.410706398948523
850.2083333333334 23.924393945352524 22.41109044627891
850.7083333333333 23.92605576738741 22.411470877581507
851.2083333333334 23.927713299052638 22.411867491766536
851.7083333333334 23.929376752575443 22.412251589440586
852.2083333333333 23.93103943514047 22.412644890306623
852.7083333333334 23.932683126977174 22.41303565481172
853.2083333333334 23.934350382886645 22.41343293317967
853.7083333333333 23.93602084782739 22.413824749050335
854.2083333333334 23.937693730502115 22.4142254874071
854.7083333333334 23.939369623018155 22.41461430796963
855.2083333333333 23.941031036640336 22.415020688040062
855.7083333333334 23.942680219319566 22.415414691572355
856.2083333333334 23.94436036449104 22.41582193921342
856.7083333333333 23.946031652620952 22.41621477685041
857.2083333333334 23.94770515850501 22.416624928212837
857.7083333333334 23.949391214179407 22.41702935467126
858.2083333333333 23.95105239281666 22.417431126861537
858.7083333333334 23.952722723620607 22.41783896739346
859.2083333333334 23.95439541771623 22.418249480748184
859.7083333333333 23.956074906157912 22.418657299865057
860.2083333333334 23.95774721003381 22.41906089972494
860.7083333333334 23.95942582333494 22.419476383722742
861.2083333333333 23.96110199960072 22.41988840294315
861.7083333333334 23.962783342632004 22.420300446723434
862.2083333333334 23.964441138767253 22.42071744834339
862.7083333333333 23.96612560305979 22.4211309547807
863.2083333333334 23.96780963069196 22.42154801457469
863.7083333333334 23.969486069622906 22.4219683234468
864.2083333333333 23.97116346634826 22.422379094904517
864.7083333333334 23.97284736211825 22.422807173860143
865.2083333333334 23.974533216726645 22.423224895491987
865.7083333333333 23.976220115692183 22.42365118068666
866.2083333333334 23.977891719281136 22.42407422590405
866.7083333333334 23.979573854237035 22.424495089520452
867.2083333333333 23.981263191244683 22.424930553048526
867.7083333333334 23.982956010278876 22.425349202771603
868.2083333333334 23.984620508703884 22.425772926308355
868.7083333333333 23.98631783832546 22.426200526887502
