FastTrWP/PhaseSpace/IAs/snIa_0.41_30.00_0.92_0.24.csv
# %ECSV 0.9
# ---
# datatype:
# - {name: time-rel, datatype: float64}
# - {name: g, datatype: float64}
# - {name: i, datatype: float64}
# schema: astropy-2.0
time-rel g i
[from data line 352]
352.75 24.146124287692903 22.970966838139702
353.25 24.14288500438207 22.96818900082708
353.75 24.139664435532172 22.965415087892676
354.25 24.136454141698568 22.96264149814511
354.75 24.13326154391592 22.95987538369459
355.25 24.130061843636472 22.95711087753218
355.75 24.126882612664595 22.954353337694407
356.25 24.123697308792075 22.95161207750125
356.75 24.120530594418604 22.94886366532157
357.25 24.117357321927408 22.946123132122402
357.75 24.114201634453384 22.94338399253469
358.25 24.11106787150874 22.940652380866307
358.75 24.107920958650155 22.937931092735223
359.25 24.104789396830522 22.935211287417726
359.74999999999994 24.101671157133843 22.932503792715835
360.25 24.098553750793315 22.92978635812803
360.75 24.095439920868603 22.927095337629282
361.24999999999994 24.092323217655014 22.924391502899816
361.75 24.089259388163562 22.92170315652745
362.25 24.08615738899197 22.919009107492702
362.74999999999994 24.083102189912356 22.916337873421227
363.25 24.080027158039975 22.913669100181995
363.75 24.076961092737236 22.91098982180399
364.24999999999994 24.073896123825257 22.908323560360554
364.75 24.070866598411463 22.905662957752178
365.25 24.067833532565036 22.90301074899894
365.74999999999994 24.064793684983833 22.900365407226396
366.25 24.06175790032412 22.897720091894907
366.75 24.058752403297838 22.895075770544373
367.24999999999994 24.055741599669513 22.892451768574198
367.75 24.052740759523708 22.88981098339275
368.25 24.04975083601355 22.88719786534239
368.74999999999994 24.04675848435774 22.884569797275155
369.25 24.04378413654571 22.881960072999597
369.75 24.040795910558398 22.879348076796088
370.24999999999994 24.03783745492515 22.876740683121636
370.75 24.034880496718824 22.874147101226093
371.25 24.03191363839897 22.871547191522616
371.74999999999994 24.02897035920947 22.86895097801235
372.25 24.026036963196844 22.866372513417076
372.75 24.02310312404515 22.863789038198078
373.24999999999994 24.020168640163813 22.861208897423676
373.75 24.017236460185607 22.85863738311763
374.25 24.014326433250083 22.85606289668167
374.74999999999994 24.0114151860978 22.853511691277248
375.25 24.00854043089481 22.850938136399584
375.75 24.00563010300166 22.848387514697443
376.24999999999994 24.00274541317966 22.84583083373803
376.75 23.99985822349425 22.843289796613778
377.25 23.996986707531377 22.84074429552915
377.74999999999994 23.994124039498594 22.83820967044023
378.25 23.99124753150911 22.83566365458554
378.75 23.988379198784596 22.833134453749018
379.24999999999994 23.985532932767164 22.83061169724009
379.75 23.982692338065164 22.828093585353532
380.25 23.97984736558877 22.82558206255246
380.74999999999994 23.977019035953404 22.82306450183797
381.25 23.97418363485547 22.82055574214565
381.75 23.971366870170794 22.818043233043213
382.24999999999994 23.968542635812014 22.815543340153802
382.75 23.965734870746672 22.81304744574218
383.25 23.962918624730154 22.810549669624898
383.74999999999994 23.960129875812054 22.808055490375978
384.25 23.957332387094638 22.805574439887152
384.75 23.954542409241636 22.80309355274877
385.24999999999994 23.951769976271407 22.800607591639995
385.75 23.948979433132745 22.798129272381125
386.25 23.946208863609275 22.795657995146744
386.74999999999994 23.943449782812497 22.793192491779493
387.25 23.940686893678127 22.790730811105245
387.75 23.937933600123742 22.788273545867156
388.24999999999994 23.935176604571534 22.78580841699638
388.75 23.93243761118962 22.783349670007382
389.25 23.92970384264014 22.780903103400053
389.74999999999994 23.92696304035693 22.778464420810877
390.25 23.92423156895493 22.776010240514914
390.75 23.921489740072587 22.773578747618192
391.24999999999994 23.918770807531264 22.771126090084838
391.75 23.916038457261397 22.7686958104051
392.25 23.913312365261554 22.76624672286998
392.74999999999994 23.910589399612824 22.763817943976136
393.25 23.907864791526432 22.76137786642574
393.75 23.905136774264186 22.75894638056153
394.24999999999994 23.90241630494051 22.75649889759098
394.75 23.899683005328054 22.754068410358705
395.25 23.896978105970618 22.751641850839157
395.74999999999994 23.894250506869724 22.749202609890048
396.25 23.891559383280303 22.74677832866194
396.75 23.88882295208912 22.744354138464608
397.24999999999994 23.886115679723492 22.74192082445704
397.75 23.883411610481232 22.73950515563442
398.25 23.88070485200098 22.737087762059428
398.74999999999994 23.878017208463454 22.734676025979738
399.25 23.875311900126842 22.732258226047378
399.75 23.872619087407394 22.72984025755555
400.24999999999994 23.869937542052583 22.72743244520276
400.75 23.867256532983436 22.725034191406888
401.25 23.864567009138703 22.72263537168646
401.74999999999994 23.86189342659819 22.720234727855676
402.25 23.85923258269717 22.717840009593992
402.75 23.856579448018636 22.715456393308365
403.24999999999994 23.85391290652573 22.713070547807437
403.75 23.851263916360704 22.71069674049514
404.25 23.848630275589414 22.70831333453774
404.74999999999994 23.845993262652453 22.70593782710327
405.25 23.84335166644992 22.703570345694395
405.75 23.840724866443693 22.70120210705973
406.24999999999994 23.838106695262773 22.69884655761868
406.75 23.835498459968512 22.696492336533503
407.25 23.832898504831558 22.694138293327356
407.74999999999994 23.830289446525015 22.691792031015396
408.25 23.827710389666294 22.689457934743004
408.75 23.825137359760163 22.687126955028056
409.24999999999994 23.822563266708457 22.68479812539811
409.75 23.82000514934585 22.68248093811404
410.25 23.817447657084085 22.680163244406483
410.74999999999994 23.81492065255496 22.677844609337512
411.25 23.812374026094023 22.675546592418186
411.75 23.809858633511443 22.673243822654293
412.24999999999994 23.80731943014404 22.67094835053674
412.75 23.80481625293917 22.66867457332445
413.25 23.80233441692536 22.666390478508337
413.74999999999994 23.799848665395036 22.664117508279112
414.25 23.79735495828421 22.66185191068891
414.75 23.794901305993243 22.659594811057126
415.24999999999994 23.792438407244624 22.657338708059562
415.75 23.789992189258044 22.65509771999248
416.25 23.787558661143056 22.65285502882041
416.74999999999994 23.78515026661337 22.650625718902045
417.25 23.78273050815909 22.648404294127104
417.75 23.78032680763145 22.646198021208157
418.24999999999994 23.777928406154423 22.64396844395495
418.75 23.775561805917977 22.64176934183318
419.25 23.773184161025807 22.639582099500135
419.74999999999994 23.770831459966892 22.637406041022437
420.25 23.768489940994392 22.6352161135774
420.75 23.766155540580204 22.6330496597402
421.24999999999994 23.763844609645265 22.630892816242568
421.75 23.76154325174927 22.62873958498659
422.25 23.759254928504305 22.626596609531255
422.74999999999994 23.75697505730922 22.624461869290265
423.25 23.754706949859393 22.62232554136115
423.75 23.752467877386007 22.620208195197424
424.24999999999994 23.75021672295098 22.61810106955485
424.75 23.74797193281207 22.615993328092703
425.25 23.745763605777526 22.613897788075068
425.74999999999994 23.743551029762262 22.61180714877023
426.25 23.741336604947026 22.60970679399966
426.75 23.73912688969702 22.60761989330608
427.24999999999994 23.736923807803937 22.60553566649086
427.75 23.73473857899516 22.603455424728306
428.25 23.732557502244763 22.60138587496506
428.74999999999994 23.73037470916326 22.599310065513247
429.25 23.72819479928168 22.5972467785286
429.75 23.72601966021692 22.595183401028823
430.24999999999994 23.72386107496109 22.59312334343795
430.75 23.721715076068417 22.5910762401534
431.25 23.719565800769455 22.58902806309014
431.74999999999994 23.71742852600758 22.586988923587295
432.25 23.715298654795745 22.58495289646401
432.75 23.71316269771375 22.58292081614115
433.24999999999994 23.71105163678187 22.580891741423926
433.75 23.708937461258365 22.57886566309919
434.25 23.70681801771613 22.57685480283405
434.74999999999994 23.704730410271605 22.574838067029972
435.25 23.702650107571106 22.572829910808597
435.75 23.70057317987612 22.570831377614947
436.24999999999994 23.698488499945366 22.568834738611297
436.75 23.696420281323157 22.566850062549918
437.25 23.69436421744025 22.564866549539833
437.74999999999994 23.692318907899754 22.562884118051638
438.25 23.690272259448697 22.560910787074565
438.75 23.688255231211407 22.558925493849642
439.24999999999994 23.68621143107088 22.55697429252131
439.75 23.684199144972496 22.55501439975722
440.25 23.682198017216454 22.553065519901647
440.74999999999994 23.680197546498768 22.551119360337335
441.25 23.678212473948403 22.549178474116868
441.75 23.67622693628286 22.547232582144787
442.24999999999994 23.67425092513698 22.545308801592352
442.75 23.672285354451926 22.543388425420705
443.25 23.670333649361098 22.54147129430723
443.74999999999994 23.668388573593276 22.539560006790044
444.25 23.666442006945058 22.537650477256594
444.75 23.664518319428055 22.535752557449896
445.24999999999994 23.662591172608067 22.53385769034444
445.75 23.660694157172557 22.531970648885874
446.25 23.658791386943065 22.530088019461104
446.74999999999994 23.65689647232997 22.528221845742852
447.25 23.65501895107979 22.526340456685485
447.75 23.653137478275347 22.524486274450226
448.24999999999994 23.65127713877778 22.52263255104648
448.75 23.64942406197394 22.520786354744516
449.25 23.647600932141955 22.51893800946234
449.74999999999994 23.645742591106757 22.51710795271505
450.25 23.64391585453013 22.515268457345982
450.75 23.64211412946885 22.51344702158958
451.24999999999994 23.640299896287726 22.511629493179672
451.75 23.638510915127174 22.509822609172623
452.25 23.636731481388136 22.508019284279865
452.74999999999994 23.634952777037313 22.506225420029192
453.25 23.633203849458127 22.504427030410273
453.75 23.63144547755445 22.502643582592746
454.24999999999994 23.629700787905186 22.50087326888902
454.75 23.62797922070704 22.499094048911424
455.25 23.626257990625525 22.497336122413905
455.74999999999994 23.624536555734657 22.495580888186954
456.25 23.622845545600818 22.4938285604518
456.75 23.621150983604743 22.49208004692351
457.24999999999994 23.619475701182402 22.490350744685447
457.75 23.617811267065374 22.488625965355133
458.25 23.616166504649364 22.48689935989471
458.74999999999994 23.61449549446684 22.4851844132469
459.25 23.61286630434889 22.48347698898863
459.75 23.611236372241137 22.481776274792274
460.24999999999994 23.60960997241132 22.480077477448674
460.75 23.60798104215163 22.478377269571588
461.25 23.60639336070882 22.476690020147316
461.74999999999994 23.604785275789443 22.475010978891934
462.25 23.6031779530496 22.473329143613746
462.75 23.601610540986965 22.47165526064382
463.24999999999994 23.600034439987546 22.4699810457984
463.75 23.598466152809607 22.4683171654859
464.25 23.59691219051423 22.46666583583885
464.74999999999994 23.595337186128024 22.465012801330964
465.25 23.59380116277451 22.4633639496382
465.75 23.592278296687358 22.461727251758113
466.24999999999994 23.590736133569038 22.460093845667146
466.75 23.58921608182865 22.458457122538512
467.25 23.587695798097617 22.45683645936049
467.74999999999994 23.58619463485634 22.455216806165833
468.25 23.584686539055724 22.45360286732469
468.75 23.58320464759513 22.451989890110262
469.24999999999994 23.581722100798114 22.45038520004218
469.75 23.580254035587714 22.448777879955188
470.25 23.578774753383502 22.44719208256518
470.74999999999994 23.577318040667535 22.44559970631107
471.25 23.575873984559127 22.444010132437455
471.75 23.574421505329234 22.442431235881294
472.24999999999994 23.57298781415664 22.44086437898026
472.75 23.571561431850675 22.439291207675822
473.25 23.570129523265773 22.437725766251724
473.74999999999994 23.568728719424815 22.43617682940956
474.25 23.56731676214926 22.4346162566335
474.75 23.56591771042959 22.433070081492147
475.24999999999994 23.564524293625876 22.431530302726536
475.75 23.563157560896567 22.42998752370392
476.25 23.561769906587912 22.428459237227123
476.74999999999994 23.560414153608793 22.42692611925069
477.25 23.559050757496767 22.425406444539277
477.75 23.55771311360176 22.423888420936574
478.24999999999994 23.556365200996225 22.422372152650972
478.75 23.555025263365735 22.420862836303584
479.25 23.553684757358795 22.41936439412904
479.74999999999994 23.552372210545055 22.417863667616402
480.25 23.551054361782725 22.416371606476346
480.75 23.549749452270227 22.414882100854477
481.24999999999994 23.54846678576523 22.413404121117203
481.75 23.547179527892975 22.411920142907267
482.25 23.545902084387468 22.41044648945017
482.74999999999994 23.544619405146175 22.408983177224297
483.25 23.543352814132085 22.40751943987357
483.75 23.542101901663678 22.40606312949089
484.24999999999994 23.540846695590005 22.404610282956796
484.75 23.539607291943106 22.403159937395234
485.25 23.538375653333162 22.401719428539923
485.74999999999994 23.5371483233152 22.40028186770659
486.25 23.535930125144226 22.3988483022912
486.75 23.534713749264178 22.3974197531849
487.25 23.53351810765271 22.39599622422535
487.75 23.53231472729214 22.394575611305577
488.25 23.531128257217013 22.393156152357037
488.75 23.529947473326583 22.391756205479897
489.25 23.52879044094812 22.390347575387374
489.75 23.527621765094754 22.388952817695802
490.25 23.52646532515219 22.38756037642743
490.75 23.525317610389244 22.386171242485446
491.25 23.524153191816918 22.384784345490974
491.75 23.523037770089957 22.38340816120378
492.25 23.521905192583056 22.38203268747894
492.75 23.52079368730028 22.380660978389535
493.25 23.519682972528933 22.37929543206117
493.75 23.51856993636734 22.37793251617962
494.25 23.51746912433292 22.37657952732158
494.75 23.516377754205166 22.375223522849616
495.25 23.51529010840403 22.37387528733465
495.75 23.514210001665976 22.372531540786177
496.25 23.51314559985741 22.371185951109894
496.75 23.51207331184126 22.369851387791428
497.25 23.511022993500443 22.368519190516825
497.75 23.50995164312248 22.367193227816507
498.25 23.508906157400254 22.365872593821344
498.75 23.5078772247266 22.364549415254178
499.25 23.506839651082846 22.36323720233517
499.75 23.505813238615588 22.3619262424014
500.25 23.504782510456916 22.360620643738194
500.75 23.50377956054253 22.359313067626804
501.25 23.50276427890048 22.35801468588585
501.75 23.501772227211983 22.356725937514703
502.25 23.500771049412204 22.35543645127011
502.75 23.499780947767395 22.3541537687128
503.25 23.49880251040515 22.352871405854305
503.75 23.497830227881074 22.351592565425467
504.25 23.49686267380461 22.35032530135808
504.75 23.495903925919453 22.349054701909935
505.25 23.49495066895267 22.347790159044507
505.75 23.494000147671755 22.346523624859614
506.25 23.49306654975124 22.345284324509272
506.75 23.492128460629846 22.34402850724883
507.25 23.491204474353967 22.342782819302233
507.75 23.490291190286303 22.341541572941818
508.25 23.48937663619403 22.34030680328807
508.75 23.488481755465575 22.3390696600466
509.25 23.48757107387192 22.337842528124057
509.75 23.486683741781643 22.336619602610185
510.25 23.485804073086864 22.335399483102037
510.75 23.484925726850552 22.33418401979602
511.25 23.48406411369835 22.332969852109184
511.75 23.483194720910486 22.33176353017344
512.25 23.482347427543463 22.330563283348322
512.75 23.48149585965922 22.32936550109575
513.25 23.480658280505402 22.328173237312
513.75 23.47981498461573 22.32698113387711
514.25 23.47898880526555 22.32579797626876
514.75 23.478168561811238 22.324616275101825
515.25 23.477367646296948 22.323442252533425
515.75 23.476545704236905 22.322266788384006
516.25 23.475752735594927 22.321108260233448
516.75 23.474962651135325 22.31993552323972
517.25 23.47418652003251 22.318781913206394
517.75 23.473419935858683 22.31762738135813
518.25 23.47263889384827 22.3164712421887
518.75 23.471876387740217 22.315334628661315
519.25 23.47111575094147 22.31418906585418
519.75 23.470375162016396 22.313052228917535
520.25 23.469637297103468 22.311920520168805
520.75 23.468904647626708 22.31079200858515
521.25 23.468174667301437 22.30966539007086
