FastTrWP/PhaseSpace/IAs/snIa_0.57_30.00_-0.37_-0.13.csv
# %ECSV 0.9
# ---
# datatype:
# - {name: time-rel, datatype: float64}
# - {name: g, datatype: float64}
# - {name: i, datatype: float64}
# schema: astropy-2.0
time-rel g i
[from data line 1733]
1008.6458333333334 24.55670254777042 22.627560710307865
1009.1458333333334 24.5581827398717 22.62824141415864
1009.6458333333334 24.559693846583798 22.62892062114128
1010.1458333333334 24.561214023791898 22.62960324281314
1010.6458333333334 24.562720691916397 22.630272611793853
1011.1458333333334 24.564207957103758 22.630950800393848
1011.6458333333334 24.565728071625767 22.631635801432797
1012.1458333333334 24.56722245030054 22.63231006619459
1012.6458333333334 24.568731950958657 22.63299700339715
1013.1458333333334 24.570216973736834 22.633676087515134
1013.6458333333334 24.571733449348212 22.634363511805333
1014.1458333333334 24.57322215163987 22.63504205824084
1014.6458333333334 24.574746257031332 22.63572883086976
1015.1458333333334 24.57623905490299 22.63641556065256
1015.6458333333334 24.577717979574967 22.63710234580461
1016.1458333333334 24.579231259005315 22.63779063129256
1016.6458333333334 24.58072841041632 22.63847913750496
1017.1458333333334 24.582229924762867 22.639162146225836
1017.6458333333334 24.58373362792434 22.639852478916843
1018.1458333333334 24.58523826817408 22.640548684941706
1018.6458333333334 24.586742090071887 22.64123487389827
1019.1458333333334 24.588267641410596 22.641925264185545
1019.6458333333334 24.58975497298409 22.642616702932372
1020.1458333333334 24.591260477840837 22.643312217334888
1020.6458333333334 24.59274061235451 22.644011115129217
1021.1458333333334 24.59427393004472 22.644696829972155
1021.6458333333334 24.59579683955248 22.645392771965653
1022.1458333333334 24.59728846285618 22.646082589212956
1022.6458333333334 24.598802059749957 22.6467852685572
1023.1458333333334 24.60033534971249 22.6474842330341
1023.6458333333334 24.6018436947871 22.648178168300866
1024.1458333333333 24.603358091725617 22.648883164674988
1024.6458333333333 24.604901625685702 22.649582293558804
1025.1458333333333 24.606411570100786 22.650273929154775
1025.6458333333333 24.607940575818933 22.650976607151577
1026.1458333333333 24.609485469717317 22.651680046236216
1026.6458333333333 24.61102532127065 22.652376861622116
1027.1458333333333 24.61254407998494 22.653083009880007
1027.6458333333333 24.614097175393464 22.653784359692946
1028.1458333333333 24.615630771484533 22.65448866170693
1028.6458333333333 24.617184474684592 22.655199058010357
1029.1458333333333 24.61874132313765 22.65589878058996
1029.6458333333333 24.62027094798545 22.656618758218837
1030.1458333333333 24.621839553884662 22.657316918340776
1030.6458333333333 24.623377460469207 22.658025963535845
1031.1458333333333 24.624961381242727 22.658733086742284
1031.6458333333333 24.6265328543365 22.65944641100379
1032.1458333333333 24.628087783646613 22.660156492985433
1032.6458333333333 24.629699153661914 22.660863392636543
1033.1458333333333 24.631256002749584 22.66157232381801
1033.6458333333333 24.632846343038004 22.662285783951898
1034.1458333333333 24.63442571506445 22.662997201948507
1034.6458333333333 24.636017268618474 22.663712772321
1035.1458333333333 24.63762518472548 22.664428693335317
1035.6458333333333 24.639243415084433 22.6651466672184
1036.1458333333333 24.6408448690444 22.66585965722378
1036.6458333333333 24.64245869623356 22.666566590993543
1037.1458333333333 24.644059139874663 22.667289953195834
1037.6458333333333 24.6456874371127 22.66801086957055
1038.1458333333333 24.647321440379493 22.668722246497232
1038.6458333333333 24.64894374964186 22.66944389320159
1039.1458333333333 24.65054488955172 22.67016392679261
1039.6458333333333 24.65215314588707 22.670882984684745
1040.1458333333333 24.653801495498282 22.671601557450863
1040.6458333333333 24.65543694963959 22.672326967402864
1041.1458333333333 24.65706098997338 22.67304644292186
1041.6458333333333 24.658684703374792 22.673768577210183
1042.1458333333333 24.660345462449044 22.674499974562515
1042.6458333333333 24.661970099077557 22.675212922355847
1043.1458333333333 24.663602386267375 22.675947838303575
1043.6458333333333 24.66526402366555 22.676676157612032
1044.1458333333333 24.666907119358953 22.677397063247415
1044.6458333333333 24.668545118827918 22.678126892659577
1045.1458333333333 24.670189579183777 22.678847251410346
1045.6458333333333 24.671863547793976 22.679575159011417
1046.1458333333333 24.67352785881821 22.6803127317884
1046.6458333333333 24.675172133540176 22.681041936768295
1047.1458333333333 24.676832341762417 22.681775457772247
1047.6458333333333 24.67850139158521 22.682503426401226
1048.1458333333333 24.680179796898706 22.683237999171695
1048.6458333333333 24.68182188945194 22.68397072726145
1049.1458333333333 24.683504545428594 22.684705147273952
1049.6458333333333 24.685184039942673 22.68544068662166
1050.1458333333333 24.68684420431132 22.686178519153295
1050.6458333333333 24.688526083867067 22.686917396230424
1051.1458333333333 24.690201856599284 22.687649887105223
1051.6458333333333 24.69187875981534 22.688388803638396
1052.1458333333333 24.693579480415405 22.689131949479716
1052.6458333333333 24.695241899213407 22.689866170957846
1053.1458333333333 24.696950222816085 22.69061070931403
1053.6458333333333 24.698655200067428 22.691355017485748
1054.1458333333333 24.700342241748928 22.692096096606576
1054.6458333333333 24.702053590091392 22.692838192604373
1055.1458333333333 24.70373593438094 22.693569487849178
1055.6458333333333 24.705434754448458 22.69432219112955
1056.1458333333333 24.707135563841792 22.695072292915384
1056.6458333333333 24.7088544719913 22.695816357988075
1057.1458333333333 24.710573226363124 22.69656530229177
1057.6458333333333 24.712284561541704 22.69731643513112
1058.1458333333333 24.714005868708885 22.698062186241195
1058.6458333333333 24.715734931914106 22.698813861461655
1059.1458333333333 24.717452957779837 22.699564801148107
1059.6458333333333 24.719192971061222 22.700322241154026
1060.1458333333333 24.720913863845944 22.701067090758084
1060.6458333333333 24.722640529110503 22.701819086583637
1061.1458333333333 24.724371106904318 22.70257422100904
1061.6458333333333 24.726098252789175 22.703331119357884
1062.1458333333333 24.72784666065269 22.70408347213607
1062.6458333333333 24.729586308011182 22.704858706603797
1063.1458333333333 24.731343593206248 22.70560246747149
1063.6458333333333 24.73307320547081 22.706359386943834
1064.1458333333333 24.734847314053138 22.70712485501178
1064.6458333333333 24.736610961318803 22.70787775760892
1065.1458333333333 24.73836840235732 22.708644255043385
1065.6458333333333 24.740122492400086 22.70940464429274
1066.1458333333333 24.741871568639922 22.710167605171577
1066.6458333333333 24.743631919846003 22.710935508065656
1067.1458333333333 24.745427978537077 22.71170094371818
1067.6458333333333 24.74719459654523 22.712468300758076
1068.1458333333333 24.748968548081834 22.71322991315289
1068.6458333333333 24.75074805176761 22.714002815469637
1069.1458333333333 24.752526324821158 22.714771929474395
1069.6458333333333 24.754325058371872 22.715548602979304
1070.1458333333333 24.756097848975365 22.71631100293524
1070.6458333333333 24.757874058639796 22.717092202848008
1071.1458333333333 24.75968907513205 22.717862784913304
1071.6458333333333 24.761504485425494 22.718639186574663
1072.1458333333333 24.763288496168965 22.71941361085926
1072.6458333333333 24.76509073085435 22.720184017227076
1073.1458333333333 24.766912170376667 22.720969638013102
1073.6458333333333 24.76872170462041 22.72173991518615
1074.1458333333333 24.770549989041832 22.722523170891375
1074.6458333333333 24.77233978203254 22.72330316304394
1075.1458333333333 24.774177557759725 22.724083934238184
1075.6458333333333 24.77600269752432 22.72486432352066
1076.1458333333333 24.77782162219478 22.725644890681753
1076.6458333333333 24.779638034239852 22.72644006487002
1077.1458333333333 24.781467827153566 22.72721157873577
1077.6458333333333 24.78332607248518 22.728002212992667
1078.1458333333333 24.78515716196408 22.728788125450393
1078.6458333333333 24.78701013723426 22.72957537616883
1079.1458333333333 24.78883410674988 22.730363717073153
1079.6458333333333 24.790707614218483 22.731149230636255
1080.1458333333333 24.79256093402762 22.731940284699178
1080.6458333333333 24.794404739364047 22.732731301965817
1081.1458333333333 24.796272254198538 22.7335234158001
1081.6458333333333 24.79811330849621 22.734312800975466
1082.1458333333333 24.799979078844522 22.73511659828102
1082.6458333333333 24.801851189710924 22.735896783001603
1083.1458333333333 24.803716942044645 22.736692060061404
1083.6458333333333 24.805586058009066 22.737497509964374
1084.1458333333333 24.807475102052724 22.738292815081557
1084.6458333333333 24.80935026095406 22.73908386080608
1085.1458333333333 24.811231614449266 22.739883697901682
1085.6458333333333 24.8131178061923 22.740687222122702
1086.1458333333333 24.815004978299772 22.741487820872543
1086.6458333333333 24.81692798609246 22.742288044443384
1087.1458333333333 24.818788743309224 22.743087169276865
1087.6458333333333 24.82070840439026 22.743898490293564
1088.1458333333333 24.822615345741145 22.744706540048014
1088.6458333333333 24.824529008735627 22.74550327982496
1089.1458333333333 24.82643575638777 22.746310646926222
1089.6458333333333 24.82835658735476 22.74712366065115
1090.1458333333333 24.830248215206105 22.747930145687793
1090.6458333333333 24.832189810458107 22.748743444885072
1091.1458333333333 24.83410262278759 22.749552691484382
1091.6458333333333 24.836051917146428 22.750369784033122
1092.1458333333333 24.837956222035153 22.751169496155864
1092.6458333333333 24.83988329655108 22.751987280132163
1093.1458333333333 24.841866411979645 22.752802389949736
1093.6458333333333 24.84380211802729 22.75362044317489
1094.1458333333333 24.845737036151103 22.754441078873036
1094.6458333333333 24.847691842967777 22.7552494604296
1095.1458333333333 24.849634102680056 22.756068028020096
1095.6458333333333 24.851598798025904 22.75689413961263
1096.1458333333333 24.85357070674136 22.75771960586221
1096.6458333333333 24.855534848425755 22.758541737292312
1097.1458333333333 24.857516145403377 22.75936222574016
1097.6458333333333 24.859467769006297 22.760184872077005
1098.1458333333333 24.86145580462709 22.761016700648987
1098.6458333333333 24.8634416522658 22.761837160187532
1099.1458333333333 24.86544633507977 22.762669832635865
1099.6458333333333 24.867419176279284 22.763502726164457
1100.1458333333333 24.86940989785718 22.764334722895477
1100.6458333333333 24.871416627056963 22.765171399070322
1101.1458333333333 24.873419229851685 22.765997210035284
1101.6458333333333 24.875427076855125 22.766832351359746
1102.1458333333333 24.87743720863532 22.76766474112677
1102.6458333333333 24.879452050977836 22.768501096915315
1103.1458333333333 24.881482933494212 22.769330409725615
1103.6458333333333 24.883507957259205 22.770176769036357
1104.1458333333333 24.885531432285703 22.771016471495873
1104.6458333333333 24.88755972333555 22.77185522505196
1105.1458333333333 24.889573143133866 22.772701517535054
1105.6458333333333 24.891633458751894 22.773540734456716
1106.1458333333333 24.89366912221937 22.774386100490574
1106.6458333333333 24.89573074395618 22.775234356903752
1107.1458333333333 24.897778778519427 22.776076273577214
1107.6458333333333 24.89984355817213 22.776928364722092
1108.1458333333333 24.90190880003629 22.777771232977557
1108.6458333333333 24.9039501993894 22.778625866536842
1109.1458333333333 24.906040515898976 22.779474024277228
1109.6458333333333 24.908131560428966 22.780329145566007
1110.1458333333333 24.91018939230684 22.781188072779916
1110.6458333333333 24.912269177558155 22.78203527380117
1111.1458333333333 24.914383881891055 22.782895474920384
1111.6458333333333 24.91646791825076 22.783752755362077
1112.1458333333333 24.91858188006136 22.78461674810714
1112.6458333333333 24.920685746333533 22.785476638213854
1113.1458333333333 24.922782634441667 22.7863277285617
1113.6458333333333 24.924909239125355 22.787197131267824
1114.1458333333333 24.9270187293248 22.788059939165905
1114.6458333333333 24.9291410701887 22.788927441657595
1115.1458333333333 24.931267200794146 22.789791035278306
1115.6458333333333 24.933416494837353 22.79066040247868
1116.1458333333333 24.935546659302027 22.79152461795551
1116.6458333333333 24.937695120344788 22.792402920404026
1117.1458333333333 24.93984592618836 22.79327134387795
1117.6458333333333 24.941997290683503 22.794149020367847
1118.1458333333333 24.944148854068075 22.795017401163612
1118.6458333333333 24.946313623959128 22.795889694872944
1119.1458333333333 24.948499234522533 22.796773081343474
1119.6458333333333 24.950685516180208 22.79764263022851
1120.1458333333333 24.952847948762695 22.798525416954142
1120.6458333333333 24.955039195308174 22.799402873999096
1121.1458333333333 24.957223362741136 22.800290098628203
1121.6458333333333 24.959415243065077 22.80117397310007
1122.1458333333333 24.96161393742527 22.802051404474113
1122.6458333333333 24.96382162797026 22.80293434234705
1123.1458333333333 24.966020464203652 22.80382053601611
1123.6458333333333 24.96824577056241 22.80470891031552
1124.1458333333333 24.970460229974528 22.805592778134187
1124.6458333333333 24.97269361101997 22.806487417142964
1125.1458333333333 24.974920611521757 22.80737375016589
1125.6458333333333 24.97716581968691 22.808262468980992
1126.1458333333333 24.97940470312551 22.80915868444469
1126.6458333333333 24.981655287251563 22.810058701396002
1127.1458333333333 24.9838718765146 22.81095679121369
1127.6458333333333 24.98615306922007 22.811852046784082
1128.1458333333333 24.98839973014817 22.812746887363833
1128.6458333333333 24.990676643066095 22.81364099543659
1129.1458333333333 24.99293995405376 22.81454559741599
1129.6458333333333 24.995202384587 22.81544916148868
1130.1458333333333 24.997478050606347 22.81635426145357
1130.6458333333333 24.99975479116649 22.817249547827984
1131.1458333333333 25.00206518513622 22.818162160991868
1131.6458333333333 25.004344234429013 22.819062234625584
1132.1458333333333 25.00664707026135 22.81997379846647
1132.6458333333333 25.008938920868665 22.820887587137513
1133.1458333333333 25.011255077462266 22.82179781885833
1133.6458333333333 25.013553437538604 22.822715758736173
1134.1458333333333 25.015881261452986 22.823625851308602
1134.6458333333333 25.01820627469695 22.82454063148365
1135.1458333333333 25.02052614559011 22.82545454614066
1135.6458333333333 25.022856654081302 22.82637618238024
1136.1458333333333 25.02521281134889 22.827290335144315
1136.6458333333333 25.02751804448799 22.828209089844652
1137.1458333333333 25.029898324903638 22.829126509703876
1137.6458333333333 25.032236888218993 22.830048339738344
1138.1458333333333 25.034587002744285 22.830973166757506
1138.6458333333333 25.03693503352714 22.831907012241892
1139.1458333333333 25.039311983948593 22.832825276521692
1139.6458333333333 25.041684279319277 22.833754190506667
1140.1458333333333 25.044068489523596 22.834687608199037
1140.6458333333333 25.04642785234129 22.835612124773053
1141.1458333333333 25.04880216498005 22.836543054722757
1141.6458333333333 25.051197118705705 22.837472942522552
1142.1458333333333 25.053576565504862 22.838411477897647
1142.6458333333333 25.05597449588823 22.83934967916691
1143.1458333333333 25.058380546189362 22.840285826906484
1143.6458333333333 25.060770996370568 22.84122587441855
1144.1458333333333 25.06319055599878 22.84215678557417
1144.6458333333333 25.065595857028732 22.84309263847186
1145.1458333333333 25.06802264905291 22.844040703229375
1145.6458333333333 25.070439877515035 22.8449885446912
1146.1458333333333 25.07285177075761 22.845928438946114
1146.6458333333333 25.075309250842402 22.846878581626292
1147.1458333333333 25.077727677719718 22.847824225602984
1147.6458333333333 25.08017053070717 22.848760830921016
1148.1458333333333 25.08261938844402 22.849719824052933
1148.6458333333333 25.0850676223958 22.850665225000885
1149.1458333333333 25.087519696450222 22.85161341084042
1149.6458333333333 25.090008974762426 22.852574064086927
1150.1458333333333 25.092477434462804 22.853534500497123
