FastTrWP/PhaseSpace/IAs/snIa_0.57_30.00_-0.01_-0.03.csv
# %ECSV 0.9
# ---
# datatype:
# - {name: time-rel, datatype: float64}
# - {name: g, datatype: float64}
# - {name: i, datatype: float64}
# schema: astropy-2.0
time-rel g i
[from data line 1153]
712.8958333333334 23.71333637653619 22.33102520693518
713.3958333333334 23.714812849179822 22.33107170746273
713.8958333333334 23.716304950299623 22.33110301528333
714.3958333333334 23.717811935942592 22.33113551171162
714.8958333333334 23.719312221272887 22.33118312887371
715.3958333333334 23.720824105549298 22.33122276726923
715.8958333333334 23.722322583246683 22.331272633780692
716.3958333333334 23.72382742585689 22.33132076181176
716.8958333333334 23.725335113664762 22.331368686414287
717.3958333333334 23.726863027620766 22.33141340889519
717.8958333333334 23.728377496778485 22.33146409324094
718.3958333333334 23.72989521735183 22.331517715005905
718.8958333333334 23.731414798229217 22.33156806549148
719.3958333333334 23.732936133341415 22.331629382960372
719.8958333333334 23.734471677418064 22.331678376373464
720.3958333333334 23.73600173011838 22.331738572062672
720.8958333333334 23.737519171469494 22.3317967130862
721.3958333333334 23.739057237505143 22.33185883736525
721.8958333333334 23.740602759345254 22.331924365138246
722.3958333333334 23.742127707323224 22.331987658896033
722.8958333333334 23.74366796753893 22.332051047572325
723.3958333333334 23.745207338850342 22.332118284298833
723.8958333333334 23.74674922480469 22.332183264966368
724.3958333333334 23.74828061608648 22.33225340011845
724.8958333333334 23.74983453604054 22.332324490487284
725.3958333333334 23.75139832436084 22.332399342251115
725.8958333333334 23.752935496000397 22.332472784493504
726.3958333333334 23.75449143973696 22.332549989159368
726.8958333333334 23.75604528300095 22.332622038572623
727.3958333333334 23.75759658396919 22.332701998320207
727.8958333333334 23.75913523161127 22.332777221619796
728.3958333333334 23.760681433220206 22.33285807446417
728.8958333333334 23.762252734405138 22.332935897669937
729.3958333333334 23.763804062362443 22.333015312519272
729.8958333333334 23.765350418604108 22.333096285904446
730.3958333333334 23.766921225004634 22.33317892880092
730.8958333333334 23.768477591471523 22.333260103894116
731.3958333333334 23.770032711105827 22.333356384113678
731.8958333333334 23.77158172485443 22.333442137245576
732.3958333333334 23.77314240142377 22.333525488418054
732.8958333333334 23.774705671167503 22.333609826416435
733.3958333333334 23.77626360858573 22.333704829496387
733.8958333333334 23.77782713326651 22.333797343538638
734.3958333333334 23.779383686576168 22.33388701891087
734.8958333333334 23.78094620267578 22.33398108508794
735.3958333333334 23.78250991684478 22.334072537664902
735.8958333333334 23.784078607338863 22.334171705005854
736.3958333333334 23.78565009916047 22.33426554095052
736.8958333333334 23.78722439698712 22.334366012719997
737.3958333333334 23.788783689785507 22.334464022711288
737.8958333333334 23.79036454774984 22.334568836047005
738.3958333333334 23.79194931538677 22.334674592242393
738.8958333333334 23.793526168663412 22.33477895834623
739.3958333333334 23.795097595496326 22.33488460069454
739.8958333333334 23.796680108727738 22.33498681263072
740.3958333333334 23.79827990511357 22.335100140055992
740.8958333333334 23.799850202340703 22.33521682342923
741.3958333333334 23.801450265017543 22.33532198227622
741.8958333333334 23.803049493403297 22.33543760762813
742.3958333333334 23.804640555259443 22.335547763795
742.8958333333334 23.806236261200866 22.335669897841207
743.3958333333334 23.807836835395072 22.33578323229529
743.8958333333334 23.80944023553033 22.33590488880462
744.3958333333334 23.81103220993968 22.336029065680055
744.8958333333333 23.81264563385374 22.336152150376954
745.3958333333334 23.814251162605068 22.336275005977463
745.8958333333334 23.815861024293564 22.33639509826428
746.3958333333333 23.817480410812678 22.336527244606007
746.8958333333334 23.819080722801974 22.33665440366647
747.3958333333334 23.82070942079895 22.336787393719927
747.8958333333333 23.82232792935547 22.33691625748502
748.3958333333334 23.823946318026785 22.33705085430435
748.8958333333334 23.82558199439547 22.337179634783023
749.3958333333333 23.82720360662214 22.3373169736151
749.8958333333334 23.828830569509694 22.33745198026472
750.3958333333334 23.83045982018267 22.33759591835948
750.8958333333333 23.832094329714437 22.3377271988792
751.3958333333334 23.83372697227612 22.337875332972224
751.8958333333334 23.835367417073936 22.33801139711277
752.3958333333333 23.83700156475275 22.33815947619561
752.8958333333334 23.83864479280981 22.338297653132507
753.3958333333334 23.84029286329557 22.338446642322047
753.8958333333333 23.84192822904257 22.33859674682151
754.3958333333334 23.843577883587983 22.33874946494328
754.8958333333334 23.845239816977475 22.338891459501863
755.3958333333333 23.846873118232267 22.339046086318742
755.8958333333334 23.84852848598996 22.339200649514595
756.3958333333334 23.850182365390058 22.339360523215102
756.8958333333333 23.85185447853184 22.339511242254165
757.3958333333334 23.853509280174137 22.339670943775424
757.8958333333334 23.855159073732754 22.339827340613727
758.3958333333333 23.856841275074984 22.339987540178964
758.8958333333334 23.858489134903703 22.34015222494098
759.3958333333334 23.860171264220615 22.340314124824744
759.8958333333333 23.861842429163925 22.340474773920455
760.3958333333334 23.863507498202786 22.340646887579133
760.8958333333334 23.86518240154772 22.340813230319696
761.3958333333333 23.866861507598127 22.340978029331918
761.8958333333334 23.868542465293668 22.341141826555262
762.3958333333334 23.870217659861037 22.3413198934254
762.8958333333333 23.87191121279629 22.341488362895113
763.3958333333334 23.873586696990834 22.34166339320771
763.8958333333334 23.87528683928034 22.34183969068645
764.3958333333333 23.87697440006069 22.342014398044444
764.8958333333334 23.878659401593744 22.342191154211566
765.3958333333334 23.88035687275042 22.34236914496963
765.8958333333333 23.88203708003617 22.34254245955168
766.3958333333334 23.883741070341813 22.34273173862303
766.8958333333334 23.885436617609763 22.342910846440766
767.3958333333333 23.887140135099628 22.343102492005862
767.8958333333334 23.888848127313253 22.343277816226244
768.3958333333334 23.890543706378903 22.343466970614067
768.8958333333333 23.89226288681113 22.343651298918555
769.3958333333334 23.89396904355815 22.3438425940722
769.8958333333334 23.89568231984252 22.344034539150233
770.3958333333333 23.897391405689895 22.344223397103352
770.8958333333334 23.89910683532873 22.34441858811492
771.3958333333334 23.900827741424585 22.34461016274956
771.8958333333333 23.90254472966907 22.344808524809068
772.3958333333334 23.904261699593143 22.345002571569896
772.8958333333334 23.905986121787272 22.34519913549439
773.3958333333333 23.90770827531953 22.34539699376224
773.8958333333334 23.90944965889359 22.34560197865152
774.3958333333334 23.91118680158194 22.34580371627419
774.8958333333333 23.912918799880373 22.3460071442347
775.3958333333334 23.914644448348618 22.346214631740203
775.8958333333334 23.916386773910364 22.346420075256113
776.3958333333333 23.918135394979835 22.3466312596615
776.8958333333334 23.9198807861329 22.346833628844983
777.3958333333334 23.92163249683643 22.347050615318828
777.8958333333333 23.92337301385702 22.34726135613329
778.3958333333334 23.925119594403167 22.34747516352895
778.8958333333334 23.926890805487044 22.347693691840735
779.3958333333333 23.928633984561003 22.347909754221323
779.8958333333334 23.930401356712373 22.348131272264947
780.3958333333334 23.932164069827046 22.34835353123008
780.8958333333333 23.933916363619964 22.348572824969004
781.3958333333334 23.935684921552554 22.348795227209692
781.8958333333334 23.93746254715773 22.34901756429618
782.3958333333333 23.9392363417794 22.34924078996771
782.8958333333334 23.94099942656979 22.349475930408936
783.3958333333334 23.942780592054227 22.349699150571574
783.8958333333333 23.944554205770267 22.349923864824433
784.3958333333334 23.9463273978104 22.35016214581322
784.8958333333334 23.94812755836357 22.350394905135907
785.3958333333333 23.949922350872352 22.35062844606782
785.8958333333334 23.951683329132955 22.350864104196138
786.3958333333334 23.953492288061497 22.351100289813687
786.8958333333333 23.955281831325614 22.35134018461793
787.3958333333334 23.957077707014992 22.351578886342406
787.8958333333334 23.958881531815187 22.351815264432517
788.3958333333333 23.960679902422648 22.352060627155982
788.8958333333334 23.962479878977902 22.352306692242117
789.3958333333334 23.964291358744738 22.35255437881195
789.8958333333333 23.966100716574886 22.352796168025737
790.3958333333334 23.967899388156088 22.353046290802837
790.8958333333334 23.969721179269552 22.353290406875523
791.3958333333333 23.971531775049865 22.353539017700008
791.8958333333334 23.97335973318373 22.353790773923336
792.3958333333334 23.975164438383505 22.354055150000654
792.8958333333333 23.976988141968295 22.354299507523514
793.3958333333334 23.97882133126613 22.354559069253813
793.8958333333334 23.98063460457458 22.354812631491562
794.3958333333333 23.982474859762082 22.355072632269568
794.8958333333334 23.984301477299073 22.355335918940668
795.3958333333334 23.98612743178191 22.35558954530147
795.8958333333333 23.98798201731058 22.355849931642116
796.3958333333334 23.9898104072255 22.356110319394872
796.8958333333334 23.99164353714708 22.356380579610367
797.3958333333333 23.99348406391074 22.356642289648654
797.8958333333334 23.995333930974216 22.356909348789948
798.3958333333334 23.997175607798184 22.357178869175453
798.8958333333333 23.9990251272453 22.357451698263535
799.3958333333334 24.000879607129754 22.35771300405495
799.8958333333334 24.00273050602238 22.35798981118933
800.3958333333333 24.004575936519718 22.35825969454815
800.8958333333334 24.006441771307912 22.35853441440154
801.3958333333334 24.008290808468065 22.358804821408906
801.8958333333333 24.01015919586023 22.35908543648751
802.3958333333334 24.012023892687356 22.359360683230886
802.8958333333334 24.01388366626459 22.359642743557508
803.3958333333333 24.015757304618717 22.35992114299222
803.8958333333334 24.017624778244425 22.360195398556563
804.3958333333334 24.019508249712636 22.360477897542705
804.8958333333333 24.021385411405305 22.360767398150855
805.3958333333334 24.023252458801622 22.361049885916472
805.8958333333334 24.025131387853413 22.361335897107224
806.3958333333333 24.02700672114124 22.361622675045147
806.8958333333334 24.02889448042658 22.36191233136232
807.3958333333334 24.030782120457385 22.362199980937255
807.8958333333333 24.032659766280716 22.362485858304172
808.3958333333334 24.0345548610126 22.3627759424701
808.8958333333334 24.036444302744613 22.363073079336054
809.3958333333333 24.038336538809855 22.363369842466906
809.8958333333334 24.04022714895084 22.363661664617478
810.3958333333334 24.04213536299102 22.36395468740455
810.8958333333333 24.044033286753614 22.364252853561894
811.3958333333334 24.045943402742797 22.36455706115365
811.8958333333334 24.0478520271501 22.364856307570484
812.3958333333333 24.04977660187964 22.365162422762257
812.8958333333334 24.051702191570648 22.365466293910284
813.3958333333334 24.053617690391075 22.365769409905916
813.8958333333333 24.05554572245085 22.36607484780716
814.3958333333334 24.057482382561073 22.36638895996436
814.8958333333334 24.059405810700753 22.366688416826705
815.3958333333333 24.061341452251135 22.367007284968928
815.8958333333334 24.063285928482433 22.367316263371364
816.3958333333334 24.06524235400827 22.367632805656847
816.8958333333333 24.067196624335864 22.367955061614428
817.3958333333334 24.069160121631153 22.368268858764836
817.8958333333334 24.071116952814297 22.36858581935783
818.3958333333333 24.073064376448524 22.368903516535195
818.8958333333334 24.075022362469184 22.369226021240983
819.3958333333334 24.076981215683038 22.369554596102965
819.8958333333333 24.07896708978012 22.369879338157467
820.3958333333334 24.080927541017893 22.370202469685374
820.8958333333334 24.082909258246264 22.37053236076259
821.3958333333333 24.084890970211834 22.370859772323577
821.8958333333334 24.08687589400358 22.371191487768144
822.3958333333334 24.08886599355477 22.37151748009722
822.8958333333333 24.090835678846098 22.37185131286305
823.3958333333334 24.09284750435234 22.37218509055799
823.8958333333334 24.094819656335304 22.372529615357397
824.3958333333333 24.096804901485 22.372859075286637
824.8958333333334 24.09881060753314 22.373201740135595
825.3958333333334 24.100808685566733 22.373540217822235
825.8958333333333 24.102816584690615 22.37387616465385
826.3958333333334 24.104844916702426 22.374227357789472
826.8958333333334 24.106817089991253 22.374555836726945
827.3958333333333 24.10883511725281 22.37490582233157
827.8958333333334 24.11084259603346 22.375255754326094
828.3958333333334 24.112848830082815 22.375591097544543
828.8958333333333 24.11486652278954 22.37593740823604
829.3958333333334 24.116888447538685 22.37629437002072
829.8958333333334 24.11889222445304 22.376638270751293
830.3958333333333 24.12090880890641 22.3769874088625
830.8958333333334 24.12292403693837 22.37734217473705
831.3958333333334 24.124945738362257 22.377690770036924
831.8958333333333 24.12695239015624 22.378047838097643
832.3958333333334 24.12898552086411 22.37839824543588
832.8958333333334 24.130995899221336 22.378760024705436
833.3958333333333 24.13301925773186 22.37911087658937
833.8958333333334 24.13505188957085 22.379471187108408
834.3958333333334 24.137076737623644 22.379823264807584
834.8958333333333 24.139093713248705 22.380184866695608
835.3958333333334 24.14112082058061 22.38053931631413
835.8958333333334 24.143149815626586 22.38090373310841
836.3958333333333 24.14517274194159 22.381261913986705
836.8958333333334 24.14718891198593 22.381626155328966
837.3958333333334 24.14921291739741 22.38199294991213
837.8958333333333 24.151244368590188 22.382352566033195
838.3958333333334 24.153273645087463 22.382722686533864
838.8958333333334 24.155303549727194 22.38308443068645
839.3958333333333 24.157318111051055 22.38345340310357
839.8958333333334 24.159335757426707 22.383820627521004
840.3958333333334 24.161357276562107 22.384186138330314
840.8958333333333 24.163396096866986 22.384556223892027
841.3958333333334 24.165407751461462 22.384919597599197
841.8958333333334 24.167425755764846 22.385292294096054
842.3958333333333 24.16944235808899 22.38566321707504
842.8958333333334 24.171470649290576 22.386037353500605
843.3958333333334 24.1735001252033 22.386407588214784
843.8958333333333 24.175496126095418 22.3867799668716
844.3958333333334 24.177524133611378 22.387155969755774
844.8958333333334 24.179536651907036 22.387527296169477
845.3958333333333 24.181543993129083 22.387900015359804
845.8958333333334 24.18357129520926 22.388275117317686
846.3958333333334 24.185566949700807 22.388651712827617
846.8958333333333 24.18755954887508 22.38902714795506
847.3958333333334 24.18958185338246 22.38940512781921
847.8958333333334 24.19158508205093 22.38977916148341
848.3958333333333 24.193581822567065 22.390157184743916
848.8958333333334 24.19559546849377 22.390540180249907
849.3958333333334 24.197595982357903 22.390924313538008
849.8958333333333 24.199607608731682 22.39130155593617
850.3958333333334 24.20161205984347 22.391685456339133
850.8958333333334 24.203613931753743 22.392063766191956
851.3958333333333 24.20561927062035 22.392452832858364
851.8958333333334 24.207636733165273 22.392841591484462
852.3958333333334 24.20964874097262 22.393224343341863
852.8958333333333 24.211640661348266 22.393613434082276
853.3958333333334 24.213647702889823 22.394000987834705
853.8958333333334 24.21567858221617 22.394390712215994
854.3958333333333 24.217681752013846 22.394780665853105
854.8958333333334 24.219692557130298 22.395180839320737
855.3958333333334 24.221716294363304 22.39557065294118
855.8958333333333 24.223715973371142 22.395965027907735
856.3958333333334 24.225737526761513 22.3963587023354
856.8958333333334 24.227738810209626 22.396752696882956
