FastTrWP/PhaseSpace/IAs/snIa_0.61_30.00_3.31_0.07.csv
# %ECSV 0.9
# ---
# datatype:
# - {name: time-rel, datatype: float64}
# - {name: g, datatype: float64}
# - {name: i, datatype: float64}
# schema: astropy-2.0
time-rel g i
[from data line 2504]
706.0 25.256812623142725 22.71282381152399
706.5 25.258920958863868 22.713511731964733
707.0 25.26100320180791 22.714191998125514
707.5 25.26313779333655 22.714862340042913
708.0 25.265312433162826 22.715546124519648
708.5 25.267489512708448 22.716211517305243
709.0 25.26969197128379 22.71688378534074
709.5 25.27192346487146 22.717567804757902
710.0 25.274181069317297 22.718234889831436
710.5 25.276454962906456 22.718912568841503
711.0 25.27874578638702 22.719587378891966
711.5 25.281072230319523 22.72025579596618
712.0 25.283419656207485 22.72092608516409
712.5 25.28577487575767 22.721598902294232
713.0 25.28816580464443 22.722270594918044
713.5 25.290564356676704 22.72293425642303
714.0 25.293015717274763 22.723601948762273
714.5 25.29547385782289 22.72427118155134
715.0 25.297977302846228 22.72493916589248
715.5 25.300470432348902 22.725601936362054
716.0 25.30302564033225 22.726271578055485
716.5 25.305560620499588 22.726933808648624
717.0 25.308148314616655 22.727594364811416
717.5 25.310771645124234 22.728260215072606
718.0 25.313377443267136 22.728917351688462
718.5 25.316044535594834 22.72958263916611
719.0 25.318759111971172 22.730249809019206
719.5 25.321454993560586 22.73090568461805
720.0 25.324174335225337 22.73156568608919
720.5 25.32695836771177 22.732217868488057
721.0 25.329733057992545 22.73287367265713
721.5 25.332568964133678 22.73353471753287
722.0 25.335394148972984 22.734189861754448
722.5 25.338283661100697 22.73484672716878
723.0 25.341167693738043 22.73549251325837
723.5 25.34411417866457 22.73615044511153
724.0 25.34705462971925 22.736797101984667
724.5 25.350043786067694 22.73745138082386
725.0 25.353028389222896 22.738095648336664
725.5 25.35610070853523 22.738744524855296
726.0 25.359143455954896 22.739397052886655
726.5 25.36229038381962 22.740041008346687
727.0 25.365397836562515 22.740695115855733
727.5 25.368576442183954 22.74133369224542
728.0 25.37177392536044 22.7419840090625
728.5 25.374997184715255 22.742618774738766
729.0 25.37824960308038 22.74326822554599
729.5 25.3815561316256 22.743912967745956
730.0 25.384853886670413 22.744544398573943
730.5 25.38822425919903 22.745183992200776
731.0 25.39160149463389 22.745832022144793
731.5 25.395022079923955 22.746464182032838
732.0 25.3984722487988 22.747106753222027
732.5 25.4019413272346 22.74772997535714
733.0 25.40547099804863 22.748380665120983
733.5 25.40903293707367 22.7490062450617
734.0 25.412594969499306 22.749637518643443
734.5 25.416213226664578 22.750277082127823
735.0 25.419884775883563 22.750904835749928
735.5 25.423565757202034 22.75154426411568
736.0 25.42730105980407 22.752166400965535
736.5 25.431059406131077 22.752796407725103
737.0 25.43486019879795 22.75341927195134
737.5 25.438719763110257 22.754053013861775
738.0 25.442591612960225 22.7546701061004
738.5 25.44650942110401 22.75529682930154
739.0 25.45048016921257 22.755918139985056
739.5 25.454446084662713 22.756542416954236
740.0 25.45850000674254 22.75716340694555
740.5 25.462538459765554 22.75778390975161
741.0 25.466686032345468 22.758404956427643
741.5 25.470817809354045 22.759020976845076
742.0 25.47502779548995 22.759636037319005
742.5 25.479251149688192 22.760245657313718
743.0 25.483510075391838 22.760862191595965
743.5 25.487856726193478 22.761476011198546
744.0 25.492222978648744 22.762094519680126
744.5 25.496643624464777 22.762697090340506
745.0 25.501083770485486 22.76330241150419
745.5 25.505544544559147 22.76391795963264
746.0 25.51011404369705 22.764523001417455
746.5 25.514710419210846 22.76513551109953
747.0 25.51933688494405 22.76573923542637
747.5 25.524012561517118 22.766337907164793
748.0 25.528739882739167 22.76694190114661
748.5 25.533592571052715 22.76753863658064
749.0 25.538485218638094 22.7681338210966
749.5 25.54347468008644 22.768726744987624
750.0 25.54853142529319 22.769325041820153
750.5 25.553642999447845 22.769910535305137
751.0 25.558824468583122 22.770502243254423
751.5 25.564113032283142 22.771079069936707
752.0 25.569463203536024 22.771660068223586
752.5 25.574911101691463 22.77224266187542
753.0 25.58040352464149 22.772807007043525
753.5 25.58598129657151 22.77338614396831
754.0 25.591605658748627 22.77395851514321
754.5 25.597295005654217 22.774530993569414
755.0 25.603108156786618 22.77509647161974
755.5 25.6089882362862 22.775656188927353
756.0 25.61494884550937 22.776223017803684
756.5 25.620895863100884 22.77678976404703
757.0 25.62698447863877 22.777346412260147
757.5 25.633158255332514 22.777902595513627
758.0 25.639392069879385 22.778462249369174
758.5 25.64566765700453 22.779013165799505
759.0 25.652013408066235 22.779573822335124
759.5 25.658458300270503 22.780126020610297
760.0 25.664994239271707 22.780670211540958
760.5 25.671553187578727 22.781224758804136
761.0 25.678147409719077 22.781771294387788
761.5 25.68487608010662 22.7823219298191
762.0 25.69165752063439 22.78286813370905
762.5 25.69853423680574 22.78341296572806
763.0 25.705420256690992 22.783971258518786
763.5 25.71237382349773 22.784506680964856
764.0 25.719418965161992 22.785050804944476
764.5 25.72654292234933 22.785590968494706
765.0 25.7337302188948 22.786137518145317
765.5 25.740943966389747 22.786684527731676
766.0 25.748242646939197 22.78722708159767
766.5 25.755624311611307 22.787772357161607
767.0 25.763070314673044 22.788312649582437
767.5 25.770584386300676 22.78885052279214
768.0 25.77812897908394 22.789394001080918
768.5 25.78575574511623 22.789939080999076
769.0 25.79346178702152 22.790475968246056
769.5 25.801188412648667 22.791017868754793
770.0 25.808956447371315 22.791563619723163
770.5 25.81686767048891 22.79210365110716
771.0 25.824784010320272 22.79264708976431
771.5 25.83276893196617 22.79319151887613
772.0 25.840808874572105 22.793727365760716
772.5 25.848886705414138 22.79428305050952
773.0 25.857041861376203 22.794826124771816
773.5 25.865243619731075 22.79537139218948
774.0 25.873532702080265 22.795920808666395
774.5 25.881837743978856 22.79646369383926
775.0 25.890172863497934 22.797020924084627
775.5 25.898638997613737 22.7975714731919
776.0 25.90709358481452 22.798119081972374
776.5 25.915608110421733 22.798672291571478
777.0 25.92415860245326 22.799222888289165
777.5 25.93278757579619 22.799784293254397
778.0 25.941470131087293 22.800343502567998
778.5 25.950170752756048 22.80089539287353
779.0 25.958896118291758 22.801461025560172
779.5 25.967719073562957 22.80202310646024
780.0 25.97654740386433 22.802582258441646
780.5 25.985450086575774 22.803152160115438
781.0 25.9943039234901 22.803718437642875
781.5 26.003290777647653 22.804286913437362
782.0 26.01226255203118 22.804856832136927
782.5 26.021334710575815 22.805435238674818
783.0 26.03035504563679 22.806008076023055
783.5 26.03944105020978 22.806589587873844
784.0 26.048527184363728 22.807182144534327
784.5 26.057635757815078 22.807756137521412
785.0 26.066807722668557 22.80834939333513
785.5 26.076002647529965 22.8089326606962
786.0 26.08523243532824 22.809526282257046
786.5 26.094453923590137 22.810122998460773
787.0 26.103788873422126 22.81070411947443
787.5 26.113293933863634 22.811308636876998
788.0 26.122837081241435 22.811901118161778
788.5 26.132532210081987 22.812489707186025
789.0 26.1423372712146 22.813078392277028
789.5 26.152227763419486 22.813670701409364
790.0 26.162199802389026 22.814268649315554
790.5 26.172321071312332 22.814863221640017
791.0 26.18260037856111 22.81545310322537
791.5 26.192938631061647 22.81604475263677
792.0 26.2034229746839 22.816636632327292
792.5 26.21397022748151 22.817226164682147
793.0 26.224677709317866 22.817813892116106
793.5 26.23547930447312 22.81840946057505
794.0 26.24637273336303 22.819006969628273
794.5 26.257418575957768 22.819599578608745
795.0 26.268579747960302 22.820189768599462
795.5 26.279886197175305 22.820786976289785
796.0 26.291273402425045 22.821378920823694
796.5 26.302859179705216 22.82197392060806
797.0 26.314408248892324 22.822567752836513
797.5 26.326208566896877 22.82316364818554
798.0 26.33808101376601 22.823767704963238
798.5 26.350076909955558 22.82436431877465
799.0 26.36226084440817 22.82496766707172
799.5 26.374481187694467 22.82556689963442
800.0 26.38689414974625 22.826165728934136
800.5 26.399393950092765 22.826763195613076
801.0 26.41204786438797 22.82737231627799
801.5 26.42482105907632 22.82797416455141
802.0 26.437698531165434 22.828580816266367
802.5 26.45076900425813 22.829186153562716
803.0 26.463924824569702 22.829793792841272
803.5 26.47716386041409 22.830405039224505
804.0 26.490630667526496 22.831011381520593
804.5 26.504194591656844 22.831629909137416
805.0 26.51788805383132 22.832239258880385
805.5 26.531729763257403 22.832849920970347
806.0 26.545668275462795 22.833475309430547
806.5 26.559796546682005 22.834096337213005
807.0 26.574054574143403 22.834707997543763
807.5 26.588428688183498 22.835333432703084
808.0 26.60298730605424 22.835953174875577
808.5 26.61758635546633 22.836590101804486
809.0 26.63242860452085 22.837210660233676
809.5 26.64735002939039 22.837836658484253
810.0 26.66244034914076 22.8384712367586
810.5 26.677692206153118 22.839108449823755
811.0 26.693095446643788 22.83973697079444
811.5 26.70859794855911 22.840379739292835
812.0 26.724219112363294 22.841023466190563
812.5 26.74008002491895 22.84167109344777
813.0 26.756060171782913 22.842305943185714
813.5 26.772163539353553 22.842956529979798
814.0 26.788435295718678 22.843609478568077
814.5 26.804806897572536 22.844266563397547
815.0 26.82138845229719 22.84492299097312
815.5 26.83807766038175 22.845583887678043
816.0 26.854929011080216 22.84624038141058
816.5 26.87188382325433 22.84690437940227
817.0 26.88908588640745 22.847570364775606
817.5 26.90629305309056 22.848247361001878
818.0 26.92379897067991 22.84891132483591
818.5 26.941347640903402 22.849599624578502
819.0 26.9590556097212 22.850269932926118
819.5 26.976934406340046 22.85095021312482
820.0 26.99494982118757 22.851644002217697
