FastTrWP/PhaseSpace/IAs/snIa_0.60_30.00_0.15_0.05.csv
# %ECSV 0.9
# ---
# datatype:
# - {name: time-rel, datatype: float64}
# - {name: g, datatype: float64}
# - {name: i, datatype: float64}
# schema: astropy-2.0
time-rel g i
[from data line 1771]
471.0 25.188125471151885 22.498554585482445
471.5 25.18987950502101 22.49927531684852
472.0 25.19162399393865 22.4999941842246
472.5 25.193408457877673 22.500704945029717
473.0 25.195131775167177 22.501427462596638
473.5 25.196882157152004 22.502148696927193
474.0 25.19866795552381 22.50287079882252
474.5 25.20041810772095 22.503594685434535
475.0 25.20215767482663 22.504320491363128
475.5 25.203913742272963 22.505043587542684
476.0 25.20564322333132 22.50576540905896
476.5 25.20740012794952 22.50649622693413
477.0 25.20914760368882 22.50721948871727
477.5 25.21089274733983 22.50794666776908
478.0 25.212630088841742 22.508671633706708
478.5 25.21439377967063 22.50940326598959
479.0 25.216146486910578 22.510130377289578
479.5 25.217895819099 22.510859724496907
480.0 25.219626433939105 22.511590727333353
480.5 25.221388166287188 22.51232377864333
481.0 25.22315448643431 22.51305536140063
481.5 25.224881832190853 22.51378857315244
482.0 25.22665463804377 22.51452644469165
482.5 25.228378688073118 22.515256762376794
483.0 25.230168249465343 22.51598775522372
483.5 25.23188927597299 22.516729931954483
484.0 25.233641370275105 22.51746199635385
484.5 25.235370432381615 22.518201687690524
485.0 25.23713342011886 22.518936876213647
485.5 25.23887245192133 22.51967793228491
486.0 25.2406339707779 22.520412568005202
486.5 25.24237994146443 22.521147536648847
487.0 25.244132130958445 22.521898277226683
487.5 25.245881866001383 22.52263520225476
488.0 25.247615815070553 22.523371060151163
488.5 25.249388509519854 22.5241180525379
489.0 25.25115846671806 22.52485749518316
489.5 25.2528763021918 22.52560272008566
490.0 25.25462496950425 22.52634791119823
490.5 25.25639581629513 22.527089905924626
491.0 25.258180866490818 22.52783867515687
491.5 25.259925110193258 22.528583113498158
492.0 25.261683164453487 22.52932983836862
492.5 25.263438183719515 22.530081407230224
493.0 25.265194191012537 22.53082045046312
493.5 25.266948396363954 22.53156810857902
494.0 25.2686771310365 22.532325878889825
494.5 25.270450146238353 22.533076534011386
495.0 25.27221101036787 22.533821088179963
495.5 25.27397487241736 22.534570171475963
496.0 25.275734340737095 22.5353192193359
496.5 25.27748270172649 22.536071753735868
497.0 25.279268352245424 22.53681778422386
497.5 25.280997076146875 22.5375828797929
498.0 25.28274352449213 22.5383335150173
498.5 25.284517296603628 22.539093266912865
499.0 25.286291287630164 22.539843119739622
499.5 25.288035747727594 22.540600230121022
500.0 25.28979897165494 22.541360669140094
500.5 25.291581028652725 22.542117575368916
501.0 25.293312491528713 22.542877220266742
501.5 25.295068577933453 22.543635794839236
502.0 25.29681698218717 22.544391137148807
502.5 25.29860357722823 22.545152545274874
503.0 25.30035474531564 22.54591316616722
503.5 25.302089434976708 22.546669960034844
504.0 25.3038722813578 22.547433621863632
504.5 25.30561491961847 22.548197838134246
505.0 25.307365596554607 22.548967407323588
505.5 25.3091370517383 22.54972508819771
506.0 25.31087257180164 22.550494885752187
506.5 25.312642371077935 22.551255105676063
507.0 25.314408479498933 22.552018514620666
507.5 25.3161485921924 22.552789743199085
508.0 25.317905459317792 22.553560916907564
508.5 25.319683078642775 22.554331736177488
509.0 25.32140818703803 22.5550999696878
509.5 25.323163867210635 22.555866348544438
510.0 25.324926974327955 22.556636847091212
510.5 25.32667392440413 22.557404183025685
511.0 25.32843359498637 22.558184066285072
511.5 25.330205597232613 22.558953520263962
512.0 25.33195552784808 22.559733203033225
512.5 25.333717848270272 22.56051112303617
513.0 25.33544333045741 22.561285815308317
513.5 25.337200606578353 22.562056121898607
514.0 25.33894469304359 22.562844898685942
514.5 25.340701421232414 22.563611553967128
515.0 25.342476301076324 22.56439393162223
515.5 25.344217114692672 22.565178848663685
516.0 25.345985116756186 22.56594887496746
516.5 25.34770875110564 22.56672924704324
517.0 25.349495739349162 22.56751574682732
517.5 25.35125205287761 22.568299742094645
518.0 25.353011892963412 22.569079778670616
518.5 25.35473872791186 22.56987120302407
519.0 25.35649016523233 22.570656210761193
519.5 25.35825348887171 22.57144093603729
520.0 25.359991199479765 22.57223609315983
520.5 25.36175792599023 22.573021464269484
521.0 25.363519872958662 22.573804506764535
521.5 25.36527261672441 22.57459437003361
522.0 25.367021647931107 22.57539081103407
522.5 25.368762097919802 22.576178358069438
523.0 25.370500320410713 22.576970936135837
523.5 25.372260581661223 22.57776418430023
524.0 25.374056386887748 22.578562779498533
524.5 25.375793464631155 22.57935581595123
525.0 25.377546689007417 22.580147653053977
525.5 25.37927620702666 22.580950020885663
526.0 25.381086625020757 22.58174519338029
526.5 25.382819856056447 22.582544174078656
527.0 25.38457812593903 22.583344345437283
527.5 25.386324841394867 22.58414346052344
528.0 25.388061511411752 22.584946367294645
528.5 25.38981726835557 22.585746808535315
529.0 25.391584989957757 22.586555061474783
529.5 25.393318478660962 22.587351424439362
530.0 25.395094738205906 22.588163889006346
530.5 25.396811841948058 22.588967391960068
531.0 25.398574349941438 22.589775287828452
531.5 25.4003476987552 22.5905954210411
532.0 25.402118016229554 22.59138747021081
532.5 25.40385240537329 22.592199112939944
533.0 25.405600991563944 22.59301864741163
533.5 25.407392175877163 22.593831802548276
534.0 25.40914153873716 22.59464637268854
534.5 25.41087116052224 22.595453777306524
535.0 25.412629402380897 22.596267972653624
535.5 25.41437206295428 22.597086912377392
536.0 25.41613635808428 22.59790192031902
536.5 25.417895189622616 22.59871846878085
537.0 25.41967100984965 22.59953785118563
537.5 25.421409040054577 22.6003572849513
538.0 25.423134723266223 22.60117793849674
538.5 25.42490073654762 22.602002171492867
539.0 25.42666801415792 22.602814979049114
539.5 25.428415308418316 22.60364419461512
540.0 25.43017145235146 22.60447135905753
540.5 25.43192832942879 22.605293544763
541.0 25.43364600701594 22.606115401056
541.5 25.435445584952102 22.6069373542871
542.0 25.437166785987046 22.607764024650322
542.5 25.43894515474948 22.608596914235342
543.0 25.440686602737124 22.60942089465271
543.5 25.442434362040927 22.610254370366157
544.0 25.444165312949668 22.61109096450989
544.5 25.445937851727006 22.611910437715412
545.0 25.44770451383465 22.612755125067522
545.5 25.44943832326487 22.61358077986326
546.0 25.451173488981034 22.614418384283717
546.5 25.452909451332314 22.615243208580527
547.0 25.45467748224805 22.616087849120238
547.5 25.456391879905578 22.61692736524589
548.0 25.45815103047157 22.617763691663207
548.5 25.459891959679982 22.618608846755286
549.0 25.461673036052908 22.619447354915685
549.5 25.463393829032373 22.62028181837955
550.0 25.465143403140445 22.621124426715046
550.5 25.46689029181247 22.621970184243278
551.0 25.468638566396784 22.622818814134167
551.5 25.470389553730218 22.623653787131843
552.0 25.472112471370593 22.62450159780549
552.5 25.473878822520536 22.62535086412635
553.0 25.475626594652738 22.62619970101295
553.5 25.477406080394765 22.627056409830747
554.0 25.479119554761912 22.627891638331032
554.5 25.48086900395711 22.62873850995252
555.0 25.48261141199868 22.629590935143582
555.5 25.484328145911537 22.630448183879693
556.0 25.48608217966578 22.63130930002304
556.5 25.487833630335768 22.63216683451217
557.0 25.489585732077774 22.63302241788835
557.5 25.49131329821037 22.633873061295052
558.0 25.493057869281035 22.63473823927569
558.5 25.494826909487994 22.635593799496974
559.0 25.496540108280612 22.636452256046717
559.5 25.498304716192397 22.637315416427583
560.0 25.500047002659358 22.63817808062391
560.5 25.501799194233946 22.63904934902812
561.0 25.503536335561424 22.63990615618755
561.5 25.505289774140504 22.64077505759529
562.0 25.5069935078173 22.641648406562194
562.5 25.508770925685717 22.642512044747278
563.0 25.510485775695287 22.643380053173697
563.5 25.512224187516665 22.64425563738403
564.0 25.513961068588532 22.645124922979093
564.5 25.515728960928612 22.645996159622833
565.0 25.517467482037027 22.646874321638432
565.5 25.519192926717214 22.647747947037608
566.0 25.520952271146285 22.648619858200647
566.5 25.522669910774972 22.64950089358281
567.0 25.524421709212422 22.65038015487921
567.5 25.52617933236123 22.651254029314632
568.0 25.52789455660148 22.65213835031927
568.5 25.529625427184932 22.65302042833627
569.0 25.53138765495751 22.653916108948696
569.5 25.533119093917623 22.654792929512023
570.0 25.534842452004174 22.655677171617164
570.5 25.53661470482602 22.65657224349798
571.0 25.538322441753113 22.65745857753742
571.5 25.5400783453951 22.658343566196578
572.0 25.541834847644648 22.65923130476343
572.5 25.54355695515515 22.660132663445765
573.0 25.545302715965917 22.66101271232329
573.5 25.547023299612775 22.661916658214686
574.0 25.548763655767843 22.662816596145984
574.5 25.550507244079 22.66371446911615
575.0 25.552227991565776 22.664612990908523
575.5 25.553973942469398 22.66550349519211
576.0 25.55571337013422 22.66640924054679
576.5 25.557440148779964 22.667310294252616
577.0 25.559177374091707 22.66821731710282
577.5 25.56088939082524 22.669116368492833
578.0 25.56267329603886 22.670020972189228
578.5 25.564381847582183 22.670934647226893
579.0 25.566076862279623 22.671834583143358
579.5 25.56785352606977 22.67274414685218
580.0 25.569584241855736 22.673658926683032
580.5 25.571299652985854 22.67456366080744
581.0 25.573039891699445 22.67547891731035
581.5 25.574748343598888 22.676391382638293
582.0 25.576497016107062 22.677308199459404
582.5 25.578218509779504 22.678228950165618
583.0 25.579971801670137 22.679139663697466
583.5 25.581641765705776 22.680056712979095
584.0 25.583399148403196 22.68098813021912
584.5 25.58512890502282 22.681899115802274
585.0 25.586844912085954 22.682820424893503
585.5 25.588568025240754 22.683745918325947
586.0 25.59030747981828 22.684675011142378
586.5 25.59202409306262 22.685599182455526
587.0 25.593752734439768 22.686524088226946
587.5 25.59549037372305 22.68745574680117
588.0 25.597213531081174 22.688382674310716
588.5 25.59891815136931 22.68930936625081
589.0 25.600622221684706 22.690250115850997
589.5 25.60234539461711 22.691178800150645
590.0 25.604081484187198 22.692106578429005
590.5 25.605803325915012 22.693048479965427
591.0 25.607523021550644 22.693980302571724
591.5 25.60922863143243 22.694929144606757
592.0 25.61099464120868 22.695864804955306
592.5 25.612676728120277 22.69680536390677
593.0 25.614410214206632 22.69773945846147
593.5 25.616089919473414 22.6986842027488
594.0 25.61782840799539 22.699626208322044
594.5 25.61956040772411 22.700573705257447
595.0 25.621274862395932 22.70152630048743
595.5 25.622972865480463 22.702474170909323
596.0 25.62468514234815 22.703424002321604
596.5 25.626385529363947 22.704368779723815
597.0 25.628120034466242 22.705320882492018
597.5 25.62984399022689 22.70626839292573
598.0 25.631539100149094 22.707225171189922
598.5 25.63326728367762 22.708188055035784
599.0 25.634946864658158 22.70914242373145
599.5 25.63669837171822 22.710099328963416
600.0 25.638416140368744 22.711058611796066
600.5 25.640118853643138 22.71202667644502
601.0 25.641815317597203 22.71297867601309
601.5 25.643532988389374 22.713952237576404
602.0 25.645250816373526 22.714915110736868
602.5 25.646938647398045 22.715881269169774
603.0 25.648636426423845 22.71684066931261
603.5 25.650345102920987 22.7178038990008
604.0 25.652038919240788 22.718777365032192
604.5 25.653775885682784 22.719758277718334
605.0 25.655500072111916 22.720712531104056
605.5 25.657192464174333 22.72169336450546
606.0 25.65888521090396 22.72266204783333
606.5 25.660624442618914 22.723642707690033
607.0 25.662319760957747 22.724615540935552
607.5 25.664012945103913 22.725595319764686
608.0 25.665709270768676 22.72657718302213
608.5 25.667425215934703 22.72755278729194
609.0 25.669118233370188 22.728541564624184
609.5 25.670822344799575 22.729529094399897
610.0 25.67253288423599 22.730518285549493
610.5 25.674238457339694 22.731499308681407
611.0 25.675980257087048 22.732479908330085
611.5 25.677670616939608 22.733472794912917
612.0 25.679350332787916 22.734466951600435
612.5 25.68105592680659 22.735461160730686
613.0 25.6827099763732 22.736449079714575
613.5 25.684397225414074 22.73745314914755
614.0 25.686112558879937 22.73844742706922
614.5 25.687813251727082 22.739462775044625
615.0 25.689493866921143 22.740462829214515
615.5 25.691201738149022 22.741461659897865
616.0 25.692880446241062 22.742475549316403
616.5 25.694571051028873 22.743479379074437
617.0 25.696284274886057 22.74450073255579
617.5 25.69792202330199 22.745511869242986
618.0 25.699626830688995 22.74653014255311
618.5 25.701307476446893 22.74754476072738
619.0 25.702972869181757 22.748561574104542
619.5 25.704680932469188 22.74958447680714
620.0 25.7063734335042 22.750616054868466
620.5 25.708029486852524 22.751632650132834
621.0 25.709739964517254 22.752654216396508
621.5 25.711359055664268 22.753683752288005
622.0 25.71305745821698 22.75472082139558
622.5 25.714748323732117 22.755747872190764
623.0 25.716406663743065 22.75677621272669
623.5 25.718076156628218 22.75780871036138
624.0 25.71975105212488 22.758845653198364
624.5 25.72144607857926 22.759878660676677
625.0 25.72311815581948 22.760912738736106
625.5 25.72474926149397 22.76195342252756
626.0 25.726454561522687 22.762986405123073
626.5 25.728130506649357 22.76403382745866
627.0 25.729785588292895 22.765075204198087
627.5 25.731462279891694 22.766120192794443
628.0 25.73312578970431 22.767165384358496
628.5 25.73475819797793 22.76820909332814
629.0 25.736452188299943 22.769253219528537
629.5 25.738095258233926 22.770304978469916
630.0 25.739787123650824 22.77134772046702
630.5 25.741450788431237 22.772403722815152
631.0 25.743132433655347 22.773456543671678
631.5 25.744798858648124 22.774508844743266
632.0 25.746424782565377 22.775551982502037
632.5 25.74812432519922 22.77660175064893
633.0 25.749764052221554 22.77766269601518
633.5 25.751412968538222 22.778715438544786
634.0 25.753087873514367 22.779764165215106
634.5 25.754769599128707 22.780826810224415
635.0 25.756409241111314 22.781882617437578
635.5 25.758060405160727 22.78294636948496
636.0 25.75972896423577 22.78399130628462
636.5 25.76141457819899 22.78505396942105
637.0 25.76307601826054 22.786105098438885
637.5 25.764723728966157 22.78717277250034
638.0 25.766392513723698 22.78822493020444
638.5 25.768067344852454 22.789285486853593
639.0 25.769683859311343 22.790352975947382
639.5 25.771360689000797 22.79141009636969
640.0 25.773023557182984 22.792467563210437
640.5 25.774666089799545 22.793538241105658
641.0 25.776311707067944 22.794597780365073
641.5 25.778018725867845 22.795654928263566
642.0 25.779668219710572 22.796718723599476
642.5 25.78130384620141 22.797782566279853
643.0 25.782988550916404 22.798837005908588
643.5 25.78465141586191 22.799899342069033
644.0 25.786320803452114 22.800965496570164
644.5 25.78797829556747 22.802023986682187
645.0 25.78961019183602 22.80308208310634
645.5 25.79131032322011 22.80415671838957
646.0 25.79299327285888 22.80520680327989
646.5 25.79463750239537 22.80627346152687
647.0 25.796321687587795 22.80732943833631
647.5 25.797974307250975 22.80838744466901
648.0 25.79964735272153 22.809445349524076
648.5 25.8013048505656 22.81050455605301
649.0 25.80297563113614 22.811567185368986
649.5 25.804652864085877 22.812622399849573
650.0 25.806324807567066 22.813685833447686
650.5 25.80797088972254 22.814741014369645
651.0 25.809660601388295 22.815804440950664
651.5 25.811319398755565 22.816865565250623
652.0 25.813001401901428 22.81792771689377
652.5 25.814614726388147 22.81899235135333
653.0 25.81632082717001 22.820059805527094
653.5 25.817966845425545 22.82112155148241
654.0 25.819607726337317 22.822192863973136
654.5 25.821313363541467 22.82325619715393
655.0 25.822980119671758 22.82432523148868
