FastTrWP/PhaseSpace/IAs/snIa_0.4_20_1_0.0.csv
# %ECSV 0.9
# ---
# datatype:
# - {name: time-rel, datatype: float64}
# - {name: g, datatype: float64}
# - {name: i, datatype: float64}
# schema: astropy-2.0
time-rel g i
[from data line 831]
400.3958333333333 -26.976292234565086 -27.566498342989973
400.8958333333333 -26.975944385890877 -27.56690033684051
401.39583333333326 -26.97559359101156 -27.567298319652103
401.8958333333333 -26.975236642635192 -27.567687196738593
402.3958333333333 -26.974883815211204 -27.56807481395567
402.89583333333326 -26.974519241248508 -27.568466110434603
403.3958333333333 -26.974155729667856 -27.568854213843
403.8958333333333 -26.973788493928012 -27.56923648834372
404.39583333333326 -26.97341222237663 -27.569618637127537
404.8958333333333 -26.973034938616735 -27.56999790419694
405.3958333333333 -26.972655985631064 -27.570372294218352
405.89583333333326 -26.97227300113655 -27.570746045467743
406.3958333333333 -26.9718786462647 -27.571118380767068
406.8958333333333 -26.971494289157484 -27.57148422611701
407.39583333333326 -26.971100352426397 -27.571845265673
407.8958333333333 -26.970696575449104 -27.572214823470244
408.3958333333333 -26.970297567888345 -27.57257023552671
408.89583333333326 -26.969894162488046 -27.57292344012855
409.3958333333333 -26.969478502030093 -27.573275479708936
409.8958333333333 -26.969063132929627 -27.57363246319255
410.39583333333326 -26.968653232444694 -27.57397733284073
410.8958333333333 -26.968223384584327 -27.57432592238739
411.3958333333333 -26.967791838643507 -27.57467394697484
411.89583333333326 -26.96736774791998 -27.57501212074515
412.3958333333333 -26.966937721562307 -27.575349178313058
412.8958333333333 -26.966492912158163 -27.575680368065676
413.39583333333326 -26.96605315945137 -27.576010584069127
413.8958333333333 -26.96561535054547 -27.576340624210406
414.3958333333333 -26.965160103436318 -27.576673196089168
414.89583333333326 -26.96471048658172 -27.57699711293533
415.3958333333333 -26.96425660320743 -27.577316331656185
415.8958333333333 -26.963793503377012 -27.577636430410678
416.39583333333326 -26.963328744230353 -27.577956714295233
416.8958333333333 -26.962858754117086 -27.578261789845243
417.3958333333333 -26.962378250237684 -27.578574485889348
417.89583333333326 -26.9619003200272 -27.57888401959747
418.3958333333333 -26.961430657737555 -27.57918649225728
418.8958333333333 -26.9609381960605 -27.579490006331113
419.39583333333326 -26.960447877714383 -27.579784609163962
419.8958333333333 -26.959947769206913 -27.58007930822869
420.3958333333333 -26.959464360895396 -27.58037691767353
420.89583333333326 -26.958962193248965 -27.580659009133377
421.3958333333333 -26.958459278665284 -27.58095261711177
421.8958333333333 -26.957963513001836 -27.58123612695567
422.39583333333326 -26.957433038179115 -27.581517737804408
422.8958333333333 -26.956917983828667 -27.581796438761174
423.3958333333333 -26.956397830376485 -27.582072615941925
423.89583333333326 -26.955866415387867 -27.582345587461056
424.3958333333333 -26.9553373545001 -27.582618412781738
424.8958333333333 -26.95480290305188 -27.582892423027484
425.39583333333326 -26.954270312153533 -27.5831524656692
425.8958333333333 -26.95372444883573 -27.583413831935978
426.3958333333333 -26.953179257368753 -27.58366507092688
426.89583333333326 -26.952627500484127 -27.583923140803982
427.3958333333333 -26.95208072471423 -27.584177768622578
427.8958333333333 -26.951517031211402 -27.584428929708306
428.39583333333326 -26.95095596326464 -27.584673936787524
428.8958333333333 -26.95038724601241 -27.584917730049998
429.3958333333333 -26.949814298449407 -27.585157443302137
429.89583333333326 -26.949231150196322 -27.585397894777543
430.3958333333333 -26.948654043286577 -27.58563616406652
430.8958333333333 -26.948070250439265 -27.585869373867553
431.39583333333326 -26.94748525351281 -27.58610255642894
431.8958333333333 -26.946891762122256 -27.586317085093242
432.3958333333333 -26.946290203438267 -27.58653833490202
432.89583333333326 -26.945677677418995 -27.58675856815799
433.3958333333333 -26.945070623691826 -27.586979277027343
433.8958333333333 -26.94445430964698 -27.587183924386117
434.39583333333326 -26.943835943147008 -27.587392562788775
434.8958333333333 -26.94320022565392 -27.587602038670667
435.3958333333333 -26.94256349326464 -27.58779673144501
435.89583333333326 -26.9419230596855 -27.587991587559255
436.3958333333333 -26.941273282039376 -27.58819177407407
436.8958333333333 -26.94062581667039 -27.588384051874883
437.39583333333326 -26.93996812960072 -27.58856548372247
437.8958333333333 -26.9393080730045 -27.588751272775745
438.3958333333333 -26.938638635255884 -27.588931588763867
438.89583333333326 -26.937965518128777 -27.58911168037197
439.3958333333333 -26.937297130576457 -27.589282544876692
439.8958333333333 -26.93660917467712 -27.589457805743148
440.39583333333326 -26.935922634488136 -27.58962820847447
440.8958333333333 -26.935230665791504 -27.589795109573764
441.3958333333333 -26.934526011133425 -27.58994924180346
441.89583333333326 -26.93383076828264 -27.590114038765808
442.3958333333333 -26.933129343800584 -27.590271149492995
442.8958333333333 -26.932417208085408 -27.590424295647907
443.39583333333326 -26.93169855962473 -27.590572964748574
443.8958333333333 -26.93098956182758 -27.59072399346359
444.3958333333333 -26.93026532748917 -27.590869998889808
444.89583333333326 -26.929529800036835 -27.591023527293935
445.3958333333333 -26.92880485932769 -27.59116039547461
445.8958333333333 -26.928073721177036 -27.591295214593924
446.39583333333326 -26.927332040462765 -27.591435277421823
446.8958333333333 -26.92659136241221 -27.591567276970622
447.3958333333333 -26.925841983485256 -27.591698981293256
447.89583333333326 -26.925099104846794 -27.591820041580775
448.3958333333333 -26.92434298614191 -27.591954607669116
448.8958333333333 -26.92359072060572 -27.5920820573673
449.39583333333326 -26.922831317237375 -27.592199666112634
449.8958333333333 -26.922072026002 -27.592323822842882
450.3958333333333 -26.921298119697962 -27.59244107504651
450.89583333333326 -26.920530885870086 -27.59255968594428
451.3958333333333 -26.919759291717117 -27.592677694838166
451.8958333333333 -26.91899362852894 -27.592783202379877
452.39583333333326 -26.918208474654644 -27.59289262505396
452.8958333333333 -26.917429225179692 -27.59300321556022
453.3958333333333 -26.916639030494856 -27.593108180426324
453.89583333333326 -26.91585620562618 -27.59321082480474
454.3958333333333 -26.915074169601006 -27.59331015075759
454.8958333333333 -26.914282798113454 -27.59341722636489
455.39583333333326 -26.913481159482057 -27.593507394781668
455.8958333333333 -26.912694793451735 -27.593611454305357
456.3958333333333 -26.911892453621714 -27.593710373504514
456.89583333333326 -26.911096028515043 -27.593803836650196
457.3958333333333 -26.91029355866185 -27.593898957338364
457.8958333333333 -26.909493234389366 -27.593985960631905
458.39583333333326 -26.908703787963045 -27.59407343770014
458.8958333333333 -26.907887586459253 -27.594161927456792
459.3958333333333 -26.9070799222095 -27.59425152534957
459.89583333333326 -26.90626793467419 -27.594334256711583
460.3958333333333 -26.905459270013846 -27.594424959549137
460.8958333333333 -26.90464929945922 -27.59451211465835
461.39583333333326 -26.90383709797542 -27.59458999043465
461.8958333333333 -26.90302140419988 -27.594668088295485
462.3958333333333 -26.90220176761427 -27.594749698106607
462.89583333333326 -26.90138857298213 -27.594830385812536
463.3958333333333 -26.90057424274354 -27.594903707092765
463.8958333333333 -26.89975854508084 -27.594978432195152
464.39583333333326 -26.898932980319913 -27.595058334442943
464.8958333333333 -26.898120618822823 -27.59513381761419
465.3958333333333 -26.897294945351945 -27.595203215066128
465.89583333333326 -26.89646651633785 -27.59528012662519
466.3958333333333 -26.895640171202125 -27.595340639787736
466.8958333333333 -26.894806443562523 -27.59541271441433
467.39583333333326 -26.893971609929864 -27.595474480507036
467.8958333333333 -26.893124360396826 -27.595534290127972
468.3958333333333 -26.89227452652077 -27.59559305176414
468.89583333333326 -26.89143924416451 -27.595648795854476
469.3958333333333 -26.890571837711484 -27.595708423811416
469.8958333333333 -26.889722883517862 -27.595759125074135
470.39583333333326 -26.888864482230126 -27.59580724770432
470.8958333333333 -26.888003001581822 -27.59585449372155
471.3958333333333 -26.88713586662397 -27.59589594454279
471.89583333333326 -26.886262065088186 -27.595941812493727
472.3958333333333 -26.885393449191774 -27.595983514268674
472.8958333333333 -26.884513914844355 -27.5960247977088
473.39583333333326 -26.88363181045533 -27.596054482767066
473.8958333333333 -26.88275220566075 -27.59609054578618
474.3958333333333 -26.881856521880923 -27.596118646572485
474.89583333333326 -26.880972024338696 -27.596157436902324
475.3958333333333 -26.880095513966364 -27.596183144993663
475.8958333333333 -26.879197829832727 -27.596210980533087
476.39583333333326 -26.878296121117042 -27.596237089143756
476.8958333333333 -26.87739045107908 -27.59626739395639
477.3958333333333 -26.876502510788836 -27.59628820728644
477.89583333333326 -26.87558703007097 -27.596305789549582
478.3958333333333 -26.87467368847381 -27.59632900311399
478.8958333333333 -26.873761402832255 -27.596340195885446
479.39583333333326 -26.872848138897417 -27.596368892065225
479.8958333333333 -26.87193887279023 -27.59637357919779
480.3958333333333 -26.871026711359313 -27.596387738687724
480.89583333333326 -26.87010668051847 -27.596393220207197
481.3958333333333 -26.86917826988674 -27.596403444019817
481.8958333333333 -26.86825933094433 -27.59641215038411
482.39583333333326 -26.867334096457533 -27.596419265087214
482.8958333333333 -26.86640755421717 -27.596428950774627
483.3958333333333 -26.86547022458548 -27.59643269825054
483.89583333333326 -26.864546741541965 -27.596425704337072
484.3958333333333 -26.86360453576727 -27.59643822192896
484.8958333333333 -26.862686352887295 -27.596439340564807
485.39583333333326 -26.861746351956842 -27.596436567089064
485.8958333333333 -26.860809495048848 -27.59643227155625
486.3958333333333 -26.859871404465 -27.596426527891765
486.89583333333326 -26.858936399789492 -27.596429669740154
487.3958333333333 -26.857991712990593 -27.596417045639953
487.8958333333333 -26.857050559722264 -27.59641015272461
488.39583333333326 -26.856116349792106 -27.596400361041766
488.8958333333333 -26.855166364993778 -27.596393631438076
489.3958333333333 -26.854212185593347 -27.596382641287036
489.89583333333326 -26.853267134656605 -27.596374614131825
490.3958333333333 -26.852324233921536 -27.596363647128726
490.8958333333333 -26.85137384548461 -27.596349454367473
491.39583333333326 -26.850426217456974 -27.59634416263768
491.8958333333333 -26.84947012153119 -27.59632361074899
492.3958333333333 -26.848531513545627 -27.5963103229407
492.89583333333326 -26.84758095726441 -27.596293430742
493.3958333333333 -26.84662550553326 -27.596276555259877
493.8958333333333 -26.845676518438538 -27.596255761968113
494.39583333333326 -26.844726144439104 -27.596244754733302
494.8958333333333 -26.843775159887223 -27.596221125887872
495.3958333333333 -26.842823933508754 -27.596201457230407
495.89583333333326 -26.84187946962453 -27.596188642124275
496.3958333333333 -26.84091708576331 -27.596166962827695
496.8958333333333 -26.83997350669354 -27.596137463525547
497.3958333333333 -26.839019762240575 -27.596122102329318
497.8958333333333 -26.838073985312253 -27.596100295006664
498.3958333333333 -26.837122480586512 -27.596086535607185
498.8958333333333 -26.836170105381303 -27.59605537141308
499.3958333333333 -26.83522862312238 -27.596035805618897
499.8958333333333 -26.834271081537743 -27.59601794664579
500.3958333333333 -26.833309812178435 -27.595984661967634
500.8958333333333 -26.832354426591884 -27.595966233675444
501.3958333333333 -26.831408695339427 -27.595934746275155
501.8958333333333 -26.83043807535646 -27.59590388476736
502.3958333333333 -26.829475073522747 -27.59587900221156
502.8958333333333 -26.828526995172723 -27.595841067021855
503.3958333333333 -26.827558301099774 -27.59581592446308
503.8958333333333 -26.826599737823496 -27.59578267676657
504.3958333333333 -26.825630882730714 -27.59574522297857
504.8958333333333 -26.824664311981735 -27.595711116459434
505.3958333333333 -26.823693634835376 -27.595673127535633
505.8958333333333 -26.822721681330357 -27.595637891438027
506.3958333333333 -26.821757310014473 -27.595599315363067
506.8958333333333 -26.820780709739488 -27.595559604566063
507.3958333333333 -26.819812798353183 -27.595519641522053
507.8958333333333 -26.818839568241934 -27.59547876804568
508.3958333333333 -26.817866928339825 -27.595436256810274
508.8958333333333 -26.816886219430426 -27.59539290951077
509.3958333333333 -26.815906690185475 -27.595349352717005
509.8958333333333 -26.81492135243211 -27.595293457097885
510.3958333333333 -26.813945127369255 -27.59525690436645
510.8958333333333 -26.812947165045856 -27.595198262072618
511.3958333333333 -26.811975732816464 -27.59515316233708
511.8958333333333 -26.81099800849151 -27.59510279615561
512.3958333333334 -26.810001258483705 -27.59505451693297
512.8958333333334 -26.80901654955366 -27.594999473681113
513.3958333333334 -26.808039104107806 -27.59494496023464
513.8958333333334 -26.807049426830638 -27.59488917120376
514.3958333333334 -26.806056231262527 -27.594835017225602
514.8958333333334 -26.805058894122354 -27.59478056782632
515.3958333333334 -26.80406381510306 -27.594721351838967
515.8958333333334 -26.803072717949405 -27.594661649602834
516.3958333333334 -26.80207365711397 -27.594608878187984
516.8958333333334 -26.801081260765322 -27.594544039918034
517.3958333333334 -26.800070728510605 -27.59447205817836
517.8958333333334 -26.799081529289968 -27.594423256668964
518.3958333333334 -26.79808617090042 -27.594354938261393
518.8958333333334 -26.79708105700059 -27.594289570961195
519.3958333333334 -26.796078118326598 -27.594223659655825
519.8958333333334 -26.795065130787243 -27.594152423080146
520.3958333333334 -26.79406228810009 -27.594087776771733
520.8958333333334 -26.793060944691916 -27.594023921429248
521.3958333333334 -26.792062738467525 -27.59395075546953
521.8958333333334 -26.791042322470098 -27.59387448639927
522.3958333333334 -26.790032879789155 -27.593804918426184
522.8958333333334 -26.78901490814253 -27.59372537983998
523.3958333333334 -26.7880161439726 -27.59366202728237
523.8958333333334 -26.78699623178567 -27.59357938516876
524.3958333333334 -26.785981723778498 -27.593505910857363
524.8958333333334 -26.784970825700288 -27.593434321596277
525.3958333333334 -26.78395017717412 -27.593347864612333
525.8958333333334 -26.7829360515622 -27.593273636297496
526.3958333333334 -26.781918689932862 -27.593193008935827
526.8958333333334 -26.780894599868454 -27.593111998717028
527.3958333333334 -26.77987980247618 -27.593036998643793
527.8958333333334 -26.77885678512998 -27.59294932340748
528.3958333333334 -26.777827448588823 -27.59287099637514
528.8958333333334 -26.776807246347833 -27.59277683284056
529.3958333333334 -26.77578551792863 -27.59269438615928
529.8958333333334 -26.774760179410563 -27.592607504442263
530.3958333333334 -26.773731044240773 -27.59252777488422
530.8958333333334 -26.77270249025875 -27.59243225087829
531.3958333333334 -26.77168216629486 -27.592341465740155
531.8958333333334 -26.770647119976665 -27.592253689546247
532.3958333333334 -26.769615184045147 -27.592162730232324
532.8958333333334 -26.76858120705521 -27.59207204448365
533.3958333333334 -26.767548924099565 -27.591978931062332
533.8958333333334 -26.766504632372417 -27.591884976147565
534.3958333333334 -26.765477577237515 -27.59178402493298
534.8958333333334 -26.7644377971747 -27.591695571277146
535.3958333333334 -26.76340057869684 -27.591592967382077
535.8958333333334 -26.76235355109379 -27.591496227343853
536.3958333333334 -26.761322859057778 -27.591390474817285
536.8958333333334 -26.76026349369332 -27.591293901547434
537.3958333333334 -26.759228683796575 -27.59119781147511
537.8958333333334 -26.758186275167326 -27.591090803551317
538.3958333333334 -26.757142751531177 -27.590984733134285
538.8958333333334 -26.756093097034444 -27.590882066442504
