FastTrWP/PhaseSpace/IAs/snIa_0.41_30.00_2.22_0.07.csv
# %ECSV 0.9
# ---
# datatype:
# - {name: time-rel, datatype: float64}
# - {name: g, datatype: float64}
# - {name: i, datatype: float64}
# schema: astropy-2.0
time-rel g i
[from data line 865]
588.7916666666666 23.091916833274556 22.34789969241359
589.2916666666666 23.092195942318163 22.34747138118294
589.7916666666666 23.092478515639762 22.347043186091184
590.2916666666666 23.09276285346322 22.346618759048052
590.7916666666666 23.09304267801586 22.346189606752453
591.2916666666666 23.093323347324038 22.3457698479554
591.7916666666666 23.093604982422818 22.34534130530441
592.2916666666666 23.093890937782152 22.344928971983975
592.7916666666666 23.094174772389998 22.344504456093826
593.2916666666666 23.094458827313545 22.344083840993786
593.7916666666666 23.094742669923875 22.343662422990278
594.2916666666666 23.09502106185366 22.343245030896163
594.7916666666666 23.095301393894843 22.342833103777302
595.2916666666666 23.09560034351211 22.342412418900047
595.7916666666666 23.095897923639125 22.34199906202577
596.2916666666666 23.096188364111505 22.341586324579655
596.7916666666666 23.096485873573634 22.341171578245067
597.2916666666666 23.09678387812021 22.34076436534407
597.7916666666666 23.097086163766477 22.340359238596264
598.2916666666666 23.097395038832843 22.33996074553247
598.7916666666666 23.097697083317904 22.3395575210766
599.2916666666666 23.098001026137403 22.339157537908136
599.7916666666666 23.098318606006373 22.33875127531355
600.2916666666666 23.09863358034647 22.3383593131106
600.7916666666666 23.098950578419664 22.337956593589112
601.2916666666666 23.099277490187987 22.33756685040823
601.7916666666666 23.099593206141673 22.337173330233306
602.2916666666666 23.09991741052675 22.33678299389372
602.7916666666666 23.100249233949654 22.336393825699496
603.2916666666666 23.100565098097103 22.336000523434137
603.7916666666666 23.100907620668263 22.33562079407968
604.2916666666666 23.10124159167622 22.335240558630236
604.7916666666666 23.10157880845537 22.334853202964933
605.2916666666666 23.10192375645331 22.33447522243544
605.7916666666666 23.102261732733925 22.33410081443171
606.2916666666666 23.102604977639437 22.3337129156309
606.7916666666666 23.102964272357184 22.33333814855573
607.2916666666666 23.103302599359168 22.33297213341011
607.7916666666666 23.103666500290537 22.33259965787031
608.2916666666666 23.104027853272086 22.332228088387875
608.7916666666666 23.104378735941843 22.33185606542525
609.2916666666666 23.104739281433528 22.33149319412609
609.7916666666666 23.10510395451356 22.331129684827104
610.2916666666666 23.105464702060257 22.33077289283774
610.7916666666666 23.10584301796697 22.33040658625708
611.2916666666666 23.106211236811003 22.330051164539473
611.7916666666666 23.1065911749879 22.329694456810195
612.2916666666666 23.106973873835614 22.32933942187863
612.7916666666666 23.10735045326886 22.328981991046092
613.2916666666666 23.107730838955444 22.328636334026445
613.7916666666666 23.10811467014406 22.328282662313836
614.2916666666666 23.108505630800067 22.327937446602924
614.7916666666666 23.10890108279871 22.327592495203312
615.2916666666666 23.10929364452359 22.327253733074933
615.7916666666666 23.109686028979596 22.326912173576154
616.2916666666666 23.110097083221206 22.326568886499185
616.7916666666666 23.110494837163124 22.326238892625717
617.2916666666666 23.11091154582019 22.325897533583063
617.7916666666666 23.111307748624874 22.325562827023795
618.2916666666666 23.111718834419158 22.325238503655353
618.7916666666666 23.112142366726385 22.32490797207832
619.2916666666666 23.11255916886023 22.324574163631183
619.7916666666666 23.112989873817572 22.324244547008327
620.2916666666666 23.113401653113254 22.3239271346899
620.7916666666666 23.113834314725775 22.323607521786208
621.2916666666666 23.114260577278266 22.323284970586048
621.7916666666666 23.11469441763648 22.322967544894958
622.2916666666666 23.115127329912074 22.32265383808575
622.7916666666666 23.11557106581091 22.32234553894825
623.2916666666666 23.116014215094314 22.322030005553557
623.7916666666666 23.116450269051832 22.32171715719124
624.2916666666666 23.11690488244377 22.321409701906333
624.7916666666666 23.117342585443666 22.3211018192239
625.2916666666666 23.117808519833112 22.320802669027543
625.7916666666666 23.118256973844126 22.320494491670672
626.2916666666666 23.118711806854392 22.320203277284506
626.7916666666666 23.119179197062522 22.319904494338665
627.2916666666666 23.11964319890736 22.31960844781433
627.7916666666666 23.12011085860825 22.319313239702183
628.2916666666666 23.120582710337377 22.319021579873713
628.7916666666666 23.121058358781774 22.318730200655274
629.2916666666666 23.12153991831582 22.318453084076854
629.7916666666666 23.12201572346988 22.31816543952046
630.2916666666666 23.122497644272933 22.317885208925453
630.7916666666666 23.1229887195728 22.31759904969938
631.2916666666666 23.12348180000669 22.317317555235363
631.7916666666666 23.12396322502048 22.317049003652457
632.2916666666666 23.124464569259956 22.316765858952103
632.7916666666666 23.124957707034817 22.31648388408633
633.2916666666666 23.125455292435063 22.316216972683133
633.7916666666666 23.125960422377698 22.315940148872777
634.2916666666666 23.12646905108853 22.315674189273594
634.7916666666666 23.126974300645667 22.315403746648094
635.2916666666666 23.1274916721395 22.31514583208282
635.7916666666666 23.128006939806006 22.3148760013224
636.2916666666666 23.128522044544226 22.314618803452703
636.7916666666666 23.129045362452118 22.314356471702617
637.2916666666666 23.129568911276483 22.31409647279884
637.7916666666666 23.130096052745284 22.313841924769715
638.2916666666666 23.130622157141268 22.313585615648318
638.7916666666666 23.13115721758997 22.313334931791413
639.2916666666666 23.1317020190601 22.313076061771802
639.7916666666666 23.13224361737179 22.312840384053136
640.2916666666666 23.132786036297244 22.31258934804118
640.7916666666666 23.133321947076276 22.312345901400672
641.2916666666666 23.133862301447717 22.31210118111718
641.7916666666666 23.134416299415115 22.311856154258344
642.2916666666666 23.13498085409543 22.311618728570323
642.7916666666666 23.135539073871747 22.31137609827726
643.2916666666666 23.136088363545927 22.31114660615091
643.7916666666666 23.13666591799368 22.310912243853743
644.2916666666666 23.13722448325093 22.31067404963151
644.7916666666666 23.137796976040562 22.31045108118112
645.2916666666666 23.138371691614807 22.3102243053631
645.7916666666666 23.1389453741235 22.30999625895408
646.2916666666666 23.139519865902628 22.309771429981218
646.7916666666666 23.140111630437453 22.30955357701265
647.2916666666666 23.140687930815087 22.30933456167201
647.7916666666666 23.141281799043114 22.3091074096793
648.2916666666666 23.14187063232265 22.308898411318484
648.7916666666666 23.142461293987402 22.30868132287457
649.2916666666666 23.143064694324494 22.30847502323389
649.7916666666666 23.143674143619318 22.308258726770443
650.2916666666666 23.144266000880776 22.308048200924397
650.7916666666666 23.144876023379357 22.307844300803392
651.2916666666666 23.14548850269881 22.30764167914085
651.7916666666666 23.1460986706323 22.307437234024658
652.2916666666666 23.14671842919909 22.307241338075052
652.7916666666666 23.14734181766848 22.307040109534814
653.2916666666666 23.147961469248095 22.306846068093616
653.7916666666666 23.148582877729314 22.306648640285278
654.2916666666666 23.14920678041144 22.306459390073194
654.7916666666666 23.149849939691606 22.306269230634612
655.2916666666666 23.150489789057445 22.306080463663136
655.7916666666666 23.15112341075991 22.305896307525902
656.2916666666666 23.15177380931999 22.30571215671757
656.7916666666666 23.152409022766616 22.30553271286229
657.2916666666666 23.153072616469153 22.30535138651811
657.7916666666666 23.153711720423722 22.305173873726673
658.2916666666666 23.1543714326269 22.304994998443618
658.7916666666666 23.15503163726293 22.30482139377348
659.2916666666666 23.155698454401183 22.30465718914715
659.7916666666666 23.156361223411327 22.30448280010559
660.2916666666666 23.15702882821132 22.304312847285566
660.7916666666666 23.157709732390465 22.304150816665814
661.2916666666666 23.158371071428316 22.30399179134473
661.7916666666666 23.15904888888111 22.303825840762258
662.2916666666666 23.15972917959842 22.3036668145936
662.7916666666666 23.160427497458784 22.303518542855514
663.2916666666666 23.161117904014368 22.303362708070374
663.7916666666666 23.161815170158633 22.3032065331433
664.2916666666666 23.16251875789213 22.303061190636903
664.7916666666666 23.16322708303588 22.302915979862988
665.2916666666666 23.163935812472232 22.302774496586018
665.7916666666666 23.164654837588593 22.302636002972772
666.2916666666666 23.165376959965222 22.30249020748753
666.7916666666666 23.16610071940861 22.30234758740349
667.2916666666666 23.166832591996204 22.302217647015304
667.7916666666666 23.16757062580912 22.302083419626754
668.2916666666666 23.168313183013254 22.30195660265009
668.7916666666666 23.169050093837086 22.3018282120687
669.2916666666666 23.169800541874803 22.30170592472956
669.7916666666666 23.170539534995513 22.301578394530758
670.2916666666666 23.17130491762732 22.30145634859562
670.7916666666666 23.17206133872995 22.30133264074782
671.2916666666666 23.172832735055678 22.301222893750385
671.7916666666666 23.173592836769707 22.301104886468366
672.2916666666666 23.17437065542695 22.300997410252496
672.7916666666666 23.175136051216253 22.30087737983355
673.2916666666666 23.175909947318438 22.30076929242598
673.7916666666666 23.1766892548928 22.300665919291593
674.2916666666666 23.177478584682035 22.300553883597544
674.7916666666666 23.17826566051016 22.300454024706063
675.2916666666666 23.17905849186547 22.300352907484996
675.7916666666666 23.17985323751365 22.300251668168443
676.2916666666666 23.180654691881667 22.30016136079001
676.7916666666666 23.18145013910559 22.30006478187599
677.2916666666666 23.18225225124282 22.299965130304187
677.7916666666666 23.183063419237474 22.299879845587537
678.2916666666666 23.183863247789702 22.2997792427279
678.7916666666666 23.184681809983708 22.299697722147332
679.2916666666666 23.185491089516557 22.299602740733793
679.7916666666666 23.186315022188243 22.299518591805384
680.2916666666666 23.187134824288602 22.299431747417607
680.7916666666666 23.18796006051945 22.29935100588987
681.2916666666666 23.188774777428705 22.299267933468975
681.7916666666666 23.1896033751743 22.299193005284316
682.2916666666666 23.19042811860917 22.299114965528247
682.7916666666666 23.191252686221354 22.29904347597699
683.2916666666666 23.192091035551062 22.298969924050517
683.7916666666666 23.192926184300514 22.29889102324818
684.2916666666666 23.19376442601539 22.29882046148335
684.7916666666666 23.19460030349695 22.298756104614647
685.2916666666666 23.195441726566386 22.298684260069944
685.7916666666666 23.196284822916404 22.298616453761216
686.2916666666666 23.197119923768415 22.298549688651782
686.7916666666666 23.19797409715519 22.29848833371254
687.2916666666666 23.198810702668894 22.298423966017555
687.7916666666666 23.199653001631866 22.298358580555853
688.2916666666666 23.200510253221772 22.298299139449238
688.7916666666666 23.201351853716922 22.298238918996223
689.2916666666666 23.202198722631444 22.298181632467863
689.7916666666666 23.203054355262246 22.298123564171796
690.2916666666666 23.203910771160153 22.29807001713369
690.7916666666666 23.204762781679168 22.298010439219308
691.2916666666666 23.205604994091704 22.297968553862546
691.7916666666666 23.206471977869036 22.29790573032702
692.2916666666666 23.20732788235917 22.297856648211315
692.7916666666666 23.208174044008658 22.297810609428097
693.2916666666666 23.209032991567454 22.297756869706554
693.7916666666666 23.209894082986043 22.29771149558242
694.2916666666666 23.210745923769206 22.297665168824622
694.7916666666666 23.211606006322235 22.297618276922854
695.2916666666666 23.212465522126273 22.29758237803729
