FastTrWP/PhaseSpace/IAs/snIa_0.63_30.00_0.22_-0.06.csv
# %ECSV 0.9
# ---
# datatype:
# - {name: time-rel, datatype: float64}
# - {name: g, datatype: float64}
# - {name: i, datatype: float64}
# schema: astropy-2.0
time-rel g i
[from data line 1679]
936.4375 24.642856961404455 22.439424408859466
936.9374999999999 24.644740730771733 22.440097794596788
937.4375 24.646593519542574 22.440752466080053
937.9375 24.648473921010243 22.44142283397771
938.4374999999999 24.650316847595217 22.442088841559148
938.9375 24.652170564830158 22.442762545491636
939.4375 24.654041529224145 22.4434268700118
939.9374999999999 24.65590180658576 22.44409547869744
940.4375 24.657762962070002 22.444761617673624
940.9375 24.65960552926417 22.44544198669685
941.4374999999999 24.661466201452704 22.446107604327455
941.9375 24.663318326480738 22.446780973842912
942.4375 24.665188288498086 22.44745264750842
942.9374999999999 24.667040714237007 22.44813145865749
943.4375 24.66889013420404 22.448808559103412
943.9375 24.67073529225733 22.449490055880624
944.4374999999999 24.67258601478168 22.450165351191643
944.9375 24.674452533959453 22.45084493492412
945.4375 24.676288730651045 22.451534469690444
945.9374999999999 24.67813919275305 22.452215267731155
946.4375 24.67998901499933 22.452895303935488
946.9375 24.68184455440834 22.453588355989925
947.4374999999999 24.683687703964637 22.454269751256355
947.9375 24.685528624283897 22.454949461410784
948.4375 24.68738737493866 22.4556399668611
948.9374999999999 24.68920727318178 22.456334695023322
949.4375 24.69104960738566 22.457033303770583
949.9375 24.692913727202047 22.457721902338758
950.4374999999999 24.694749408704638 22.45841706088653
950.9375 24.69659732579015 22.459105892307022
951.4375 24.6984264325298 22.459802139584866
951.9374999999999 24.700253672263145 22.460499437880333
952.4375 24.70211643838627 22.46119113652524
952.9375 24.70394751190287 22.461898838462403
953.4374999999999 24.705782605754763 22.46259608292413
953.9375 24.707618001649713 22.463299030798805
954.4375 24.709454550492374 22.46399877484942
954.9374999999999 24.711299838945674 22.46470126380199
955.4375 24.713101569653332 22.465407102535018
955.9375 24.714956189932728 22.466107659063095
956.4374999999999 24.716787109010255 22.466818814046242
956.9375 24.718620993376884 22.467528409749274
957.4375 24.72045056632055 22.468233560952235
957.9374999999999 24.722285260762604 22.468939908579685
958.4375 24.72411749371677 22.46965178957304
958.9375 24.725954599238733 22.47036337501266
959.4374999999999 24.72776276248397 22.47108271167065
959.9375 24.729602965642567 22.47179016409008
960.4375 24.73144292848366 22.472506295573204
960.9374999999999 24.73326798418597 22.47322508730123
961.4375 24.73509266767706 22.473938588731556
961.9375 24.736907464705066 22.47466464671414
962.4374999999999 24.73876680845221 22.475379171044068
962.9375 24.740558326144555 22.47610543686519
963.4375 24.742388249792313 22.476828635619725
963.9374999999999 24.744212507850595 22.477550692022565
964.4375 24.746044271524138 22.47827305779124
964.9375 24.747888375546182 22.478999852613867
965.4374999999999 24.749688758439035 22.479726458519877
965.9375 24.7515165517055 22.480459365719344
966.4375 24.753330494052612 22.48118194941963
966.9374999999999 24.75516700395904 22.481905809929653
967.4375 24.756986409311917 22.482636805879213
967.9375 24.75881314682402 22.483374039340056
968.4374999999999 24.760631787911436 22.484106551061874
968.9375 24.76245028500241 22.484844744543338
969.4375 24.764264109096708 22.485575295310618
969.9374999999999 24.766088341198827 22.48631796427171
970.4375 24.767911476253666 22.48705951622203
970.9375 24.769727379911586 22.487795166203078
971.4374999999999 24.771542281281693 22.488529839629763
971.9375 24.77333986771282 22.489281135029586
972.4375 24.77517444245068 22.490028367869733
972.9374999999999 24.77697530634927 22.490772348629065
973.4375 24.778800724167482 22.491518403920917
973.9375 24.78060170647552 22.492265810843147
974.4374999999999 24.78240240082332 22.493016192450007
974.9375 24.78420072171389 22.49377219650553
975.4375 24.786015846452656 22.494528416988516
975.9374999999999 24.787825605911515 22.49528634546325
976.4375 24.789627578191414 22.496036916885803
976.9375 24.791441789690314 22.496798482041914
977.4374999999999 24.793220766264934 22.497549258283538
977.9375 24.795025452285877 22.498316398854282
978.4375 24.79680882498473 22.499083916935586
978.9374999999999 24.79860603736752 22.499841556047215
979.4375 24.80042703151689 22.5006075970478
979.9375 24.80222617202591 22.501371562679363
980.4374999999999 24.80399055419888 22.502143969005278
980.9375 24.805776942989183 22.5029140076291
981.4375 24.807579535962 22.503690060410296
981.9374999999999 24.809351448244342 22.504452306780998
982.4375 24.811136995413413 22.505232506926628
982.9375 24.81293084543751 22.506002353707547
983.4374999999999 24.814717093663038 22.50677433944559
983.9375 24.81650185877005 22.507553048777275
984.4375 24.81829075183061 22.50833803521998
984.9374999999999 24.82006136957257 22.509110043353164
985.4375 24.82183164800827 22.509898519344468
985.9375 24.823620221401917 22.510687130328712
986.4374999999999 24.8253901149133 22.511458778760847
986.9375 24.827176468468547 22.512249636992582
987.4375 24.828951530000335 22.513028295809328
987.9374999999999 24.830727160887523 22.51381858378935
988.4375 24.83248750093171 22.514601906707796
988.9375 24.83426559856044 22.51539122284189
989.4374999999999 24.8360526933134 22.51617520092693
989.9375 24.837840869563642 22.51696764810616
990.4375 24.839592869207358 22.517762014578906
990.9374999999999 24.84137294110161 22.518556530216127
991.4375 24.843118032736378 22.51934992581547
991.9375 24.844904081915736 22.520148088381866
992.4374999999999 24.84666712080745 22.52093861988338
992.9375 24.848440224451455 22.52173151827067
993.4375 24.850206833234566 22.52252881198791
993.9374999999999 24.851988177292895 22.523320012926888
994.4375 24.853749168488534 22.524129805645657
994.9375 24.855488454926892 22.524925957556036
995.4374999999999 24.85724625283573 22.525720193697577
995.9375 24.859012868276928 22.52652728594611
996.4375 24.86079885937223 22.527331091044704
996.9374999999999 24.86253454238353 22.528134092141375
997.4375 24.864305623003204 22.528935742007896
997.9375 24.86604527015213 22.529739374425137
998.4374999999999 24.867835000729368 22.53053741175238
998.9375 24.86959849460333 22.53135226101369
999.4375 24.871345417615046 22.532156437259083
999.9374999999999 24.873080036229446 22.53296675797628
1000.4375 24.874846443879598 22.533774331174243
1000.9375 24.87662863142036 22.534576942676217
1001.4375 24.878367564472658 22.535391502003126
1001.9375 24.880129799496732 22.53619987363365
1002.4375 24.881902480878605 22.53700844225017
1002.9375 24.883655922931705 22.537817061710676
1003.4375 24.885419826692456 22.538625556265256
1003.9375 24.887165918041923 22.539447701344898
1004.4375 24.888929295566275 22.540253360068178
1004.9375 24.89068351718114 22.541069798690977
1005.4375 24.89243746012381 22.541880221549405
1005.9375 24.894194090725005 22.542690458575937
1006.4375 24.895978043314813 22.543507596651494
1006.9375 24.897713753705627 22.54432080694621
1007.4375 24.899456051172955 22.545133013236427
1007.9375 24.901241296617428 22.54594546273531
1008.4375 24.90298406477941 22.54676303325879
1008.9375 24.90475870978722 22.547580546037395
1009.4375 24.906483325980027 22.548396060080286
1009.9375 24.90824094414482 22.549208721094878
1010.4375 24.909987731645945 22.550030331779745
1010.9375 24.91174885756539 22.55084681895346
1011.4375 24.913520555376497 22.55166827079964
1011.9375 24.915263971812806 22.552487139131884
1012.4375 24.917008922069527 22.553310731969653
1012.9375 24.918748587645787 22.554140265687366
1013.4375 24.920494468755038 22.554955669175797
1013.9375 24.92222521337551 22.55578324622981
1014.4375 24.923959523312924 22.556603854431874
1014.9375 24.92571392718547 22.557435783450526
1015.4375 24.927435781042856 22.55826286584994
1015.9375 24.92920126042998 22.55910324219611
1016.4375 24.93095191079281 22.559930244283443
1016.9375 24.932677246435937 22.56075684343302
1017.4375 24.93441250680958 22.561594534979285
1017.9375 24.936155042035534 22.562422769793184
1018.4375 24.93788294163715 22.56325824678848
1018.9375 24.93960469383064 22.56408698621925
1019.4375 24.941358682434256 22.564923917454283
1019.9375 24.943095006585875 22.565763752357576
1020.4375 24.94481818924462 22.56659404328535
1020.9375 24.94654621578405 22.56743724884285
1021.4375 24.94826772268562 22.568278520855355
1021.9375 24.950034615637918 22.56912425590976
1022.4375 24.951721521498293 22.569961004966782
1022.9375 24.953439122740676 22.5708087928344
1023.4375 24.95516389689397 22.571639322541394
1023.9375 24.95688285313347 22.57248842981268
1024.4375 24.95858899198753 22.573334598711007
1024.9375 24.960336230026847 22.57418027316851
1025.4375 24.962048690722177 22.575019136045633
1025.9375 24.96377984991733 22.575868682177113
1026.4375 24.965482366058403 22.576710880420148
1026.9375 24.967192335457277 22.57755903197804
1027.4375 24.968916954477592 22.578412757367488
1027.9375 24.97063689568271 22.57926106804376
1028.4375 24.972371759641256 22.580111636299584
1028.9375 24.974089577301445 22.58096489299635
1029.4375 24.975777992765934 22.581812427634034
1029.9375 24.977498221020596 22.58267149434728
1030.4375 24.979235044801737 22.58352011250738
1030.9375 24.980925560081953 22.58436922986663
1031.4375 24.982628526744328 22.585225725677244
1031.9375 24.984345902271258 22.58608622665853
1032.4375 24.986054997029417 22.58693925405909
1032.9375 24.987776759637544 22.58779350370662
1033.4375 24.989476902902027 22.58864757404907
1033.9375 24.991181122809465 22.58950526959241
1034.4375 24.992908964040502 22.590366911186322
1034.9375 24.99457870162347 22.59121915975639
1035.4375 24.99629152239093 22.592090437641698
1035.9375 24.997993174019527 22.59294944354979
1036.4375 24.999713830142323 22.59380629349584
1036.9375 25.001407642605745 22.594669798149862
1037.4375 25.00310750730586 22.595537204162206
1037.9375 25.00481703126152 22.59639483358541
1038.4375 25.0065089375855 22.59725893109988
1038.9375 25.008222843822896 22.59811733887731
1039.4375 25.009924543735515 22.59898315465381
1039.9375 25.01162676566326 22.599848258399653
1040.4375 25.013336772060804 22.6007067795655
1040.9375 25.01504124217753 22.601583201655902
1041.4375 25.016739175599497 22.602445561215525
1041.9375 25.018457839688637 22.603316489809377
1042.4375 25.02012899681704 22.60417886091439
1042.9375 25.021832093855856 22.605046372682665
1043.4375 25.023518955037698 22.605912804259688
1043.9375 25.025213106009616 22.606779559294353
1044.4375 25.026927569166414 22.607655444532085
1044.9375 25.02862704514332 22.608520943349117
1045.4375 25.030341501690497 22.609388750817935
1045.9375 25.03202520773097 22.610258749914586
1046.4375 25.033714495913365 22.611129291628565
1046.9375 25.035421633827312 22.612002176434963
1047.4375 25.037113563761597 22.61286938542886
1047.9375 25.03880959810384 22.613741712213915
1048.4375 25.040486023165315 22.614608247157403
1048.9375 25.042213029332366 22.615477897538064
1049.4375 25.04388597491209 22.616358766167842
1049.9375 25.045570335162274 22.617229888488136
1050.4375 25.047264779900722 22.618105389136318
1050.9375 25.048967467637894 22.61897528315984
1051.4375 25.05064870933703 22.619852875401097
1051.9375 25.052353834298554 22.620724338007115
1052.4375 25.054024988530674 22.6216041872248
1052.9375 25.055745521252355 22.622477934742253
1053.4375 25.057430817819135 22.62336495699558
1053.9375 25.059100510288772 22.624232411854287
1054.4375 25.060798209537914 22.625106616830916
1054.9375 25.062469766829217 22.62598841943567
1055.4375 25.064149726386596 22.626868338871912
1055.9375 25.065843064162976 22.627745182029535
1056.4375 25.0675177446497 22.62863276339607
1056.9375 25.069171510461064 22.62951287820885
1057.4375 25.070861443788846 22.630388233604
1057.9375 25.072551144105546 22.631279225889465
1058.4375 25.0742372354511 22.632154515095877
1058.9375 25.075910065644752 22.63303257135435
1059.4375 25.077587767585708 22.633923479781014
1059.9375 25.079251625975175 22.634815136606935
1060.4375 25.080936403235235 22.635690451758023
1060.9375 25.082587274225666 22.63658108796004
1061.4375 25.084289072208087 22.637468478770394
1061.9375 25.085928696798042 22.638344092375476
1062.4375 25.087608395640686 22.63923797901313
1062.9375 25.089290336471105 22.6401264150092
1063.4375 25.090965379762377 22.641011223493788
1063.9375 25.092619474049435 22.641908328625888
1064.4375 25.094282151090855 22.642797022708294
1064.9375 25.095942784707596 22.64368566010421
1065.4375 25.09760636194382 22.644574670148145
1065.9375 25.099276531994413 22.645470876626973
1066.4375 25.100952119322923 22.646361343554435
1066.9375 25.102587541341418 22.64725790030571
1067.4375 25.10424986951883 22.648151272342577
1067.9375 25.105922135492445 22.64904274990966
1068.4375 25.107562510064795 22.649938139798618
1068.9375 25.109208513939652 22.650833366672238
1069.4375 25.110881131822957 22.6517400583684
1069.9375 25.112552210163678 22.652634782129958
1070.4375 25.114189805450792 22.653527436378372
1070.9375 25.115855378671775 22.65443099513503
1071.4375 25.11751661186604 22.655327934039327
1071.9375 25.11915242679663 22.656228390040596
1072.4375 25.120809805917844 22.657125543170498
1072.9375 25.122464744559764 22.658022340231383
1073.4375 25.124099765028184 22.65893434570948
1073.9375 25.125755614138683 22.65984021318387
1074.4375 25.12740587573253 22.66074158585926
1074.9375 25.129025247176443 22.661650032592693
1075.4375 25.130713837500934 22.662551042555997
1075.9375 25.132329556507386 22.663459616642662
1076.4375 25.133968062757912 22.664372306860106
1076.9375 25.13561848954798 22.665278572798748
1077.4375 25.137255610262272 22.66618624766819
1077.9375 25.13889524397346 22.667092833974106
1078.4375 25.140552785411945 22.668005293132396
1078.9375 25.142182274759076 22.66891236713196
1079.4375 25.143816951461368 22.669832325537712
1079.9375 25.145466878503157 22.670742039033826
1080.4375 25.147091200256746 22.671660489174453
1080.9375 25.148734456031928 22.672568681086204
1081.4375 25.150360635750936 22.673487599669336
1081.9375 25.152002550864694 22.674402545959197
1082.4375 25.153630326780345 22.675321969565367
1082.9375 25.15528031378993 22.676241566587283
1083.4375 25.156902328968492 22.677158333111432
1083.9375 25.158536694551024 22.678081310599815
1084.4375 25.160162192291576 22.67899800469969
1084.9375 25.161777787507592 22.679927026951347
1085.4375 25.163414805099883 22.680849096187817
1085.9375 25.16507410702499 22.68176448510491
1086.4375 25.166672795763795 22.682687819691143
1086.9375 25.16830188777787 22.68361187484131
1087.4375 25.169921272018417 22.684538668431394
1087.9375 25.171567541996573 22.685465159869082
1088.4375 25.173173297555177 22.686395436463393
1088.9375 25.17479760293449 22.687324486750878
1089.4375 25.176416073722905 22.688248308017794
1089.9375 25.17804256898147 22.689181003919067
1090.4375 25.179648218646904 22.69011245954359
1090.9375 25.181275795884574 22.691038181053003
1091.4375 25.182883725721247 22.691973427850304
1091.9375 25.18451003227532 22.69290283818392
1092.4375 25.186137448048864 22.69384525154061
1092.9375 25.18770353593347 22.69477059783595
1093.4375 25.189313512027105 22.695707731736064
1093.9375 25.19094478111317 22.696653367463668
1094.4375 25.192517158503062 22.69757818320397
1094.9375 25.19417222589412 22.698512973823554
1095.4375 25.195767853384478 22.699455261989236
1095.9375 25.197353037020434 22.700396082008453
1096.4375 25.19894589672329 22.701330197077134
1096.9375 25.200565505013437 22.702274124098977
1097.4375 25.20214531070645 22.703218205603743
1097.9375 25.20377601655314 22.704157346985404
1098.4375 25.205359705165478 22.705096677483567
1098.9375 25.206960273573372 22.706041401610513
1099.4375 25.208541077714802 22.706984291717134
1099.9375 25.2101384828025 22.707921996205517
1100.4375 25.211748209278923 22.708870509885987
1100.9375 25.213309060871044 22.709815788167916
1101.4375 25.214917006780112 22.71076789976577
1101.9375 25.216508109446853 22.711716514403975
