FastTrWP/PhaseSpace/IAs/snIa_0.41_30.00_2.22_0.07.csv
# %ECSV 0.9
# ---
# datatype:
# - {name: time-rel, datatype: float64}
# - {name: g, datatype: float64}
# - {name: i, datatype: float64}
# schema: astropy-2.0
time-rel g i
[from data line 2140]
670.5 24.645869235296658 22.866801510479206
671.0 24.647764115410766 22.867653771614563
671.5 24.649630031125277 22.86849130669422
672.0 24.651497780877488 22.869345031927168
672.5 24.653385407421936 22.870188753722672
673.0 24.65524069322241 22.87102951296773
673.5 24.6571070821367 22.871868730097972
674.0 24.658990623900124 22.872700242573703
674.5 24.660872370046953 22.87353293238464
675.0 24.662741556249724 22.87436498635511
675.5 24.664594728648996 22.87519689137522
676.0 24.666472908568867 22.876016351438256
676.5 24.668359190467285 22.876843214300806
677.0 24.670190909320617 22.87767128425837
677.5 24.672068172737948 22.87848058414636
678.0 24.673936157797264 22.879295880603536
678.5 24.675824717686186 22.88010356996075
679.0 24.67767168902668 22.880926765086326
679.5 24.679545066005794 22.881733826501534
680.0 24.681413826450346 22.88253979556405
680.5 24.683255113276267 22.883350256788695
681.0 24.685122700240704 22.884143577531482
681.5 24.686969753062797 22.884945926221945
682.0 24.688844819463096 22.885737343146893
682.5 24.690696322161685 22.886526957340187
683.0 24.692560758388904 22.887316941315532
683.5 24.694400302950633 22.888100638100802
684.0 24.696248737685128 22.88888364433079
684.5 24.698115307558925 22.88966118885022
685.0 24.69995340139026 22.89043805152506
685.5 24.701834867123395 22.891207401268893
686.0 24.703667367971953 22.891974290832756
686.5 24.705511295987147 22.892743209432748
687.0 24.707380381161247 22.893495332782447
687.5 24.709221818517953 22.894255819553116
688.0 24.71105391425415 22.89500192549616
688.5 24.712866001408837 22.89575858912758
689.0 24.714740262823245 22.896511495857574
689.5 24.716568899298114 22.897253987821706
690.0 24.71841414450067 22.897997385080142
690.5 24.72024417538845 22.898735309792578
691.0 24.72210963577683 22.899468059234913
691.5 24.723909620948362 22.900201542944632
692.0 24.725730960510962 22.90093452172203
692.5 24.727600760914513 22.90166376875586
693.0 24.72941941436414 22.90239033942911
693.5 24.731259954066797 22.903114311842415
694.0 24.733069111017315 22.903829144483588
694.5 24.734908317982125 22.90454587026545
695.0 24.736718127751097 22.9052604816504
695.5 24.73855509071551 22.905966005428926
696.0 24.740400681316082 22.90668706707581
696.5 24.742229175673728 22.907395967251084
697.0 24.74404665536194 22.908098035502892
697.5 24.745876790129287 22.90880631080722
698.0 24.747705358854134 22.90950459392811
698.5 24.749508933796722 22.91020586900485
699.0 24.75134639144311 22.91089900333796
699.5 24.753150724482147 22.91159515075011
700.0 24.755008032941067 22.91228922831398
700.5 24.75682489936567 22.91298729147592
701.0 24.758637730949786 22.913672939828153
701.5 24.760477485151956 22.914362130080455
702.0 24.762305681508998 22.91504965842445
702.5 24.764120174811808 22.915730166728785
703.0 24.76594016219189 22.916422744554787
703.5 24.76778270894467 22.917092336835545
704.0 24.769610629612195 22.917781167376425
704.5 24.771410250675192 22.918459275347654
705.0 24.7732621710707 22.919130794149506
705.5 24.775073767026143 22.919818911020826
706.0 24.776906621101947 22.920482687786347
706.5 24.778733754552718 22.921158944563615
707.0 24.780564449532537 22.921835984679507
707.5 24.782385723207728 22.922508248488466
708.0 24.784208305975397 22.92317941134303
708.5 24.786054240661684 22.923855061039657
709.0 24.78787987374108 22.924527387722982
709.5 24.789692213947095 22.925188206105446
710.0 24.791546160044916 22.925861047255527
710.5 24.793352265838262 22.92653661594866
711.0 24.795181325051566 22.92718997021101
711.5 24.797041305217483 22.927865303627755
712.0 24.798869842786996 22.928523428574763
712.5 24.80071916643476 22.929191645208192
713.0 24.802531839833538 22.92985792791471
713.5 24.804384088225277 22.930522140879035
714.0 24.80620532078487 22.931184095228183
714.5 24.80804321267297 22.931853316322737
715.0 24.8099115597139 22.932519012373472
715.5 24.81174413479303 22.933188427625268
716.0 24.81360381630924 22.93384165598052
716.5 24.81544074748511 22.9344980247321
717.0 24.817264502349268 22.935164174155766
717.5 24.819130721593563 22.93582840778511
718.0 24.820957745991805 22.936482880282618
718.5 24.82282787234312 22.937138044924556
719.0 24.824645921271816 22.93779292223504
719.5 24.826515346957876 22.938441366281776
720.0 24.828333520165447 22.939086902286615
720.5 24.830184841114843 22.93972891672326
721.0 24.832046379369398 22.94038201593919
721.5 24.833870335863622 22.941029673259905
722.0 24.835713763849757 22.941664692587448
722.5 24.837546713135744 22.9423095939968
723.0 24.839383472488098 22.942942976684098
723.5 24.841228772861882 22.94358147037719
724.0 24.843077467211746 22.94421035264104
724.5 24.844907529793424 22.94484844006409
725.0 24.846744195536424 22.945475075430362
725.5 24.84860438789193 22.946107554938
726.0 24.850443543125227 22.946736063909338
726.5 24.852285950460235 22.947361447363974
727.0 24.85411892929115 22.947982080683577
727.5 24.855959148841645 22.94861190100334
728.0 24.85782265706176 22.949229970690602
728.5 24.85966584385857 22.949851618138265
729.0 24.86149558536701 22.950472332182045
729.5 24.863346772250384 22.951092101176535
730.0 24.865184493612375 22.951706328111648
730.5 24.86701934261916 22.952315552434897
731.0 24.868863881589093 22.952935905548856
731.5 24.870698389070796 22.95355289260726
732.0 24.872540508001716 22.95416329516447
732.5 24.87438533576494 22.954773199824775
733.0 24.876240843285306 22.955385769556838
733.5 24.878066548594774 22.955997073786026
734.0 24.879932985799247 22.956600501556885
734.5 24.881790029917966 22.957205612994844
735.0 24.88362524504645 22.9578174590625
735.5 24.885442174032356 22.958412321391137
736.0 24.887314374353227 22.959024613853984
736.5 24.88918183675514 22.959638305722233
737.0 24.891036327263766 22.960239103798457
737.5 24.892876083641195 22.960841644404447
738.0 24.894735997177442 22.961441290675207
738.5 24.89656177122411 22.96204079937143
739.0 24.898439321266302 22.962650440092837
739.5 24.900288918575253 22.963251213870436
740.0 24.90213121514758 22.96385382650245
740.5 24.90398497559366 22.964445631127695
741.0 24.905834605954603 22.96504884676894
741.5 24.9077136298223 22.965652571166196
742.0 24.909552729374496 22.96625496200881
742.5 24.911426638733506 22.966853185122634
743.0 24.913278138951327 22.96744562053009
743.5 24.915138678915906 22.968061561080617
744.0 24.917007552220653 22.96865026555848
744.5 24.918867296037497 22.96924791360787
745.0 24.920730490058325 22.96983727529019
745.5 24.922604888669095 22.970448687594867
746.0 24.924463582566275 22.97104703420647
746.5 24.926362432930652 22.97165391188242
747.0 24.928206360135917 22.972244876135314
747.5 24.930096294592175 22.97283655030364
748.0 24.931945573445184 22.9734509978783
748.5 24.933829836889004 22.974037291189923
749.0 24.935707612945034 22.974646410151088
749.5 24.93758568170593 22.975245041406268
750.0 24.93945773241353 22.97584828889773
750.5 24.94133594512789 22.976448075265253
751.0 24.94322608516763 22.97704928396271
751.5 24.9451013342968 22.977651179141265
752.0 24.94699150091403 22.978241877845495
752.5 24.948880068075603 22.978846770964253
753.0 24.9507699541973 22.979446520797758
753.5 24.952667295241756 22.98004388453922
754.0 24.954557775338294 22.980642031869763
754.5 24.9564461458995 22.98125177878681
755.0 24.95833296519725 22.981836289568548
755.5 24.96020761210515 22.98243288052106
756.0 24.9621200214338 22.98303779179252
756.5 24.96402239728349 22.98362443630787
757.0 24.965913458767336 22.984228107136424
757.5 24.96780361614586 22.984818830876492
758.0 24.969702799270394 22.98540423117053
758.5 24.971598628663813 22.98600392289685
759.0 24.973505688219486 22.9866001870678
759.5 24.975384760526957 22.987196034416804
760.0 24.977294362764496 22.98778818621574
760.5 24.979188266341602 22.988378414423213
761.0 24.981098673158108 22.988967379271187
761.5 24.98300454605083 22.989565882508703
762.0 24.984899912766217 22.990152877069217
762.5 24.98682069296057 22.990737130847734
763.0 24.988722590053356 22.991324388884472
763.5 24.99062881608916 22.99192584204214
764.0 24.992544744329376 22.99251031789713
764.5 24.994435945206305 22.993096509978198
765.0 24.996336024671216 22.993677103672802
765.5 24.998247428056676 22.994276069647206
766.0 25.000177132540994 22.99485106103584
766.5 25.00209247473894 22.995446454710088
767.0 25.00399290817127 22.99602756273133
767.5 25.00590134340177 22.99660359743195
768.0 25.0078117767681 22.997194238873213
768.5 25.009713431928105 22.997775248689962
769.0 25.0116538901479 22.998356182109912
769.5 25.013560051045584 22.998937280566587
770.0 25.015465628954814 22.999523093682058
770.5 25.017378043942173 23.000109816218615
771.0 25.019320141664497 23.00068123987385
771.5 25.021217464867025 23.001255956693846
772.0 25.02314383055176 23.00184117220453
772.5 25.02506990516906 23.00241541918298
773.0 25.026955419249216 23.00299149009726
773.5 25.028873643414663 23.003565424967807
774.0 25.030796069128737 23.004149261428918
774.5 25.032733849905835 23.004709255243938
775.0 25.034651869462436 23.005298279007373
775.5 25.03653693889693 23.00586894756002
776.0 25.03846292582267 23.006435832401987
776.5 25.04041165435686 23.007013654727288
777.0 25.04230954607212 23.007591383592786
777.5 25.04421206126893 23.008149052922
778.0 25.04614653851476 23.00873132489038
778.5 25.04807776987313 23.00929217196481
779.0 25.049980766627765 23.009857488283906
779.5 25.051907171961357 23.01042276069507
780.0 25.053810271547718 23.010989828284167
780.5 25.055721396360777 23.011549471115195
781.0 25.057660595804137 23.01212610734755
781.5 25.05956273427968 23.01268562467858
782.0 25.061506635423033 23.013251381715264
782.5 25.063388256615845 23.013808566900238
783.0 25.06535479963088 23.01436878631668
783.5 25.06723783599476 23.01494292402434
784.0 25.069163275422422 23.015496997345267
784.5 25.071082339964672 23.016055760482224
785.0 25.072987044868462 23.016610489148643
785.5 25.074895586333916 23.01717229519563
786.0 25.076837004441067 23.01773175211457
786.5 25.078759987055356 23.0182806260893
787.0 25.08065005461184 23.018838489566143
787.5 25.082571765916587 23.019393519495463
788.0 25.084502689104994 23.019942398074814
788.5 25.086473704467693 23.020499485392946
789.0 25.088359171775608 23.021057624543356
789.5 25.09026095413279 23.02160751890161
790.0 25.092212057934127 23.02216245121521
790.5 25.0941175273401 23.02270293739658
791.0 25.096016727179933 23.02325741986035
791.5 25.09795107803994 23.02380704786376
792.0 25.09989222725439 23.024349226332788
792.5 25.101834901426425 23.02490448922242
793.0 25.103719581932715 23.025451682177835
793.5 25.105665587342074 23.02599506344294
794.0 25.10756520491133 23.02653849394689
794.5 25.10950196765236 23.027090390353028
795.0 25.111418267970073 23.027640269857265
795.5 25.113370148492265 23.028182024234344
796.0 25.115269470028032 23.02871789448627
796.5 25.117187980360075 23.029270204439882
797.0 25.119135895872 23.029802502639704
797.5 25.121044559901918 23.030336702550343
798.0 25.122969319771205 23.030887398982564
798.5 25.12488607488948 23.031425646163473
799.0 25.126832851288015 23.031960266059706
799.5 25.12875881928113 23.032502127408993
800.0 25.130673208771206 23.033039117688986
800.5 25.132597429506713 23.033576885326372
801.0 25.134502489992986 23.03410440451541
801.5 25.136462357483463 23.034649520922184
802.0 25.13836658901895 23.03517728025755
802.5 25.14027674972915 23.035707880123454
803.0 25.142183198845693 23.036245034404285
803.5 25.14412322814676 23.036775362256865
804.0 25.146043993803552 23.037297145183985
804.5 25.147968460517596 23.03782895312115
805.0 25.149906882776637 23.038353627297464
805.5 25.151829703598303 23.03888818524004
806.0 25.153744278613818 23.039414185709568
806.5 25.15565980509632 23.039944036529686
807.0 25.157564821063584 23.04046435290475
807.5 25.159492885616427 23.040983217040516
808.0 25.161398270515235 23.041514267756618
808.5 25.163314587653325 23.042030646395432
809.0 25.165230708118024 23.04254743243721
809.5 25.16715211110001 23.043069417224086
810.0 25.169072016198673 23.043595461422505
810.5 25.17098596946367 23.0441056503227
811.0 25.17288742773161 23.044636788956403
811.5 25.174822686108243 23.045138978728037
812.0 25.176744486873666 23.045666628284856
812.5 25.178638131547256 23.04617715700251
813.0 25.18056354404207 23.046696913737208
813.5 25.182470669458045 23.04720292495732
814.0 25.184388200221306 23.04771042195553
814.5 25.186291288200643 23.04822059429509
815.0 25.188171657844933 23.048734190607327
815.5 25.19009356282329 23.04924822445411
816.0 25.192006892401672 23.04975679847751
816.5 25.193920762122136 23.050269709743905
817.0 25.19580404027404 23.050763193713955
817.5 25.197710379909033 23.051266121878594
818.0 25.199635384403052 23.051778742580524
818.5 25.201510404233712 23.05227913258994
819.0 25.2034172222799 23.052773758260084
819.5 25.2053319228728 23.053277217609917
820.0 25.207213054071843 23.05377639924928
820.5 25.20912954785644 23.054267722766294
821.0 25.211003784050874 23.054770314929446
821.5 25.21291670729356 23.055265517235636
822.0 25.214807130641276 23.05575120785
822.5 25.21668647577071 23.05624263118812
823.0 25.218591449196154 23.056740801046875
823.5 25.22049913669934 23.0572267135355
824.0 25.222376944484445 23.057714128065175
824.5 25.224274604798662 23.058209670307072
825.0 25.22614791911417 23.058693414696144
825.5 25.228047716191398 23.05917512425003
826.0 25.229949995617602 23.059663895591935
826.5 25.231829613787703 23.06013899408751
827.0 25.233708620627596 23.06063662385645
827.5 25.235596294523358 23.061113043799594
828.0 25.237466715849514 23.061593463419406
828.5 25.239355251237736 23.062073760239947
829.0 25.241262706626856 23.062556089362282
829.5 25.243109527700234 23.06302358577325
830.0 25.245017719060048 23.063512515485147
830.5 25.246895081542306 23.063987166998277
831.0 25.248764347227343 23.064455690626463
831.5 25.250633718386794 23.06492991514565
832.0 25.25250757870683 23.065405308276983
832.5 25.25438199812454 23.065878645073774
833.0 25.25629342709463 23.06634900898124
833.5 25.2581502975331 23.066817382065953
834.0 25.26002796193776 23.067285121295903
834.5 25.261899936492714 23.067764472939434
835.0 25.26378120851515 23.06823092853548
835.5 25.265629843622545 23.06870532359926
836.0 25.267502279895375 23.06915798205921
836.5 25.269380522111934 23.06962794456398
837.0 25.271229248028156 23.070094297142983
837.5 25.273110616068678 23.070557635434803
838.0 25.274979710022528 23.071028902249367
838.5 25.276839757290123 23.071487068333425
839.0 25.27869649217582 23.07194582075876
839.5 25.280568977755863 23.07241090608281
840.0 25.282439380672372 23.072881001391956
840.5 25.28425262398724 23.073330490041947
841.0 25.286156408231616 23.073798427299792
841.5 25.288024279663148 23.074258105924766
842.0 25.289849764544037 23.074716968516466
842.5 25.291716467413863 23.07517667738521
843.0 25.293597748307203 23.07563509741513
843.5 25.295440727284756 23.07608632457354
844.0 25.297271181560017 23.076555641907408
844.5 25.299138156862657 23.077013787359896
845.0 25.30098165740476 23.0774565483315
845.5 25.30285368675178 23.077916405043602
846.0 25.304705094070474 23.07837566535313
846.5 25.306564350245438 23.07882723006914
847.0 25.308370753519096 23.079282861398852
847.5 25.310238821312616 23.079741590020532
848.0 25.312075244960294 23.080203296260542
848.5 25.313915442739457 23.080647777851024
849.0 25.3157908994717 23.08110302651737
849.5 25.317606291069715 23.081558260168023
850.0 25.319461244574658 23.082024220366193
850.5 25.321308055271885 23.08246732297508
851.0 25.323158759046926 23.08292846095383
851.5 25.324970291221266 23.083381837363564
852.0 25.32682661915809 23.08382805743767
852.5 25.328651091266593 23.0842836826913
853.0 25.330491688960905 23.084725734280774
853.5 25.332336212988572 23.085192963010815
854.0 25.334161778762034 23.08562701427006
854.5 25.335991878180508 23.086081774426262
