FastTrWP/PhaseSpace/IAs/snIa_0.37_30.00_-1.02_0.01.csv
# %ECSV 0.9
# ---
# datatype:
# - {name: time-rel, datatype: float64}
# - {name: g, datatype: float64}
# - {name: i, datatype: float64}
# schema: astropy-2.0
time-rel g i
[from data line 1770]
488.0 24.4810926433765 22.994650092675034
488.5 24.48351069729 22.995512259931576
489.0 24.485938506047038 22.996368168887052
489.5 24.4883652516885 22.99722995727602
490.0 24.49078341989321 22.998097266246155
490.5 24.49320497543176 22.998956278227354
491.0 24.49563826473398 22.999809362327245
491.5 24.498073906899375 23.000667656411125
492.0 24.50050238234315 23.001531804676606
492.5 24.50293563299393 23.00239160334586
493.0 24.50534489736097 23.003238071807218
493.5 24.507781638649888 23.004105630570713
494.0 24.510207444330767 23.00496536889454
494.5 24.512633745271444 23.00582098103221
495.0 24.515061219473033 23.00667981454179
495.5 24.517484964260106 23.00753326909344
496.0 24.519909246303023 23.008397479089233
496.5 24.522333888005083 23.009248321922357
497.0 24.52477028912529 23.010102680180076
497.5 24.527189708623286 23.010957744414128
498.0 24.52962325075147 23.011817891807663
498.5 24.532035864749844 23.01267227973199
499.0 24.534480547844836 23.01352490269755
499.5 24.536904718817457 23.01437206919651
500.0 24.5393237493304 23.015229086883554
500.5 24.541745464613744 23.01607972290846
501.0 24.54418776667351 23.01693849439189
501.5 24.546624049984658 23.017789631999698
502.0 24.54905611245653 23.01864024861539
502.5 24.551517786313283 23.019485861222
503.0 24.553938630182156 23.02034189546733
503.5 24.556374106822773 23.02118161519608
504.0 24.55883394579886 23.02203964661158
504.5 24.561264238420716 23.02288253746834
505.0 24.563710143666974 23.023737436151993
505.5 24.56615278388954 23.024586960500454
506.0 24.568595745219667 23.02543036105501
506.5 24.571036673511145 23.026279034246283
507.0 24.573509210733377 23.027122157863804
507.5 24.575928744005463 23.027976882754825
508.0 24.578386439839583 23.028820031979823
508.5 24.580823662895828 23.02966802450304
509.0 24.58329088799308 23.030502498976126
509.5 24.58572979496493 23.03135037671676
510.0 24.588191405773312 23.032194289575155
510.5 24.590616437253153 23.033043906436774
511.0 24.593064422090826 23.033885386494525
511.5 24.59553096517031 23.034720092270344
512.0 24.597978571891197 23.035564689394008
512.5 24.600438232353316 23.036410235069056
513.0 24.6028871653834 23.03724674873488
513.5 24.60533881018729 23.03808639726903
514.0 24.6078159344357 23.038927654494707
514.5 24.6102506773267 23.039765071501456
515.0 24.612697057902025 23.040604916693503
515.5 24.61516120754526 23.0414532904862
516.0 24.617606664931856 23.04228591608303
516.5 24.62009622345107 23.04311547664652
517.0 24.622541992253282 23.04395434956121
517.5 24.62499719942312 23.044797060773146
518.0 24.627447820210232 23.045635319639224
518.5 24.629895726961895 23.046464510033914
519.0 24.632361075158716 23.04730010244051
519.5 24.634832250972025 23.04813426872773
520.0 24.63726774438794 23.048971120822923
520.5 24.63972978141145 23.049801378011942
521.0 24.642199111428997 23.050638896644283
521.5 24.64464811589992 23.05146712914677
522.0 24.647093410549918 23.052300046722735
522.5 24.649572104515627 23.053131599589385
523.0 24.652012415574127 23.053964878055595
523.5 24.65445662540845 23.054804360099148
524.0 24.656928553771177 23.05562305039136
524.5 24.659379940267044 23.056459283829334
525.0 24.66182328159935 23.0572800349777
525.5 24.664293067950073 23.05811344583838
526.0 24.66673554529274 23.058952239619135
526.5 24.669182840811466 23.059765213574664
527.0 24.671629048590038 23.060600648778447
527.5 24.674082721522623 23.061423130987567
528.0 24.676539327211323 23.062240749676135
528.5 24.678962197877166 23.063070543653165
529.0 24.681425531819087 23.0639031540045
529.5 24.683875856390923 23.06472445572531
530.0 24.68632302160913 23.065550823175677
530.5 24.68876656207253 23.066360816163545
531.0 24.69123010183862 23.067189945277473
531.5 24.693652431720835 23.068007340340145
532.0 24.69610615502917 23.06883713150876
532.5 24.69853110377766 23.069657439603542
533.0 24.700991881710838 23.070484981537295
533.5 24.703460171638227 23.071304252519088
534.0 24.705881276547323 23.07212022038568
534.5 24.7083273428697 23.072937780565795
535.0 24.71076670056119 23.073755091091858
535.5 24.71322083242811 23.074582548989735
536.0 24.715648146022385 23.07539861422251
536.5 24.718110743506134 23.07621347260632
537.0 24.72054371640135 23.07703318057387
537.5 24.722970289561705 23.07785119806411
538.0 24.72543125251532 23.07866141590261
538.5 24.72789752767619 23.079478122655882
539.0 24.730330355218832 23.080296733334208
539.5 24.73277501877631 23.081104271473002
540.0 24.735192055696473 23.08193714355695
540.5 24.737648300807862 23.082741761036676
541.0 24.740084071253253 23.08354919645226
541.5 24.742523613433956 23.084365853337125
542.0 24.744970796331955 23.085167856695215
542.5 24.747398987163976 23.08597936848706
543.0 24.749850941107255 23.086799839681444
543.5 24.75226717105828 23.087603681783158
544.0 24.754705793052256 23.088416255596226
544.5 24.75714348614584 23.08922063624599
545.0 24.759584825261854 23.090039723727077
545.5 24.76201292108222 23.090835817161427
546.0 24.764436025244123 23.09164604293842
546.5 24.766858685905795 23.092454114180327
547.0 24.769290592943953 23.093252900549295
547.5 24.771707825207294 23.094066425871908
548.0 24.774157129264932 23.094864683423374
548.5 24.776576953292057 23.095668941081154
549.0 24.779005264302008 23.096472306026033
549.5 24.781434258907133 23.09727762422174
550.0 24.7838460683128 23.098078420065256
550.5 24.786271392268254 23.09887929747672
551.0 24.788695012811253 23.099674912996875
551.5 24.79113379082177 23.10047593394937
552.0 24.793507857049004 23.101272428817296
552.5 24.795924164691613 23.102071039835227
553.0 24.798345054568898 23.102872362875395
553.5 24.800742843604112 23.103672824036508
554.0 24.80315458443245 23.104464017273784
554.5 24.80554301338346 23.105263779922026
555.0 24.807957333861243 23.106049919335355
555.5 24.81036603700856 23.106849644734304
556.0 24.812789612306993 23.107645821790015
556.5 24.815178864126104 23.10842582275283
557.0 24.81755748619254 23.109220451024516
557.5 24.8199543515671 23.110011970852117
558.0 24.822362799975274 23.110809316950398
558.5 24.824754210898476 23.111592047452984
559.0 24.827125939561064 23.112376679223715
559.5 24.829512709539706 23.113168732378423
560.0 24.83189081865225 23.11395641268033
560.5 24.834280492411022 23.114747215365107
561.0 24.83664977501945 23.11552492215736
561.5 24.839027672289227 23.116312985969163
562.0 24.841410024952868 23.117099022602087
562.5 24.843792684301977 23.117881447020203
563.0 24.846150308400997 23.118654470027124
563.5 24.84851643535128 23.119453245363278
564.0 24.850891541328487 23.120228358477853
564.5 24.85323750648089 23.121012439220312
565.0 24.855630026557222 23.121784582860197
565.5 24.85798116521092 23.122568252654734
566.0 24.860325291582313 23.12333969857189
566.5 24.862702920359403 23.124113021113608
567.0 24.8650367674308 23.124895084281864
567.5 24.86739201174249 23.125681950362097
568.0 24.86975491394968 23.1264503218421
568.5 24.87210324744087 23.127231356759985
569.0 24.874427376793697 23.128015405196575
569.5 24.876777164094047 23.128773285010915
570.0 24.879128018758962 23.129552717870638
570.5 24.88147324244842 23.130314592096276
571.0 24.883810038672742 23.1310932319642
571.5 24.88615367869723 23.131865939233357
572.0 24.88848038017889 23.132636544607795
572.5 24.890815945077833 23.133406567067475
573.0 24.893128061178174 23.13418026793179
573.5 24.895469129309866 23.134948724269254
574.0 24.897777222519053 23.13570632816848
574.5 24.90012423687468 23.13647860471377
575.0 24.90241712860267 23.137236900835912
575.5 24.90473344603292 23.138006892785583
576.0 24.907062432814534 23.138776653666792
576.5 24.909356877337714 23.139535405670483
577.0 24.91170101751607 23.140286625872765
577.5 24.91397277469705 23.14105093441309
578.0 24.91627738396157 23.141813722800933
578.5 24.918576773825258 23.142571339280842
579.0 24.92086508023593 23.143338307858016
579.5 24.923149969490265 23.144098199652575
580.0 24.925444118429148 23.144856826218906
580.5 24.927720757765535 23.145601956037886
581.0 24.930007138040743 23.146367224344516
581.5 24.932263810958194 23.147121047775954
582.0 24.93455316853356 23.147867974869474
582.5 24.93681612273518 23.14861916343776
583.0 24.939091723353165 23.14938505330887
583.5 24.941337324253876 23.15012791613182
584.0 24.943591121005213 23.150867627085873
584.5 24.94584971480329 23.151626938717857
585.0 24.948088963952358 23.152366599150426
585.5 24.950353766727638 23.153130089616916
586.0 24.95257012068787 23.153859403761004
586.5 24.95482328478296 23.154611667613054
587.0 24.957046899220433 23.155351915912604
587.5 24.959271937269527 23.156097336149152
588.0 24.96149469692513 23.156838800153665
588.5 24.963716248482804 23.157580955073808
589.0 24.965920845942456 23.158321617938395
589.5 24.968147162218028 23.159065378449377
590.0 24.97033550008282 23.15979475546145
590.5 24.972536387817033 23.160536414832045
591.0 24.97473794183156 23.161272340022187
591.5 24.976908107812154 23.16200679930677
592.0 24.97911681154676 23.162744488717234
592.5 24.981276455206167 23.163478185093695
593.0 24.98345538882201 23.16420623370165
593.5 24.9856131218672 23.164924234159624
594.0 24.98779336885253 23.16566849859615
594.5 24.989936266900482 23.16639900015417
595.0 24.9920763162304 23.167117120898002
595.5 24.99424317467504 23.167852073214213
596.0 24.996379695551603 23.16855900407372
596.5 24.99852317859398 23.169297823503836
597.0 25.000626259479517 23.170012899371095
597.5 25.00274891808384 23.170737367501747
598.0 25.004832831611353 23.171448626353136
598.5 25.006941675802494 23.17215981099026
599.0 25.009018308543524 23.172883297622832
599.5 25.01110929866516 23.17359052450985
600.0 25.013150416986104 23.17430572488711
600.5 25.015224941433072 23.175013870852315
601.0 25.01728187377981 23.175719467418517
601.5 25.019305586064824 23.176413515861853
602.0 25.02135824940478 23.177127457630327
602.5 25.023379733314567 23.177843659614403
603.0 25.025410608606165 23.178526178286447
603.5 25.027428039974232 23.17921883678181
604.0 25.02943106777661 23.179930733565367
604.5 25.03144151255857 23.18061551842039
605.0 25.033426244914825 23.181320575090023
605.5 25.0354226019902 23.182011781967745
606.0 25.03739416317295 23.1827028161325
606.5 25.03938168535003 23.183399418377327
607.0 25.04135545833067 23.184086316549603
607.5 25.04332538749052 23.184773349612687
608.0 25.04525789210809 23.185461928081782
608.5 25.047215299619875 23.186149414319527
609.0 25.04914573040565 23.186835125129104
609.5 25.05110128432762 23.187524437612332
610.0 25.05304326026112 23.188214704594337
610.5 25.05498324296422 23.188896896573098
611.0 25.05689415002431 23.189576350360454
611.5 25.05880782768839 23.190263655120567
612.0 25.060734259838988 23.1909504556317
612.5 25.062652846631053 23.19162558162523
613.0 25.06454647873186 23.192307467043687
613.5 25.06645132731176 23.192986288116415
614.0 25.068383915319252 23.193665578505115
614.5 25.070264873521925 23.194349179817056
615.0 25.072169174376555 23.19502618327708
615.5 25.074068587233057 23.195704359403898
616.0 25.075948321758016 23.196390925201527
616.5 25.077851613107022 23.197063961988164
617.0 25.079722959750942 23.19774494034636
617.5 25.081624923191008 23.198425464643933
618.0 25.08349440789531 23.19910560047697
618.5 25.08537228935664 23.199772834241898
619.0 25.087251440251464 23.200451973508073
619.5 25.089120528728486 23.2011321577278
620.0 25.091009402349606 23.20180709891758
620.5 25.092892013283606 23.20248704417977
621.0 25.09475398319504 23.203173777950262
621.5 25.09664127516298 23.203857711209327
622.0 25.0985043993734 23.20452365390386
622.5 25.10036587429653 23.205213206149843
623.0 25.102267933615693 23.20589313720326
623.5 25.104127762289863 23.206562093232396
624.0 25.106008443617394 23.207243645105496
624.5 25.107864144004367 23.207945151390316
625.0 25.109780458295035 23.208621492748172
625.5 25.111654382768194 23.209300597591422
626.0 25.11352275206643 23.20998342416848
626.5 25.115374449820223 23.21067882252124
627.0 25.11728843111545 23.211352866679036
627.5 25.119180402123725 23.212034414646578
628.0 25.121052477914432 23.212725572833605
628.5 25.122928471608933 23.213415731769164
629.0 25.12484328446184 23.214097123813787
629.5 25.126744586960662 23.214790233715497
630.0 25.12859327808718 23.21548620541907
630.5 25.130484512873714 23.216163975039372
631.0 25.13237489840283 23.21685889373885
631.5 25.13424326936923 23.217537578624015
632.0 25.136084671205502 23.218217050559474
632.5 25.137952432261358 23.21890777208514
633.0 25.13977497487418 23.219585444708027
633.5 25.14163562500059 23.220277019162477
634.0 25.143492378687693 23.220962864998945
634.5 25.145300704289788 23.221639774083982
635.0 25.14717397308732 23.222324951305616
635.5 25.148987701955427 23.22300649479292
636.0 25.15083412089627 23.223685427391885
636.5 25.152657718094108 23.22437425580435
637.0 25.15447065386978 23.22505691708969
637.5 25.15629667374666 23.225728327230414
638.0 25.158103358211633 23.226417201746145
638.5 25.159926839668852 23.22709822743086
639.0 25.161731019787773 23.227775015455716
639.5 25.163546992953144 23.22845154760046
640.0 25.1653536413812 23.229135353614257
640.5 25.167155011093172 23.229817450810405
641.0 25.168972418372046 23.230488622855386
641.5 25.170757964462872 23.23117469286693
642.0 25.172532899827633 23.231847530637243
642.5 25.17434482889986 23.232532337202088
643.0 25.17614334324312 23.23322296835162
643.5 25.177926062004552 23.233903491195427
644.0 25.179699911735188 23.23457409981146
644.5 25.18151392347899 23.23525555906741
645.0 25.18329541112816 23.23593852683213
645.5 25.185087277064838 23.23662805715793
646.0 25.186870256045204 23.2373099890841
646.5 25.1886646763267 23.23798345768411
647.0 25.190429279533447 23.238679131090976
647.5 25.192205886151985 23.239349027266005
648.0 25.193965385506154 23.240040855090776
648.5 25.19578781127113 23.240719604334874
649.0 25.197569885179966 23.24140283906557
649.5 25.19937541154627 23.242083183537513
650.0 25.201135593648758 23.2427694824985
650.5 25.2029017057413 23.243466065596117
651.0 25.204702864113955 23.24414536090782
651.5 25.2064952400491 23.244841732177083
652.0 25.208262386200442 23.245524947465384
652.5 25.210052580121996 23.246214756071826
653.0 25.21184387998279 23.246895770520414
653.5 25.21363516614501 23.24759649519963
654.0 25.215459181469807 23.2482830914675
654.5 25.217238668256083 23.24897513543768
655.0 25.219010143099013 23.24966816232091
655.5 25.220815615244373 23.250365826830368
656.0 25.22264170846803 23.25104976102978
656.5 25.224444688323867 23.25174995771977
657.0 25.226225465265287 23.252442400639154
657.5 25.22805219968944 23.253148318651675
658.0 25.229870817893307 23.25385455690652
658.5 25.231691011885435 23.25455444720187
659.0 25.233517206831756 23.25525382065543
659.5 25.235333714212757 23.255953297337566
660.0 25.23714524729732 23.256658768972795
660.5 25.238957169311135 23.257356222918357
661.0 25.24083241132111 23.258079962489532
661.5 25.24266804098112 23.25878279459683
662.0 25.24449455902724 23.25948000573448
662.5 25.246333539688585 23.260205571370612
663.0 25.2482035939519 23.260904619560336
663.5 25.250018830087075 23.261622811956858
664.0 25.25189610287527 23.26232915243905
664.5 25.253739234089238 23.263047574008795
665.0 25.25558430526676 23.2637682440009
665.5 25.257427796460334 23.264475012949273
666.0 25.259285446140396 23.2651971914336
666.5 25.261156682897045 23.265899016832506
667.0 25.26300190030199 23.26661687261325
667.5 25.264842085238648 23.267332369423414
668.0 25.266721024792812 23.268056915272915
668.5 25.268539732177025 23.268774931475136
669.0 25.27042491995621 23.26949377726454
669.5 25.272270322380844 23.270219097747585
670.0 25.274137722237853 23.270946787600405
670.5 25.276003427908 23.27167027658384
671.0 25.277876671352516 23.272385200288618
671.5 25.279716665953842 23.27310735574482
672.0 25.281573612224726 23.273831169294464
672.5 25.283467788455493 23.27456524164028
