FastTrWP/PhaseSpace/IAs/snIa_0.55_30.00_0.05_-0.16.csv
# %ECSV 0.9
# ---
# datatype:
# - {name: time-rel, datatype: float64}
# - {name: g, datatype: float64}
# - {name: i, datatype: float64}
# schema: astropy-2.0
time-rel g i
125.41666666666667 26.9816403720257 25.513324282543795
125.91666666666667 26.962391152455105 25.503033085779517
126.41666666666667 26.943321525530635 25.4927189111409
126.91666666666667 26.924456785373057 25.48250794051963
127.41666666666667 26.905814766906808 25.47232576657581
127.91666666666667 26.887364508384074 25.46219744772449
128.41666666666666 26.869037646601292 25.45213974536424
128.91666666666666 26.85098454413054 25.442072182505452
129.41666666666666 26.833031305107575 25.432108035954172
129.91666666666666 26.815324577914375 25.422195507950715
130.41666666666666 26.797796547138717 25.41227731549602
130.91666666666666 26.780438920402574 25.4024428003469
131.41666666666666 26.763209132732648 25.39267382882371
131.91666666666666 26.74619311629754 25.382918592034308
132.41666666666666 26.72941411280451 25.37321380737334
132.91666666666666 26.71270207539741 25.36359721114584
133.41666666666666 26.696152294139047 25.354003647496057
133.91666666666666 26.67982772566109 25.344426779568373
134.41666666666666 26.663651552956917 25.33494378546729
134.91666666666666 26.64752302233491 25.32546539737686
135.41666666666666 26.631733502737074 25.31607201144592
135.91666666666666 26.615982934771512 25.306741629808403
136.41666666666666 26.600399261971532 25.297423510480826
136.91666666666666 26.584953703715556 25.288171241424973
137.41666666666666 26.569681113094305 25.27896784816457
137.91666666666666 26.554523679917818 25.269810765509725
138.41666666666666 26.539561172221276 25.260686821162118
138.91666666666666 26.5245942811146 25.25159413852657
139.41666666666666 26.50973854609168 25.24252013208626
139.91666666666666 26.494954369121423 25.233480995526037
140.41666666666666 26.480324334944413 25.224452570687284
140.91666666666666 26.46577958268338 25.21548739123486
141.41666666666666 26.45131697075567 25.20653465922507
141.91666666666666 26.43691854728096 25.197570511216966
142.41666666666666 26.422665975155116 25.18868273753775
142.91666666666666 26.40846902800359 25.179826333137896
143.41666666666666 26.394384941609886 25.1709768648659
143.91666666666666 26.38041851694984 25.162167837763665
144.41666666666666 26.36648583343102 25.153377547779424
144.91666666666666 26.352646525930552 25.14460953969893
145.41666666666666 26.338942774649794 25.13590204525993
145.91666666666666 26.325283710387993 25.127198106259296
146.41666666666666 26.311727060785408 25.118550010275378
146.91666666666666 26.29829495730204 25.109921662968105
147.41666666666666 26.28489752620621 25.101319807684533
147.91666666666666 26.271643365610693 25.092744673910584
148.41666666666666 26.258402974473025 25.08419734272453
148.91666666666666 26.245331815470728 25.07570278670091
149.41666666666666 26.232272932853476 25.067199098239556
149.91666666666666 26.219325987960737 25.05877522801147
150.41666666666666 26.206438478143408 25.050350596515752
150.91666666666666 26.19369855255178 25.041965974874447
151.41666666666666 26.1810392744309 25.033626702101536
151.91666666666666 26.16837013025726 25.025280474231035
152.41666666666666 26.15589705430816 25.01701213825479
152.91666666666666 26.143410725952183 25.008762846445837
153.41666666666666 26.131082251908467 25.00053413015351
153.91666666666666 26.11877547607897 24.99233923764068
154.41666666666666 26.106601655753256 24.984159748697547
154.91666666666666 26.094478695355214 24.976016617183582
155.41666666666666 26.082434214526785 24.967954777936118
155.91666666666666 26.070499060677193 24.95989163746309
156.41666666666666 26.058576116525 24.95185580863414
156.91666666666666 26.046753031252212 24.943864359434134
157.41666666666666 26.03503450832733 24.935901814747965
157.91666666666666 26.023383569896225 24.927945384532862
158.41666666666666 26.011808343015176 24.920058364753423
158.91666666666666 26.000300225740855 24.91219948054304
159.41666666666666 25.988869327715292 24.904330393758244
159.91666666666666 25.977537905803164 24.89653683191378
160.41666666666666 25.966268956049163 24.888785234393183
160.91666666666666 25.955007147721744 24.88102206858619
161.41666666666666 25.943872425903926 24.87331591728175
161.91666666666666 25.932828808571596 24.865649994078648
162.41666666666666 25.921818612611066 24.85799892705041
162.91666666666666 25.910935709478593 24.850386313577815
163.41666666666666 25.900051815282694 24.84280946591231
163.91666666666666 25.88927097355663 24.835276410125203
164.41666666666666 25.878596861689374 24.82774981061862
164.91666666666666 25.867940137012727 24.820256497561296
165.41666666666666 25.857345455372446 24.812803855427642
165.91666666666666 25.84682202804176 24.805384412534266
166.41666666666666 25.83644044117473 24.79800689405064
166.91666666666666 25.82604011067903 24.79065101480913
167.41666666666666 25.815720513998087 24.783325821489118
167.91666666666666 25.80551200450666 24.776049290200067
168.41666666666666 25.79533365868228 24.76877890232881
168.91666666666663 25.785217923372482 24.761547673634
169.41666666666666 25.77514069507884 24.75436488866876
169.91666666666666 25.76517784777298 24.747199650159985
170.41666666666663 25.755282818542767 24.74004952040566
170.91666666666666 25.74538290658353 24.732952259001543
171.41666666666666 25.735613407577688 24.725868368182038
171.91666666666663 25.725869993906812 24.718846094907995
172.41666666666666 25.716199914083298 24.711851665443238
172.91666666666666 25.706612493328997 24.70485307536662
173.41666666666663 25.697062896967214 24.69790956537901
173.91666666666666 25.68757452278954 24.69099196770937
174.41666666666666 25.67813463934973 24.684111135818654
174.91666666666663 25.66876779965302 24.677253017540124
175.41666666666666 25.659450943392255 24.670415644376497
175.91666666666666 25.650197002967694 24.663628208943898
176.41666666666663 25.640952538819498 24.656851009540333
176.91666666666666 25.631799243295866 24.650055261498945
177.41666666666666 25.62268450411192 24.64329814391492
177.91666666666663 25.613628674492062 24.636594904881733
178.41666666666666 25.604628253151418 24.629879483763276
178.91666666666666 25.59563580746726 24.623178124671732
179.41666666666663 25.58672361808928 24.616500962389786
179.91666666666666 25.577832557818148 24.609852246250185
180.41666666666666 25.569012892536005 24.60321369351636
180.91666666666663 25.560223574961014 24.596600231047773
181.41666666666666 25.55148319925432 24.589996019663204
181.91666666666666 25.542761276976677 24.583453322294275
182.41666666666663 25.534091233073262 24.57687545383401
182.91666666666666 25.52550168374975 24.570350301063186
183.41666666666666 25.516938508363843 24.563825813679895
183.91666666666663 25.50837949253047 24.557329800725203
184.41666666666666 25.49989808307481 24.550866480275687
184.91666666666666 25.491439997618674 24.544422556372545
185.41666666666663 25.4830189276767 24.537978103729078
185.91666666666666 25.474658656525694 24.53157140353251
186.41666666666666 25.466291094718578 24.525168947676846
186.91666666666663 25.45802260071344 24.518825234069315
187.41666666666666 25.449731838948978 24.51248480012518
187.91666666666666 25.441535271045403 24.506148891902892
188.41666666666663 25.433330752518934 24.499830605770086
188.91666666666666 25.425197492520045 24.49357187836734
189.41666666666666 25.41707644933812 24.487314359986044
189.91666666666663 25.409001918471436 24.48106064378086
190.41666666666666 25.40094061682158 24.47487242790306
190.91666666666666 25.39292103249594 24.46865819981436
191.41666666666663 25.38497047000371 24.462507734939656
191.91666666666666 25.377017817687715 24.456350663817375
192.41666666666666 25.369110646824332 24.450231758135452
192.91666666666663 25.36125335613072 24.444127142816313
193.41666666666666 25.353387427435557 24.43803598299937
193.91666666666666 25.34559552875789 24.431956791557404
194.41666666666663 25.337782189266456 24.425931196702738
194.91666666666666 25.330044445093925 24.419903630533256
195.41666666666666 25.322327516487594 24.413915211524312
195.91666666666663 25.314650996051572 24.407941182949425
196.41666666666666 25.306993683029727 24.401980041316826
196.91666666666666 25.299352438049002 24.396072543820758
197.41666666666663 25.291756612991875 24.39016848993013
197.91666666666666 25.284170613962903 24.38429893902464
198.41666666666666 25.27663489023224 24.378436334016538
198.91666666666663 25.269143047836064 24.37259797756675
199.41666666666666 25.261664755225986 24.36677370100075
199.91666666666666 25.25422601248882 24.360983371619742
200.41666666666663 25.246774852063638 24.355198460427662
200.91666666666666 25.239383252120298 24.34945601062475
201.41666666666666 25.232010553554055 24.343750080150905
201.91666666666663 25.224682165647433 24.33802942421062
202.41666666666666 25.217371093860763 24.33236471811285
202.91666666666666 25.210079829785506 24.326700697444934
203.41666666666663 25.2028184424673 24.321080764436974
203.91666666666666 25.19557276540003 24.315444479838526
204.41666666666666 25.18836364379034 24.309866353333177
204.91666666666663 25.181168546744715 24.304296320811936
205.41666666666666 25.17400298578396 24.298761721707784
205.91666666666666 25.166879266295737 24.293253538250443
206.41666666666663 25.159773074142944 24.287747290155437
206.91666666666666 25.152656576992577 24.282254060490057
207.41666666666666 25.145600982357887 24.276803503668653
207.91666666666663 25.138560854635813 24.271371854290173
208.41666666666666 25.1315451553835 24.265982176754235
208.91666666666666 25.12456019173317 24.260595427204265
209.41666666666663 25.117600038349845 24.255224754010662
209.91666666666666 25.110648697850113 24.249887300090762
210.41666666666666 25.10372526712114 24.244567578836374
210.91666666666663 25.096816770375405 24.239270070061675
211.41666666666666 25.089933244396057 24.233994853910907
211.91666666666666 25.083082625264414 24.22874595164416
212.41666666666663 25.07625588173301 24.223532142396515
212.91666666666666 25.06943413008957 24.21831188114513
213.41666666666666 25.062661555352385 24.213111580768146
213.91666666666663 25.055897648597668 24.207938694938413
214.41666666666666 25.04916876433286 24.202780602566698
214.91666666666666 25.04247174370291 24.197622804844077
215.41666666666663 25.03579124828685 24.192479863463422
215.91666666666666 25.029144697258786 24.187341847291542
216.41666666666666 25.022519894728305 24.182229225644267
216.91666666666663 25.01590893455617 24.177142162467845
217.41666666666666 25.009361680173928 24.172062505640064
217.91666666666666 25.002811175478197 24.167002227252766
218.41666666666663 24.996270837393677 24.16194388987655
218.91666666666666 24.989752435004604 24.156925718600085
219.41666666666666 24.98328081841963 24.15189526054593
219.91666666666663 24.976810253975366 24.146893688911227
220.41666666666666 24.970370837336617 24.141889058201095
220.91666666666666 24.963962442434337 24.13690951920802
221.41666666666663 24.957572777502808 24.13196077205534
221.91666666666666 24.951194160403286 24.127019991571608
222.41666666666666 24.944843937685416 24.122080421599257
222.91666666666663 24.938497052682607 24.117161002045165
223.41666666666666 24.93219713395652 24.112265119741984
223.91666666666666 24.925915285793295 24.107387394584133
224.41666666666663 24.919613478930952 24.102503778551498
224.91666666666666 24.913381545973564 24.097644010569134
225.41666666666666 24.907158661146788 24.092815299941776
225.91666666666663 24.900914097837106 24.087991777543554
226.41666666666666 24.894732686560413 24.083194295794694
226.91666666666666 24.888540631216344 24.07837476060998
227.41666666666663 24.882390151881907 24.073606730328162
227.91666666666666 24.876238483175722 24.06886170961708
228.41666666666666 24.870124769989026 24.064103783811387
228.91666666666663 24.864010384096 24.05936522662858
229.41666666666666 24.857904758783157 24.054655587774487
229.91666666666666 24.851841540849584 24.049939628324747
230.41666666666663 24.84576824540518 24.04525120810775
230.91666666666666 24.839721772085277 24.040591080522734
231.41666666666666 24.8337197372853 24.03592396510355
231.91666666666663 24.82770083931949 24.031304828252885
232.41666666666666 24.821694430337132 24.02667087594374
232.91666666666666 24.815743754149807 24.02206398481556
233.41666666666666 24.80974432361416 24.017462301141016
233.91666666666666 24.8038055135769 24.01289252917117
234.41666666666666 24.797863331299762 24.00831798707472
234.91666666666666 24.791957119302378 24.00378654050745
235.41666666666666 24.786022359064717 23.999256110875212
235.91666666666666 24.780121417170694 23.994735122391884
236.41666666666666 24.77423869963742 23.990240378595566
236.91666666666666 24.768380616707184 23.98574847189235
237.41666666666666 24.762531311969028 23.981289503436123
237.91666666666666 24.75669100374045 23.976814738861492
238.41666666666666 24.750861875352367 23.97239293265546
238.91666666666666 24.745043822597175 23.96796537756753
239.41666666666666 24.739234661514736 23.963556437384174
239.91666666666666 24.733460953783094 23.959167171511567
240.41666666666666 24.727690370222692 23.95479050303633
240.91666666666666 24.72190616292904 23.95043853585847
241.41666666666666 24.71615088489479 23.94608747402168
241.91666666666666 24.71042945940591 23.94175551554444
242.41666666666666 24.704687782689252 23.9374346796852
242.91666666666666 24.698967821913765 23.933150670287407
243.41666666666666 24.693264238680275 23.92887777657309
243.91666666666666 24.68755893050751 23.924598509938612
244.41666666666666 24.681884228902767 23.920366209876708
244.91666666666666 24.676207114172893 23.916114618515998
245.41666666666666 24.670549505279283 23.91189871079326
245.91666666666666 24.664893233873624 23.907687435357126
246.41666666666666 24.65923205342879 23.903499694466905
246.91666666666666 24.653623997025413 23.89931812936782
247.41666666666666 24.647995742775247 23.895183754375807
247.91666666666666 24.642381128949022 23.891021706313786
248.41666666666666 24.636791234011998 23.88690980248926
248.91666666666666 24.631193431165933 23.882783678067238
249.41666666666666 24.625613303512598 23.878694877903804
249.91666666666666 24.62003257976253 23.874612238385783
250.41666666666666 24.614474326009535 23.87054953898189
250.91666666666666 24.60894212941199 23.866494931445274
251.41666666666666 24.603402645379575 23.862444284538057
251.91666666666666 24.597874177111336 23.858419712178755
252.41666666666666 24.592365803414005 23.854421941280556
252.91666666666666 24.586900087200853 23.850401522292405
253.41666666666666 24.581393330557752 23.846408183101534
253.91666666666666 24.575911665367414 23.842457532102436
254.41666666666666 24.57046387965566 23.838486995979903
254.91666666666666 24.56500128120284 23.834531541465694
255.41666666666666 24.559579475830226 23.830595882895835
255.91666666666666 24.554162214359017 23.826662778189736
256.4166666666667 24.548752598587576 23.82275751836837
256.9166666666667 24.543370942296967 23.818853835414412
257.4166666666667 24.53797627604811 23.814948592503228
257.9166666666667 24.53259696268313 23.811091544367816
258.4166666666667 24.52722604651987 23.807217654368777
258.9166666666667 24.521902110146424 23.803362560299888
259.4166666666667 24.51655141278526 23.79951720340802
259.9166666666667 24.511229651246843 23.795697642641986
260.4166666666667 24.505899854476606 23.791871861960065
260.9166666666667 24.500597090005122 23.788056279606554
261.4166666666667 24.49531235824894 23.784256306224027
261.9166666666667 24.49003694593973 23.78047134822512
262.4166666666667 24.48476090184545 23.776691479152504
262.9166666666667 24.479521363245397 23.77292261762007
263.4166666666667 24.47425192529055 23.76916734850088
263.9166666666667 24.4690358634333 23.76542980209723
264.4166666666667 24.463796349297056 23.761691453164218
264.9166666666667 24.458586619443047 23.75797213150762
265.4166666666667 24.453387195588615 23.754256254507812
265.9166666666667 24.448203872684214 23.750556113548758
266.4166666666667 24.443017510163166 23.746859332292935
266.9166666666667 24.437848984033906 23.743166250455623
