FastTrWP/PhaseSpace/IAs/snIa_0.4_20_-1_-0.1.csv
# %ECSV 0.9
# ---
# datatype:
# - {name: time-rel, datatype: float64}
# - {name: g, datatype: float64}
# - {name: i, datatype: float64}
# schema: astropy-2.0
time-rel g i
-16.625 -22.712284596105263 -24.49536415719223
-16.125 -22.73963047192759 -24.505234757866642
-15.625 -22.766624717229938 -24.515035196625803
-15.125 -22.792977992120367 -24.52479041834401
-14.625 -22.818845657820958 -24.5344972820927
-14.125 -22.844249960214643 -24.544137461529356
-13.625 -22.86904622094365 -24.553733009607058
-13.125 -22.893508665284237 -24.563260147761625
-12.625 -22.917590912179104 -24.572715296546136
-12.125 -22.941192151086863 -24.58215473304994
-11.625 -22.9643695196794 -24.591506065358395
-11.125 -22.98714451805766 -24.60081655448953
-10.625 -23.00950254287766 -24.61009091887714
-10.125 -23.031539310089993 -24.619265590684677
-9.625 -23.053262988793115 -24.628432230463556
-9.125 -23.07455384773656 -24.637519576817265
-8.625 -23.095514712813028 -24.646571501642306
-8.125 -23.11621534217106 -24.655568217012007
-7.625 -23.136587203460962 -24.66450551364504
-7.125 -23.156608847995635 -24.673379001933448
-6.625 -23.176417924772686 -24.682207244619793
-6.125 -23.195856508516684 -24.69102970930785
-5.625 -23.21500151233589 -24.699780796985745
-5.125 -23.233819155883143 -24.708469822006826
-4.625 -23.252533932485274 -24.71715152261245
-4.125000000000002 -23.27085995355453 -24.7257901350636
-3.625 -23.288992303219523 -24.734400489700977
-3.125 -23.306829145273266 -24.742965159227293
-2.6250000000000018 -23.324487134506207 -24.751487685578553
-2.125 -23.341887025989536 -24.75996551598126
-1.625 -23.35907976074173 -24.768388849081546
-1.1250000000000018 -23.37607520352527 -24.77680946604577
-0.625 -23.39280166133618 -24.785173227907144
-0.125 -23.40945953216018 -24.79351384031217
0.375 -23.425811977590243 -24.801798816310978
0.875 -23.44207769912236 -24.810063805954993
1.375 -23.458095567064415 -24.818293250862823
1.875 -23.47398067539261 -24.82647579595563
2.375 -23.48967974312796 -24.834636100959475
2.875 -23.505228828403567 -24.84275329058706
3.375 -23.52061912201105 -24.85081550469848
3.875 -23.535838826045598 -24.858853263070422
4.375 -23.550995325558127 -24.86689518968594
4.875 -23.565946069047158 -24.87485687525496
5.375 -23.580745266692936 -24.882774515157365
5.875 -23.595409007583683 -24.89070540363485
6.375 -23.60997233486404 -24.898583316859295
6.875 -23.62439202354163 -24.906435036921238
7.375 -23.638690593698186 -24.914252291860514
7.875 -23.652884970596194 -24.922022520192737
8.374999999999996 -23.66696045091149 -24.929787435641874
8.875 -23.68090418863567 -24.937488789161396
9.375 -23.694810467017007 -24.945180596812875
9.874999999999996 -23.70849120233963 -24.952817042255383
10.375 -23.722166115105082 -24.960439394928784
10.875 -23.73568951670886 -24.968041747390043
11.374999999999996 -23.74914642686044 -24.97558984152529
11.875 -23.7624950210511 -24.983117842174995
12.375 -23.775724340408118 -24.990599230623282
12.874999999999996 -23.788889347189837 -24.998078338429544
13.375 -23.80194491248337 -25.00551341798326
13.875 -23.814934890542677 -25.01290795597628
14.374999999999996 -23.827869914080864 -25.020279207362456
14.875 -23.84066185688402 -25.02761151508695
15.375 -23.85340831808103 -25.03495593441734
15.875 -23.866049539487793 -25.042249516626075
16.375 -23.878644536858978 -25.049509701223943
16.875 -23.89117714764896 -25.056736052410894
17.375 -23.903603991601088 -25.063944918765007
17.875 -23.915985443735416 -25.07111601061527
18.375 -23.928275698018048 -25.07825906911124
18.875 -23.940497333434656 -25.085378381846247
19.375 -23.95271922760426 -25.092478319991578
19.875 -23.96479801926191 -25.09953393949431
20.375 -23.976832270769254 -25.106580069836234
20.875 -23.98885838627765 -25.113584985173446
21.375 -24.00071069795716 -25.120594596409962
21.875 -24.012630404527933 -25.127527766167752
22.375 -24.02441136455542 -25.134454566761534
22.875 -24.0361543265043 -25.141364464550865
23.375 -24.047887434482043 -25.14825270557896
23.875 -24.05949620060269 -25.155102514274464
24.375 -24.071081987560035 -25.161934215890454
24.875 -24.082653160516433 -25.168741546293294
25.375 -24.09413655847687 -25.175510298245257
25.875 -24.105556441554373 -25.182251223674108
26.375 -24.116961992563954 -25.188972311053625
26.875 -24.1283188317076 -25.19567355780232
27.375 -24.139561841350073 -25.202362515549417
27.875 -24.150717800181233 -25.20900952054431
28.375 -24.161798575239036 -25.215628273437556
28.875 -24.172813206150174 -25.222226202837497
29.375 -24.183737666124287 -25.22880790673854
29.875 -24.194615568959506 -25.23535233104412
30.375 -24.205370948331478 -25.241865441738373
30.875 -24.216097101851126 -25.24837499743335
31.375 -24.22673597174201 -25.25487880192722
31.874999999999993 -24.237324157377884 -25.261330128508487
32.375 -24.24780498352257 -25.26776163413257
32.875 -24.258256202443068 -25.274175272013434
33.37499999999999 -24.268651222843754 -25.280558076210387
33.875 -24.27894486521652 -25.286927774005864
34.375 -24.289234738225673 -25.293281585266264
34.87499999999999 -24.299417350464974 -25.29960477610961
35.375 -24.30959379110512 -25.305907001331143
35.875 -24.319685573162445 -25.312176128113006
36.37499999999999 -24.329748133637228 -25.318451514102588
36.875 -24.339739418836523 -25.32468312045839
37.375 -24.349682440607463 -25.330916215263105
37.87499999999999 -24.359641373227248 -25.337091021657862
38.375 -24.369484954380084 -25.343290231135338
38.875 -24.379278557627405 -25.349456653954405
39.37499999999999 -24.389096520243115 -25.355583321368172
39.875 -24.398778470333454 -25.361704894575738
40.375 -24.408522629359865 -25.367805682321848
40.87499999999999 -24.41814625426998 -25.3739005204668
41.375 -24.42778165098014 -25.37995360628933
41.875 -24.43735282042188 -25.3860085237212
42.37499999999999 -24.446888853744866 -25.392023676922662
42.875 -24.456410709441187 -25.398032945826596
43.375 -24.46588031520326 -25.404026827723865
43.87499999999999 -24.4753152043005 -25.41001797993525
44.375 -24.48472357978071 -25.415955890990247
44.875 -24.49412342903639 -25.421901959682366
45.37499999999999 -24.503478568969452 -25.42780432012639
45.875 -24.512809808437442 -25.43371532899328
46.375 -24.522100211861172 -25.439617588556203
46.87499999999999 -24.531371996739267 -25.44548005223632
47.375 -24.54061762183629 -25.451322176627045
47.875 -24.54981647883337 -25.457189880819517
48.375 -24.559047095473723 -25.462987666114692
48.875 -24.568196585662506 -25.46881018139915
49.375 -24.577351875184906 -25.474589287105665
49.875 -24.58645789789474 -25.48036262301206
50.375 -24.595569464025754 -25.486124423619568
50.875 -24.604649291101094 -25.49185241982962
51.375 -24.613704676571942 -25.497586171844276
51.875 -24.622737688165735 -25.503294741727093
52.375 -24.631758281359303 -25.50898208050632
52.875 -24.640748450194017 -25.514673182811954
53.375 -24.649754786514613 -25.520326633194447
53.875 -24.65872995735737 -25.52598576223961
54.375 -24.667677450092235 -25.53161819233576
54.875 -24.67659497310423 -25.537252157131437
55.375 -24.685516934548495 -25.54286219754482
55.875 -24.694409644422105 -25.54842252923132
56.375 -24.703304461651022 -25.55402375013264
56.875 -24.712165612286682 -25.55959787157342
57.375 -24.721035045490556 -25.565144812436372
57.875 -24.729861350927127 -25.570683264398788
58.375 -24.738703355689942 -25.57620982848162
58.875 -24.74752591514166 -25.58171102634133
59.375 -24.75634421397427 -25.587213656350517
59.875 -24.76511761097842 -25.59269290474988
60.375 -24.773890832191007 -25.59816892223127
60.875 -24.782676357890644 -25.603617094660578
61.375 -24.79138630126732 -25.60905731189019
61.875 -24.800112107500713 -25.61448525531523
62.375 -24.808775153252498 -25.619908718902057
62.875 -24.81743556066959 -25.625305937659274
63.375 -24.826068721760105 -25.630674787278473
63.875 -24.83468383714756 -25.63605395254489
64.375 -24.84326489043002 -25.641404425203614
64.875 -24.851811469900362 -25.646745325721184
65.375 -24.860334694542445 -25.65207700431091
65.875 -24.86883422976382 -25.65740701212693
66.375 -24.87730850648663 -25.662710810825132
66.875 -24.885756819196402 -25.667988867764624
67.375 -24.89417690268159 -25.67325781876612
67.875 -24.902608557414364 -25.678506905732515
68.375 -24.910975201753224 -25.68378215930531
68.875 -24.919343598177704 -25.689001604444396
69.375 -24.927667560556635 -25.694218177214573
69.875 -24.93594469566512 -25.69941754871724
70.375 -24.944250725674365 -25.704616702195786
70.875 -24.952483289013877 -25.709806889628346
71.375 -24.960711220420457 -25.71497023491051
71.875 -24.968926836357916 -25.72012602096754
72.375 -24.97709912923536 -25.725274520148112
72.875 -24.985263741727508 -25.730392103550855
73.375 -24.993390679910938 -25.735518490494375
73.875 -25.001502402158046 -25.740616314639816
74.375 -25.00958341987564 -25.745724973874825
74.875 -25.017659620874273 -25.750806838827963
75.375 -25.02568383647016 -25.755894129071542
75.875 -25.03368958170677 -25.76093411808181
76.375 -25.04168704438692 -25.765967123588688
76.875 -25.049655087112548 -25.771011414604065
77.375 -25.057583468540912 -25.776038511372835
77.875 -25.065524821624624 -25.781051112819682
78.375 -25.073400853946147 -25.78605911533768
78.875 -25.081273206578526 -25.791045863120083
79.375 -25.08912922073534 -25.79600759886475
79.875 -25.09694101135854 -25.800981202029707
80.37499999999999 -25.10474454624513 -25.80594847090266
80.875 -25.11252373665847 -25.810891384906686
81.375 -25.12028179366706 -25.81581940911883
81.87499999999999 -25.12800612868404 -25.820721306735408
82.375 -25.135716022768456 -25.8256459853881
82.875 -25.143411527621204 -25.83055051396127
83.37499999999999 -25.15107047255349 -25.835437525582453
83.875 -25.15872399462728 -25.840312133125032
84.375 -25.166334065085778 -25.845173452966304
84.87499999999999 -25.17393862704763 -25.850039218300335
85.375 -25.18150686206895 -25.85487937028693
85.875 -25.189065415056863 -25.85972341255048
86.37499999999999 -25.196596531051615 -25.864534585472477
86.875 -25.20409812366705 -25.869361418063512
87.375 -25.211585268188532 -25.874160425868766
87.87499999999999 -25.21904879929536 -25.878973713668067
88.375 -25.226488632514076 -25.883743139489752
88.875 -25.233924031792377 -25.888518319782037
89.37499999999999 -25.24132461023017 -25.893276435415956
89.875 -25.24869615060559 -25.898049837944704
90.375 -25.2560422800784 -25.902788255602815
90.87499999999999 -25.263383271758123 -25.907524540078022
91.375 -25.270696334983516 -25.912240206119638
91.875 -25.277994327092756 -25.91696028654711
92.37499999999999 -25.285268988108175 -25.92166656437008
92.875 -25.292521169224255 -25.926358635061586
93.375 -25.29974626039557 -25.93106135612225
93.87499999999999 -25.306955586835834 -25.935733910933656
94.375 -25.314139585918646 -25.9403989348711
94.875 -25.32130116718781 -25.94504716466166
95.37499999999999 -25.32845171614213 -25.949712569571354
95.875 -25.33559592345314 -25.954325146056732
96.375 -25.342669247372108 -25.958950099883793
96.87499999999999 -25.3497542057567 -25.963566061555035
97.375 -25.356798480648116 -25.96817476515198
97.875 -25.363849500565916 -25.972764858021982
98.37499999999999 -25.370859055682434 -25.97736180632611
98.875 -25.377868411086816 -25.981927553932607
99.375 -25.384840310516555 -25.986491376559492
99.87499999999999 -25.39179859054262 -25.991054930188973
100.375 -25.398755884040156 -25.995583713983194
100.875 -25.40566614802104 -26.000112376839684
101.37499999999999 -25.412550598788787 -26.00465630793314
101.875 -25.419432611417136 -26.009157480293545
102.375 -25.42630885471803 -26.013665323104473
102.87499999999999 -25.43313096422154 -26.01816066717521
103.375 -25.439950526100073 -26.022643542482914
103.875 -25.44676983743379 -26.027133821823966
104.37499999999999 -25.453545476478592 -26.031597975919375
104.875 -25.460311179002755 -26.036053173576423
105.375 -25.467051716161627 -26.040522148440765
105.87499999999999 -25.47376992268334 -26.0449390743632
106.375 -25.48050552814459 -26.049389403427732
106.875 -25.487187013773102 -26.053800166804937
107.37499999999999 -25.493853351253396 -26.058216885950625
107.875 -25.500515896141167 -26.062629565468455
108.375 -25.50715818035332 -26.067017011565696
108.87499999999999 -25.513772848805402 -26.07142112833074
109.375 -25.520388450409186 -26.075807242643382
109.875 -25.526991281629144 -26.080166952997402
110.37499999999999 -25.533532461981906 -26.084529846009822
110.875 -25.540093699170782 -26.08888768273584
111.375 -25.546624182690763 -26.093239844806707
111.875 -25.55315018578525 -26.09758058597901
112.375 -25.559647411121492 -26.101908875497802
112.875 -25.566135592061613 -26.106234599397382
113.375 -25.572618872357356 -26.110551583714575
113.875 -25.579056180326624 -26.114855048159903
114.375 -25.5854988009279 -26.119171350059833
114.875 -25.591925266288968 -26.123462513615063
115.375 -25.598327216812457 -26.12772716645491
115.875 -25.60471717693142 -26.132021406193445
116.375 -25.611089361238403 -26.13628726113912
116.875 -25.617442521505613 -26.140559817668514
117.375 -25.623789136050203 -26.144819239584955
117.875 -25.630117741578534 -26.149075796772166
118.375 -25.636417306653723 -26.153302471460584
118.875 -25.642737001497665 -26.157538855602525
119.375 -25.648996990341878 -26.161773994037233
119.875 -25.65527248709789 -26.165989636311494
120.375 -25.661514951751265 -26.17020568414866
120.875 -25.667775649073725 -26.174406032103462
121.375 -25.67397896366266 -26.17861363535851
121.875 -25.680181002699392 -26.182809406626642
122.375 -25.686369096175213 -26.186992239972085
122.875 -25.69256119546367 -26.1911804243133
123.375 -25.698748734548676 -26.195339004726165
123.875 -25.70486863270395 -26.199499525471897
124.375 -25.711015699209888 -26.20366944477388
124.875 -25.71713474348389 -26.207828166812924
125.375 -25.723242220456658 -26.21196657678886
125.875 -25.729332319740536 -26.216112570125134
126.375 -25.73541724625459 -26.220244742147045
126.875 -25.741476303275945 -26.224379507937073
127.375 -25.747521760871493 -26.228493660157643
127.875 -25.75356791716745 -26.232607055481772
128.375 -25.75960142570747 -26.23672427312236
128.875 -25.76560317499108 -26.24083143156584
129.375 -25.77159967921741 -26.244903492335368
129.875 -25.777568996142236 -26.24899921275956
130.375 -25.78354055556784 -26.25306634747796
130.875 -25.7894853494668 -26.25714919933518
131.375 -25.795407480951866 -26.261205044328143
131.875 -25.801322739692367 -26.265264231498364
132.375 -25.8072274044131 -26.269305749596242
132.875 -25.813117362933514 -26.27334708486206
133.375 -25.818995883171997 -26.277380409517544
133.875 -25.82485883281631 -26.281408152650975
134.375 -25.830710368924933 -26.285433857033652
134.875 -25.83654943844587 -26.28945580757367
135.375 -25.842361866260163 -26.29344763696995
135.875 -25.848179842191158 -26.297452337521356
136.375 -25.85395223158058 -26.30144032864856
136.875 -25.859742860357755 -26.305418157870896
137.375 -25.86550426923266 -26.309397539109316
137.875 -25.871249703028397 -26.313377117181993
138.375 -25.876998108108555 -26.317332860226962
138.875 -25.882719656409922 -26.3212987101521
139.375 -25.888437411270168 -26.32526041338297
139.875 -25.894114792585153 -26.32920099541203
140.375 -25.899808501262957 -26.333139495301804
140.875 -25.90547991187978 -26.33707905841319
141.375 -25.91112058288441 -26.341007242567535
141.875 -25.916801871958278 -26.344916722961855
142.375 -25.92242589329166 -26.348832998913426
142.875 -25.928031288598852 -26.352738269638152
143.375 -25.933654238409325 -26.356645910684804
143.875 -25.93923314955871 -26.36054552571172
144.375 -25.944843075202115 -26.36442730119153
144.875 -25.950400012913125 -26.368310618911394
145.375 -25.95597299734849 -26.37218826288876
145.875 -25.96150593285133 -26.376062526158805
146.375 -25.96704217160662 -26.379929453254
146.875 -25.97256707209587 -26.383787993646376
147.375 -25.978087070895942 -26.387644887536737
147.875 -25.98358007628354 -26.391495861775127
148.375 -25.989070492087983 -26.395342358391574
148.875 -25.994521566321446 -26.39916788139839
149.375 -26.00000366130187 -26.403011416436005
149.875 -26.005449444697383 -26.40683628059908
