FastTrWP/PhaseSpace/IAs/snIa_0.59_30.00_-1.16_-0.11.csv
# %ECSV 0.9
# ---
# datatype:
# - {name: time-rel, datatype: float64}
# - {name: g, datatype: float64}
# - {name: i, datatype: float64}
# schema: astropy-2.0
time-rel g i
-352.5 26.98361874039768 25.083035765899094
-352.0 26.962161523018576 25.075155245811658
-351.5 26.941102482958954 25.06735074932049
-351.0 26.920300785179506 25.05957968150411
-350.5 26.899799959143525 25.051840826739927
-350.0 26.879596086798188 25.04413844918728
-349.5 26.859719917927837 25.036439794930992
-349.0 26.84011466807156 25.028810898313193
-348.5 26.820689179240933 25.02117521544969
-348.0 26.801624055678136 25.01360041852232
-347.5 26.782708089764956 25.00606276257395
-347.0 26.764163950210268 24.998538593756905
-346.5 26.74576278572284 24.99101705620475
-346.0 26.727556381466833 24.983560377241545
-345.5 26.709645362630393 24.976146315855825
-345.0 26.691915090147408 24.968729005469818
-344.5 26.67441992767404 24.96135471759782
-344.0 26.657092876767344 24.95400624147376
-343.5 26.63994408225589 24.946712353670947
-343.0 26.62309055345751 24.939409494201858
-342.5 26.606329685591614 24.932158462485354
-342.0 26.58977184991246 24.924916417233874
-341.5 26.57341514663365 24.9177358713156
-341.0 26.55726437017316 24.910559370508267
-340.5 26.541174153325855 24.90341364537351
-340.0 26.525317616123928 24.896308468065026
-339.5 26.509643791062075 24.889227216245715
-339.0 26.494088462143615 24.882131486367967
-338.5 26.478679603798724 24.875113380905688
-338.0 26.46341710695946 24.868113601213704
-337.5 26.448375252850305 24.86111403250949
-337.0 26.433374682858386 24.854157858761923
-336.5 26.418539958356355 24.847249072806477
-336.0 26.403866847255127 24.840331847672992
-335.5 26.389338317518693 24.833441977577444
-335.0 26.37492224481901 24.826598448895396
-334.5 26.360602153748008 24.819774542947748
-334.0 26.346451798569994 24.81298351094185
-333.5 26.3324156748967 24.80619108339715
-333.0 26.318509175402074 24.79942597203428
-332.5 26.304679420937802 24.792703544644112
-332.0 26.290996991334946 24.785993888074934
-331.5 26.27743780291777 24.779318745857154
-331.0 26.263951339801874 24.77265276768566
-330.5 26.25054695659837 24.766027367265842
-330.0 26.237321202883614 24.759414073384974
-329.5 26.224158164715682 24.752835152039488
-329.0 26.21116305587946 24.746271932645367
-328.5 26.198286876000516 24.73974458970178
-328.0 26.185486613246105 24.733273490297183
-327.5 26.172813926327688 24.7267435624164
-327.0 26.160259666343908 24.7202769022392
-326.5 26.147808195849947 24.713852700096638
-326.0 26.135440782058055 24.707422054078272
-325.5 26.1231769167289 24.70102900294668
-325.0 26.111014322484056 24.694666172557262
-324.5 26.09899131618662 24.68832500497639
-324.0 26.086997813551193 24.68201162489187
-323.5 26.075129104293765 24.67569582253241
-323.0 26.063368159875267 24.669409891811025
-322.5 26.051691909088706 24.6631629796722
-322.0 26.040036200689308 24.65691670784998
-321.5 26.028533789009177 24.650696529755315
-321.0 26.017095258924595 24.6445024968568
-320.5 26.005741927384598 24.638325305288838
-320.0 25.994458277376165 24.6321644210928
-319.5 25.983244646101845 24.62605149974092
-319.0 25.972147391548944 24.619923431387786
-318.5 25.96108025673538 24.613833793272516
-318.0 25.950100108158015 24.60775735943134
-317.5 25.939174605805974 24.601698439702233
-317.0 25.928312318062904 24.59566084568683
-316.5 25.91756679425284 24.58963785482146
-316.0 25.906882735868617 24.583636379766528
-315.5 25.896250774012387 24.57766424274295
-315.0 25.885627445009373 24.571686462266985
-314.5 25.875155952574346 24.56575016965766
-314.0 25.864697607220386 24.559815210098122
-313.5 25.8542958465343 24.553899990070178
-313.0 25.843964449569782 24.547999732585097
-312.5 25.83372349960589 24.54213477432117
-312.0 25.823522142364673 24.536289685805414
-311.5 25.813332921836395 24.53043221204982
-311.0 25.80325219093426 24.524600824802697
-310.5 25.79319016447817 24.518799284269946
-310.0 25.78319566013287 24.513003272917523
-309.5 25.773273031513323 24.50723925977777
-309.0 25.763362472283994 24.501477543435875
-308.5 25.753535183458016 24.495740390280684
-308.0 25.74372280502984 24.48998088549809
-307.5 25.73399999072278 24.48427662634351
-307.0 25.724303914685386 24.478586016386643
-306.5 25.714631083584862 24.472880788235027
-306.0 25.70503350011538 24.467224957390957
-305.5 25.695498263100554 24.461576575615016
-305.0 25.685995079418717 24.455925938708305
-304.5 25.67651516073977 24.45030040481804
-304.0 25.66708437025391 24.44468233125148
-303.5 25.657692803326178 24.439097994552487
-303.0 25.648346122370484 24.433525153918705
-302.5 25.639051799219807 24.427934300049813
-302.0 25.62977659180969 24.42238959755254
-301.5 25.620555612459736 24.416842995350745
-301.0 25.61135695656104 24.411315237075755
-300.5 25.602241270442324 24.405829999876964
-300.0 25.59310716304719 24.400298462449577
-299.5 25.584023859838112 24.39484085501703
-299.0 25.5750203852026 24.389343494875618
-298.5 25.565998302737135 24.383885100444928
-298.0 25.55703124618196 24.378443890971194
-297.5 25.548091470605563 24.372999258463143
-297.0 25.539194584091103 24.367573022326496
-296.5 25.53032891651995 24.362168751349415
-296.0 25.521499644328152 24.356764040662075
-295.5 25.512721182092 24.351392222105794
-295.0 25.503933558605056 24.346006021329213
-294.5 25.495202605703504 24.340636518321062
-294.0 25.48650941105538 24.33528153094275
-293.5 25.477817918575923 24.32994433644736
-293.0 25.469190812822337 24.324627635524536
-292.5 25.460559167870564 24.31931101958188
-292.0 25.451994208362095 24.31401390355677
-291.5 25.44342417703636 24.308721160435375
-291.0 25.434933767691884 24.30345224077387
-290.5 25.426436649648192 24.298159546684563
-290.0 25.418010258841566 24.29292469768673
-289.5 25.409617815651583 24.287696843061788
-289.0 25.401227616707782 24.282452907422183
-288.5 25.392885087074077 24.277243947166806
-288.0 25.384560127147907 24.272045998740506
-287.5 25.376301731645942 24.266867480100235
-287.0 25.368053657662163 24.26169614309877
-286.5 25.359865071661734 24.256535837222163
-286.0 25.351688891616323 24.25138710661632
-285.5 25.34353315902074 24.246248763559688
-285.0 25.335446275386325 24.241109938631826
-284.5 25.32735358569129 24.235996420837633
-284.0 25.319324870285 24.230930357631987
-283.5 25.3112887317429 24.22580475118352
-283.0 25.303318478698845 24.220746160934404
-282.5 25.295360187928203 24.215676074103854
-282.0 25.28743437205696 24.210640303903304
-281.5 25.279543507514724 24.20560215948544
-281.0 25.271682195590166 24.200569871508453
-280.5 25.263849474543232 24.195556117215453
-280.0 25.256056029157246 24.190532192949302
-279.5 25.248267217455968 24.185543370344043
-279.0 25.240536839467502 24.180562341988605
-278.5 25.232814747919292 24.175603950206753
-278.0 25.225098162561935 24.170651507634524
-277.5 25.21744788438202 24.165691524896346
-277.0 25.209838170127426 24.160753138701324
-276.5 25.20222864838184 24.155822381690164
-276.0 25.194634175635482 24.150908102873835
-275.5 25.187118040879742 24.14601487664601
-275.0 25.179587884302798 24.141114394353927
-274.5 25.17210522729286 24.136240758016726
-274.0 25.16463293039052 24.13135134746423
-273.5 25.15719002383969 24.126511400091562
-273.0 25.149771548654908 24.121659470469407
-272.5 25.142401594445083 24.11681723655954
-272.0 25.135012671313923 24.111987198471137
-271.5 25.127690342048634 24.107186957289073
-271.0 25.12035649061819 24.10235830799255
-270.5 25.113109949606258 24.09758392168831
-270.0 25.105841151731244 24.092771004697365
-269.5 25.098621948096348 24.088003052639078
-269.0 25.091407206009745 24.083243663975203
-268.5 25.084222364505106 24.078487728167953
-268.0 25.077066321788926 24.07373164060505
-267.5 25.069936575477556 24.068986021123724
-267.0 25.06282172336877 24.064270708238894
-266.5 25.055729702127003 24.0595547122266
-266.0 25.048680456075665 24.05485751670205
-265.5 25.041632347209507 24.050154951907537
-265.0 25.03462140242288 24.04548568425886
-264.5 25.027634471278787 24.040794469172674
-264.0 25.020666187614957 24.036116818057145
-263.5 25.013708460358014 24.031460446744262
-263.0 25.00679416605296 24.02681310825625
-262.5 24.999892807272953 24.0221786783656
-262.0 24.993022885286 24.017554082076266
-261.5 24.9861736088133 24.012931361440913
-261.0 24.979325297381408 24.00832031864923
-260.5 24.972522278904265 24.00370896193718
-260.0 24.965753496098174 23.999115983051663
-259.5 24.95899205443392 23.99454315670729
-259.0 24.952239125465567 23.98996712945572
-258.5 24.94551308528884 23.98539686405496
-258.0 24.938820872809625 23.98085503106544
-257.5 24.9321424793033 23.97629063380898
-257.0 24.925482586546558 23.971767353018677
-256.5 24.918839153641983 23.967236241405132
-256.0 24.912238027769416 23.96270992581668
-255.5 24.905638670939084 23.958187398013948
-255.0 24.899080707741177 23.95369777641364
-254.5 24.892508122990375 23.949201072648258
-254.0 24.885974245970594 23.94472808112622
-253.5 24.87945748485318 23.940251406954147
-253.0 24.87293974563828 23.935777939375885
-252.5 24.866478858094414 23.931320453788057
-252.0 24.860041718249928 23.926876962905776
-251.5 24.853610581336994 23.922431403006303
-251.0 24.84718712760721 23.918013864942026
-250.5 24.840825615795616 23.91359311503962
-250.0 24.834458790339106 23.90917535383229
-249.5 24.828097699649845 23.904774167429498
-249.0 24.82177451650425 23.900391971682005
-248.5 24.81547052458355 23.896006170409333
-248.0 24.809166270549277 23.89163062703844
-247.5 24.802881029972596 23.887272136472276
-247.0 24.79665504992012 23.882920112430703
-246.5 24.790424758186155 23.87856296853633
-246.0 24.7842188413744 23.87422356576475
-245.5 24.777994783403905 23.869895645586187
-245.0 24.771832263853465 23.86558497592361
-244.5 24.765663821543747 23.861272741095988
-244.0 24.759539560695 23.856969153981233
-243.5 24.753418238462565 23.852674674668076
-243.0 24.74731788932939 23.848396976386237
-242.5 24.74122658577627 23.844105461011466
-242.0 24.735138735756138 23.83985157189498
-241.5 24.729093339218533 23.835584706424576
-241.0 24.723069949900093 23.831331703968406
-240.5 24.717056725690473 23.827077516590617
-240.0 24.711049588846063 23.822834968375712
-239.5 24.705068145555863 23.81862555348237
-239.0 24.699101569083844 23.81439543434107
-238.5 24.693151754673938 23.810190533938275
-238.0 24.687219510442443 23.80597361610764
-237.5 24.681304673465718 23.801777937822234
-237.0 24.6754036564612 23.797581938945157
-236.5 24.66951683333537 23.7933997609551
-236.0 24.66365464755728 23.789218680016752
-235.5 24.65778955940378 23.78504565707273
-235.0 24.651959910084514 23.78089481099068
-234.5 24.646153630431623 23.776744888962345
-234.0 24.640335784776134 23.772595852290298
-233.5 24.63454069580244 23.768463240601445
-233.0 24.628759955536875 23.76433355044388
-232.5 24.622986068343202 23.76020259672905
-232.0 24.61724496217091 23.75606966673217
-231.5 24.61151866749485 23.751965651790066
-231.0 24.6058145806758 23.747867544076662
-230.5 24.600104361987263 23.743771579954476
-230.0 24.594392457972084 23.739686685684426
-229.5 24.58873828840983 23.735599612836474
-229.0 24.583069615874656 23.73152309243139
-228.5 24.577442907254344 23.72745300841668
-228.0 24.571804367550733 23.723392843140086
-227.5 24.56616496746134 23.719336899279682
-227.0 24.560595394161723 23.715292911970867
-226.5 24.55500135413906 23.7112359032237
-226.0 24.549422225283145 23.707207990506205
-225.5 24.543848510901704 23.703171370773227
-225.0 24.53830617684041 23.699155327172903
-224.5 24.53276324247364 23.69512652747828
-224.0 24.527239845099196 23.69113381407839
-223.5 24.521741284523845 23.68712656800019
-223.0 24.51625433519684 23.683121304159602
-222.5 24.51077797685415 23.679125041712684
-222.0 24.505296728319333 23.675146473840254
-221.5 24.499831738863755 23.671169447076274
-221.0 24.49439743078752 23.66719252861463
-220.5 24.48897565836994 23.66322278544422
-220.0 24.48353747205264 23.65925983043438
-219.5 24.478149716667854 23.655302655453973
-219.0 24.472754437991583 23.651358629887213
-218.5 24.46735600061784 23.647410977335767
-218.0 24.461988435861052 23.643476082397527
-217.5 24.45664621346811 23.639546240002602
-217.0 24.451300459640237 23.635617961382636
-216.5 24.445956591385706 23.631706228974984
-216.0 24.44064620134216 23.627775848012554
-215.5 24.43532798450576 23.62387133742572
-215.0 24.430042962866167 23.619970833928605
-214.5 24.424755942675837 23.61607166254549
-214.0 24.419490019541744 23.61218590834374
-213.5 24.4142238428239 23.608317736314657
-213.0 24.408974941738045 23.60443014592228
-212.5 24.403745953422323 23.600572853535663
-212.0 24.398547617757778 23.596703154037133
-211.5 24.393337922351147 23.592847305567155
-211.0 24.38813450137235 23.589000649395807
-210.5 24.38295882608628 23.58517018637087
-210.0 24.377771522539284 23.581339210614306
-209.5 24.372624718608055 23.577502001844618
-209.0 24.36749249476264 23.573669239879695
-208.5 24.362363173164205 23.569853146061153
-208.0 24.35723586443907 23.566049583289633
-207.5 24.35212976616908 23.562246654237327
-207.0 24.34703378186848 23.558450289161755
-206.5 24.341947393283704 23.554664369382362
-206.0 24.336860863667514 23.550871472581072
-205.5 24.331797822392907 23.547096074730018
-205.0 24.32676702256524 23.543319665677757
-204.5 24.32171921590318 23.5395463123357
-204.0 24.316692182352423 23.53578971695964
-203.5 24.31167250982705 23.532041287671962
-203.0 24.306668157647184 23.52828343575172
-202.5 24.301677661769276 23.524552530453615
-202.0 24.29669967236763 23.520814040416656
-201.5 24.29172411693672 23.51707809884847
-201.0 24.28675803482971 23.513345067438184
-200.5 24.28181323846653 23.509626408668506
-200.0 24.27687780500015 23.50592159151656
-199.5 24.271946526550355 23.502199469034174
-199.0 24.267031861128103 23.49850652566048
-198.5 24.262118385437464 23.494805627934458
-198.0 24.257222036345702 23.491116479126497
-197.5 24.252339077897496 23.487427668913806
-197.0 24.247453941754372 23.4837411057173
-196.5 24.24260217515181 23.480064861538736
-196.0 24.237739652972543 23.476402308072647
-195.5 24.23290908207695 23.47273652405444
-195.0 24.228057231854983 23.469068732904002
-194.5 24.22324816853418 23.46542022408346
-194.0 24.21843824031566 23.46176365438697
-193.5 24.213627517599935 23.458122003345167
-193.0 24.20883428000916 23.454476089623093
-192.5 24.204042687800282 23.450842364531805
-192.0 24.199267643208827 23.44721058594958
-191.5 24.19452423836041 23.443590900157428
-191.0 24.18975707412328 23.43997805008421
-190.5 24.185013308571897 23.43636076482259
-190.0 24.180285125425822 23.432737295482777
-189.5 24.175557900987602 23.429148252995805
-189.0 24.170851593002883 23.425550576630577
-188.5 24.16612828751852 23.42195084765599
-188.0 24.161450935114843 23.418363826689614
-187.5 24.15675307524293 23.414776337040553
-187.0 24.15209473667418 23.41119541585671
-186.5 24.14740497954657 23.407621361934687
-186.0 24.142741420032475 23.404052290314606
-185.5 24.138103698059933 23.400485679493585
-185.0 24.13345147860116 23.396921531626013
-184.5 24.128822712902522 23.393372500452784
-184.0 24.12420452636413 23.38982328033722
-183.5 24.119589629200778 23.386275027105672
-183.0 24.11498993492437 23.382721425132104
-182.5 24.110404779395722 23.379197461951474
-182.0 24.10580925619817 23.375659056356547
-181.5 24.10122877519481 23.372128525078036
-181.0 24.096675363654853 23.368607482256255
-180.5 24.0920977364462 23.365088039108418
-180.0 24.087565232349377 23.36157045135648
-179.5 24.08299590455906 23.358054391704993
-179.0 24.078462514609704 23.354553551782725
-178.5 24.07394276031004 23.351052278010634
-178.0 24.069451083959237 23.34755374996775
-177.5 24.064918142807116 23.344056297358055
-177.0 24.060398190043625 23.340556122463873
-176.5 24.055870870358135 23.3370675933209
-176.0 24.05133963423802 23.333556802729973
-175.5 24.04679604996212 23.330051864131928
-175.0 24.042260916612864 23.326553470338894
-174.5 24.037710359418007 23.323061232539885
-174.0 24.033155843875107 23.31954308716137
-173.5 24.028596645737657 23.31604992425354
-173.0 24.02406066844732 23.312544818702197
-172.5 24.019507140970568 23.309042217583368
