FastTrWP/PhaseSpace/IAs/snIa_0.65_30.00_1.05_-0.08.csv
# %ECSV 0.9
# ---
# datatype:
# - {name: time-rel, datatype: float64}
# - {name: g, datatype: float64}
# - {name: i, datatype: float64}
# schema: astropy-2.0
time-rel g i
[from data line 863]
489.4791666666667 23.49921419011745 22.3809241185486
489.9791666666667 23.498470686332702 22.380126859333718
490.4791666666667 23.49771435621633 22.379342516904618
490.9791666666667 23.49698579806846 22.378564631251464
491.4791666666667 23.496256892157554 22.37778338527944
491.9791666666667 23.49554158028473 22.377005245436337
492.4791666666667 23.49482169845747 22.376236904643726
492.9791666666667 23.494109039767594 22.37546870464862
493.4791666666667 23.4934133748791 22.374699501923278
493.9791666666667 23.492718060310658 22.373940448215933
494.4791666666667 23.492040998844516 22.37319247022374
494.9791666666667 23.491354042605717 22.372442457381418
495.4791666666667 23.49068721647217 22.371687659197423
495.9791666666667 23.490025213780395 22.370936343994565
496.4791666666667 23.489348086775085 22.370199977518233
496.9791666666667 23.488704836952508 22.369456268076704
497.4791666666667 23.488050528839757 22.368733009515065
497.9791666666667 23.487402051282245 22.36799920077266
498.4791666666667 23.48677203100118 22.367271803375154
498.9791666666667 23.48615537107269 22.36655008736767
499.4791666666667 23.485536526384358 22.365824806981607
499.9791666666667 23.484909350516002 22.365116630176537
500.4791666666667 23.484316705067734 22.3644088624472
500.9791666666667 23.48371152294078 22.363705284269884
501.4791666666667 23.483109572341153 22.36299877075303
501.9791666666667 23.482518168931716 22.362294100154184
502.4791666666667 23.481933134202958 22.361602812769416
502.9791666666667 23.481363755157506 22.36091575730827
503.4791666666667 23.480791098368158 22.360227594352406
503.9791666666667 23.480221457693467 22.359541353892585
504.4791666666667 23.479664095210694 22.358857368245395
504.9791666666667 23.479109085285828 22.358186169869725
505.4791666666667 23.478565029947216 22.357509128703533
505.9791666666667 23.478025963317197 22.356838763396713
506.4791666666667 23.477500555665152 22.356172943825637
506.9791666666667 23.476975852243555 22.355511570780934
507.4791666666667 23.476452030392764 22.35485361316836
507.9791666666667 23.475936457004657 22.35419100671647
508.4791666666667 23.47542881850091 22.353538443932134
508.9791666666667 23.474921950144708 22.352892273347322
509.4791666666667 23.474427020813053 22.352249967222736
509.9791666666667 23.473923891854284 22.351608746727628
510.4791666666667 23.47344916632462 22.350973322406972
510.9791666666667 23.472962668548625 22.350331413763662
511.4791666666667 23.472488800180734 22.34969797620266
511.9791666666667 23.472024931894456 22.349068920999446
512.4791666666666 23.471563358899907 22.348449626825012
512.9791666666666 23.471105731088958 22.347817985083207
513.4791666666666 23.47065981517037 22.347204270643182
513.9791666666666 23.47021994786782 22.346591178974833
514.4791666666666 23.469783142787648 22.345977480539318
514.9791666666666 23.46933340910754 22.34537195625487
515.4791666666666 23.468927417419593 22.344763811813188
515.9791666666666 23.468498175690012 22.34416050841442
516.4791666666666 23.46809023483553 22.343553086237993
516.9791666666666 23.46768333637856 22.342959869044723
517.4791666666666 23.46728602096745 22.3423646363622
517.9791666666666 23.466886164480115 22.34178293055863
518.4791666666666 23.466494416085748 22.34118785842864
518.9791666666666 23.466116439509168 22.34060753083427
519.4791666666666 23.465733984187914 22.34001792004017
519.9791666666666 23.4653526110462 22.33944450533947
520.4791666666666 23.464989186517574 22.338870410670054
520.9791666666666 23.464621209250353 22.338293537620423
521.4791666666666 23.464261624463916 22.337728653503476
521.9791666666666 23.46390429130409 22.33715647155167
522.4791666666666 23.46357205170778 22.336593645098198
522.9791666666666 23.463235876360073 22.336035864553466
523.4791666666666 23.462901728809932 22.33547721356864
523.9791666666666 23.46256758174839 22.334914314876862
524.4791666666666 23.46225100882264 22.334368602669695
524.9791666666666 23.4619311051716 22.33381820819516
525.4791666666666 23.46162064377161 22.333269476130333
525.9791666666666 23.461313995923454 22.332725225830078
526.4791666666666 23.461021234789744 22.3321870969529
526.9791666666666 23.46072460964258 22.331646805822942
527.4791666666666 23.460432350437085 22.331109549822564
527.9791666666666 23.460154389725417 22.33057047531102
528.4791666666666 23.459872256164797 22.33004578503288
528.9791666666666 23.459598833389784 22.329513837056723
529.4791666666666 23.459347332773447 22.32899305812897
529.9791666666666 23.459085753345214 22.32846017829887
530.4791666666666 23.458828199620804 22.32794627896285
530.9791666666666 23.45857914685073 22.327427186812567
531.4791666666666 23.458341962734153 22.32691175937104
531.9791666666666 23.458103244665885 22.326395570903912
532.4791666666666 23.45786849758728 22.325888628239937
532.9791666666666 23.457637042444706 22.32537799414491
533.4791666666666 23.457414470429615 22.32487735236555
533.9791666666666 23.457205418749943 22.3243710603928
534.4791666666666 23.456986367666268 22.323869798374
534.9791666666666 23.456786718843404 22.323365468102423
535.4791666666666 23.45659274379846 22.322874005485577
535.9791666666666 23.45638753407163 22.322383428388743
536.4791666666666 23.456201405188946 22.321878898853036
536.9791666666666 23.45602161929049 22.321396273550956
537.4791666666666 23.455841690973458 22.320909091965504
537.9791666666666 23.455680146898928 22.320423735479082
538.4791666666666 23.455507907403998 22.319938289014726
538.9791666666666 23.455337048084658 22.319472802297298
539.4791666666666 23.455188061748117 22.318993884619566
539.9791666666666 23.455047710952364 22.31851720195397
540.4791666666666 23.45490257238807 22.318052857515585
540.9791666666666 23.45478256605357 22.317588246525286
541.4791666666666 23.45463557665536 22.317134185352806
541.9791666666666 23.45452516997883 22.316676073660137
542.4791666666666 23.454405570100633 22.316217861529786
542.9791666666666 23.45429839901941 22.315776342909018
543.4791666666666 23.454198714706806 22.315321459619938
543.9791666666666 23.454098137810682 22.314878739443774
544.4791666666666 23.45400316779576 22.31444103677637
544.9791666666666 23.453918998645804 22.31400201123373
545.4791666666666 23.45383588816723 22.31356436594787
545.9791666666666 23.453764953707676 22.31313814924489
546.4791666666666 23.453696198237317 22.312705541424982
546.9791666666666 23.45363406005975 22.31228219664954
547.4791666666666 23.453572356561907 22.311860543489015
547.9791666666666 23.45352686441158 22.311445483134733
548.4791666666666 23.45348279158906 22.31102469333676
548.9791666666666 23.453435565575287 22.310611770058493
549.4791666666666 23.453406926058822 22.310195865724015
549.9791666666666 23.453382172600193 22.309791649148455
550.4791666666666 23.45336076068211 22.309388287136617
550.9791666666666 23.453343071293716 22.308983861016685
551.4791666666666 23.45332886391956 22.308580016296986
551.9791666666666 23.453330407019223 22.308185566974554
552.4791666666666 23.453328119804546 22.30779182248812
552.9791666666666 23.45332871845773 22.30739811169666
553.4791666666666 23.45334078721769 22.307008218800668
553.9791666666666 23.453351874224303 22.306619199458023
554.4791666666666 23.453376806908576 22.306228375060847
554.9791666666666 23.45340654444234 22.305851905237937
555.4791666666666 23.453441563448997 22.30547224998391
555.9791666666666 23.453470408497235 22.305091012550097
556.4791666666666 23.45351737879546 22.30471043361826
556.9791666666666 23.453572361831014 22.30433531331565
557.4791666666666 23.45362124021583 22.303965997928795
557.9791666666666 23.45367882880091 22.303591291457252
558.4791666666666 23.45373190195304 22.303222916142627
558.9791666666666 23.45380890513063 22.302861394883507
559.4791666666666 23.453883369873246 22.302488467985093
559.9791666666666 23.453967581105996 22.302131732892853
560.4791666666666 23.454029699810327 22.301768568589676
560.9791666666666 23.45412118020189 22.301409907961848
561.4791666666666 23.45422257306966 22.30104793781591
561.9791666666666 23.454310696634913 22.30069247318841
562.4791666666666 23.454421044422915 22.300341692056094
562.9791666666666 23.454532436678782 22.29998213559803
563.4791666666666 23.454640619267366 22.299641624568576
563.9791666666666 23.4547503361574 22.29929064170208
564.4791666666666 23.454879093744047 22.29893317815167
564.9791666666666 23.4550065549808 22.29859216760414
565.4791666666666 23.45514034128604 22.29824675022321
565.9791666666666 23.455279663296874 22.297903360420072
566.4791666666666 23.455417098271944 22.297564603345172
566.9791666666666 23.455553108474028 22.297218991847906
567.4791666666666 23.455705041666903 22.296874288003174
567.9791666666666 23.455862653072316 22.296540952876136
568.4791666666666 23.456028649809532 22.2962020116254
568.9791666666666 23.45618677673143 22.295856054847132
569.4791666666666 23.456341160879784 22.29553187104909
569.9791666666666 23.456516371098356 22.29519691499767
570.4791666666666 23.456694545920595 22.29486256600428
570.9791666666666 23.456878664571615 22.294528497702064
571.4791666666666 23.457057267552926 22.294195062551406
571.9791666666666 23.457244617841333 22.293870722547574
572.4791666666666 23.45743183458286 22.293528479947003
572.9791666666666 23.45762706658791 22.293207630594353
573.4791666666666 23.45782979689237 22.292883539202542
573.9791666666666 23.458036747301747 22.292543071483436
574.4791666666666 23.458252436252394 22.292219453768965
574.9791666666666 23.458469133755344 22.29190004613308
575.4791666666666 23.458680498537902 22.291566817533486
575.9791666666666 23.45890226361709 22.291246871147713
576.4791666666666 23.45913412740369 22.290916594780036
576.9791666666666 23.4593611852624 22.290590730182064
577.4791666666666 23.459592920766333 22.290274197364237
577.9791666666666 23.459833174194415 22.28994874579589
578.4791666666666 23.4600618278955 22.289628022989017
578.9791666666666 23.460312365119727 22.289304422087245
579.4791666666666 23.460561397224424 22.288991895574355
579.9791666666666 23.460818457524372 22.288675132594978
580.4791666666666 23.461077646600042 22.28835825240591
580.9791666666666 23.461347420978118 22.28804186685558
581.4791666666666 23.46161253180572 22.287731370344844
581.9791666666666 23.46188403887878 22.287415984723378
582.4791666666666 23.462168263243814 22.287109955668015
582.9791666666666 23.462461423179143 22.286792085611093
583.4791666666666 23.46273773478192 22.286483222150196
583.9791666666666 23.46303488403184 22.286172267686396
584.4791666666666 23.46332443128472 22.285871195216153
584.9791666666666 23.463619464450716 22.285569076629148
585.4791666666666 23.46392992383743 22.28526343054602
585.9791666666666 23.464229789695217 22.284963720433232
586.4791666666666 23.464554779081826 22.284671564591534
586.9791666666666 23.464868643950464 22.284367266677325
587.4791666666666 23.465198088382458 22.284071192065458
587.9791666666666 23.46553170085678 22.28377556457124
588.4791666666666 23.465857704243575 22.2834838862309
588.9791666666666 23.466205250651985 22.283187447689127
589.4791666666666 23.46655268573312 22.282898324538447
589.9791666666666 23.46689227369163 22.282601132110337
590.4791666666666 23.46723254302684 22.282316405915896
590.9791666666666 23.467606516657902 22.282029518218277
591.4791666666666 23.467966437145236 22.281741350133206
591.9791666666666 23.468333569089204 22.281458532902157
592.4791666666666 23.46869954043776 22.28117471889021
592.9791666666666 23.469083626458964 22.280894680888558
593.4791666666666 23.469459087752558 22.280614057229485
593.9791666666666 23.46986086157751 22.280333531866958
594.4791666666666 23.470252201246886 22.280056512127473
594.9791666666666 23.47064017673127 22.27979330113138
595.4791666666666 23.471040220592542 22.27951140535402
595.9791666666666 23.471454882329674 22.279230040940803
596.4791666666666 23.471869313373915 22.27896026053278
596.9791666666666 23.472283635552298 22.278690089739115
597.4791666666666 23.472700669593337 22.278429330848
597.9791666666666 23.4731370908666 22.278164834563732
598.4791666666666 23.47357538972058 22.277893281027417
598.9791666666666 23.47399718496883 22.277631300973827
599.4791666666666 23.474457431043163 22.277364459595333
599.9791666666666 23.47489586571125 22.277108715010247
600.4791666666666 23.475354207185685 22.27684449690475
600.9791666666666 23.475818337823956 22.27658604284651
601.4791666666666 23.476263237902323 22.276332868541758
601.9791666666666 23.476750991128448 22.276072096840128
602.4791666666666 23.47721823352847 22.275821498404635
602.9791666666666 23.47770950532173 22.275570321929674
603.4791666666666 23.478189198468744 22.27531261718905
603.9791666666666 23.478674228186254 22.275073489984027
604.4791666666666 23.479176141136836 22.27481905846084
604.9791666666666 23.479677596322368 22.274576322079387
605.4791666666666 23.480192942290078 22.27433354100516
605.9791666666666 23.480691397826195 22.27408945250223
606.4791666666666 23.481219919334244 22.273850160005573
606.9791666666666 23.48173936605542 22.27360944288548
607.4791666666666 23.48226395757672 22.273377582465294
607.9791666666666 23.482809568941807 22.273131412439795
608.4791666666666 23.48333698995368 22.272901021990357
608.9791666666666 23.483884748544632 22.272661280116417
609.4791666666666 23.48443439251572 22.27242935076656
609.9791666666666 23.48500267185901 22.272201866312745
610.4791666666666 23.485557679868712 22.27196878537661
610.9791666666666 23.486124277512044 22.271746310746803
611.4791666666666 23.48669551440267 22.27152188742407
611.9791666666666 23.487267639706708 22.271297382835698
612.4791666666666 23.487867768593205 22.27107667827019
612.9791666666666 23.488445982562798 22.270855758889432
613.4791666666666 23.489065812113196 22.27063714801156
613.9791666666666 23.48966137614131 22.27041309060539
614.4791666666666 23.49027631993652 22.270200688532555
614.9791666666666 23.490892649274436 22.269988274596688
615.4791666666666 23.49151189909046 22.269776849796173
615.9791666666666 23.492122407429342 22.26956146462173
616.4791666666666 23.492766544281952 22.269353531890864
616.9791666666666 23.493404332332748 22.269148125097495
617.4791666666666 23.494038738876558 22.268944075129195
617.9791666666666 23.49468664585153 22.26873534218974
618.4791666666666 23.49535349116391 22.268528516633864
618.9791666666666 23.496016072087148 22.268331478568072
619.4791666666666 23.49668990713504 22.268127199600784
619.9791666666666 23.49734866323476 22.267926826145867
620.4791666666666 23.498030155246475 22.267733137093515
620.9791666666666 23.498710446055384 22.267540428473996
621.4791666666666 23.499407816154203 22.26734192778072
621.9791666666666 23.500090116939543 22.26714675313682
622.4791666666666 23.500796106071938 22.266961551314274
622.9791666666666 23.501497787254205 22.26676716429441
623.4791666666666 23.50221031721587 22.26657538827557
623.9791666666666 23.502924806371052 22.266383652475863
624.4791666666666 23.50364407804427 22.266201074200236
624.9791666666666 23.504373441674492 22.266014322243205
625.4791666666666 23.50511921289504 22.265837430586632
625.9791666666666 23.505857340922564 22.265649797571925
626.4791666666666 23.50660461672153 22.26546922867946
626.9791666666666 23.50734061835707 22.265291661172505
627.4791666666666 23.508111859335816 22.265115984388537
627.9791666666666 23.508867293523426 22.264940066202833
628.4791666666666 23.50964101866378 22.26476357825577
628.9791666666666 23.510406871714757 22.26459180966605
629.4791666666666 23.51119829440655 22.2644162055974
629.9791666666666 23.511988297754254 22.264240057143013
630.4791666666666 23.512769263187412 22.264081687603014
630.9791666666666 23.513564553207097 22.263912240138566
631.4791666666666 23.514375175473216 22.263749681243397
631.9791666666666 23.5151875888204 22.263581794479318
632.4791666666666 23.51599986176486 22.26341510767
632.9791666666666 23.51683181771634 22.263254729243776
633.4791666666666 23.517651368153803 22.26309121367873
