FastTrWP/PhaseSpace/IAs/snIa_0.55_30.00_0.14_0.15.csv
# %ECSV 0.9
# ---
# datatype:
# - {name: time-rel, datatype: float64}
# - {name: g, datatype: float64}
# - {name: i, datatype: float64}
# schema: astropy-2.0
time-rel g i
[from data line 575]
443.83333333333326 24.034493472219527 22.596559120555394
444.3333333333333 24.03266699039117 22.59494999703034
444.8333333333333 24.030831986752514 22.593341183199612
445.33333333333326 24.02902857073975 22.591744536843912
445.8333333333333 24.02723337625227 22.590152105232598
446.3333333333333 24.02545759448448 22.588554176197672
446.83333333333326 24.023668441025016 22.58697186501656
447.3333333333333 24.0219021137694 22.585394040466035
447.8333333333333 24.02013969324384 22.58381709639896
448.33333333333326 24.018402778820736 22.58224921897092
448.8333333333333 24.016683989786873 22.58068761897723
449.3333333333333 24.014950133052015 22.579125780719117
449.83333333333326 24.013240917300127 22.577569759854427
450.3333333333333 24.011538608532298 22.57602690939175
450.8333333333333 24.009838859793405 22.574485319013476
451.33333333333326 24.00816920322072 22.57294273527426
451.8333333333333 24.0064976631392 22.5714109091072
452.3333333333333 24.00483383285462 22.56988326304412
452.83333333333326 24.00319972920442 22.56836449230192
453.3333333333333 24.001556137240343 22.56684736129864
453.8333333333333 23.999930230505303 22.565339999379997
454.33333333333326 23.99831019207785 22.563823090717136
454.8333333333333 23.996695458870438 22.562324200670364
455.3333333333333 23.995093946322605 22.56082603146347
455.83333333333326 23.99352226598564 22.559342311963356
456.3333333333333 23.991946909145057 22.55786012580802
456.8333333333333 23.99037475092984 22.556371671989517
457.33333333333326 23.98882771626176 22.55490106849251
457.8333333333333 23.98727891327979 22.55342533917195
458.3333333333333 23.985762156143537 22.55196297237172
458.83333333333326 23.984217664584353 22.55050102345118
459.3333333333333 23.982706526869094 22.549046271634513
459.8333333333333 23.981216001009198 22.547597983786133
460.33333333333326 23.979721138598947 22.546159460070463
460.8333333333333 23.97823762601359 22.54471880362513
461.3333333333333 23.976767422979375 22.54328217334769
461.83333333333326 23.975316803541954 22.541848073677322
462.3333333333333 23.973854645199882 22.540426516035126
462.8333333333333 23.97242000469278 22.539000042562684
463.33333333333326 23.970998019305796 22.5375902740207
463.8333333333333 23.969579442465637 22.53618131488926
464.3333333333333 23.96816045761134 22.53477748241233
464.83333333333326 23.966776471147607 22.53337853204804
465.3333333333333 23.96538279547707 22.531982602466407
465.8333333333333 23.96400904745398 22.530604403503727
466.33333333333326 23.962632436030887 22.529216857142313
466.8333333333333 23.961281904544585 22.52783239937135
467.3333333333333 23.95992469912594 22.526463041129283
467.83333333333326 23.95859526221408 22.52509448960691
468.3333333333333 23.957270862198882 22.523727731876445
468.8333333333333 23.955948374536725 22.52236927354471
469.33333333333326 23.9546402111281 22.521020496194062
469.8333333333333 23.9533559080534 22.51967071772128
470.3333333333333 23.952074445664813 22.51833226252023
470.83333333333326 23.950787938459356 22.51698910323309
471.3333333333333 23.949533461004545 22.515656095516
471.8333333333333 23.948270228479124 22.514322306235943
472.33333333333326 23.94703010893022 22.513003762049483
472.8333333333333 23.945799272024345 22.511680943855094
473.3333333333333 23.944580163792217 22.51036963078169
473.83333333333326 23.94335840488013 22.509062070312314
474.3333333333333 23.942151019451885 22.507758354971617
474.8333333333333 23.940944849639287 22.50645478446333
475.33333333333326 23.939748319932036 22.505154548555225
475.8333333333333 23.938581374010084 22.503857803334597
476.3333333333333 23.937399601269544 22.502567774995956
476.83333333333326 23.936246661431262 22.501289655457654
477.3333333333333 23.935089515549443 22.50000227486541
477.8333333333333 23.93392855582764 22.49872907125443
478.33333333333326 23.93279296789502 22.497458796067743
478.8333333333333 23.931671726899545 22.496186240167617
479.3333333333333 23.93056026323317 22.4949311621807
479.83333333333326 23.929440231195546 22.493665577521142
480.3333333333333 23.92832114578212 22.492411759660577
480.8333333333333 23.927238748404072 22.491164779496764
481.33333333333326 23.92614699430581 22.48991522111506
481.8333333333333 23.925079563289184 22.488679312845534
482.3333333333333 23.924005600659676 22.487437634113498
482.83333333333326 23.92293413011759 22.486203526660354
483.3333333333333 23.92188626042961 22.484980913778895
483.8333333333333 23.92085989795525 22.483755382858345
484.33333333333326 23.919809100091154 22.482537466714728
484.8333333333333 23.918782036307597 22.48132684701604
485.3333333333333 23.917783521844033 22.480105110136126
485.83333333333326 23.916773943610032 22.478904675169368
486.3333333333333 23.915771401947058 22.477698044937387
486.8333333333333 23.914760132297097 22.476504447127027
487.33333333333326 23.913802023064434 22.475311649168827
487.8333333333333 23.912825223293247 22.47412080795217
488.3333333333333 23.911846942057544 22.472938810271724
488.8333333333333 23.910912951502326 22.471753666689715
489.3333333333333 23.90994984337459 22.47057698398358
489.8333333333333 23.90902974647851 22.46940992301756
490.3333333333333 23.908111425093317 22.468242626755757
490.8333333333333 23.907178631528954 22.46708634578376
491.3333333333333 23.906269542344646 22.46592037360194
491.8333333333333 23.905371182801538 22.464765704410496
492.3333333333333 23.90448044610652 22.463616948138096
492.8333333333333 23.903603354605032 22.462469823540772
493.3333333333333 23.902736347174386 22.461324999583972
493.8333333333333 23.901858003784938 22.460191075979942
494.3333333333333 23.901016587892418 22.45905844187121
494.8333333333333 23.90016214483277 22.4579383309454
495.3333333333333 23.899328297479926 22.45681108732272
495.8333333333333 23.898486725273177 22.455686795329942
496.3333333333333 23.897675626615897 22.454573863022325
496.8333333333333 23.896867261200715 22.45346618447752
497.3333333333333 23.8960850542407 22.452368480642917
497.8333333333333 23.89528868085275 22.451255642188855
498.3333333333333 23.894507578259724 22.450158768260494
498.8333333333333 23.89372514049246 22.449070245094322
499.3333333333333 23.89298436461327 22.447982497052944
499.8333333333333 23.892233596144337 22.44689796624598
500.3333333333333 23.891474253974497 22.44582118417641
500.8333333333333 23.890740564510544 22.444744620405576
501.3333333333333 23.890010540226754 22.443669370528482
501.8333333333333 23.889313668437286 22.44260689873178
502.3333333333333 23.888589994440835 22.44154465651625
502.8333333333333 23.887905559433822 22.44048783602385
503.3333333333333 23.887217755403476 22.43943714153357
503.8333333333333 23.88653677911816 22.43839089291129
504.3333333333333 23.885873073400404 22.43734228516167
504.8333333333333 23.885219700059718 22.436307095780407
505.3333333333333 23.88457313700233 22.435274782807888
505.8333333333333 23.88393717078595 22.434239134296266
506.3333333333333 23.883295844916077 22.43321074203477
506.8333333333333 23.882687953526123 22.43219277614298
507.3333333333333 23.882077099471744 22.4311713600035
507.8333333333333 23.881493658738627 22.430170594982556
508.3333333333333 23.880900541452114 22.429165312098537
508.8333333333333 23.880302231563327 22.42814955185594
509.3333333333333 23.879747981889714 22.42715183887001
509.8333333333333 23.879164056739363 22.426158294959095
510.3333333333333 23.87862759444808 22.425167319316202
510.8333333333333 23.87808560164413 22.42418036286618
511.3333333333333 23.87756813073465 22.42320305307779
511.8333333333333 23.877038475261173 22.42222382518406
512.3333333333334 23.87652918305637 22.421253364800226
512.8333333333334 23.876041585456807 22.420286151350453
513.3333333333334 23.875542904382794 22.419323305419738
513.8333333333334 23.875071345433646 22.41836050258317
514.3333333333334 23.87459632578181 22.417405752681766
514.8333333333334 23.874128012482274 22.416452647219238
515.3333333333334 23.873680466158373 22.415507486681708
515.8333333333334 23.873240887059243 22.414557925822166
516.3333333333334 23.872805427530356 22.41362333457822
516.8333333333334 23.872394948342254 22.41269554058041
517.3333333333334 23.871984926850942 22.41176257630878
517.8333333333334 23.87156971062594 22.41083677099906
518.3333333333334 23.871185387460535 22.4099080677356
518.8333333333334 23.870791931474983 22.40900277497461
519.3333333333334 23.870429835587245 22.40807711557226
519.8333333333334 23.870066501100695 22.407168985838496
520.3333333333334 23.86970618034102 22.40626406560478
520.8333333333334 23.86935875732653 22.405358564022443
521.3333333333334 23.869010572648804 22.404461895149655
521.8333333333334 23.868694371933316 22.403565022607527
522.3333333333334 23.86835947985621 22.402676096410453
522.8333333333334 23.868056925330187 22.401793426973192
523.3333333333334 23.86775634295454 22.4009092270906
523.8333333333334 23.867453495000646 22.40002857224432
524.3333333333334 23.86716664056772 22.399160931396
524.8333333333334 23.86688528609951 22.398282375490727
525.3333333333334 23.86661586948406 22.397411087006546
525.8333333333334 23.86634637839343 22.396554427479884
526.3333333333334 23.866098226964866 22.39569174297027
526.8333333333334 23.865855317707535 22.394835818189726
527.3333333333334 23.8656178547151 22.393987655923077
527.8333333333334 23.86537481446298 22.39313067924579
528.3333333333334 23.86516421705839 22.392290987796418
528.8333333333334 23.86495049917681 22.39144048549957
529.3333333333334 23.864744242403866 22.39060880079421
529.8333333333334 23.86453306062357 22.38977767781398
530.3333333333334 23.864345886868406 22.388947766557877
530.8333333333334 23.864163541615092 22.38811709845344
531.3333333333334 23.86398240880412 22.387295191735383
531.8333333333334 23.863816386515346 22.38647583300368
532.3333333333334 23.863648748503508 22.385659769331966
532.8333333333334 23.863498843303674 22.3848405483457
533.3333333333334 23.86334780390414 22.38403324752769
533.8333333333334 23.863211936927705 22.38322386664663
534.3333333333334 23.86306653415156 22.382421339027303
534.8333333333334 23.86295026949879 22.381623889603404
535.3333333333334 23.862822757276682 22.38083096193572
535.8333333333334 23.86271338081229 22.38003353243485
536.3333333333334 23.862595742990905 22.379250173884436
536.8333333333334 23.86250229771616 22.37846978534554
537.3333333333334 23.86240432965305 22.377676763449085
537.8333333333334 23.862321273815617 22.376903679917724
538.3333333333334 23.862232740627807 22.376124210776442
538.8333333333334 23.862170519992706 22.37535015943459
539.3333333333334 23.862092318601633 22.37458171638753
539.8333333333334 23.86203448296516 22.373817302571368
540.3333333333334 23.861965081646666 22.373054750137037
540.8333333333334 23.861922626698338 22.372297231680875
541.3333333333334 23.861885140519725 22.371533444115343
541.8333333333334 23.8618383480534 22.37078481233043
542.3333333333334 23.861821773371616 22.370031093226398
542.8333333333334 23.861776182736257 22.369282222641434
543.3333333333334 23.86176677761545 22.368540118940974
543.8333333333334 23.861755071451356 22.367803350374047
544.3333333333334 23.861741432335542 22.367061207081456
544.8333333333334 23.861743927131368 22.366331119970553
545.3333333333334 23.861743141648905 22.36560095589473
545.8333333333334 23.861744688844702 22.364870225237503
546.3333333333334 23.861758184958425 22.364142265021947
546.8333333333334 23.861783165112953 22.36341872328722
547.3333333333334 23.861805463004956 22.36269633618499
547.8333333333334 23.861831582377082 22.361988305586458
548.3333333333334 23.861884869627406 22.361275991826275
548.8333333333334 23.86192623064 22.360568396261687
549.3333333333334 23.862005228533366 22.359858923093938
549.8333333333334 23.862071437612535 22.359159304628204
550.3333333333334 23.862169070164356 22.358463220915574
550.8333333333334 23.862260980810063 22.35777429158311
551.3333333333334 23.8623650645281 22.357087699127298
551.8333333333334 23.862471391211045 22.356400161725976
552.3333333333334 23.862604312572543 22.355720317106194
552.8333333333334 23.862724848901145 22.355041147648187
553.3333333333334 23.86286266965385 22.35436416624726
553.8333333333334 23.863017180911726 22.353697879033128
554.3333333333334 23.863161908935187 22.353029238283284
554.8333333333334 23.863347255927046 22.352367359398254
555.3333333333334 23.863507298391156 22.35170782653036
555.8333333333334 23.863699187459694 22.351047135548832
556.3333333333334 23.863898000523843 22.350391870554066
556.8333333333334 23.864094104425817 22.34974717652756
557.3333333333334 23.864290839580367 22.349094969576964
557.8333333333334 23.864510032584217 22.348465007202336
558.3333333333334 23.864723593459864 22.34781465204698
558.8333333333334 23.864960895290185 22.347188189924093
559.3333333333334 23.8651985388651 22.34655362205943
559.8333333333334 23.865438497830983 22.34591732460116
560.3333333333334 23.865679177258826 22.345294701598263
560.8333333333334 23.865958290019712 22.3446639873504
561.3333333333334 23.866216531176597 22.344045827678137
561.8333333333334 23.866475324302453 22.343424267498193
562.3333333333334 23.866767513134942 22.342811997800066
562.8333333333334 23.867032397111814 22.34219898488601
563.3333333333334 23.867305120807085 22.3415877767706
563.8333333333334 23.867615757796358 22.34098273912419
564.3333333333334 23.867920181568625 22.340379939462487
564.8333333333334 23.86823137727264 22.339781778643072
565.3333333333334 23.868528314228907 22.33917812310901
565.8333333333334 23.868855703042186 22.338589292713344
566.3333333333334 23.869163270163114 22.337986178455132
566.8333333333334 23.869494381903355 22.33739882411705
567.3333333333334 23.869832956308933 22.3368109445127
567.8333333333334 23.870152354759444 22.336227218039806
568.3333333333334 23.870494272520606 22.335641834685212
568.8333333333334 23.87083509470807 22.335061689174125
569.3333333333334 23.87119802029175 22.334485635062578
569.8333333333334 23.87155755033481 22.333905950002958
570.3333333333334 23.87190841419809 22.333331627558785
570.8333333333334 23.87226238324214 22.33276297697648
571.3333333333334 23.87263579415015 22.332193374338793
571.8333333333334 23.87298887402439 22.331626766095745
572.3333333333334 23.873364960344567 22.3310651564432
572.8333333333334 23.8737369279959 22.33049901056614
573.3333333333334 23.874109825303194 22.32994500617933
573.8333333333334 23.87448617917634 22.32938377796524
574.3333333333334 23.874867113884264 22.328821206184845
574.8333333333334 23.875252779779665 22.328269313003727
575.3333333333334 23.87562743690683 22.327725416992855
575.8333333333334 23.87603238686929 22.327180584456485
576.3333333333334 23.876422328735597 22.326631305279033
576.8333333333334 23.876794347610986 22.326080701610145
577.3333333333334 23.877197870281087 22.32553199653692
577.8333333333334 23.877592546674244 22.32499329467303
578.3333333333334 23.877990291467878 22.32445419314857
578.8333333333334 23.87838938702689 22.32391109228562
579.3333333333334 23.878793324470692 22.323373201032393
579.8333333333334 23.879194668715137 22.32283947594968
580.3333333333334 23.879581112108713 22.322302775690734
580.8333333333334 23.879990366401177 22.321775875613547
581.3333333333334 23.880391577047778 22.321246706264176
581.8333333333334 23.88079082000128 22.320714427920898
582.3333333333334 23.881193777983206 22.320185479414253
582.8333333333334 23.881607593745727 22.3196607140591
583.3333333333334 23.882012190208147 22.31913565865067
583.8333333333334 23.882411613073963 22.318612607050078
584.3333333333334 23.882807094197464 22.31809739057265
584.8333333333334 23.88321089512248 22.317574172679237
585.3333333333334 23.883618465600218 22.31705144135597
585.8333333333334 23.88401960576776 22.316533134128264
586.3333333333334 23.884440742103557 22.316017029101406
586.8333333333334 23.884841667378673 22.315508474548245
587.3333333333334 23.885250770489648 22.315002130216502
587.8333333333334 23.88568215750062 22.31448630405663
