FastTrWP/PhaseSpace/IAs/snIa_0.50_30.00_2.61_0.14.csv
# %ECSV 0.9
# ---
# datatype:
# - {name: time-rel, datatype: float64}
# - {name: g, datatype: float64}
# - {name: i, datatype: float64}
# schema: astropy-2.0
time-rel g i
[from data line 286]
260.0208333333333 24.444482326402625 23.12970954154752
260.5208333333333 24.44015986418031 23.12650545029493
261.0208333333333 24.435900512065643 23.12330796696976
261.5208333333333 24.43162442126857 23.12013991763976
262.0208333333333 24.427391402042566 23.116987766058607
262.5208333333333 24.42318432362212 23.113848677656694
263.0208333333333 24.418993655822607 23.11072475361126
263.5208333333333 24.414836515631663 23.107624393507464
264.0208333333333 24.41070320918886 23.104533599045652
264.5208333333333 24.406575524704728 23.101459246066497
265.0208333333333 24.402503791708973 23.0984076857689
265.5208333333333 24.398430152573635 23.09537467598926
266.0208333333333 24.394384390451602 23.092350682309227
266.5208333333333 24.39036251888735 23.089328028216144
267.0208333333333 24.386365333143885 23.086326292491425
267.5208333333333 24.382375548291154 23.083335089987372
268.0208333333333 24.37839557044311 23.080366659200674
268.5208333333333 24.374451964432133 23.077406757109166
269.0208333333333 24.370516694417354 23.07445789248139
269.5208333333333 24.366601673792502 23.071524843992826
270.0208333333333 24.3627052230168 23.06860044905164
270.5208333333333 24.358838840479095 23.065691661230247
271.0208333333333 24.354957397583213 23.062793276762985
271.5208333333333 24.35112447533902 23.05990376687385
272.0208333333333 24.347282535731445 23.057034848149073
272.5208333333333 24.343484516660652 23.05416938490055
273.0208333333333 24.339691655906982 23.051319616463907
273.5208333333333 24.335912801756116 23.04847872261783
274.0208333333333 24.332154232879994 23.0456406132625
274.5208333333333 24.32841211801346 23.042835082097206
275.0208333333333 24.324691240882373 23.0400374781116
275.5208333333333 24.320975461546738 23.03723492775951
276.0208333333333 24.317279329614493 23.034456657922174
276.5208333333333 24.313598060757535 23.031685157617773
277.0208333333333 24.309936125462258 23.028921308190988
277.5208333333333 24.306277758957762 23.026170430776475
278.0208333333333 24.30264312569943 23.023435205802812
278.5208333333333 24.299027406951936 23.020712048506724
279.0208333333333 24.29540950965968 23.01799704244482
279.5208333333333 24.291833840699336 23.015282606829565
280.0208333333333 24.288253344362474 23.01259691451228
280.5208333333333 24.284702327747784 23.009903444540253
281.0208333333333 24.28115259868831 23.007224139005817
281.5208333333333 24.27760565225395 23.004569107430505
282.0208333333333 24.27409537531743 23.00190184155863
282.5208333333333 24.27059847446742 22.999256634283185
283.0208333333333 24.26710763488551 22.996623400400033
283.5208333333333 24.26361715014057 22.993993113607694
284.0208333333333 24.26015238321586 22.991374597051525
284.5208333333333 24.256709260279436 22.988775826715163
285.0208333333333 24.253268433936952 22.986169341200654
285.5208333333333 24.249841265907275 22.98358463612368
286.0208333333333 24.246440195395387 22.980995603365013
286.5208333333333 24.243039621459857 22.978435046062494
287.0208333333333 24.2396376139566 22.97586621866752
287.5208333333333 24.23628390521133 22.973316750639647
288.0208333333333 24.232903022144377 22.97076714171925
288.5208333333333 24.229551884961612 22.96823032590533
289.0208333333333 24.226222026774614 22.96570587824387
289.5208333333333 24.22290878780117 22.963188761663726
290.0208333333333 24.219591403987227 22.96068132816178
290.5208333333333 24.216278840206222 22.958170055818393
291.0208333333333 24.212997602313063 22.955682625554225
291.5208333333333 24.209711476576846 22.953202557585076
292.0208333333333 24.206445844752924 22.950722722712623
292.5208333333333 24.203179738017223 22.948252877161558
293.0208333333333 24.199943388869393 22.945781222901054
293.5208333333333 24.196718874124883 22.94333128900353
294.0208333333333 24.193481889916697 22.940896031495022
294.5208333333333 24.19028004725717 22.938451643370907
295.0208333333333 24.18706645914757 22.936027798927903
295.5208333333333 24.183856685719768 22.933603732431003
296.0208333333333 24.180685834945407 22.93118859473822
296.5208333333333 24.177523770496443 22.92878495650266
297.0208333333333 24.17435834024571 22.92639124021887
297.5208333333333 24.17121822906351 22.923994012579936
298.0208333333333 24.168056019269507 22.921599836217467
298.5208333333333 24.164933114452317 22.919227213047442
299.0208333333333 24.161814017367753 22.91686107455966
299.5208333333333 24.158694406179393 22.914484684048993
300.0208333333333 24.155603958722093 22.912137107949437
300.5208333333333 24.152513165780157 22.909783561169768
301.0208333333333 24.149422631924512 22.907443717394425
301.5208333333333 24.146355444284197 22.905106311144596
302.0208333333333 24.143314899883745 22.902779184782247
302.5208333333333 24.140252133183928 22.900459311135258
303.0208333333333 24.137203594374895 22.89814702491229
303.5208333333333 24.134186122863852 22.895838488294096
304.0208333333333 24.13116798846586 22.89355248444612
304.5208333333333 24.128159582284788 22.89126369375325
305.0208333333333 24.125167055328234 22.88898904923952
305.5208333333333 24.122173313569576 22.88672047362635
306.0208333333333 24.119198581267092 22.884451171932916
306.5208333333333 24.1162387558914 22.88218943658812
307.0208333333333 24.113291254209464 22.879941476949888
307.5208333333333 24.110334273203854 22.877700896143477
308.0208333333333 24.107406666698527 22.87546533118798
308.5208333333333 24.104479500772523 22.873239905506807
309.0208333333333 24.101565878852714 22.871021185914707
309.5208333333333 24.098656976847636 22.86880653702456
310.0208333333333 24.09574327075957 22.866608288485452
310.5208333333333 24.092862333527503 22.86441384948516
311.0208333333333 24.089994378758973 22.862213755134025
311.5208333333333 24.087117577573984 22.860036448509696
312.0208333333333 24.084254491131706 22.85784777637193
312.5208333333333 24.08141153219961 22.855685213383488
313.0208333333333 24.078556562348886 22.8535207766428
313.5208333333333 24.075744950944994 22.851364368012128
314.0208333333333 24.07291579431468 22.84921586352512
314.5208333333333 24.07009493245809 22.847075315738003
315.0208333333333 24.067286965639106 22.84493640791076
315.5208333333333 24.064485962495187 22.84280433694047
316.0208333333333 24.061687053915936 22.840674734748816
316.5208333333333 24.058920326975834 22.838563621355156
317.0208333333333 24.056153560567765 22.836450112420433
317.5208333333333 24.05337922991022 22.834351343764105
318.0208333333333 24.050626978383875 22.832248487735434
318.5208333333333 24.047879738619788 22.830148252706046
319.0208333333333 24.045139838764413 22.82807722704435
319.5208333333333 24.04239885343948 22.825991361461703
320.0208333333333 24.03967988120385 22.82392028908992
320.5208333333333 24.0369562465074 22.8218493279153
321.0208333333333 24.034251315427362 22.819780552126637
321.5208333333333 24.031564561578183 22.8177295905936
322.0208333333333 24.02885505087472 22.81568698030722
322.5208333333333 24.026178458113062 22.813637856332235
323.0208333333333 24.02349273787766 22.811601920029794
323.5208333333333 24.02082385209921 22.809562695165788
324.0208333333333 24.01816355449991 22.80753598162192
324.5208333333333 24.01550886796644 22.80551577212609
325.0208333333333 24.012856638274332 22.8035010891521
325.5208333333333 24.010213215312636 22.80148694249162
326.0208333333333 24.00758111296094 22.799481243651677
326.5208333333333 24.004963525492705 22.797488382850673
327.0208333333333 24.002321793217266 22.795488224278667
327.5208333333333 23.999715937251445 22.79349753774804
328.0208333333333 23.99711480880399 22.791516568147394
328.5208333333333 23.994512632678017 22.789536117632416
329.0208333333333 23.99191962444753 22.787565338460283
329.5208333333333 23.98934185577297 22.785604171290238
330.0208333333333 23.986746258157527 22.783643254183595
330.5208333333333 23.98417704198409 22.78167143647898
331.0208333333333 23.981612732266477 22.77972677383898
331.5208333333333 23.97905366724032 22.777782996014867
332.0208333333333 23.976511850417545 22.775839777694877
332.5208333333333 23.973968029907667 22.773895334167776
333.0208333333333 23.971427099517022 22.77196989252632
333.5208333333333 23.96888367955257 22.770031717356463
334.0208333333333 23.96634869849526 22.768118502998085
334.5208333333333 23.963836210214474 22.766201392276283
335.0208333333333 23.961322450108845 22.764281277290493
335.5208333333333 23.95880508383406 22.76237642665215
336.0208333333333 23.956305299711115 22.760473024359094
336.5208333333333 23.95381445643549 22.758575336425025
337.0208333333333 23.95131208074811 22.756677449331953
337.5208333333333 23.948831097710492 22.754782765266448
338.0208333333333 23.946347984562138 22.752898296154886
338.5208333333333 23.943873518421448 22.751019608344897
339.0208333333333 23.941406993471688 22.749147626203367
339.5208333333333 23.93896673331529 22.747279195680413
340.0208333333333 23.93649783795757 22.745419577871
340.5208333333333 23.934054964467848 22.74356402229617
341.0208333333333 23.931613484554717 22.741708136516113
341.5208333333333 23.929181771697756 22.73985729766879
342.0208333333333 23.92676587395524 22.738010303001346
342.5208333333333 23.92434021446929 22.736176383423278
343.0208333333333 23.921941018461506 22.734342927146546
343.5208333333333 23.91952088694999 22.732511552912392
344.0208333333333 23.917102829807767 22.73069391387038
344.5208333333333 23.914711751476048 22.728875420632484
345.0208333333333 23.912333861757208 22.727058442603795
345.5208333333333 23.90993077028132 22.725242997719157
346.0208333333333 23.90757356285503 22.72344315835765
346.5208333333333 23.90520419091635 22.72163869279666
347.0208333333333 23.902836718999133 22.719849820373426
347.5208333333333 23.900466803884534 22.718055273415327
348.0208333333333 23.898127994473608 22.716272664295097
348.5208333333333 23.89577528574921 22.714500566129235
349.0208333333333 23.893439036115943 22.71272164860965
349.5208333333333 23.891089614894373 22.710945864835523
350.0208333333333 23.888756611192036 22.709175497862052
350.5208333333333 23.886441437079693 22.707414066879945
351.0208333333333 23.88411979107034 22.705655497329342
351.5208333333333 23.881788097298188 22.703900669730167
352.0208333333333 23.87950252978234 22.70214512019788
352.5208333333333 23.87718499191047 22.70040671199984
353.0208333333333 23.874896039414224 22.698668752595562
353.5208333333333 23.872601167336455 22.696936803452626
354.0208333333333 23.87032275726689 22.69520084290975
354.5208333333333 23.86803354223895 22.69347023235977
355.0208333333333 23.865754572987083 22.69175035087199
355.5208333333333 23.863485352973996 22.690023534171115
356.0208333333333 23.861227940272244 22.688318743700727
356.5208333333333 23.858968388585108 22.686605799742928
357.0208333333333 23.856706365366005 22.68489639306724
357.5208333333333 23.854446247385212 22.68319355047952
358.0208333333333 23.852200069419617 22.68149338925059
358.5208333333333 23.849966555133662 22.679806948137834
359.0208333333333 23.847736394605587 22.67811815056647
359.5208333333333 23.845511338217594 22.67642684710822
360.0208333333333 23.843280579580053 22.674742386857755
360.5208333333333 23.841062467079244 22.673062065252964
361.0208333333333 23.83884584626806 22.671395111339745
361.52083333333326 23.836643177299948 22.66971980644545
362.0208333333333 23.83443266544382 22.66806054693977
362.5208333333333 23.832221221406723 22.66639316038686
363.02083333333326 23.830036246751433 22.664737321588486
363.5208333333333 23.827850135240006 22.663085539966957
364.0208333333333 23.825664691127898 22.66143476339472
364.52083333333326 23.823485820181066 22.65978172113193
365.0208333333333 23.821307628723126 22.65813624443837
365.5208333333333 23.819142799001515 22.65650229705973
366.02083333333326 23.816960832672464 22.654866061915556
366.5208333333333 23.814801735287325 22.653232254066094
367.0208333333333 23.81264295451643 22.65160469785471
367.52083333333326 23.810493711936726 22.649985689415487
368.0208333333333 23.808334362892264 22.64836691025005
368.5208333333333 23.8062174670512 22.64673979965938
369.02083333333326 23.804069276124473 22.64513746984545
369.5208333333333 23.80191877748434 22.643525115922213
370.0208333333333 23.79980332245492 22.641913583088712
370.52083333333326 23.797675497561844 22.64031723059897
371.0208333333333 23.79555772212165 22.638718365753732
371.5208333333333 23.793440742564606 22.637123613580087
372.02083333333326 23.79131763788514 22.635533557195142
372.5208333333333 23.789213822216663 22.63394094972428
373.0208333333333 23.787107333685338 22.632349201132218
373.52083333333326 23.784999632685206 22.630767190591705
374.0208333333333 23.78289611319429 22.629190810108884
374.5208333333333 23.78078974081197 22.627618729946228
375.02083333333326 23.778685410059957 22.626038271728454
375.5208333333333 23.77659000242105 22.624460078203565
376.0208333333333 23.77447444985065 22.622891357388998
376.52083333333326 23.772392394207547 22.621317175378984
377.0208333333333 23.77028823964727 22.61975901902477
377.5208333333333 23.768184601263556 22.6181930980527
378.02083333333326 23.7661057895984 22.616632310185093
378.5208333333333 23.764009116190255 22.615077870805763
379.0208333333333 23.761911642696127 22.61352655905966
379.52083333333326 23.759846752123618 22.611970231711524
380.0208333333333 23.757734451304884 22.61042527693936
380.5208333333333 23.755670008753448 22.608879492935255
381.02083333333326 23.753579558398595 22.607335341215723
381.5208333333333 23.75152319330766 22.605792825025684
382.0208333333333 23.749438286827104 22.60426233214593
382.52083333333326 23.74736836556197 22.602721458222227
383.0208333333333 23.74529720511704 22.601202057423187
383.5208333333333 23.743249667372794 22.59966413856312
384.02083333333326 23.741197643739397 22.59814497949654
384.5208333333333 23.73913712034924 22.59663225966369
385.0208333333333 23.737099865247853 22.59511530943798
385.52083333333326 23.735055702970417 22.59360008074251
386.0208333333333 23.733007944754306 22.592093479992883
386.5208333333333 23.73097808325674 22.59058775788744
387.02083333333326 23.728950257663794 22.58908979371299
387.5208333333333 23.7269295779288 22.58758904953497
388.0208333333333 23.724907714506326 22.586085021778743
388.52083333333326 23.72288229663454 22.584596673867257
389.0208333333333 23.720876644508515 22.583112709446127
389.5208333333333 23.7188756341193 22.58163007013385
390.02083333333326 23.71687537380135 22.580150461149234
390.5208333333333 23.714887529673558 22.578674440293543
391.0208333333333 23.712903471987094 22.57720171373027
391.52083333333326 23.710935735066595 22.57573388463344
392.0208333333333 23.708951597468996 22.574273958102594
392.5208333333333 23.706987099330803 22.57281536798751
393.02083333333326 23.705021386575936 22.571357534601226
393.5208333333333 23.703082328901516 22.56991102947664
394.0208333333333 23.701122437548634 22.56845809429455
394.52083333333326 23.699177225360543 22.56701302844311
395.0208333333333 23.69724296748072 22.565570212576482
395.5208333333333 23.695323098656303 22.56414074831468
396.02083333333326 23.693397052529754 22.56270640088789
396.5208333333333 23.691493350879806 22.5612897661717
397.0208333333333 23.689583409275432 22.559869047406423
397.52083333333326 23.68769556085255 22.558444074791943
398.0208333333333 23.68579677659108 22.557032864126974
398.5208333333333 23.683930926679896 22.555621734682436
399.02083333333326 23.68205995022847 22.554227427733437
399.5208333333333 23.680185498313236 22.552822148738887
400.0208333333333 23.678334437961762 22.55142596971173
400.52083333333326 23.676482520617576 22.550039324587317
401.0208333333333 23.674654384278856 22.54865132128916
401.5208333333333 23.672810901064977 22.54727947147145
402.02083333333326 23.670984518987254 22.545898345140593
402.5208333333333 23.66917376798119 22.544522596993808
403.0208333333333 23.66737341907449 22.54315260742915
403.52083333333326 23.66556735710844 22.541801229217874
