FastTrWP/PhaseSpace/IAs/snIa_0.33_30.00_-0.99_0.01.csv
# %ECSV 0.9
# ---
# datatype:
# - {name: time-rel, datatype: float64}
# - {name: g, datatype: float64}
# - {name: i, datatype: float64}
# schema: astropy-2.0
time-rel g i
[from data line 868]
669.9583333333334 22.86163483405651 22.514918690184555
670.4583333333334 22.862092898329557 22.514543250666254
670.9583333333334 22.86255460619449 22.514172158676267
671.4583333333334 22.863032167893344 22.51379603195285
671.9583333333334 22.863494179003144 22.513434536577005
672.4583333333334 22.863971433421455 22.513078105930568
672.9583333333334 22.864465465035835 22.51272619848267
673.4583333333334 22.864958319781774 22.512362973959537
673.9583333333334 22.86545121828774 22.512011739489935
674.4583333333334 22.865961440008682 22.511665361542956
674.9583333333334 22.866463724514574 22.511322744060088
675.4583333333334 22.866980508250467 22.51097631723824
675.9583333333334 22.867500879615903 22.51063202266941
676.4583333333334 22.86802277448841 22.510297632698673
676.9583333333334 22.86855944563279 22.50996662063629
677.4583333333334 22.869092942662334 22.509639262841347
677.9583333333334 22.869637673383878 22.509303281028377
678.4583333333334 22.870186139638488 22.50897770557775
678.9583333333334 22.87072993443948 22.508661181868565
679.4583333333334 22.87128811474998 22.508341710284625
679.9583333333334 22.87184689001932 22.50802276659446
680.4583333333334 22.872411604548006 22.507705722620432
680.9583333333334 22.872985506740626 22.50740634324955
681.4583333333334 22.873554710040477 22.507090950433216
681.9583333333334 22.87414261715652 22.506794683414068
682.4583333333334 22.87472978441842 22.50649065020776
682.9583333333334 22.875306887094077 22.506192855283068
683.4583333333334 22.87589151365318 22.505898419910878
683.9583333333334 22.876489697845187 22.505608600773193
684.4583333333334 22.877083829479467 22.50532506164629
684.9583333333334 22.877686602621942 22.50503564203864
685.4583333333334 22.878289325579768 22.50474719309949
685.9583333333334 22.878905512154656 22.504468687198866
686.4583333333334 22.87952181437843 22.504196029109593
686.9583333333334 22.880124029465428 22.5039189856611
687.4583333333334 22.880756424729356 22.503641272763097
687.9583333333334 22.88137905336905 22.503376924381755
688.4583333333334 22.882007575082174 22.503114520028337
688.9583333333334 22.882628967648483 22.502852783159014
689.4583333333334 22.883264047831307 22.502590286060578
689.9583333333334 22.88390090744099 22.502333296119367
690.4583333333334 22.884534835551076 22.502085710647112
690.9583333333334 22.885183502068983 22.501823985185663
691.4583333333334 22.885818191607544 22.501579203497577
691.9583333333334 22.886467466655223 22.501335138043498
692.4583333333334 22.887108945378337 22.501090021230752
692.9583333333334 22.887764648682875 22.500853170204472
693.4583333333334 22.888419401215955 22.500621166050085
693.9583333333334 22.8890903632282 22.500381122025566
694.4583333333334 22.889764053814048 22.50015699572868
694.9583333333334 22.890432888366206 22.499928905136134
695.4583333333334 22.8911129512895 22.49970416010055
695.9583333333334 22.891804616616223 22.499473869928664
696.4583333333334 22.89248962256047 22.499261703031472
696.9583333333334 22.89318751454445 22.49905354286288
697.4583333333334 22.893889351776203 22.498836038384496
697.9583333333334 22.894611459207212 22.498630689417745
698.4583333333334 22.895312097406286 22.498417769306908
698.9583333333334 22.89604045438284 22.498211911708715
699.4583333333334 22.89677392416153 22.498019006648473
699.9583333333334 22.897498186155726 22.49782039544815
700.4583333333334 22.898223125068853 22.4976227601867
700.9583333333334 22.898969062377702 22.497430813038335
701.4583333333334 22.899716868816377 22.497248490481603
701.9583333333334 22.90046269072343 22.49706148145162
702.4583333333334 22.901220226840508 22.496876800277708
702.9583333333334 22.90197607163006 22.496703408635973
703.4583333333334 22.902739367130437 22.496518284825417
703.9583333333334 22.90351236304526 22.496345266583013
704.4583333333334 22.904278948064523 22.49617333336291
704.9583333333334 22.905054733787434 22.496005580785393
705.4583333333334 22.905836459272425 22.495846332239186
705.9583333333334 22.906635567000826 22.495688139115963
706.4583333333334 22.907415787510715 22.49552276677543
706.9583333333334 22.908207341331448 22.49536710680008
707.4583333333334 22.90900477118013 22.495215987783975
707.9583333333334 22.90980786886935 22.495058827746416
708.4583333333334 22.91061178055636 22.494910134447906
708.9583333333334 22.911423977730315 22.494770436131155
709.4583333333334 22.912238379382927 22.494622362350484
709.9583333333334 22.91305638412711 22.494489176205978
710.4583333333334 22.913873040129552 22.49434814183673
710.9583333333334 22.91470386847429 22.494214771113988
711.4583333333334 22.91552690578747 22.4940780781337
711.9583333333334 22.916355666154168 22.493955223854943
712.4583333333334 22.91718793024639 22.493822251056606
712.9583333333334 22.918028310020844 22.493706020885405
713.4583333333334 22.91887012774856 22.49358315540542
713.9583333333334 22.919705036621394 22.493461247324042
714.4583333333334 22.92056052527187 22.493347352528335
714.9583333333334 22.921406354369825 22.493235877946177
715.4583333333334 22.922259271195973 22.49312957070529
715.9583333333334 22.923120613461574 22.493026426105565
716.4583333333334 22.92397263814213 22.492910662824542
716.9583333333334 22.92483549786597 22.492810649433803
717.4583333333334 22.925695908303034 22.492712178289118
717.9583333333334 22.92656224595365 22.492614584483594
718.4583333333334 22.927433921173005 22.492518411769144
718.9583333333334 22.928293249147835 22.49242643265907
719.4583333333334 22.929173608748382 22.492336157030145
719.9583333333334 22.930041747608296 22.49225571882745
720.4583333333334 22.930920776160445 22.4921729688675
720.9583333333334 22.931797486102205 22.492088713358033
721.4583333333334 22.93267261051934 22.492002687084018
721.9583333333334 22.933562684375104 22.491936410436658
722.4583333333334 22.934442378152923 22.49185712445459
722.9583333333334 22.935327989312924 22.49178656470393
723.4583333333334 22.936215082892648 22.491720172319027
723.9583333333334 22.93711112908384 22.491656929650826
724.4583333333334 22.93799979147112 22.491588727055976
724.9583333333334 22.938884908307028 22.491524664730647
725.4583333333334 22.939782388679774 22.491467854799957
725.9583333333334 22.94067892509949 22.491407945364163
726.4583333333334 22.941593345480847 22.491360726032653
726.9583333333334 22.9424935590071 22.491310604577595
727.4583333333334 22.943402457072853 22.491268006783677
727.9583333333334 22.94431692907446 22.491222292803748
728.4583333333334 22.945232638877236 22.491180882732383
728.9583333333334 22.94615082554399 22.491141668615597
729.4583333333334 22.947073992030724 22.491102476889914
729.9583333333334 22.947999611480864 22.49106841965155
730.4583333333334 22.9489311028928 22.491041424142274
730.9583333333334 22.949864614498242 22.491011311482374
731.4583333333334 22.950811410157627 22.490980304891487
731.9583333333334 22.9517429574962 22.49096688494304
732.4583333333334 22.95268926126179 22.490947839129028
732.9583333333334 22.95362764070155 22.49092866541885
733.4583333333334 22.95458592873335 22.490918397540835
733.9583333333334 22.95553662012436 22.490905587466358
734.4583333333334 22.956489347730322 22.490894781093225
734.9583333333334 22.95744794123499 22.49088299780731
735.4583333333334 22.95842075142566 22.490882328612358
735.9583333333334 22.959371333171013 22.490879729181753
736.4583333333334 22.960344620487557 22.490882990584563
736.9583333333334 22.96132061840246 22.490892126909678
737.4583333333334 22.962302834979905 22.490899419271983
737.9583333333334 22.963277381082392 22.490906456443863
738.4583333333334 22.96425480211881 22.49092234842457
738.9583333333334 22.965251851985506 22.49093916833062
739.4583333333334 22.966243173493062 22.490951915563887
739.9583333333334 22.96722973128489 22.490972744180905
740.4583333333334 22.968233397475476 22.49099306217593
740.9583333333333 22.969233266248658 22.49101167095183
741.4583333333334 22.97022467612632 22.491050181270637
741.9583333333334 22.971240454338812 22.49108454073564
742.4583333333333 22.972239977009096 22.49111261882871
742.9583333333334 22.973261885561442 22.491153686179956
743.4583333333334 22.974279942916876 22.49118357878199
743.9583333333333 22.975289134051216 22.491231492106913
744.4583333333334 22.976317354723275 22.491275645089402
744.9583333333334 22.977340377770936 22.491320069068365
745.4583333333333 22.97835982994821 22.491366767314478
745.9583333333334 22.979390910788528 22.491419799632922
746.4583333333334 22.98042560090554 22.491466254899603
746.9583333333333 22.981468282112765 22.49152924046793
747.4583333333334 22.982508016044374 22.491581504008952
747.9583333333334 22.98354987951768 22.491654059956176
748.4583333333333 22.9846029293287 22.491711341579737
748.9583333333334 22.985653959419643 22.49177315812901
749.4583333333334 22.98670088539246 22.491852741128934
749.9583333333333 22.987766465657373 22.491908865278436
750.4583333333334 22.98881100144628 22.491986580578516
750.9583333333334 22.989874823698806 22.49206272445303
751.4583333333333 22.990941589781258 22.492143534272454
751.9583333333334 22.992020183186366 22.492226688850586
752.4583333333334 22.99307534101895 22.492306702326175
752.9583333333333 22.994158686662104 22.4923941082116
753.4583333333334 22.99523040300506 22.49247805740543
753.9583333333334 22.996310535387465 22.492574186486536
754.4583333333333 22.997398935912994 22.49266068452
754.9583333333334 22.998484269003487 22.49275875463954
755.4583333333334 22.999570034349457 22.492858859619904
755.9583333333333 23.000663163605275 22.492956176908553
756.4583333333334 23.00176361392222 22.493055747886675
756.9583333333334 23.00286065598861 22.493159578030113
757.4583333333333 23.00397198599111 22.49326671101372
757.9583333333334 23.005067087582788 22.493383784380377
758.4583333333334 23.00618441298512 22.49349669763224
758.9583333333333 23.007296508426343 22.493613790256994
759.4583333333334 23.00841604132392 22.493736653758475
759.9583333333334 23.009538049142783 22.49385058268851
760.4583333333333 23.010668972160207 22.49397197337124
760.9583333333334 23.011796556901814 22.49409894413555
761.4583333333334 23.012930853563116 22.49423016374265
761.9583333333333 23.01406056802751 22.49436127306395
762.4583333333334 23.01519614835047 22.494494635875853
762.9583333333334 23.016344318567043 22.4946402654409
763.4583333333333 23.01749688356585 22.49477669717443
763.9583333333334 23.018648745722903 22.494920380630393
764.4583333333334 23.019808724707257 22.49506267736423
764.9583333333333 23.02096211719546 22.49520939253729
765.4583333333334 23.022117876290267 22.495359561883717
765.9583333333334 23.023287924312953 22.49551127042215
766.4583333333333 23.024458234838217 22.495662732895838
766.9583333333334 23.025631382322196 22.495824195665307
767.4583333333334 23.026803155117094 22.495983025017296
767.9583333333333 23.027989970989104 22.496144776331683
768.4583333333334 23.02916798114929 22.496311233064734
768.9583333333334 23.030350899554684 22.49648314203027
769.4583333333333 23.03154512323416 22.496657290063695
769.9583333333334 23.03274597274614 22.496830384568064
770.4583333333334 23.03393579577947 22.497005493206963
770.9583333333333 23.03513380620093 22.49717503563256
771.4583333333334 23.036344153076513 22.49735973550201
771.9583333333334 23.037550067410393 22.497543503544204
772.4583333333333 23.038761826273895 22.497724431482364
772.9583333333334 23.039976050335568 22.497916146655147
773.4583333333334 23.041201000473414 22.49809829431296
773.9583333333333 23.042415759902276 22.49830031403534
774.4583333333334 23.04364404418182 22.49849654181959
774.9583333333334 23.044871478598882 22.498687480611306
775.4583333333333 23.046101793744405 22.498898070112393
775.9583333333334 23.047339138899204 22.499089976417736
776.4583333333334 23.048580911777975 22.49930280257469
776.9583333333333 23.049809809662996 22.499499876663002
777.4583333333334 23.051058176035045 22.499716111992683
777.9583333333334 23.052308765760394 22.499933985138064
778.4583333333333 23.05355407152104 22.50013699390964
778.9583333333334 23.05481298204237 22.500357830313096
779.4583333333334 23.05606136716898 22.50058290912613
779.9583333333333 23.057323296071864 22.500803960805573
780.4583333333334 23.058586800910405 22.50103184602604
780.9583333333334 23.059849450909212 22.501249331549438
781.4583333333333 23.061129609249882 22.501488903910207
781.9583333333334 23.062394685459484 22.5017157730099
782.4583333333334 23.06367079764565 22.50195419324884
782.9583333333333 23.06495605596436 22.502180972322556
783.4583333333334 23.066239531337803 22.502425191970083
783.9583333333334 23.06751675425463 22.502661020350097
784.4583333333333 23.068799830678564 22.502910769542233
784.9583333333334 23.070088932935956 22.50315213730694
785.4583333333334 23.07139961695677 22.503399450732665
785.9583333333333 23.07269600797282 22.503649090504325
786.4583333333334 23.073999360148235 22.503903651720975
786.9583333333334 23.075295781624114 22.504160388445257
787.4583333333333 23.076602029620716 22.504411402970177
787.9583333333334 23.077910954817042 22.504675726901308
788.4583333333334 23.079221353364453 22.50493733767673
788.9583333333333 23.08053550741998 22.505201171213404
789.4583333333334 23.08187093784595 22.505467458926766
789.9583333333334 23.083190711301004 22.505734389168307
790.4583333333333 23.08452051751867 22.506003122915953
790.9583333333334 23.085859702296567 22.506274578802138
791.4583333333334 23.08721103485627 22.50655121584325
791.9583333333333 23.08856061827044 22.50682515472441
792.4583333333334 23.08990515381559 22.507099333775223
792.9583333333334 23.091274081167587 22.507383855936034
793.4583333333333 23.092630194669685 22.507664943500636
793.9583333333334 23.093992755736757 22.50795042386759
794.4583333333334 23.09537213922315 22.50823487619335
794.9583333333333 23.096736288790293 22.50852081585816
795.4583333333334 23.09812717812916 22.508815629350604
795.9583333333334 23.09951346881634 22.509113399906553
796.4583333333333 23.10089302593363 22.509401888271633
796.9583333333334 23.10228960376803 22.509707594195866
797.4583333333334 23.10368779931453 22.510006361314588
797.9583333333333 23.105095364197346 22.51030453796944
798.4583333333334 23.106493659030942 22.51060802317893
798.9583333333334 23.10790580668359 22.510920049050213
799.4583333333333 23.109314967910493 22.51122944535554
799.9583333333334 23.11072875603934 22.511537399541144
800.4583333333334 23.11215742301235 22.51185591400055
800.9583333333333 23.1135715421931 22.51217812143735
801.4583333333334 23.114999827146274 22.51250277558537
801.9583333333334 23.11643000517853 22.512827051949422
802.4583333333333 23.11786286691404 22.513149349007605
802.9583333333334 23.119298120210367 22.51347818480657
803.4583333333334 23.12072888468358 22.513810849304473
803.9583333333333 23.12216768359365 22.514141619809926
804.4583333333334 23.123609353250643 22.514482556735377
804.9583333333334 23.12506482560031 22.51481983552599
805.4583333333333 23.126519095770412 22.51515805873421
805.9583333333334 23.127970143437434 22.515513268284057
806.4583333333334 23.129428783931477 22.515856439582002
806.9583333333333 23.13088343484058 22.516213701977836
807.4583333333334 23.13234156926043 22.516562351577505
807.9583333333334 23.133799217346027 22.516921605215163
808.4583333333333 23.135273808303317 22.517284186088883
808.9583333333334 23.136736903082124 22.517647698942426
809.4583333333334 23.138207724987016 22.51801288951828
809.9583333333333 23.139675435697985 22.51837734070337
810.4583333333334 23.14113991751504 22.518755614458605
810.9583333333334 23.142617650426036 22.519124629474
811.4583333333333 23.14409150444196 22.51950959894607
811.9583333333334 23.145567642786812 22.519887498143504
812.4583333333334 23.147047484863506 22.520278625378367
812.9583333333333 23.148523542216243 22.5206680896574
813.4583333333334 23.1500059482764 22.521050277837958
813.9583333333334 23.151487595155885 22.52145322780305
