FastTrWP/PhaseSpace/IAs/snIa_0.56_30.00_-0.58_0.24.csv
# %ECSV 0.9
# ---
# datatype:
# - {name: time-rel, datatype: float64}
# - {name: g, datatype: float64}
# - {name: i, datatype: float64}
# schema: astropy-2.0
time-rel g i
200.29166666666663 26.98981223854321 24.353387788865717
200.79166666666666 26.97816723336979 24.347196944281748
201.29166666666666 26.966586515566938 24.34107576715579
201.79166666666663 26.955062279814218 24.334969481521863
202.29166666666666 26.943624750634005 24.328859201570936
202.79166666666666 26.932324794448938 24.322800409524472
203.29166666666663 26.921039860860034 24.316754134378545
203.79166666666666 26.909810111083278 24.310733823845734
204.29166666666666 26.898682830294312 24.304751358639827
204.79166666666663 26.887601132920675 24.298766251161403
205.29166666666666 26.876551021912114 24.292818747831923
205.79166666666666 26.865635866878392 24.286893594698316
206.29166666666663 26.854809795769626 24.28098608716978
206.79166666666666 26.84400170784954 24.275108527162548
207.29166666666666 26.833238313022044 24.269249945708673
207.79166666666663 26.822562682630785 24.26339720702082
208.29166666666666 26.811930910133555 24.257604794318873
208.79166666666666 26.80137179189531 24.25181706041736
209.29166666666663 26.790917066100697 24.24604466130336
209.79166666666666 26.780494189607907 24.24030089417755
210.29166666666666 26.77014342719612 24.23456899136189
210.79166666666663 26.759816718467015 24.228862005189843
211.29166666666666 26.749617777642737 24.223166738578485
211.79166666666666 26.73945332106984 24.217499441165145
212.29166666666663 26.729390148219835 24.211852838513334
212.79166666666666 26.719280529255506 24.206205465575103
213.29166666666666 26.709362384690166 24.20059401708221
213.79166666666663 26.69939992243004 24.19499980905233
214.29166666666666 26.689638694075253 24.189413053263014
214.79166666666666 26.679850282825246 24.18384766851225
215.29166666666663 26.670111968552096 24.178300754517217
215.79166666666666 26.660413216513952 24.172766781571337
216.29166666666666 26.65080847463512 24.16725903862193
216.79166666666663 26.64126508997085 24.161742645874398
217.29166666666666 26.63178201961032 24.15626523959069
217.79166666666666 26.62229806369071 24.15081790753977
218.29166666666663 26.612918317287715 24.145359592692266
218.79166666666666 26.603562845839306 24.139929088633597
219.29166666666666 26.594292358316842 24.134511552711725
219.79166666666663 26.585033291534018 24.129130971840617
220.29166666666666 26.575814731108863 24.1237375669086
220.79166666666666 26.566711350664637 24.118393256814535
221.29166666666663 26.557615181124092 24.11303410065953
221.79166666666666 26.548579325747674 24.10770076367193
222.29166666666666 26.539525237990276 24.102394197175336
222.79166666666663 26.53056392285447 24.097080457529184
223.29166666666666 26.52166022195644 24.091813647992048
223.79166666666666 26.51273691517307 24.08653960098999
224.29166666666663 26.503969361148588 24.08130597254781
224.79166666666666 26.495197414345405 24.076058535972567
225.29166666666666 26.486393764678972 24.070844535678955
225.79166666666663 26.477719216934204 24.065644714493295
226.29166666666666 26.46899585696737 24.060461463709373
226.79166666666666 26.460381525597867 24.05530134675264
227.29166666666663 26.451779897333147 24.050142113906308
227.79166666666666 26.44327333667574 24.045003212752828
228.29166666666666 26.43469756298356 24.039867384433634
228.79166666666663 26.426199393790057 24.034763583554515
229.29166666666666 26.417775897875405 24.029692957307375
229.79166666666666 26.40939962328431 24.024612748477065
230.29166666666663 26.400993209067405 24.01955461630319
230.79166666666666 26.392652689542256 24.014504510206713
231.29166666666666 26.38430432611814 24.00948033021792
231.79166666666663 26.37603557558938 24.004464475375396
232.29166666666666 26.36778352600688 23.99946182651716
232.79166666666666 26.359538903448367 23.994480863647425
233.29166666666666 26.351370536915397 23.989504513554493
233.79166666666666 26.34320409211744 23.98457168936083
234.29166666666666 26.3351172456832 23.9796313744526
234.79166666666666 26.32700957069119 23.974692412801467
235.29166666666666 26.318927673387932 23.96979382053431
235.79166666666666 26.310907764242234 23.964908160569586
236.29166666666666 26.30288997573176 23.960013771627633
236.79166666666666 26.29491664273775 23.95514511031276
237.29166666666666 26.286944297278882 23.950314560562823
237.79166666666666 26.279035842245094 23.94547771564394
238.29166666666666 26.271145961271237 23.94066102434248
238.79166666666666 26.263298716525977 23.935843599247416
239.29166666666666 26.255410506714533 23.931072310491306
239.79166666666666 26.247593825217255 23.92627537782736
240.29166666666666 26.239810044125825 23.921511414412034
240.79166666666666 26.232076007144638 23.916765751796518
241.29166666666666 26.224250257299882 23.912024959981846
241.79166666666666 26.21655268103945 23.907306197693316
242.29166666666666 26.208862031382225 23.90260344218461
242.79166666666666 26.20117183985704 23.897916785800696
243.29166666666666 26.19351656076787 23.893237801483277
243.79166666666666 26.18588079658619 23.88856334311083
244.29166666666666 26.17831098456297 23.88392531344024
244.79166666666666 26.170699045814292 23.879286682008726
245.29166666666666 26.163141257590354 23.87465614456631
245.79166666666666 26.155581339576983 23.870054964870846
246.29166666666666 26.148081316307245 23.865454022636886
246.79166666666666 26.140561914474386 23.860873897824447
247.29166666666666 26.133099187439708 23.856304849391215
247.79166666666666 26.125624267670645 23.85175412793902
248.29166666666666 26.11822328620412 23.84721096180499
248.79166666666666 26.11081354591885 23.842690710583128
249.29166666666666 26.103423587329303 23.838177736278602
249.79166666666666 26.096056453100267 23.833661648446608
250.29166666666666 26.088759059835365 23.829184469982213
250.79166666666666 26.081421133862243 23.824703365871734
251.29166666666666 26.07417387896477 23.820237266774363
251.79166666666666 26.066919142209407 23.815788694530905
252.29166666666666 26.059645004230546 23.811340436574376
252.79166666666666 26.052445238909336 23.80690954968483
253.29166666666666 26.04527317690696 23.80251432489329
253.79166666666666 26.03809006467284 23.79811503921841
254.29166666666666 26.030966760056984 23.793708708750103
254.79166666666666 26.02384617767187 23.789326601266474
255.29166666666666 26.016734181692414 23.784968108480502
255.79166666666666 26.009695050848208 23.780606006101337
256.2916666666667 26.002651170005862 23.776266374934014
256.7916666666667 25.995591659733343 23.77193656426522
257.2916666666667 25.988629941511704 23.76760477426143
257.7916666666667 25.98162590856287 23.76329826305204
258.2916666666667 25.974666788190838 23.758999176538605
258.7916666666667 25.967743161875703 23.754703418721856
259.2916666666667 25.960838338312794 23.75043246764861
259.7916666666667 25.953954573417946 23.746164975453695
260.2916666666667 25.947120163074125 23.74191223788966
260.7916666666667 25.940265539688706 23.73765664814107
261.2916666666667 25.93339212110168 23.733423217862445
261.7916666666667 25.926607074484565 23.729201496156836
262.2916666666667 25.91980249681596 23.72497901036434
262.7916666666667 25.913078562452192 23.720776436586817
263.2916666666667 25.906303508678683 23.71657774799841
263.7916666666667 25.899588304198385 23.712401729703764
264.2916666666667 25.892894305114922 23.708232423353763
264.7916666666667 25.886225914335594 23.704058903993946
265.2916666666667 25.87956005338735 23.699908475715933
265.7916666666667 25.872934328376008 23.695759842015423
266.2916666666667 25.86632008276583 23.691625444693972
266.7916666666667 25.859730470968792 23.68750102130764
267.2916666666667 25.853166037079216 23.683392765791773
267.7916666666667 25.846585507733764 23.679282192936483
268.2916666666667 25.84005741830911 23.67519381735013
268.7916666666667 25.833509191624064 23.67110649693049
269.2916666666667 25.82701361666047 23.667030254079748
269.7916666666667 25.820526016817084 23.662959037909648
270.2916666666667 25.814048802614483 23.65890370894302
270.7916666666667 25.807619546458405 23.654847600248836
271.2916666666667 25.801175619764866 23.65080746768845
271.7916666666667 25.79482048228065 23.64679109764428
272.2916666666667 25.788400097286157 23.642763796347978
272.7916666666667 25.782023215108655 23.63875449504763
273.2916666666667 25.775685144936293 23.634739986545583
273.7916666666667 25.76934442870143 23.63074456556468
274.2916666666667 25.763009517657917 23.626752913023775
274.7916666666667 25.756740311892734 23.622776587851988
275.2916666666667 25.750454166536816 23.61881369804085
275.7916666666667 25.744207256936384 23.61484079925304
276.2916666666667 25.737952874542323 23.610887908491904
276.7916666666667 25.731727051493717 23.6069510446869
277.2916666666667 25.72554443720973 23.603006519604467
277.7916666666667 25.719319289519692 23.599089047936864
278.2916666666667 25.713167809338238 23.59516154304536
278.7916666666667 25.70702652087817 23.59124594648747
279.2916666666667 25.700850661113638 23.587336576163963
279.7916666666667 25.6947426915133 23.583453537527813
280.2916666666667 25.688664457180572 23.57956906746121
280.7916666666667 25.6825728049867 23.575680061256783
281.2916666666667 25.676503693883777 23.57180071942581
281.7916666666667 25.67042720638312 23.56793468136702
282.2916666666667 25.664407362560024 23.564091736231887
282.7916666666667 25.658395028878264 23.560237642875137
283.2916666666667 25.652374644163395 23.556391642413814
283.7916666666667 25.64638181943893 23.552571032435328
284.2916666666667 25.64040844787481 23.54872963103867
284.7916666666667 25.634438572195528 23.54490615232269
285.2916666666667 25.62851583364321 23.541098278744666
285.7916666666667 25.622585678892158 23.53728923253061
286.2916666666667 25.616679506196114 23.53349547592924
286.7916666666667 25.610806658900593 23.529708279611008
287.2916666666667 25.60492421365946 23.525931374849417
287.7916666666667 25.599061152362125 23.52216996455534
288.2916666666667 25.593214311169852 23.51840096175803
288.7916666666667 25.58741639282963 23.51465019063863
289.2916666666667 25.581594422248692 23.51090732274816
289.7916666666667 25.575792961890716 23.507166551037336
290.2916666666667 25.570015071273843 23.503433740770507
290.7916666666667 25.56424181162796 23.499713710850912
291.2916666666667 25.558528547954296 23.49600932092239
291.7916666666667 25.552815417353795 23.492294111523652
292.2916666666667 25.547084804585435 23.48860317529379
292.7916666666667 25.541363023594354 23.4849187515373
293.2916666666667 25.53568214326689 23.48122667960063
293.7916666666667 25.530035920378054 23.47754939462488
294.2916666666667 25.524391291712693 23.473892009754074
294.7916666666667 25.51873008957022 23.470229023898774
295.2916666666667 25.513135994696587 23.466581504553815
295.7916666666667 25.507515191184787 23.46293295925339
296.2916666666667 25.50190328486937 23.459294835727242
296.7916666666667 25.496329958559706 23.4556652886149
297.2916666666667 25.49075985285905 23.452044276686273
297.7916666666667 25.48521180832747 23.44842755704391
298.2916666666667 25.479673311220452 23.444805828943203
298.7916666666667 25.474144907336623 23.44121103714084
299.2916666666667 25.468628748093888 23.43761037137982
299.7916666666667 25.463135450250725 23.43401850003726
300.2916666666667 25.457651612240383 23.43044760570387
300.7916666666667 25.452170787603468 23.42686067865258
301.2916666666667 25.446732016759555 23.423294538113414
301.7916666666667 25.441265505029236 23.419726495057237
302.2916666666667 25.435853864532394 23.416174494044437
302.7916666666667 25.430452082928543 23.412615375266345
303.2916666666667 25.42499400863467 23.409082041414685
303.7916666666667 25.419637215026402 23.405539987967412
304.2916666666667 25.414281424991863 23.402013208022076
304.7916666666667 25.408909249421026 23.398494772573738
305.2916666666667 25.403528472870626 23.39497342953215
305.7916666666667 25.398197386731653 23.391453938120602
306.2916666666667 25.392877237027797 23.38794997438056
306.7916666666667 25.387526386197177 23.384454504739015
307.2916666666667 25.382260290355806 23.380956560402673
307.7916666666667 25.376971625595992 23.3774523659498
308.2916666666667 25.371662156298246 23.37398994022959
308.7916666666667 25.366398261250374 23.37050378737928
309.2916666666667 25.36115595031594 23.36703185944014
309.7916666666667 25.355872846369188 23.36357467341575
310.2916666666667 25.350673459338672 23.36011021536704
310.7916666666667 25.345431192465927 23.356665884236772
311.2916666666667 25.340211049853814 23.35320662106597
311.7916666666667 25.335045153912013 23.349765461323155
312.2916666666667 25.329826993642037 23.346325895998447
312.7916666666667 25.3246816137582 23.342896814434674
313.2916666666667 25.319498238461087 23.33947267401487
313.7916666666667 25.314305864847086 23.336037377039514
314.2916666666667 25.30919553950696 23.332630131408337
314.7916666666667 25.304054412944236 23.329224100199845
315.2916666666667 25.29891658314235 23.32582162086938
315.7916666666667 25.29382490569301 23.322426333656033
316.2916666666667 25.288726908274008 23.31902434215989
316.7916666666667 25.283642014674548 23.31563538793651
317.2916666666667 25.27856860029082 23.31225508541199
317.7916666666667 25.273490213585205 23.308875374613862
318.2916666666667 25.268437178569133 23.30550209346491
318.7916666666667 25.263371352247667 23.302132518677325
319.2916666666667 25.25834157507147 23.298762380988336
319.7916666666667 25.253320754905424 23.295407194990723
320.2916666666667 25.248280087943943 23.292047302679975
320.7916666666667 25.24329440631916 23.288700494466646
321.2916666666667 25.238310515163725 23.285364583076912
321.7916666666667 25.233307132516693 23.282012277555356
322.2916666666667 25.228345320287936 23.278673914164653
322.7916666666667 25.223372069982876 23.2753572600718
323.2916666666667 25.218428994255543 23.27203095232885
323.7916666666667 25.213473563660422 23.26870815870079
324.2916666666667 25.208550084417034 23.26539338077124
324.7916666666667 25.203624879703593 23.26209406268102
325.2916666666667 25.19870323735253 23.25878665023028
325.7916666666667 25.193812608520982 23.255495546096988
326.2916666666667 25.188901946688272 23.25220236669752
326.7916666666667 25.184021994048752 23.248921397652378
327.2916666666667 25.17917130186458 23.245638396192607
327.7916666666667 25.174304394149935 23.242360477747297
328.2916666666667 25.169448206511763 23.23909155074282
328.7916666666667 25.164608894207067 23.2358403675249
329.2916666666667 25.159797005413083 23.232572023067107
329.7916666666667 25.154976677568555 23.22931372133447
330.2916666666667 25.150193634043063 23.226075711903764
330.7916666666667 25.14538411441854 23.222822802402888
331.2916666666667 25.14058358239361 23.219591594628632
331.7916666666667 25.13580246560261 23.216368912259426
332.2916666666667 25.131056618473014 23.21313224463594
332.7916666666667 25.126288355440085 23.209916803664967
333.2916666666667 25.12154167785925 23.20669195163731
333.7916666666667 25.116797803899527 23.203484974472364
334.2916666666667 25.11209401440782 23.200266462593703
334.7916666666667 25.107363558861042 23.197071530791902
335.2916666666667 25.102661624354724 23.19386301944793
335.7916666666667 25.097963061596097 23.19068348455871
336.2916666666667 25.093299963504798 23.18749411660024
336.7916666666667 25.088596239996605 23.184306657658578
337.2916666666667 25.083919062857433 23.181114302712004
337.7916666666667 25.079253359601005 23.17796180431808
338.2916666666667 25.074602418828015 23.174784197891903
338.7916666666667 25.069955957337378 23.171619112488436
339.2916666666667 25.06533190412022 23.168471611775644
339.7916666666667 25.060690396158407 23.165308506477956
340.2916666666667 25.05609714502919 23.162151711819345
340.7916666666667 25.051492548228364 23.1590064715987
341.2916666666667 25.04687734480357 23.155865216804035
341.7916666666667 25.042298793147566 23.152718763729425
342.2916666666667 25.0377186765048 23.14959421318948
342.7916666666667 25.033181394486384 23.146470661905116
343.2916666666667 25.028613982574722 23.143343102298534
