FastTrWP/PhaseSpace/IAs/snIa_0.61_30.00_-0.12_-0.13.csv
# %ECSV 0.9
# ---
# datatype:
# - {name: time-rel, datatype: float64}
# - {name: g, datatype: float64}
# - {name: i, datatype: float64}
# schema: astropy-2.0
time-rel g i
[from data line 2511]
831.5 25.61447113596897 23.348583385807874
832.0 25.61423870561489 23.349820869158613
832.5 25.61395422491765 23.35105837642662
833.0 25.613705679613737 23.352307295890743
833.5 25.61348650259333 23.353546510143662
834.0 25.613224369433922 23.354786315138135
834.5 25.613006027134524 23.356027793132256
835.0 25.612756110354184 23.357281006138436
835.5 25.612518595576432 23.35852379031337
836.0 25.61231484908054 23.359756901820585
836.5 25.612135318622077 23.36099880842431
837.0 25.61189461278302 23.362248464174176
837.5 25.611739561474764 23.363491960034978
838.0 25.611546723700034 23.36473852276509
838.5 25.611377207953126 23.365983552800937
839.0 25.611169568047302 23.36722973394055
839.5 25.611032091832143 23.368476404038155
840.0 25.610848971383543 23.369725117555845
840.5 25.610740005210147 23.37096987344781
841.0 25.610616418826982 23.372204650032195
841.5 25.61047383545911 23.373468711641166
842.0 25.610361246925745 23.374699076717135
842.5 25.610258612585053 23.375947094835084
843.0 25.610174854364214 23.377205134898738
843.5 25.61011673062609 23.37844324677085
844.0 25.610079823690626 23.379699093652874
844.5 25.610011586149856 23.38094260286539
845.0 25.609966521167024 23.382192625311827
845.5 25.609960039019857 23.383439336076187
846.0 25.609936271893904 23.384686512298927
846.5 25.60994032622878 23.385945281897726
847.0 25.60997195662263 23.38718860894356
847.5 25.61000489322247 23.388437953964484
848.0 25.610057328026304 23.389684022877052
848.5 25.61011313468073 23.390943153955206
849.0 25.61020976069272 23.392180274864476
849.5 25.610334294477703 23.393437090804646
850.0 25.61046039499194 23.394684949438812
850.5 25.61057226879063 23.395938401747763
851.0 25.610724009857933 23.39719070801995
851.5 25.610892714253207 23.398448711686825
852.0 25.61106233966775 23.39969519976359
852.5 25.611270621504076 23.400949243380765
853.0 25.61151712909186 23.402205869047094
853.5 25.61175811978601 23.40345940336134
854.0 25.61200665694743 23.404704958064176
854.5 25.61229046264164 23.40597314916366
855.0 25.61256602403263 23.40723622799404
855.5 25.612857181957356 23.40848171823028
856.0 25.613164448563758 23.409735775403853
856.5 25.61348677695008 23.410984813076805
857.0 25.61381743883473 23.412237802062243
857.5 25.61411118674862 23.413506130239213
858.0 25.614464321526782 23.41475234665893
858.5 25.614850555142127 23.416023934399437
859.0 25.61519805065887 23.4172715636669
859.5 25.615533808221645 23.41853169791765
860.0 25.61595104068966 23.419790665409863
860.5 25.61634611410782 23.421061943305652
861.0 25.616737952854645 23.422318105681363
861.5 25.61715695231704 23.42357351145765
862.0 25.617594172153957 23.424834565948768
862.5 25.618028329198538 23.426086352397242
863.0 25.618475136530307 23.427344563670715
863.5 25.6189296982074 23.42861898984633
864.0 25.61940823713739 23.429874879081865
864.5 25.619880930321255 23.431134785568478
865.0 25.620386984790095 23.432403096841213
865.5 25.620891096865172 23.433672372415675
866.0 25.621377003819916 23.43492379789413
866.5 25.621910421357374 23.436195791998877
867.0 25.62246326406248 23.437452216762743
867.5 25.623013726972484 23.438713353700194
868.0 25.623526719827446 23.439966477187927
868.5 25.62410838748415 23.441246028192943
869.0 25.624694069115293 23.442508092099615
869.5 25.625279424380313 23.443774728477248
870.0 25.62586903144912 23.44504380326871
870.5 25.62648250626537 23.446308544982312
871.0 25.62710906698713 23.447580955962493
871.5 25.627751180172073 23.44883876673037
872.0 25.628381950544274 23.450102946908427
872.5 25.629046337561125 23.451361032536123
873.0 25.629704669671455 23.452635237758024
873.5 25.630381291499393 23.453890254098017
874.0 25.63104770179713 23.45515336241467
874.5 25.631774104682002 23.456430458976744
875.0 25.63246806729183 23.45769105108947
875.5 25.633172904448614 23.458962867775725
876.0 25.633922369111566 23.460221313493477
876.5 25.634651259549376 23.46148761927777
877.0 25.635427844942132 23.462755718935135
877.5 25.636181401754634 23.464012578374863
878.0 25.63698139691265 23.46529415501754
878.5 25.637746425709608 23.466548354791232
879.0 25.63855845495759 23.46781981671525
