FastTrWP/PhaseSpace/IAs/snIa_0.6_25_1_-0.1.csv
# %ECSV 0.9
# ---
# datatype:
# - {name: time-rel, datatype: float64}
# - {name: g, datatype: float64}
# - {name: i, datatype: float64}
# schema: astropy-2.0
time-rel g i
[from data line 278]
120.10416666666667 -25.355830136776007 -26.52543632375181
120.60416666666667 -25.35984366237382 -26.528960151919733
121.10416666666667 -25.363862641315116 -26.53246237067151
121.60416666666667 -25.367852842740803 -26.53594938351363
122.10416666666667 -25.37185590491166 -26.539434781433187
122.60416666666667 -25.375869556346863 -26.54289956523399
123.10416666666667 -25.379836970381426 -26.546368329219806
123.60416666666667 -25.383801654835967 -26.54978788526563
124.10416666666667 -25.387781597942755 -26.55323591999972
124.60416666666667 -25.39174652110127 -26.556647824544505
125.10416666666667 -25.39569403287947 -26.560057887411716
125.60416666666667 -25.39963779230103 -26.56343757115295
126.10416666666667 -25.403579659789127 -26.56682581469797
126.60416666666667 -25.407485411810914 -26.570190797811655
127.10416666666667 -25.411410192083444 -26.573548797902408
127.60416666666667 -25.415352515165736 -26.576897659400366
128.10416666666666 -25.419241056752583 -26.58023459731588
128.60416666666666 -25.42314619229156 -26.583554889246276
129.10416666666666 -25.42703308668218 -26.586860553135786
129.60416666666666 -25.43093392114288 -26.590167638161958
130.10416666666666 -25.434811292649492 -26.593455253430633
130.60416666666666 -25.438665393416887 -26.596727411381863
131.10416666666666 -25.44253591203646 -26.59999615714918
131.60416666666666 -25.44638789176706 -26.603257333441913
132.10416666666666 -25.450259400892644 -26.60649390892154
132.60416666666666 -25.454100357482794 -26.60973749100146
133.10416666666666 -25.457938944748662 -26.612960440228626
133.60416666666666 -25.46176951300016 -26.61616561181331
134.10416666666666 -25.4655704130341 -26.619365615461284
134.60416666666666 -25.469403140736322 -26.622561535933652
135.10416666666666 -25.47320932363688 -26.625745972703804
135.60416666666666 -25.4770184695246 -26.62891750499266
136.10416666666666 -25.480827864912374 -26.63208128399048
136.60416666666666 -25.484595463657374 -26.63524330885275
137.10416666666666 -25.48837613215317 -26.638375228681337
137.60416666666666 -25.49215256061588 -26.64151146341954
138.10416666666666 -25.495921971515788 -26.644633611235065
138.60416666666666 -25.49968993446884 -26.647750426733072
139.10416666666666 -25.503461853232395 -26.650857036390846
139.60416666666666 -25.507219388983366 -26.653937927953294
140.10416666666666 -25.510954264282965 -26.657036009785205
140.60416666666666 -25.51468845476019 -26.660099188035986
141.10416666666666 -25.518423822703507 -26.663179050127447
141.60416666666666 -25.522151193505977 -26.666231615420486
142.10416666666666 -25.525876691657494 -26.669293400232135
142.60416666666666 -25.529568472329515 -26.672314807110492
143.10416666666666 -25.533302191570407 -26.675345085824446
143.60416666666666 -25.536990600488533 -26.678374331565404
144.10416666666666 -25.540680955061646 -26.68139891405719
144.60416666666666 -25.544378534392898 -26.68439308528142
145.10416666666666 -25.548065899706714 -26.68740048035452
145.60416666666666 -25.551729313198585 -26.6903881093804
146.10416666666666 -25.555411389795793 -26.693367748577796
146.60416666666666 -25.559072380393168 -26.69634080542334
147.10416666666666 -25.56274602964233 -26.699307926208714
147.60416666666666 -25.566394532423175 -26.702260125859993
148.10416666666666 -25.570053537790244 -26.705217474740856
148.60416666666666 -25.57368924412615 -26.708152743098598
149.10416666666666 -25.577330709791532 -26.711086381197408
149.60416666666666 -25.580949905524555 -26.71401041456587
150.10416666666666 -25.584579281165357 -26.716921400247088
150.60416666666666 -25.588197516821126 -26.71983138853008
151.10416666666666 -25.591813844243024 -26.72273976193866
151.60416666666666 -25.5954360352435 -26.725629725462863
152.10416666666666 -25.59904794798954 -26.72852040145183
152.60416666666666 -25.602625380160976 -26.73139982683785
153.10416666666666 -25.60623916525607 -26.734270832408065
153.60416666666666 -25.609814486045362 -26.737134110666766
154.10416666666666 -25.613395412041985 -26.740000400845176
154.60416666666666 -25.61697852292719 -26.742840430050027
155.10416666666666 -25.620538296841843 -26.745681529888707
155.60416666666666 -25.624113203308546 -26.748524817723553
156.10416666666666 -25.62766473360363 -26.75135528966809
156.60416666666666 -25.631224643511246 -26.75417760002043
157.10416666666666 -25.634772988569367 -26.756988555974264
157.60416666666666 -25.638329442823636 -26.759801231214094
158.10416666666666 -25.641863917748857 -26.762604653839915
158.60416666666666 -25.645400913758017 -26.765393104504778
159.10416666666666 -25.64894181910291 -26.76819540024479
159.60416666666666 -25.652469994702845 -26.77097571741453
160.10416666666666 -25.6559727968154 -26.773742557943088
160.60416666666666 -25.6594985574964 -26.776520946199888
161.10416666666666 -25.66300832496924 -26.779271980890677
161.60416666666666 -25.666511545167026 -26.782018555696425
162.10416666666666 -25.66999191614307 -26.784766661444046
162.60416666666666 -25.67349036208494 -26.787500114713794
163.10416666666666 -25.67696715821825 -26.79022265417903
163.60416666666666 -25.68042184991237 -26.792943931947963
164.10416666666666 -25.683899715413222 -26.795672791896877
164.60416666666666 -25.68738028278345 -26.7983720647587
165.10416666666666 -25.690830673779704 -26.80106796032389
165.60416666666666 -25.69429621857456 -26.803768021454886
166.10416666666666 -25.69773600334296 -26.80644788063017
166.60416666666666 -25.701186097561045 -26.809133706884975
167.10416666666666 -25.704616467679713 -26.811799846785348
167.60416666666666 -25.708061966859784 -26.814476564472738
168.10416666666666 -25.71147357405808 -26.817136365112646
168.60416666666666 -25.714907956300046 -26.819773153127066
169.10416666666666 -25.718326500087837 -26.822429857711654
169.60416666666666 -25.721730025142627 -26.825069051383302
170.10416666666666 -25.725139577947765 -26.827700670570383
170.60416666666666 -25.728550779055794 -26.830320994400253
171.10416666666666 -25.731938887678226 -26.83294092117487
171.60416666666666 -25.735336453506097 -26.835554533305604
172.10416666666666 -25.738699772653725 -26.838164416498714
172.60416666666666 -25.742109987002458 -26.840764399747997
173.10416666666666 -25.745478790274007 -26.843343284556205
173.60416666666663 -25.748838316455394 -26.845947072044968
174.10416666666666 -25.752204364065058 -26.848520100784057
174.60416666666666 -25.755563987854224 -26.851097558803612
175.10416666666663 -25.75892609744301 -26.85366013904985
175.60416666666666 -25.76226305674635 -26.856228057363264
176.10416666666666 -25.765641021093806 -26.858789296256248
176.60416666666663 -25.768971269833656 -26.861345715128557
177.10416666666666 -25.772306617000513 -26.86389110586959
177.60416666666666 -25.775655308976702 -26.866421619220947
178.10416666666663 -25.778969337159808 -26.86895707521543
178.60416666666666 -25.782294008449004 -26.871491486896424
179.10416666666666 -25.785610471360773 -26.8740094291303
179.60416666666663 -25.78891823144602 -26.876527381655176
180.10416666666666 -25.79225226872998 -26.879036576873766
180.60416666666666 -25.795549057853936 -26.881549682284426
181.10416666666663 -25.79885487503525 -26.88403968936898
181.60416666666666 -25.802133144587746 -26.886539890394925
182.10416666666666 -25.805441857581783 -26.88903276305565
182.60416666666663 -25.808730448199796 -26.891517942107654
183.10416666666666 -25.812025264682145 -26.893994352541796
183.60416666666666 -25.81529321536593 -26.89646418056974
184.10416666666663 -25.818576325275423 -26.898938707058527
184.60416666666666 -25.821854244413174 -26.90140352496106
185.10416666666666 -25.825116521314513 -26.903857384023976
185.60416666666663 -25.828391983061717 -26.90632094273374
186.10416666666666 -25.831642404021085 -26.90876444101007
186.60416666666666 -25.834906130017885 -26.91120654902047
187.10416666666663 -25.838155809139728 -26.91364159535315
187.60416666666666 -25.841396119537198 -26.916080651052397
188.10416666666666 -25.84462551875458 -26.918507243845045
188.60416666666663 -25.847887536920698 -26.920933419498937
189.10416666666666 -25.851118126331933 -26.923359831768714
189.60416666666666 -25.854353934211822 -26.925767297461512
190.10416666666663 -25.85759174319974 -26.928181167096273
190.60416666666666 -25.860814970807183 -26.93058683152
191.10416666666666 -25.86402515865458 -26.932984374007532
191.60416666666663 -25.867252050099513 -26.93537885622265
192.10416666666666 -25.87045820158942 -26.93777308541094
192.60416666666666 -25.87367497921003 -26.94015989402061
193.10416666666663 -25.876875283063665 -26.942548942766532
193.60416666666666 -25.880094105690926 -26.94492756010208
194.10416666666666 -25.88328289597591 -26.947295351354285
194.60416666666663 -25.886478970910105 -26.949668800290134
195.10416666666666 -25.88966623102966 -26.952032319356903
195.60416666666666 -25.89286167217942 -26.954402807538816
196.10416666666663 -25.896039883538688 -26.95676361492454
196.60416666666666 -25.89923158530192 -26.95911148943507
197.10416666666666 -25.902401530253666 -26.9614552362146
197.60416666666663 -25.90557644865816 -26.963808935526203
198.10416666666666 -25.908756185043956 -26.966135939617217
198.60416666666666 -25.91191484219276 -26.96847227036573
199.10416666666663 -25.91508217758242 -26.97080297724758
199.60416666666666 -25.918232063162744 -26.973134503348234
200.10416666666666 -25.921387525378357 -26.97545192929017
200.60416666666663 -25.92455015133046 -26.977771208572143
201.10416666666666 -25.927698538983293 -26.98007793667752
201.60416666666666 -25.93083450831302 -26.982387254647975
202.10416666666663 -25.93396332635233 -26.984677815859975
202.60416666666666 -25.93710131697577 -26.9869832494717
203.10416666666666 -25.940215440018413 -26.98928473242858
203.60416666666663 -25.943345424519265 -26.991564454782527
204.10416666666666 -25.946463257683373 -26.993843829760852
204.60416666666666 -25.949584476945475 -26.99613203752051
205.10416666666663 -25.95270352608473 -26.998394727575512
205.60416666666666 -25.955792499894343 -27.000669732542065
206.10416666666666 -25.9589189928019 -27.002929440839193
206.60416666666663 -25.962011221342554 -27.005204671978213
207.10416666666666 -25.965116674343452 -27.007454653462517
207.60416666666666 -25.968206228577074 -27.009703513535662
208.10416666666663 -25.971289379143055 -27.01195661123803
208.60416666666666 -25.97436455555136 -27.01419880745363
209.10416666666666 -25.97746027986556 -27.016441273927683
209.60416666666663 -25.98053185261126 -27.018666225134034
210.10416666666666 -25.9836181045133 -27.020903577959302
210.60416666666666 -25.9866762711072 -27.023133677805138
211.10416666666663 -25.989740523152285 -27.025354443654624
211.60416666666666 -25.992795387884115 -27.027575736584964
212.10416666666666 -25.995850794067977 -27.029789760337415
212.60416666666663 -25.998918749693104 -27.032003046332612
213.10416666666666 -26.001975883524526 -27.034211215007346
213.60416666666666 -26.005021370953028 -27.03640631810789
214.10416666666663 -26.008064611548587 -27.03860747704807
214.60416666666666 -26.011105932238713 -27.040801956939838
215.10416666666666 -26.01414782875032 -27.042990752723117
215.60416666666663 -26.017184962097552 -27.04518042421373
216.10416666666666 -26.02021228164763 -27.04737220030399
216.60416666666666 -26.023240494057305 -27.049545628208218
217.10416666666663 -26.026258551183762 -27.051723332579908
217.60416666666666 -26.029281051312246 -27.05389747692315
218.10416666666666 -26.032308558564992 -27.056072682363133
218.60416666666663 -26.035310093555108 -27.058215546146748
219.10416666666666 -26.038317404867964 -27.06039103061088
219.60416666666666 -26.041310037066033 -27.062542194133027
220.10416666666663 -26.044313251819638 -27.064700689320308
220.60416666666666 -26.04733189305032 -27.066851520299164
221.10416666666666 -26.05031692050689 -27.068999766391116
221.60416666666663 -26.0533059379992 -27.071133778140812
222.10416666666666 -26.05629656143694 -27.073269386467373
222.60416666666666 -26.059298779735457 -27.075410773866615
223.10416666666663 -26.06226525178277 -27.07755169013424
223.60416666666666 -26.065242258425183 -27.079680461282432
224.10416666666666 -26.0682199145703 -27.08179916744473
224.60416666666663 -26.07120645204148 -27.083919776836805
225.10416666666666 -26.07416762816031 -27.086037964286565
225.60416666666666 -26.077125871730004 -27.088165633046447
226.10416666666663 -26.08009625656181 -27.09026709631908
226.60416666666666 -26.083050034556212 -27.092370134119925
227.10416666666666 -26.08601057922862 -27.09447681039281
227.60416666666663 -26.0889676850012 -27.096581619435437
228.10416666666666 -26.091925937927915 -27.09868468821659
228.60416666666666 -26.094863767680067 -27.100774747764177
229.10416666666663 -26.097809349547845 -27.102862990512293
229.60416666666666 -26.100748586148235 -27.104951539846933
230.10416666666666 -26.103684556378226 -27.107039409529882
230.60416666666663 -26.10662389363368 -27.109123194458704
231.10416666666666 -26.109564551560705 -27.111203638406106
231.60416666666666 -26.112490195799293 -27.113279039062625
232.10416666666663 -26.11541345907205 -27.11535565583968
232.60416666666666 -26.118325574632742 -27.11741784544334
233.10416666666666 -26.121260145447124 -27.11948220850372
233.60416666666663 -26.124165936791798 -27.121557617693973
234.10416666666666 -26.127094691045507 -27.123608617202677
234.60416666666666 -26.12999559908267 -27.12567833470587
235.10416666666663 -26.13288949026291 -27.1277194298632
235.60416666666666 -26.13581062156228 -27.12978637434164
236.10416666666666 -26.13872636219979 -27.131827375883113
236.60416666666663 -26.14163068226121 -27.133879141974727
237.10416666666666 -26.144550419224572 -27.13592505993121
237.60416666666666 -26.147468633476368 -27.137964346298567
238.10416666666666 -26.15038601226322 -27.14001687861986
238.60416666666666 -26.153319520562714 -27.142071201016726
239.10416666666666 -26.156256567816463 -27.144108537496336
239.60416666666666 -26.159185930273175 -27.146156382173196
240.10416666666666 -26.16212530212922 -27.14819798590897
240.60416666666666 -26.16507176594293 -27.150238536180904
241.10416666666666 -26.168007147025655 -27.152281612919
241.60416666666666 -26.170936810730403 -27.154321331074037
242.10416666666666 -26.173892603367136 -27.156353714938582
242.60416666666666 -26.17682549649495 -27.158388327893753
243.10416666666666 -26.17977227085173 -27.160424598801654
243.60416666666666 -26.182725197789193 -27.162458768152366
244.10416666666666 -26.185658763459543 -27.164481583557567
244.60416666666666 -26.18859852234964 -27.16650256308636
245.10416666666666 -26.191532838363074 -27.168529526589403
245.60416666666666 -26.1944728840924 -27.170550287542852
246.10416666666666 -26.197413188005942 -27.172574463027622
246.60416666666666 -26.200355240451564 -27.17459150286315
247.10416666666666 -26.203289200204107 -27.176600229595177
247.60416666666666 -26.206207244668803 -27.178614260172814
248.10416666666666 -26.209126765570314 -27.180626300376073
248.60416666666666 -26.212060065353576 -27.182626794759383
249.10416666666666 -26.214969566576176 -27.18463005566896
249.60416666666666 -26.21789244288425 -27.18662513733502
250.10416666666666 -26.22079393219709 -27.188623891051886
250.60416666666666 -26.223697716565898 -27.19061501125441
251.10416666666666 -26.226613073146517 -27.192599712244775
251.60416666666666 -26.22949424693759 -27.194580613658843
252.10416666666666 -26.232385566332376 -27.19656129935946
252.60416666666666 -26.235281170283717 -27.198546218207788
253.10416666666666 -26.23815128988157 -27.200520495345938
253.60416666666666 -26.241022068628197 -27.202482309279684
254.10416666666666 -26.243901008330106 -27.204444622259448
254.60416666666666 -26.246739136185177 -27.206415318364577
255.10416666666666 -26.249592090057078 -27.208369582001506
255.60416666666666 -26.252434826282027 -27.210317865065594
256.1041666666667 -26.255269369292854 -27.21226792822677
256.6041666666667 -26.258096142872112 -27.214213229082773
