FastTrWP/PhaseSpace/IAs/snIa_0.44_30.00_-0.80_0.00.csv
# %ECSV 0.9
# ---
# datatype:
# - {name: time-rel, datatype: float64}
# - {name: g, datatype: float64}
# - {name: i, datatype: float64}
# schema: astropy-2.0
time-rel g i
219.77083333333331 26.982637116820918 24.832692651704885
220.27083333333334 26.962863343770657 24.824924054809905
220.77083333333334 26.94326646190957 24.81719068376206
221.27083333333331 26.923962555914937 24.80950132700116
221.77083333333334 26.904910092252585 24.801832572806042
222.27083333333334 26.886109240040025 24.7942120784983
222.77083333333331 26.86755649879228 24.786625755876045
223.27083333333334 26.849170925998536 24.77902937148382
223.77083333333334 26.831048057165855 24.771503628104078
224.27083333333331 26.813204262061735 24.763992554941673
224.77083333333334 26.795462089902035 24.756517588159994
225.27083333333334 26.778020320881865 24.74907963626816
225.77083333333331 26.7607339519777 24.74167172141673
226.27083333333334 26.743636717127956 24.734274553393817
226.77083333333334 26.726684406896055 24.726915487329265
227.27083333333331 26.709964773701863 24.719600745176578
227.77083333333334 26.69346778054278 24.712301236754797
228.27083333333334 26.67708855309424 24.705046415063592
228.77083333333331 26.660829046440433 24.69782773697162
229.27083333333334 26.644812332354554 24.690622559235898
229.77083333333334 26.628927309416106 24.683440672818957
230.27083333333334 26.61318917440647 24.67630608012935
230.77083333333334 26.597608799333248 24.66923451912138
231.27083333333334 26.582196847623976 24.662098445368493
231.77083333333334 26.56692832307748 24.65506181021107
232.27083333333334 26.551728370593935 24.648016222909806
232.77083333333334 26.536770481566997 24.64103870246067
233.27083333333334 26.52187356326864 24.63407423073108
233.77083333333334 26.507180407612143 24.627124761946813
234.27083333333334 26.492537923487312 24.620214102282088
234.77083333333334 26.478091706858258 24.61334555706626
235.27083333333334 26.463678691962503 24.60648541313555
235.77083333333334 26.4494565944878 24.59966779114888
236.27083333333334 26.43532116987201 24.592879454629497
236.77083333333334 26.42128198310043 24.58610490623522
237.27083333333334 26.407422761539145 24.579374195810423
237.77083333333334 26.39365874673366 24.57265382697997
238.27083333333334 26.379995781163505 24.56597307617477
238.77083333333334 26.366407556516165 24.559325171763508
239.27083333333334 26.35293348458127 24.55269925922563
239.77083333333334 26.339526478021448 24.54609052614724
240.27083333333334 26.326287670236578 24.539534479900794
240.77083333333334 26.31313655240571 24.532995640722433
241.27083333333334 26.300036467446823 24.526470523477606
241.77083333333334 26.287053265700102 24.519977525397753
242.27083333333334 26.27413810833309 24.513532121053345
242.77083333333334 26.261343863412794 24.507066017902662
243.27083333333334 26.248614438342848 24.500683008984375
243.77083333333334 26.236022633782095 24.49429827819335
244.27083333333334 26.223490090868587 24.48794488157813
244.77083333333334 26.21102304559792 24.481600432646232
245.27083333333334 26.198660213197705 24.47527822920069
245.77083333333334 26.186444543341384 24.46900448748272
246.27083333333334 26.17428591716317 24.46273464230265
246.77083333333334 26.16224565796007 24.45648102268176
247.27083333333334 26.150331709893887 24.450257976283698
247.77083333333334 26.138448474967227 24.44407081626374
248.27083333333334 26.126699528456644 24.43789404842081
248.77083333333334 26.115025626975388 24.43171315815711
249.27083333333334 26.10344861309036 24.42559654047359
249.77083333333334 26.09193269894583 24.41946749532753
250.27083333333334 26.080525053613613 24.41335515107861
250.77083333333334 26.06914094920306 24.407279292955117
251.27083333333334 26.057903377369325 24.401243080415696
251.77083333333334 26.046674646119868 24.395196390012792
252.27083333333334 26.035563107572397 24.389177606263516
252.77083333333334 26.02454675673268 24.383191570377065
253.27083333333334 26.01353833866022 24.37721576376045
253.77083333333334 26.00263772784277 24.37126856468887
254.27083333333334 25.991819379175386 24.365343789952423
254.77083333333334 25.981053089084956 24.359414602967753
255.27083333333334 25.970355472528585 24.35351349503633
255.77083333333334 25.95968855077528 24.347655413758744
256.2708333333333 25.949067623936433 24.341799647776394
256.7708333333333 25.938608409027594 24.33596941663978
257.2708333333333 25.928113549064857 24.3301304336954
257.7708333333333 25.917715166878892 24.324340772432485
258.2708333333333 25.90736933140225 24.318555518990074
258.7708333333333 25.89707772298066 24.31280752313325
259.2708333333333 25.8868243411572 24.307082366822087
259.7708333333333 25.87667207727877 24.30134451954973
260.2708333333333 25.866540401414447 24.29566251755454
260.7708333333333 25.856466089647547 24.289972720216298
261.2708333333333 25.846446464741252 24.284295784844986
261.7708333333333 25.836461418876915 24.278650419157955
262.2708333333333 25.826508065389294 24.27302674461956
262.7708333333333 25.816630159367083 24.26740762666771
263.2708333333333 25.80679698458124 24.261824083444754
263.7708333333333 25.797003345760633 24.25624029876854
264.2708333333333 25.787264549963492 24.250688052950146
264.7708333333333 25.777549381000433 24.245162017930234
265.2708333333333 25.76785386902298 24.239631674348953
265.7708333333333 25.758233858026408 24.23413711850758
266.2708333333333 25.748672870535927 24.22865819887741
266.7708333333333 25.73914577019217 24.223184883209967
267.2708333333333 25.729631948212813 24.217733359289614
267.7708333333333 25.720179063028404 24.21232294809525
268.2708333333333 25.710771164887447 24.20688190063197
268.7708333333333 25.701351272552643 24.20149107252214
269.2708333333333 25.692016174912958 24.196107994896114
269.7708333333333 25.68268916081644 24.190751795262777
270.2708333333333 25.6734155900798 24.18540190544311
270.7708333333333 25.664181948643208 24.180080831072
271.2708333333333 25.654959128272417 24.174770696030695
271.7708333333333 25.645786785973957 24.16947264317407
272.2708333333333 25.636609361780355 24.164186949177196
272.7708333333333 25.627509200377713 24.158918124050665
273.2708333333333 25.61846068049368 24.153684134080425
273.7708333333333 25.60936748007027 24.148442057635403
274.2708333333333 25.60035392891362 24.14322611279363
274.7708333333333 25.591371464856763 24.138040998957095
275.2708333333333 25.58239539304205 24.132857187450746
275.7708333333333 25.573464132211157 24.12768055213008
276.2708333333333 25.56457342135459 24.1225370765914
276.7708333333333 25.555689437273244 24.117393932869522
277.2708333333333 25.54683318421672 24.112296740587965
277.7708333333333 25.538014406534128 24.107198350921987
278.2708333333333 25.529204389121407 24.10210930996486
278.7708333333333 25.52046242192737 24.09703233696068
279.2708333333333 25.511714872400077 24.091980007334946
279.7708333333333 25.503001377292005 24.08695055237896
280.2708333333333 25.49432505092959 24.081920764369443
280.7708333333333 25.48568027370886 24.076902238229017
281.2708333333333 25.477061361379036 24.071911831820515
281.7708333333333 25.468517109896986 24.066930178988972
282.2708333333333 25.45997592328028 24.06196911673234
282.7708333333333 25.451444638407438 24.05701647201077
283.2708333333333 25.44300418107018 24.05206838896957
283.7708333333333 25.43456102933211 24.047164887675613
284.2708333333333 25.426148010352637 24.042254275746316
284.7708333333333 25.417750767906128 24.037370791292275
285.2708333333333 25.409443763637203 24.032479875776403
285.7708333333333 25.40110540544861 24.027613962912625
286.2708333333333 25.39282867093283 24.022754718642105
286.7708333333333 25.384578088013228 24.017914906485473
287.2708333333333 25.37634203607032 24.013095329084095
287.7708333333333 25.36814583588557 24.00828716437269
288.2708333333333 25.359992941231788 24.003490720600634
288.7708333333333 25.35186055221967 23.998697509798145
289.2708333333333 25.34373913172611 23.99394477337813
289.7708333333333 25.335666846673167 23.98918118981144
290.2708333333333 25.327638317748516 23.984427363910736
290.7708333333333 25.319594002447406 23.979707019775624
291.2708333333333 25.311607184627142 23.974980599367086
291.7708333333333 25.303654820355362 23.970266448632714
292.2708333333333 25.295722894262926 23.965575409976374
292.7708333333333 25.287823975886674 23.960898802257077
293.2708333333333 25.279939276458265 23.956222623950346
293.7708333333333 25.272072234890366 23.95155735808965
294.2708333333333 25.264276866098555 23.946927663043382
294.7708333333333 25.256490609242785 23.94228340014199
295.2708333333333 25.248733681610545 23.937661149737952
295.7708333333333 25.24096168505241 23.933055075213932
296.2708333333333 25.23328700396246 23.92843954263675
296.7708333333333 25.225553419130474 23.92385662368782
297.2708333333333 25.217910823835954 23.919282873346383
297.7708333333333 25.21028831727577 23.914713304272034
298.2708333333333 25.202680821020355 23.910151610279797
298.7708333333333 25.19510423611086 23.905615758701643
299.2708333333333 25.18753773290651 23.901081276390656
299.7708333333333 25.180043499653067 23.89657450471306
300.2708333333333 25.172525988339878 23.89203482766724
300.7708333333333 25.165047444620384 23.887545548525225
301.2708333333333 25.1576052452247 23.883060628486042
301.7708333333333 25.15016377686318 23.878578312667152
302.2708333333333 25.142732895209292 23.87411707685822
302.7708333333333 25.13537393055256 23.869658970270727
303.2708333333333 25.128019451519002 23.865213496985355
303.7708333333333 25.120678332089096 23.860782349553695
304.2708333333333 25.113384260848385 23.85635014691454
304.7708333333333 25.10609293660018 23.851935114573134
305.2708333333333 25.09882882261218 23.84752930647611
305.7708333333333 25.09160055541672 23.84312296391727
306.2708333333333 25.0843922180095 23.83875012063057
306.7708333333333 25.07721660316288 23.834369375943925
307.2708333333333 25.070040938128603 23.829997475543486
307.7708333333333 25.062905129121546 23.82563655478073
308.2708333333333 25.055804479446767 23.821292767939855
308.7708333333333 25.048684381018603 23.81694508253126
309.2708333333333 25.04161354105737 23.812625280246568
309.7708333333333 25.034555790222566 23.808309624149206
310.2708333333333 25.02754971813281 23.803996522852223
310.7708333333333 25.020545499612624 23.79968938080077
311.2708333333333 25.013564256453794 23.795404138369612
311.7708333333333 25.006586184990596 23.791111711091474
312.2708333333333 24.999651840483963 23.786835059980092
312.7708333333333 24.99271983622642 23.782574551837893
313.2708333333333 24.985822423318837 23.77832283795019
313.7708333333333 24.978945602014385 23.77407312236653
314.2708333333333 24.972088119006308 23.769842581731503
314.7708333333333 24.96527668184259 23.76561430003725
315.2708333333333 24.958432377085693 23.761395417261543
315.7708333333333 24.951659527804757 23.757202757212696
316.2708333333333 24.94489050770207 23.752992465788317
316.7708333333333 24.938162088170692 23.748802658373425
317.2708333333333 24.93142429129206 23.744632226362995
317.7708333333333 24.92474111119458 23.740464621795184
318.2708333333333 24.91805676322862 23.736309674968282
318.7708333333333 24.91139859513527 23.73215957284132
319.2708333333333 24.904757547985014 23.728033259107953
319.7708333333333 24.898125790972834 23.723895705541622
320.2708333333333 24.891547103158867 23.719770097327583
320.7708333333333 24.884972679207475 23.715672822688326
321.2708333333333 24.878408795804845 23.711565271092567
321.7708333333333 24.87187024239933 23.70747543884137
322.2708333333333 24.865356094996542 23.70339290881458
322.7708333333333 24.858843739343428 23.699320926033344
323.2708333333333 24.852380408011832 23.695244311925773
323.7708333333333 24.84590170385424 23.691190282315166
324.2708333333333 24.839480374836388 23.68714282365285
324.7708333333333 24.83302655848671 23.683105654777236
325.2708333333333 24.826634499432156 23.67906564861887
325.7708333333333 24.820240824081342 23.675043024681266
326.2708333333333 24.8138858282451 23.671043480976977
326.7708333333333 24.80754792657017 23.66702037211251
327.2708333333333 24.80120985258369 23.663025959915007
327.7708333333333 24.794877117490756 23.659041179249524
328.2708333333333 24.788581562498866 23.655048459577586
328.7708333333333 24.78230435241903 23.651073020831923
329.2708333333333 24.776028818540365 23.64709811615256
329.7708333333333 24.76978914453769 23.643149077046296
330.2708333333333 24.76356438729441 23.639198108465088
330.7708333333333 24.757369883578345 23.63524406171033
331.2708333333333 24.751160377093097 23.631316002335346
331.7708333333333 24.744997091082848 23.627382400043185
332.2708333333333 24.738823408521924 23.62345523817791
332.7708333333333 24.732683344084432 23.61955014497434
333.2708333333333 24.72656750012531 23.615635899722495
333.7708333333333 24.72042838339407 23.611737452315506
334.2708333333333 24.714340103535484 23.607851508320834
334.7708333333333 24.708264925949948 23.603965371358555
335.2708333333333 24.702188859199637 23.60009314909544
335.7708333333333 24.69616755282534 23.5962193644843
336.2708333333333 24.69011373838753 23.5923480597716
336.7708333333333 24.68411237529231 23.588496267074845
337.2708333333333 24.678098376694916 23.584640274477394
337.7708333333333 24.67211839571542 23.580797688063196
338.2708333333333 24.666134476602437 23.57695844503948
338.7708333333333 24.66017808601061 23.573115923510542
339.2708333333333 24.6542336560029 23.56930104301075
339.7708333333333 24.648302752120223 23.56548431000914
340.2708333333333 24.642388831970568 23.56166994455045
340.7708333333333 24.636487058425377 23.557859516818173
341.2708333333333 24.630617015214323 23.55406320605155
341.7708333333333 24.624740818309824 23.550263056633295
342.2708333333333 24.618889136579938 23.54649536417974
342.7708333333333 24.613040333054634 23.54270732965969
343.2708333333333 24.607221578320285 23.53893689757216
343.7708333333333 24.60141390606126 23.53516891224924
344.2708333333333 24.595588978491275 23.531401034856323
344.7708333333333 24.589801703227273 23.527649863604307
345.2708333333333 24.58403869924782 23.52390354680582
345.7708333333333 24.57829446125672 23.52015744529386
346.2708333333333 24.572531048064974 23.51641122322642
346.7708333333333 24.56680242879704 23.512684081457884
347.2708333333333 24.561069488673436 23.508961524677332
347.7708333333333 24.55537631443436 23.505221023955592
348.2708333333333 24.549683518780387 23.50151811559925
348.7708333333333 24.54400899605747 23.49781291681171
349.2708333333333 24.538349512654598 23.494116503798203
349.7708333333333 24.532692281567435 23.490418241650858
350.2708333333333 24.527042468359504 23.486727214234083
350.7708333333333 24.52144226936451 23.483059354160023
351.2708333333333 24.5158372166553 23.479374065981133
351.7708333333333 24.51025231402445 23.475706304575404
352.2708333333333 24.504658360577437 23.47205435798664
352.7708333333333 24.499091841778878 23.468396814740835
353.2708333333333 24.49353673113315 23.46474662436284
353.7708333333333 24.488011301076604 23.461115582081128
354.2708333333333 24.48248968836316 23.457470370974484
354.7708333333333 24.476974096471338 23.453842861879846
355.2708333333333 24.471479701129493 23.450223269240276
355.7708333333333 24.465996264250226 23.446608295359823
356.2708333333333 24.4605273009598 23.442992698622888
356.7708333333333 24.455040780374713 23.439401240097656
357.2708333333333 24.449638130472003 23.435791680671652
357.7708333333333 24.444198500550158 23.43220793549023
358.27083333333326 24.43879235919846 23.428627481896175
358.7708333333333 24.433365339025677 23.42504517068331
359.2708333333333 24.427988092931365 23.42145896089848
359.77083333333326 24.422583919993677 23.417897241133513
360.2708333333333 24.417225888670533 23.41432841979223
360.7708333333333 24.41186713726133 23.41077820883115
361.27083333333326 24.40651941606497 23.407228694349076
361.7708333333333 24.40119977686274 23.403694426311468
362.2708333333333 24.395893119735895 23.40014046922849
362.77083333333326 24.390582826112816 23.39661612060521
363.2708333333333 24.385269762902034 23.39308092411261
