FastTrWP/PhaseSpace/IAs/snIa_0.52_30.00_-1.94_0.15.csv
# %ECSV 0.9
# ---
# datatype:
# - {name: time-rel, datatype: float64}
# - {name: g, datatype: float64}
# - {name: i, datatype: float64}
# schema: astropy-2.0
time-rel g i
[from data line 868]
716.8541666666666 23.980169003541647 22.274518198822875
717.3541666666666 23.981796238852464 22.274480955341613
717.8541666666666 23.983420021746696 22.27444913903595
718.3541666666666 23.985046552543956 22.274416122271173
718.8541666666666 23.98668600880336 22.274378541965657
719.3541666666666 23.988318886541947 22.274356620328895
719.8541666666666 23.989949275827 22.27433410902286
720.3541666666666 23.991590915991317 22.27430384579985
720.8541666666666 23.993218660873996 22.274283613570567
721.3541666666666 23.994868773991275 22.27426384094249
721.8541666666666 23.99651549556674 22.27424680699287
722.3541666666666 23.998150532173966 22.27422944576667
722.8541666666666 23.999807595507825 22.27421336818264
723.3541666666666 24.001451254882582 22.274195692330785
723.8541666666666 24.00311575400071 22.27419083389831
724.3541666666666 24.004749633515882 22.274182038577607
724.8541666666666 24.00641278713588 22.274180127786888
725.3541666666666 24.008060292469775 22.274166724450044
725.8541666666666 24.00972665811443 22.2741703194659
726.3541666666666 24.01136511224227 22.274165843801402
726.8541666666666 24.013022880930865 22.274163162748316
727.3541666666666 24.014657851260367 22.274166688628128
727.8541666666666 24.01633175904984 22.274172752586225
728.3541666666666 24.017982393885763 22.274173220236886
728.8541666666666 24.019635833366824 22.274184033091657
729.3541666666666 24.021276361712953 22.27418432068187
729.8541666666666 24.022939914328155 22.27419889157479
730.3541666666666 24.024579009185096 22.274205634802943
730.8541666666666 24.026238085245275 22.27422082827178
731.3541666666666 24.027890036296906 22.274238221528208
731.8541666666666 24.029542254816842 22.27424816368925
732.3541666666666 24.031189323560373 22.274264997969585
732.8541666666666 24.03283446918325 22.274290924416547
733.3541666666666 24.034504761679727 22.274305227397846
733.8541666666666 24.036161862617938 22.27433286298362
734.3541666666666 24.03783115451718 22.274365602050747
734.8541666666666 24.03950066740672 22.274388995665486
735.3541666666666 24.04116911911244 22.274425488245846
735.8541666666666 24.042841654727898 22.27445508242452
736.3541666666666 24.044506566147223 22.274485112660773
736.8541666666666 24.04619829159522 22.274526912905287
737.3541666666666 24.04787625354677 22.27455934961826
737.8541666666666 24.049541712459508 22.274603829123826
738.3541666666666 24.05122159901213 22.274643068469203
738.8541666666666 24.05293839890635 22.274697081512002
739.3541666666666 24.05461418865398 22.274739040771976
739.8541666666666 24.056317702274164 22.27479367495838
740.3541666666666 24.05799373356303 22.27484738036142
740.8541666666666 24.059683652770847 22.274904207208547
741.3541666666666 24.06140080264564 22.27494894770539
741.8541666666666 24.063106542193356 22.275014532454442
742.3541666666666 24.064797859186555 22.27507564170096
742.8541666666666 24.06650254561777 22.275140063652927
743.3541666666665 24.068221262571114 22.275199704287797
743.8541666666666 24.0699279638306 22.27526532837073
744.3541666666666 24.071643816099662 22.275331398763967
744.8541666666665 24.073365740646388 22.27540891518505
745.3541666666666 24.07508991898191 22.275475712312712
745.8541666666666 24.07680465646632 22.275554987027746
746.3541666666665 24.078533964324016 22.275626001258324
746.8541666666666 24.080255303219754 22.275710408161167
747.3541666666666 24.081987789601257 22.275790052417253
747.8541666666665 24.083714551437758 22.27587031309848
748.3541666666666 24.085449508393285 22.275958498898962
748.8541666666666 24.087206172853115 22.27604306562053
749.3541666666665 24.088945893474527 22.276126370113616
749.8541666666666 24.090679862784675 22.27622204124337
750.3541666666666 24.092411841527188 22.27631907433595
750.8541666666665 24.094166289736137 22.276406354904502
751.3541666666666 24.09591041094384 22.2765078334648
751.8541666666666 24.097664890062312 22.27660774223201
752.3541666666665 24.099412590394024 22.276706964618015
752.8541666666666 24.101180812870876 22.276809360161806
753.3541666666666 24.10294197834545 22.27691425410292
753.8541666666665 24.10469823295468 22.277021804909275
754.3541666666666 24.106447555817883 22.277131662910023
754.8541666666666 24.108225846523162 22.277245346959536
755.3541666666665 24.109996023584735 22.27735103160078
755.8541666666666 24.11176732222135 22.27746844392504
756.3541666666666 24.113543176566967 22.277581176613474
756.8541666666665 24.115312381876567 22.277701703197227
757.3541666666666 24.117089339577934 22.277824692087776
757.8541666666666 24.118869580643633 22.277941044545866
758.3541666666665 24.12065099117166 22.27806961333734
758.8541666666666 24.122443564960676 22.278193370264137
759.3541666666666 24.12422224538641 22.27832419173817
759.8541666666665 24.126012989972274 22.278450266812712
760.3541666666666 24.127811965461934 22.27858540200369
760.8541666666666 24.129606568317016 22.278719839822557
761.3541666666665 24.131388561518765 22.278854769962724
761.8541666666666 24.13321803808426 22.27899712321068
762.3541666666666 24.135011702780123 22.279136800799858
762.8541666666665 24.136797217701123 22.279273351634508
763.3541666666666 24.138615417947463 22.279419065718834
763.8541666666666 24.14042166123936 22.279561466794135
764.3541666666665 24.142239189309667 22.279709734332734
764.8541666666666 24.14405399087486 22.27986005177256
765.3541666666666 24.14585926456298 22.280008648641978
765.8541666666665 24.147685914316682 22.28016151090494
766.3541666666666 24.149497719041626 22.280315356146197
766.8541666666666 24.151327020381782 22.280473516743907
767.3541666666665 24.1531611977896 22.28063111039182
767.8541666666666 24.15497630116708 22.28079037410097
768.3541666666666 24.15681299647972 22.280949611630135
768.8541666666665 24.15864636984047 22.281118795863346
769.3541666666666 24.160482508453253 22.281279573956976
769.8541666666666 24.162315819459735 22.281455755906943
770.3541666666665 24.164163424625382 22.28161698108299
770.8541666666666 24.16600160475433 22.28179204977739
771.3541666666666 24.16785443032843 22.281971026846506
771.8541666666665 24.16970333996279 22.28214126190863
772.3541666666666 24.171550826521816 22.282324805947276
772.8541666666666 24.173410833443327 22.28250971012985
773.3541666666665 24.175268396319026 22.282688925930927
773.8541666666666 24.177130094706737 22.282869410620183
774.3541666666666 24.17899164477289 22.283065140355887
774.8541666666665 24.180855912233916 22.283253857286745
775.3541666666666 24.182733461832456 22.283443140697944
775.8541666666666 24.184601183201067 22.28363800427138
776.3541666666665 24.18648163639326 22.283825655132212
776.8541666666666 24.188364342906475 22.28403048475603
777.3541666666666 24.190229526081634 22.284229848921143
777.8541666666665 24.192114824367998 22.284426195081352
778.3541666666666 24.194017728556105 22.28463288242795
778.8541666666666 24.195902251500453 22.284840438217945
779.3541666666665 24.197800736192807 22.285049546655028
779.8541666666666 24.199691569960166 22.28525203348752
780.3541666666666 24.201589077128702 22.285465168901382
780.8541666666665 24.20348960660767 22.285682537939984
781.3541666666666 24.20539168441461 22.28589977139145
781.8541666666666 24.207298741998322 22.28611617055627
782.3541666666665 24.209191048913613 22.286336154172993
782.8541666666666 24.21112988504495 22.286550247083827
783.3541666666666 24.213026629796296 22.28677377986171
783.8541666666665 24.21493417552434 22.287006965803556
784.3541666666666 24.216862266066354 22.28723121422142
784.8541666666666 24.218787638146708 22.28746120256337
785.3541666666665 24.220718314872084 22.287685809602905
785.8541666666666 24.222641925711454 22.287923737864723
786.3541666666666 24.224594002343704 22.288160969669953
786.8541666666665 24.226523525173352 22.288393941947724
787.3541666666666 24.228457950982975 22.288632149689455
787.8541666666666 24.23038683755195 22.28887605817143
788.3541666666665 24.232325331903514 22.289121971993637
788.8541666666666 24.234285681963396 22.28936730108468
789.3541666666666 24.236231395755198 22.289614787601778
789.8541666666665 24.238168996741344 22.2898623834509
790.3541666666666 24.24012618565405 22.290108953501857
790.8541666666666 24.24209371467013 22.290361331554273
791.3541666666665 24.244032272383976 22.290616644901313
791.8541666666666 24.24598238163818 22.29086734958965
792.3541666666666 24.24797351177318 22.291122558245263
792.8541666666665 24.24991573280459 22.291382925732165
793.3541666666666 24.25191145110716 22.291648437810352
793.8541666666666 24.253861768427406 22.291907784757562
794.3541666666665 24.255858453559394 22.292177123181588
794.8541666666666 24.257828339045695 22.292441353280378
795.3541666666666 24.25980813375788 22.292711403129275
795.8541666666665 24.26179167649529 22.29298564290427
796.3541666666666 24.263771161555287 22.293254652321597
796.8541666666666 24.265762950113672 22.293525057359567
797.3541666666665 24.267742629521514 22.2937983501248
797.8541666666666 24.26974638988097 22.294075095359247
798.3541666666666 24.271765348444593 22.294356443319217
798.8541666666665 24.27373320463736 22.29463207129548
799.3541666666666 24.27574805497386 22.294928991128987
799.8541666666666 24.27774925633052 22.29520135026229
800.3541666666665 24.27975248037139 22.29548916366906
800.8541666666666 24.2817636633732 22.295772445720235
801.3541666666666 24.28376839081963 22.2960705870201
801.8541666666665 24.285768586858612 22.296357901646612
802.3541666666666 24.287783443317615 22.29664869590959
802.8541666666666 24.28979816727797 22.29694025081865
803.3541666666665 24.29183593024034 22.29724127795317
803.8541666666666 24.29383553961454 22.29753980278406
804.3541666666666 24.295884268098817 22.297838972273752
804.8541666666665 24.297902204411372 22.298139497044644
805.3541666666666 24.299946683278804 22.29844599528793
805.8541666666666 24.3019756687305 22.298750939860877
806.3541666666665 24.304032209528167 22.299058209632484
806.8541666666666 24.306074168489175 22.29936622844397
807.3541666666666 24.308129871540622 22.299675379732644
807.8541666666665 24.310186442178786 22.29999268058215
808.3541666666666 24.31224037127954 22.30030645523915
808.8541666666666 24.31430256480954 22.300624898308325
809.3541666666665 24.316376099935656 22.300944725809998
809.8541666666666 24.318454442177554 22.301271024057986
810.3541666666666 24.3205129117639 22.301592146339072
810.8541666666665 24.32259299536301 22.30191168916936
811.3541666666666 24.324680215954917 22.302248594779538
811.8541666666666 24.326767463454612 22.30257439503386
812.3541666666665 24.328867288939755 22.302904012335574
812.8541666666666 24.33094313790842 22.303240083370525
813.3541666666666 24.333038220051275 22.30357958101871
813.8541666666665 24.33515044694439 22.30390849284521
814.3541666666666 24.33726543782314 22.304248864586548
814.8541666666666 24.339352473687033 22.30458942236674
815.3541666666665 24.341464174471824 22.304934926320783
815.8541666666666 24.34357543573508 22.305277384285702
816.3541666666666 24.345698067739487 22.305628747525887
816.8541666666665 24.347815612715273 22.305975623113152
817.3541666666666 24.349948133365853 22.306325031045745
817.8541666666666 24.352067000024093 22.306682772411683
818.3541666666665 24.354187297993487 22.307034854527746
818.8541666666666 24.35634721044043 22.3073939662628
819.3541666666666 24.358474489165864 22.307753760565355
819.8541666666665 24.360612825616098 22.308108195752887
820.3541666666666 24.362746057259855 22.30846723385584
820.8541666666666 24.364889098881072 22.308829738164405
821.3541666666665 24.367018597795372 22.309204022596386
821.8541666666666 24.369180266379654 22.309565065749698
822.3541666666666 24.371343909358757 22.309937559388516
822.8541666666665 24.37347869265522 22.31030538417521
823.3541666666666 24.37563127676095 22.3106828000593
823.8541666666666 24.377802852694963 22.311056638355154
824.3541666666665 24.379967288431345 22.311430700302395
824.8541666666666 24.382131404742502 22.31180930331012
825.3541666666666 24.38427212847976 22.312190044203856
825.8541666666665 24.38645574670658 22.312573091389616
826.3541666666666 24.388628134372766 22.31296109703804
826.8541666666666 24.390799624894093 22.31334160033125
827.3541666666665 24.392965749824924 22.313734912461772
827.8541666666666 24.395150840287858 22.314125593239634
828.3541666666666 24.397301355487528 22.314511516089407
828.8541666666665 24.399513022649778 22.314902964251804
829.3541666666666 24.40166861720619 22.315302524881005
829.8541666666666 24.40385442423477 22.31570273217992
830.3541666666665 24.40604291325842 22.31609170794805
830.8541666666666 24.40822585561471 22.31649166382716
831.3541666666666 24.410418636761957 22.31688978495705
831.8541666666665 24.412588758230743 22.317299347338775
832.3541666666666 24.41477641411621 22.317704220290477
832.8541666666666 24.41697675731243 22.318113333879438
833.3541666666665 24.419161353028805 22.318518192679726
833.8541666666666 24.42135406460807 22.318933373178247
834.3541666666666 24.42353881776186 22.319348919272144
834.8541666666665 24.42572800264642 22.319763959245392
835.3541666666666 24.427917451599246 22.320179320370556
835.8541666666666 24.430099633113972 22.320596118400427
836.3541666666665 24.432314234521563 22.321018045334384
836.8541666666666 24.43450754065222 22.32143152141482
837.3541666666666 24.436707026164793 22.321861356410654
837.8541666666665 24.438892765630555 22.32228039351771
838.3541666666666 24.441088570270896 22.322707469264135
838.8541666666666 24.443307163604615 22.323146675016623
839.3541666666665 24.445492076298933 22.32356755713452
839.8541666666666 24.44767777413294 22.324003742393703
840.3541666666666 24.44987058343252 22.32443173704969
840.8541666666665 24.452073289668775 22.3248701207881
841.3541666666666 24.454272011211813 22.325304793801752
841.8541666666666 24.456483419353027 22.325741765721205
842.3541666666665 24.458681547653292 22.326185913112532
842.8541666666666 24.460876324229 22.32662886574101
843.3541666666666 24.46309511558394 22.327072277902488
843.8541666666665 24.465293958945303 22.32752068270183
844.3541666666666 24.46750154066988 22.327967468492513
844.8541666666666 24.469704753456654 22.32842637088851
845.3541666666665 24.471919053802424 22.32887670198446
845.8541666666666 24.474148678211037 22.329325686334343
846.3541666666666 24.476363926130226 22.329784035603044
846.8541666666665 24.478585439501753 22.330244475136567
847.3541666666666 24.480808406934184 22.33070136646147
847.8541666666666 24.48302572897842 22.331166893623845
848.3541666666665 24.485245163173147 22.33162403169107
848.8541666666666 24.487485743223274 22.33210077919714
849.3541666666666 24.48971463884032 22.332565490145498
849.8541666666665 24.49195444100917 22.333042067185815
850.3541666666666 24.49416838645317 22.33351241133599
850.8541666666666 24.49640101473332 22.33398503748935
851.3541666666665 24.49861671447291 22.334465305068317
851.8541666666666 24.50085911992226 22.33494088771328
852.3541666666666 24.503108738797444 22.33542072762253
852.8541666666665 24.505333121491972 22.335909780542398
853.3541666666666 24.507594099962844 22.336385564939366
853.8541666666666 24.50982126877543 22.336873233051236
854.3541666666665 24.512046866977556 22.33736389618072
854.8541666666666 24.514311398815416 22.337853487416744
855.3541666666666 24.51656142807824 22.338352506200447
855.8541666666665 24.518813470757056 22.338835934036606
856.3541666666666 24.521053784369254 22.339327832840578
856.8541666666666 24.523307652011518 22.33983539236947
857.3541666666665 24.525569611641874 22.3403314983649
857.8541666666666 24.527831989148126 22.340832770346417
858.3541666666666 24.530087131759807 22.341332745925783
858.8541666666665 24.532318924785272 22.341838232768797
859.3541666666666 24.53460510486422 22.34234511315933
859.8541666666666 24.536849129727813 22.342851485746795
860.3541666666665 24.539115163419766 22.343359213889094
860.8541666666666 24.541380331276265 22.34387639334428
