FastTrWP/PhaseSpace/IAs/snIa_0.64_30.00_-0.19_0.25.csv
# %ECSV 0.9
# ---
# datatype:
# - {name: time-rel, datatype: float64}
# - {name: g, datatype: float64}
# - {name: i, datatype: float64}
# schema: astropy-2.0
time-rel g i
[from data line 575]
472.14583333333326 24.865266764499907 22.37826094586698
472.6458333333333 24.86416282354991 22.376970816176232
473.1458333333333 24.863065945546907 22.375677998163034
473.64583333333326 24.861979388949955 22.374391567689198
474.1458333333333 24.860897490593963 22.373106556582414
474.6458333333333 24.859802553193965 22.371833454000793
475.14583333333326 24.858740781824995 22.370554595231027
475.6458333333333 24.857675132440654 22.369291133861037
476.1458333333333 24.856631261805795 22.368026848951423
476.64583333333326 24.855566010976354 22.366767457241686
477.1458333333333 24.854541340446097 22.365510754858047
477.6458333333333 24.853512049487883 22.364257369799724
478.14583333333326 24.852495894493973 22.36300015679631
478.6458333333333 24.851457771162426 22.36175317636973
479.1458333333333 24.850469197644102 22.360511294243842
479.64583333333326 24.849465478074265 22.359270837955556
480.1458333333333 24.848461163122607 22.358048372173425
480.6458333333333 24.847509995158 22.3568202139731
481.14583333333326 24.84651561987662 22.355596287785527
481.6458333333333 24.845541212795354 22.354376518915927
482.1458333333333 24.844581972812296 22.353158393101978
482.64583333333326 24.843628684997565 22.351944442547342
483.1458333333333 24.84268711559192 22.350744467855503
483.6458333333333 24.841749152354392 22.34952963132786
484.14583333333326 24.84081835279262 22.348335942827156
484.6458333333333 24.83990750719971 22.347138426599372
485.1458333333333 24.838977103104764 22.345943738595437
485.64583333333326 24.838098775857897 22.344759234201348
486.1458333333333 24.837195438142437 22.343574064837938
486.6458333333333 24.836310345981673 22.342395970477497
487.14583333333326 24.835407483347517 22.341220597892047
487.6458333333333 24.83456097291866 22.340043960570924
488.1458333333333 24.83367552729294 22.338881924410504
488.6458333333333 24.832819466012914 22.337716520160956
489.1458333333333 24.831974775262466 22.336553298855
489.6458333333333 24.831124404478338 22.335406272728108
490.1458333333333 24.83032284103619 22.334250687836462
490.6458333333333 24.829458966436274 22.333099428276675
491.1458333333333 24.82865770774184 22.33195692861482
491.6458333333333 24.827862853848917 22.33082461173309
492.1458333333333 24.827059405009425 22.32968643419865
492.6458333333333 24.826265384418107 22.328551417637485
493.1458333333333 24.82547161924016 22.327426724120517
493.6458333333333 24.82470021566928 22.326304249563563
494.1458333333333 24.823947485562286 22.32518636793285
494.6458333333333 24.82316158350224 22.324074371888123
495.1458333333333 24.822430567456607 22.322965270910878
495.6458333333333 24.821692387755697 22.32185724199221
496.1458333333333 24.820936335978768 22.320750433318864
496.6458333333333 24.8202026057794 22.31965554872259
497.1458333333333 24.819511315696474 22.318566717079765
497.6458333333333 24.818800917816844 22.317477112305397
498.1458333333333 24.818107145939088 22.31638871268206
498.6458333333333 24.817398056305024 22.31530760447471
499.1458333333333 24.81672338087826 22.314228007695547
499.6458333333333 24.816038537464145 22.313155542357848
500.1458333333333 24.815363261070047 22.312086402975492
500.6458333333333 24.814724765884534 22.311028077941227
501.1458333333333 24.814063969086938 22.309953527172652
501.6458333333333 24.813420181908693 22.308900335036892
502.1458333333333 24.812792709081005 22.307850230684785
502.6458333333333 24.812153236922562 22.306790604170654
503.1458333333333 24.81154773594835 22.30574313130169
503.6458333333333 24.810917323566642 22.304692368446904
504.1458333333333 24.810314798537462 22.303657985199543
504.6458333333333 24.8097053788981 22.302615907714404
505.1458333333333 24.809132961576424 22.301577502055466
505.6458333333333 24.808555310424516 22.30055880960059
506.1458333333333 24.807989994784275 22.299527192984957
506.6458333333333 24.807426837180078 22.298502642030055
507.1458333333333 24.806880455578163 22.297492070102706
507.6458333333333 24.806335552280157 22.296471237728355
508.1458333333333 24.805768227618795 22.295456890138322
508.6458333333333 24.805245210220207 22.294453741686546
509.1458333333333 24.804720842700174 22.293441133337385
509.6458333333333 24.80420853983493 22.292439807177384
510.1458333333333 24.803689133694505 22.291442540288692
510.6458333333333 24.803195883881614 22.290448066852427
511.1458333333333 24.80270162232921 22.289459370751988
511.6458333333333 24.80219109478377 22.28847477413529
512.1458333333334 24.801718376991726 22.287489208139576
512.6458333333334 24.801233361716797 22.286508134841228
513.1458333333334 24.80077770663594 22.285529894653557
513.6458333333334 24.800325782833244 22.2845576192281
514.1458333333334 24.799860803638904 22.283595481150872
514.6458333333334 24.799417013642 22.282623187701294
515.1458333333334 24.798983412844613 22.281668149920144
515.6458333333334 24.7985334597379 22.280701223394463
516.1458333333334 24.798127268790434 22.279743502489904
516.6458333333334 24.79770027770868 22.278799923799927
517.1458333333334 24.797277167508437 22.277849677627568
517.6458333333334 24.796876412862844 22.27689693314114
518.1458333333334 24.796491570372154 22.275957274841133
518.6458333333334 24.796095852899562 22.275024645566994
519.1458333333334 24.795708021786716 22.27408497797684
519.6458333333334 24.79533610133176 22.273157117264066
520.1458333333334 24.79495679056631 22.272229968992306
520.6458333333334 24.79460062790501 22.271303171893933
521.1458333333334 24.79424068426248 22.270378154992482
521.6458333333334 24.793895416530376 22.26946491095862
522.1458333333334 24.793571495897623 22.26855163797228
522.6458333333334 24.793203338223485 22.26763792368299
523.1458333333334 24.792881242037495 22.26673829582509
523.6458333333334 24.792555303643336 22.265836120727897
524.1458333333334 24.792228987805682 22.264929854244322
524.6458333333334 24.79191759594864 22.26403000761829
525.1458333333334 24.791633979193076 22.2631411308544
525.6458333333334 24.791308089001586 22.262248747624078
526.1458333333334 24.79101716599971 22.261370994062265
526.6458333333334 24.790712769295013 22.260485074780647
527.1458333333334 24.790457347561336 22.259601196421556
527.6458333333334 24.790164519603696 22.258728724572045
528.1458333333334 24.789914356720224 22.25785935994785
528.6458333333334 24.78963268197843 22.256986511606144
529.1458333333334 24.789379480737534 22.256119272186762
529.6458333333334 24.78912499242057 22.25525106273711
530.1458333333334 24.788878228824792 22.25439777002654
530.6458333333334 24.78863793239427 22.253540958322272
531.1458333333334 24.788419041339935 22.252693777672256
531.6458333333334 24.788185863140114 22.251843968413496
532.1458333333334 24.78796450635621 22.251000552973032
532.6458333333334 24.787757658135146 22.25015505747249
533.1458333333334 24.787519492727984 22.249312493475667
533.6458333333334 24.787325689795328 22.248480816915826
534.1458333333334 24.787125342288135 22.24764306332492
534.6458333333334 24.786943073540236 22.246823274705573
535.1458333333334 24.786738414740235 22.24598920594625
535.6458333333334 24.78654442354792 22.24516637678257
536.1458333333334 24.7863834215819 22.244350622963452
536.6458333333334 24.78621346529414 22.243542911987397
537.1458333333334 24.786023805012984 22.242729684682455
537.6458333333334 24.785897603916638 22.24191280277949
538.1458333333334 24.78573962532064 22.241113259625287
538.6458333333334 24.785560908391826 22.24030519578454
539.1458333333334 24.785429971297205 22.239509878987327
539.6458333333334 24.785293579485153 22.23871852992215
540.1458333333334 24.785172310451387 22.23792405751324
540.6458333333334 24.785051828654492 22.23713763154705
541.1458333333334 24.784938443640513 22.236350228015734
541.6458333333334 24.78484900940372 22.23556869159601
542.1458333333334 24.784752594349815 22.234788822514115
542.6458333333334 24.784663534429697 22.234006662532558
543.1458333333334 24.784582897387732 22.233241452531974
543.6458333333334 24.784509935774146 22.232471724736797
544.1458333333334 24.78444751021563 22.231704244228855
544.6458333333334 24.78437778146195 22.23094384959516
545.1458333333334 24.78433349070415 22.23018294602206
545.6458333333334 24.784290082299364 22.229427494236198
546.1458333333334 24.78426169586902 22.22866410245775
546.6458333333334 24.784237720080146 22.227918925889494
547.1458333333334 24.784186458088886 22.22717318935644
547.6458333333334 24.784205732480615 22.22643241434188
548.1458333333334 24.784176396480397 22.22568753927094
548.6458333333334 24.78416578920392 22.224946163371925
549.1458333333334 24.784167637679918 22.22421344052305
549.6458333333334 24.784195649018965 22.22348634765284
550.1458333333334 24.784225002817834 22.222759028336945
550.6458333333334 24.78423593515032 22.22203489768983
551.1458333333334 24.784253038179166 22.221311511877953
551.6458333333334 24.78431255330247 22.220590916454228
552.1458333333334 24.784346504457343 22.219874449118144
552.6458333333334 24.78440148434766 22.219166838210537
553.1458333333334 24.784453311885102 22.21845208388444
553.6458333333334 24.784523470097184 22.217744673687676
554.1458333333334 24.784583253814215 22.2170430234341
554.6458333333334 24.78463704668295 22.216334112161213
555.1458333333334 24.784744752071852 22.215642348707263
555.6458333333334 24.784820637781113 22.214953335654506
556.1458333333334 24.7848978313198 22.21426046075512
556.6458333333334 24.785003693602327 22.213568605822857
557.1458333333334 24.78508506230627 22.21287900319556
557.6458333333334 24.785204584567882 22.21220207299277
558.1458333333334 24.785309960674645 22.21151730805467
558.6458333333334 24.785412004735278 22.210846260137206
559.1458333333334 24.78555563277114 22.210169617382206
559.6458333333334 24.785675202152607 22.20949874299919
560.1458333333334 24.785796332513883 22.208830688304122
560.6458333333334 24.785912743090343 22.20816538538852
561.1458333333334 24.786077818953046 22.207499538886353
561.6458333333334 24.786204147911235 22.206843868875893
562.1458333333334 24.786357653637587 22.20618699732784
562.6458333333334 24.786504796945984 22.205530437279823
563.1458333333334 24.786663581190666 22.20489087180836
563.6458333333334 24.786834385945795 22.20423214266212
564.1458333333334 24.78698468706499 22.203589732853818
564.6458333333334 24.787170875396647 22.20294505569484
565.1458333333334 24.787326552498683 22.202313349382358
565.6458333333334 24.787521476596368 22.20166850586135
566.1458333333334 24.78768034283821 22.201035608117586
566.6458333333334 24.787853849895342 22.20040574118743
567.1458333333334 24.788058112687274 22.199775968405685
567.6458333333334 24.78827538629036 22.1991522953103
568.1458333333334 24.788435067464306 22.19852871887511
568.6458333333334 24.788645720748086 22.197911142432012
569.1458333333334 24.788843905198554 22.197296090431877
569.6458333333334 24.78904985950761 22.196682269353452
570.1458333333334 24.789260542775192 22.19606808813728
570.6458333333334 24.78947130831817 22.1954616707924
571.1458333333334 24.78968545704562 22.194855479691718
571.6458333333334 24.789882784044575 22.1942574113956
572.1458333333334 24.790115595552827 22.193656918586836
572.6458333333334 24.790323132647174 22.19306260611328
573.1458333333334 24.790571480984372 22.192456692585836
573.6458333333334 24.790790256743964 22.191867598190512
574.1458333333334 24.791005772900544 22.1912746029412
574.6458333333334 24.791247484115498 22.19069074035584
575.1458333333334 24.791472057091298 22.190109297074553
575.6458333333334 24.79171718603221 22.189523914622878
576.1458333333334 24.79195500900973 22.188946353795252
576.6458333333334 24.792204041588892 22.188364365219822
577.1458333333334 24.792450672377456 22.1878001341026
577.6458333333334 24.79268800934982 22.187228578304076
578.1458333333334 24.792921225340258 22.186658557576546
578.6458333333334 24.793173732969436 22.186099047977955
579.1458333333334 24.79343422085349 22.18553540440147
579.6458333333334 24.793694340071973 22.184968948958954
580.1458333333334 24.79395278732712 22.184407008414155
580.6458333333334 24.794210499968887 22.183858829969736
581.1458333333334 24.794485531049048 22.18330004034811
581.6458333333334 24.79476203825702 22.18275313623502
582.1458333333334 24.79502267303262 22.182204615243165
582.6458333333334 24.795302421694245 22.1816613641797
583.1458333333334 24.79560635065203 22.18111298812942
583.6458333333334 24.795867051180423 22.180570815869864
584.1458333333334 24.796180210912663 22.18003418091556
584.6458333333334 24.796483782580662 22.179496692754896
585.1458333333334 24.79678103154 22.1789684111547
585.6458333333334 24.7970782658087 22.178438983785846
586.1458333333334 24.797369447341108 22.17790884095666
586.6458333333334 24.7976876147488 22.17739031402715
587.1458333333334 24.7980055266674 22.17686528513168
587.6458333333334 24.798321216387293 22.176341000072114
588.1458333333334 24.798651746982436 22.17582380439278
588.6458333333334 24.798977500546137 22.17530153304798
589.1458333333334 24.799288194414196 22.174795305576
589.6458333333334 24.79963871525549 22.17428661168135
590.1458333333334 24.799960865594418 22.17378012347524
590.6458333333334 24.80034128808787 22.173272487228758
591.1458333333334 24.800678597250986 22.1727691399266
591.6458333333334 24.801007984758424 22.17226694811904
592.1458333333334 24.80135564495636 22.17177524753953
592.6458333333334 24.801747708425673 22.171279630425964
593.1458333333334 24.802093300694313 22.170792974051935
593.6458333333334 24.80246450842519 22.170298784649226
594.1458333333334 24.802837031831846 22.169810059173003
594.6458333333334 24.803190542166135 22.16933361598513
595.1458333333334 24.803590145461044 22.168854066795927
595.6458333333334 24.803974161899358 22.168370912903875
596.1458333333334 24.804360271944766 22.167890751754776
596.6458333333334 24.804759924058267 22.167421602300156
597.1458333333334 24.805142346670426 22.166953985920436
597.6458333333334 24.805550079132146 22.16648793543968
598.1458333333334 24.805957017512448 22.166018314519395
598.6458333333334 24.80637460237059 22.165562046317856
599.1458333333334 24.806798111490735 22.16509982571735
599.6458333333334 24.807221801838626 22.164645139545893
600.1458333333334 24.807616108047476 22.16419075512397
600.6458333333334 24.80806537136302 22.163737696071287
601.1458333333334 24.808468540592838 22.16328750583272
601.6458333333334 24.808930316720044 22.1628454506258
602.1458333333334 24.80936825504562 22.162399438076193
602.6458333333334 24.809811150598115 22.16196507248639
603.1458333333334 24.810251861966236 22.161529309548087
603.6458333333334 24.810696177592 22.16109634315384
604.1458333333334 24.81115890024182 22.160661727860646
604.6458333333334 24.811614019090754 22.160241108074104
605.1458333333334 24.812079668989824 22.159810403833134
605.6458333333334 24.8125523279936 22.159382819806154
606.1458333333334 24.813039113562034 22.158970273184153
606.6458333333334 24.8135148922172 22.158542046500465
607.1458333333334 24.813998978159905 22.1581378595493
607.6458333333334 24.814491287712926 22.157720807579548
608.1458333333334 24.814966191160778 22.157316578936967
608.6458333333334 24.815483383538922 22.156906599080187
609.1458333333334 24.815981624102935 22.15650761335789
609.6458333333334 24.816474125193267 22.156105419741415
610.1458333333334 24.81700483196545 22.15571260198015
610.6458333333334 24.81750614352719 22.155316741684587
611.1458333333334 24.818031703077107 22.154930293416413
611.6458333333334 24.818559285023465 22.154535760513724
612.1458333333334 24.819096755415377 22.15415520505095
612.6458333333334 24.81962852640851 22.153776940675108
613.1458333333334 24.820173884678333 22.153390970424116
613.6458333333334 24.82071581023672 22.15301389559788
614.1458333333334 24.821251759205055 22.152639322521452
614.6458333333334 24.821811490874804 22.152265575788054
615.1458333333334 24.82236748381051 22.151900910756318
615.6458333333334 24.822939867263948 22.15153494333095
616.1458333333334 24.82352277138873 22.151178053859113
