FastTrWP/PhaseSpace/IAs/snIa_0.44_30.00_-0.80_0.00.csv
# %ECSV 0.9
# ---
# datatype:
# - {name: time-rel, datatype: float64}
# - {name: g, datatype: float64}
# - {name: i, datatype: float64}
# schema: astropy-2.0
time-rel g i
[from data line 1446]
942.7708333333333 24.164155220868487 22.54326940115259
943.2708333333334 24.1660264343531 22.544156036765926
943.7708333333334 24.167898480864643 22.54504214112744
944.2708333333333 24.169780441183256 22.545938147253644
944.7708333333334 24.171644114466687 22.546833080305827
945.2708333333334 24.17352141074982 22.547732829231887
945.7708333333333 24.17537614498553 22.548634417097627
946.2708333333334 24.17725149132258 22.54953393195955
946.7708333333334 24.179118359128662 22.550444480031114
947.2708333333333 24.180972709295922 22.551350513521953
947.7708333333334 24.182863461023615 22.55226128472887
948.2708333333334 24.18471800881813 22.553178634940366
948.7708333333333 24.186594463120052 22.554096868771193
949.2708333333334 24.18845593279584 22.55500918699368
949.7708333333334 24.190326438445 22.55593659343525
950.2708333333333 24.192202947508203 22.556857519054457
950.7708333333334 24.194070481139708 22.557786008473894
951.2708333333334 24.19593961539778 22.558707713986106
951.7708333333333 24.19779672085419 22.55963880704187
952.2708333333334 24.199666932997363 22.560563203185215
952.7708333333334 24.20153187650883 22.561506691884258
953.2708333333333 24.203402737547485 22.56242627186223
953.7708333333334 24.20529103723533 22.5633658033643
954.2708333333334 24.207148401704405 22.564303286991105
954.7708333333333 24.209023006722738 22.565249009515014
955.2708333333334 24.210884347453955 22.566192137744054
955.7708333333334 24.21275460592937 22.567126888679432
956.2708333333333 24.214633031244446 22.56806415411124
956.7708333333334 24.216500961160662 22.569013249876015
957.2708333333334 24.218388316403995 22.569955585397544
957.7708333333333 24.220246213385238 22.5709010191163
958.2708333333334 24.222128445459777 22.571852687010864
958.7708333333334 24.224011863988764 22.57280187658303
959.2708333333333 24.22588056541239 22.573752291988335
959.7708333333334 24.227752053767965 22.574698773284112
960.2708333333334 24.22961774135495 22.5756441316987
960.7708333333333 24.231512946980548 22.576600100571085
961.2708333333334 24.233365990465927 22.577553060699238
961.7708333333334 24.23526428858924 22.578506227391696
962.2708333333333 24.23713752526273 22.57945004414711
962.7708333333334 24.23901939631858 22.580411446231494
963.2708333333334 24.24087709887457 22.581372225081097
963.7708333333333 24.24277146241257 22.582314584422516
964.2708333333334 24.244650225770098 22.583272604995752
964.7708333333334 24.246529506687658 22.584223103289595
965.2708333333333 24.24841270005438 22.585182940786023
965.7708333333334 24.25027366281284 22.586128127690905
966.2708333333334 24.252184190839273 22.587095358090885
966.7708333333333 24.25407286980321 22.58803591604083
967.2708333333334 24.255932310688564 22.588988481420312
967.7708333333334 24.257837091483488 22.58993932329364
968.2708333333333 24.259728958890634 22.590896808421512
968.7708333333334 24.26161867794014 22.59184841313396
969.2708333333334 24.26350087902211 22.59279382336219
969.7708333333333 24.265393669824185 22.593739454805434
970.2708333333334 24.267287533475056 22.59469772668186
970.7708333333334 24.269180032404748 22.595651857710536
971.2708333333333 24.27107550870823 22.59660833170651
971.7708333333334 24.27297156121957 22.597568176106236
972.2708333333334 24.274850984645756 22.598527955894284
972.7708333333333 24.276743181175643 22.599478128647654
973.2708333333334 24.27864171889881 22.600443481839307
973.7708333333334 24.280526466446084 22.60141299256251
974.2708333333333 24.282409713500257 22.602371748220875
974.7708333333334 24.284308677435682 22.603337486625925
975.2708333333334 24.286210162706517 22.604305541296725
975.7708333333333 24.288098863706825 22.605271931290552
976.2708333333334 24.289999829288554 22.60624108492038
976.7708333333334 24.29188525363379 22.607214231106024
977.2708333333333 24.29376183202987 22.608192658935398
977.7708333333334 24.295664311290356 22.60916291589369
978.2708333333334 24.297564665280916 22.610149152816206
978.7708333333333 24.29944720541551 22.611123442362313
979.2708333333334 24.301349910168955 22.6121004090947
979.7708333333334 24.303246917613205 22.61307847558319
980.2708333333333 24.305136173243064 22.614062921308612
980.7708333333334 24.307031509485732 22.61503833151858
981.2708333333334 24.308924003007817 22.616024874095135
981.7708333333333 24.31083968165938 22.617010898928363
982.2708333333334 24.31272491929231 22.617995220186916
982.7708333333334 24.314608714198865 22.618981472612596
983.2708333333333 24.316519758909884 22.61996749801925
983.7708333333334 24.31839294589132 22.62096021340828
984.2708333333334 24.32029684076353 22.621944126196496
984.7708333333333 24.32220313403384 22.622937249851944
985.2708333333334 24.32409265335098 22.623923321956187
985.7708333333334 24.325995955510106 22.624918869223613
986.2708333333333 24.327895424942497 22.625912583544213
986.7708333333334 24.329806874568604 22.626898952450407
987.2708333333334 24.331714881856648 22.627892795403017
987.7708333333333 24.333595103215863 22.62888830233075
988.2708333333334 24.335483164788847 22.629873239062416
988.7708333333334 24.337386418325316 22.63087201075181
989.2708333333333 24.3392894203207 22.631872846427697
989.7708333333334 24.341195869748418 22.6328616171672
990.2708333333334 24.34311162764583 22.633859060204152
990.7708333333333 24.344998093172077 22.634855805819562
991.2708333333334 24.34691484772765 22.635850690365604
991.7708333333334 24.348818712234397 22.63684092971088
992.2708333333333 24.350717374456586 22.637831587330627
992.7708333333334 24.352652075600222 22.63883565693687
993.2708333333334 24.354555191056374 22.63982809775355
993.7708333333333 24.35645151907294 22.640831548757454
994.2708333333334 24.358369094256073 22.641822557407632
994.7708333333334 24.360285601730087 22.642815882308632
995.2708333333333 24.36219182914837 22.643811305896698
995.7708333333334 24.364109721436144 22.644805361731287
996.2708333333334 24.366011333196404 22.645797033347094
996.7708333333333 24.36793768181439 22.646791585858242
997.2708333333334 24.36984659553357 22.64779141792941
997.7708333333334 24.37176729813857 22.648780697169
998.2708333333334 24.37368182584866 22.649778827813208
998.7708333333334 24.375605493715348 22.65077536492338
999.2708333333334 24.377527303281262 22.65175658807586
999.7708333333334 24.379442011776177 22.65275989227408
1000.2708333333334 24.38137231055082 22.653740446074817
1000.7708333333334 24.38328316083006 22.654735925863875
1001.2708333333334 24.385220190699787 22.655728104819367
1001.7708333333334 24.38714096973087 22.656705215059144
1002.2708333333334 24.38906040621317 22.657685474821527
1002.7708333333334 24.390996817662753 22.658679636735698
1003.2708333333334 24.392931257074515 22.659663434656455
1003.7708333333334 24.39486503746048 22.660646220282867
1004.2708333333334 24.396787266380457 22.66163409990699
1004.7708333333334 24.398707193590838 22.662614134621602
1005.2708333333334 24.400645934305597 22.663597962919198
1005.7708333333334 24.40258412009479 22.664578708541953
1006.2708333333334 24.404512483822103 22.665572354579542
1006.7708333333334 24.406458397660064 22.66654759981092
1007.2708333333334 24.408402525383938 22.6675330039171
1007.7708333333334 24.41033396235607 22.6685106132841
1008.2708333333334 24.412252198277194 22.669493009348948
1008.7708333333334 24.414199492532795 22.670478844542075
1009.2708333333334 24.416131667521135 22.67145306506434
1009.7708333333334 24.418079516195213 22.67243636392003
1010.2708333333334 24.420014437990147 22.673418969962967
1010.7708333333334 24.42196257438595 22.674400633045092
1011.2708333333334 24.423892060854328 22.675379045160767
1011.7708333333334 24.425842404075496 22.6763593809384
1012.2708333333334 24.427781495596502 22.677343231806155
1012.7708333333334 24.42972052163375 22.678325490238215
1013.2708333333334 24.431669138993772 22.679304166198435
1013.7708333333334 24.433597212577517 22.68028538463132
1014.2708333333334 24.435538434167924 22.681259560467883
1014.7708333333334 24.437504180607842 22.68224663904691
1015.2708333333334 24.439442438440196 22.683228097665214
1015.7708333333334 24.441392667978036 22.684202799426263
1016.2708333333334 24.44334038806859 22.685184648705352
1016.7708333333334 24.445297183272032 22.686172720222967
1017.2708333333334 24.44724066259382 22.68714622140213
1017.7708333333334 24.449186803803876 22.68813060145102
1018.2708333333334 24.451121137253683 22.689106693990478
1018.7708333333334 24.453074388112892 22.690077937408816
1019.2708333333334 24.455035066004204 22.691066436135667
1019.7708333333334 24.45698527972535 22.692049620137947
1020.2708333333334 24.458943561291832 22.693019142250993
1020.7708333333334 24.46089988626232 22.69400875024481
1021.2708333333334 24.462862036708724 22.69497819446633
1021.7708333333334 24.46482418619975 22.695955644962602
1022.2708333333334 24.466763808017777 22.696936607122854
1022.7708333333334 24.468727328866485 22.6979186128752
1023.2708333333334 24.47067449354302 22.698896220517305
1023.7708333333334 24.472646562378813 22.699881528717665
1024.2708333333333 24.474604058704543 22.70085800488343
1024.7708333333333 24.476564187111123 22.701836390064265
1025.2708333333333 24.478537644689048 22.702815446782886
1025.7708333333333 24.480498305266106 22.703796938720945
1026.2708333333333 24.48246749988431 22.7047871188963
1026.7708333333333 24.48441908548137 22.705752805559275
1027.2708333333333 24.48638231835808 22.706741042304873
1027.7708333333333 24.48836453724499 22.707719627124487
1028.2708333333333 24.490327988161354 22.708698763641408
1028.7708333333333 24.49227828922851 22.709674223105196
1029.2708333333333 24.494253195132405 22.710657569236727
1029.7708333333333 24.496226051146664 22.711643802339466
1030.2708333333333 24.49820156662179 22.712620782797085
1030.7708333333333 24.50016953314515 22.713605133569335
1031.2708333333333 24.50216408017857 22.714578465914983
1031.7708333333333 24.504133956202388 22.715564535680727
1032.2708333333333 24.506116830628827 22.716542253756668
1032.7708333333333 24.50806374058299 22.717523281392033
1033.2708333333333 24.51007835428505 22.71850147840162
1033.7708333333333 24.51204190589557 22.719485324487728
1034.2708333333333 24.514012884566565 22.720463869941643
1034.7708333333333 24.516014918617802 22.721446086694893
1035.2708333333333 24.518002650338712 22.72243110573864
1035.7708333333333 24.519988326335703 22.723409820002956
1036.2708333333333 24.521948475242073 22.724400489881592
1036.7708333333333 24.523960457125508 22.72537280807029
1037.2708333333333 24.52595074745922 22.7263596750222
1037.7708333333333 24.527930369910944 22.72733429580187
1038.2708333333333 24.529928608088998 22.728319244672445
1038.7708333333333 24.531908317132075 22.72930260992584
1039.2708333333333 24.533905424719062 22.73028916057057
1039.7708333333333 24.535894526597758 22.731267700893454
1040.2708333333333 24.53788851889851 22.73224802519765
1040.7708333333333 24.53988778610951 22.733234771578932
1041.2708333333333 24.541895993643593 22.73421907437067
1041.7708333333333 24.543891239342024 22.73519601252321
1042.2708333333333 24.545901156123136 22.736183953386274
1042.7708333333333 24.547898697015917 22.737165796392354
1043.2708333333333 24.549896066135098 22.738144893386036
1043.7708333333333 24.55189433448328 22.739125397784022
1044.2708333333333 24.553886441267665 22.74011068362208
1044.7708333333333 24.555896800071135 22.74109225182517
1045.2708333333333 24.557896639020385 22.742080413033293
1045.7708333333333 24.559897832048172 22.743054799676536
1046.2708333333333 24.56191359551639 22.74404236161095
1046.7708333333333 24.563914788339947 22.74501972651975
1047.2708333333333 24.565908134207643 22.746002383099295
1047.7708333333333 24.567928176756773 22.746990414497816
1048.2708333333333 24.56993772959168 22.747971336229522
1048.7708333333333 24.571944865608025 22.7489554846073
1049.2708333333333 24.573965109034447 22.749928268658685
1049.7708333333333 24.57597306936332 22.75091715934552
1050.2708333333333 24.57798568982899 22.751897346498676
1050.7708333333333 24.580013884966018 22.752878382836272
1051.2708333333333 24.581999172451603 22.753862929412037
1051.7708333333333 24.58404233816139 22.754849875683014
1052.2708333333333 24.586033122928722 22.75582774500352
1052.7708333333333 24.588060812657968 22.756814577815106
1053.2708333333333 24.590081841239517 22.757786911196437
1053.7708333333333 24.592105903912408 22.758776864511866
1054.2708333333333 24.594120822894613 22.759760548664907
1054.7708333333333 24.59613457902646 22.76073844841907
1055.2708333333333 24.59817641098407 22.76172616383394
1055.7708333333333 24.600177295970557 22.762700380136177
1056.2708333333333 24.60222988786689 22.76368955460979
1056.7708333333333 24.604241442610704 22.764672580681513
1057.2708333333333 24.606260298786673 22.76566164151936
1057.7708333333333 24.608299516147582 22.766636805343992
1058.2708333333333 24.610304043336512 22.767623530413026
1058.7708333333333 24.612342497347406 22.768608225526968
1059.2708333333333 24.614395074682243 22.76959441832947
1059.7708333333333 24.616412056673845 22.770569672399557
1060.2708333333333 24.618458286122696 22.77155794384067
1060.7708333333333 24.620489537362154 22.772544028559384
1061.2708333333333 24.622515147033326 22.773523743889783
1061.7708333333333 24.62457030304275 22.7745069682558
1062.2708333333333 24.62659979937576 22.775498735850235
1062.7708333333333 24.62862348046302 22.776471755347643
1063.2708333333333 24.630670688678432 22.777461671476775
1063.7708333333333 24.632723575217348 22.778444834276748
1064.2708333333333 24.63476596384611 22.779428867827743
1064.7708333333333 24.636790230259955 22.780415626575767
1065.2708333333333 24.63886761368357 22.781403911624686
1065.7708333333333 24.640909025947167 22.78238521640707
1066.2708333333333 24.642956869332544 22.78336394506974
1066.7708333333333 24.64500095608034 22.784364519910696
1067.2708333333333 24.647057406530827 22.78534433389169
1067.7708333333333 24.64909714685009 22.786334814158735
1068.2708333333333 24.651143908293655 22.787317811361532
1068.7708333333333 24.65322671382038 22.788300982356517
1069.2708333333333 24.655272309990824 22.789290996908544
1069.7708333333333 24.657330088608795 22.790273209773243
1070.2708333333333 24.65938588701013 22.791262412756232
1070.7708333333333 24.661439382057843 22.792256468540273
1071.2708333333333 24.663508103748597 22.79325185540091
1071.7708333333333 24.66556996731656 22.794227630682812
1072.2708333333333 24.667633450020332 22.795217077754188
1072.7708333333333 24.66969354567724 22.79620724467689
1073.2708333333333 24.671759167884023 22.79720058233256
1073.7708333333333 24.67384422969369 22.798186480577883
1074.2708333333333 24.675911276406154 22.799175344585713
1074.7708333333333 24.677978367143062 22.80016172129882
1075.2708333333333 24.680048279777452 22.801150750311642
1075.7708333333333 24.682118994743462 22.80214044991885
1076.2708333333333 24.684211793680962 22.803129537029147
1076.7708333333333 24.68627392048548 22.804125591302828
1077.2708333333333 24.68834318908212 22.805107098831854
1077.7708333333333 24.69043714531115 22.806100540381713
1078.2708333333333 24.69249906423635 22.807096538039605
1078.7708333333333 24.694594019094914 22.808084862627336
1079.2708333333333 24.6966655115419 22.809078730196056
1079.7708333333333 24.69874415676322 22.810058481064132
1080.2708333333333 24.700835071836433 22.811049677933077
1080.7708333333333 24.702922377135813 22.812042642510356
1081.2708333333333 24.704999280166557 22.813030145449673
1081.7708333333333 24.70709622823742 22.814018178940852
1082.2708333333333 24.70919245250867 22.815022959038856
1082.7708333333333 24.711281773203236 22.816003408277076
1083.2708333333333 24.713364209986647 22.81700463001424
1083.7708333333333 24.715450274097314 22.817994446001876
1084.2708333333333 24.717558551378485 22.818991226850365
1084.7708333333333 24.719629387891867 22.8199700751563
1085.2708333333333 24.721742341365804 22.820960674818203
