FastTrWP/PhaseSpace/IAs/snIa_0.36_30.00_1.62_0.04.csv
# %ECSV 0.9
# ---
# datatype:
# - {name: time-rel, datatype: float64}
# - {name: g, datatype: float64}
# - {name: i, datatype: float64}
# schema: astropy-2.0
time-rel g i
[from data line 1443]
873.4166666666666 23.259057039114467 22.497777887161593
873.9166666666665 23.260096091830373 22.49816605956738
874.4166666666666 23.261124317135298 22.498561624314505
874.9166666666666 23.262147750780674 22.49896094308273
875.4166666666665 23.263189399111248 22.499351076482768
875.9166666666666 23.264221060729504 22.499746282838085
876.4166666666666 23.265258292330387 22.500147907251666
876.9166666666665 23.266289395473546 22.500541843768403
877.4166666666666 23.267327904127512 22.500954666963494
877.9166666666666 23.268371662065835 22.50135611694343
878.4166666666665 23.269402898052963 22.50175720259557
878.9166666666666 23.270445970557315 22.50216197021624
879.4166666666666 23.271483122175013 22.502559479645235
879.9166666666665 23.272524784756147 22.5029767044952
880.4166666666666 23.27356250244779 22.503385600058966
880.9166666666666 23.274611343321894 22.503797656753534
881.4166666666665 23.275652491261493 22.504220515277353
881.9166666666666 23.27668982777594 22.504631571091295
882.4166666666666 23.277727025026817 22.505042075903074
882.9166666666665 23.278780491909714 22.505465222056202
883.4166666666666 23.279825523842952 22.505883996058888
883.9166666666666 23.28085777147543 22.50630250294236
884.4166666666665 23.281909633934582 22.50671794293001
884.9166666666666 23.282947452843537 22.507151449593266
885.4166666666666 23.284020386664018 22.507572693789186
885.9166666666665 23.2850720815623 22.50800000714551
886.4166666666666 23.286114559754672 22.508437734692404
886.9166666666666 23.28716466955951 22.50886971656518
887.4166666666665 23.288216230834365 22.50929702226128
887.9166666666666 23.289267377550132 22.509725715246454
888.4166666666666 23.29032105926117 22.510159792215273
888.9166666666665 23.291359948395815 22.51059743150823
889.4166666666666 23.29242180317888 22.511035300564867
889.9166666666666 23.2934816746369 22.511471235765313
890.4166666666665 23.294540119398942 22.51191588070588
890.9166666666666 23.295600825260077 22.5123541071466
891.4166666666666 23.29665965066207 22.512800253764347
891.9166666666665 23.29771392795128 22.51323820600332
892.4166666666666 23.298779485445237 22.513688182666016
892.9166666666666 23.299827545061014 22.514133754138093
893.4166666666665 23.30089104102975 22.514588960522907
893.9166666666666 23.301953633462503 22.51503815181666
894.4166666666666 23.303014067357747 22.51548901350672
894.9166666666665 23.304078337655234 22.51595037725405
895.4166666666666 23.30513687380224 22.51640326198162
895.9166666666666 23.306201266075238 22.51686230047
896.4166666666665 23.307269355160805 22.51731801927397
896.9166666666666 23.308335609055714 22.517785754107695
897.4166666666666 23.309390287646522 22.518243844814748
897.9166666666665 23.310468637479392 22.51871076862052
898.4166666666666 23.31153674468636 22.519180009690327
898.9166666666666 23.312614959338728 22.519656398817713
899.4166666666665 23.31368506826057 22.520115748049633
899.9166666666666 23.314748620698072 22.520582905796864
900.4166666666666 23.31581396120213 22.521064766353554
900.9166666666665 23.316889787608446 22.5215326291424
901.4166666666666 23.31795172892182 22.52201140652117
901.9166666666666 23.319032572452137 22.522483432876722
902.4166666666665 23.32011020400867 22.522970123144816
902.9166666666666 23.321177112806385 22.523451915514716
903.4166666666666 23.322252981363057 22.523924816408606
903.9166666666665 23.323326013776153 22.524417044037296
904.4166666666666 23.324404533348048 22.5248949872441
904.9166666666666 23.325490535592234 22.52538697024905
905.4166666666665 23.326569168747614 22.525876343593648
905.9166666666666 23.327636284214428 22.52635630500526
906.4166666666666 23.328721736007317 22.526864536322684
906.9166666666665 23.329800677432523 22.527346940397987
907.4166666666666 23.330892204259797 22.527852709572862
907.9166666666666 23.331975858312788 22.528347142974432
908.4166666666665 23.333056999007795 22.52883996830764
908.9166666666666 23.334146999060582 22.529345271242953
909.4166666666666 23.335224916705705 22.529846195083852
909.9166666666665 23.33632282010049 22.530345624615777
910.4166666666666 23.337393179166256 22.530845877308572
910.9166666666666 23.33849015735042 22.53135867418907
911.4166666666665 23.339569206403002 22.53186357910876
911.9166666666666 23.340661535435203 22.532380716916922
912.4166666666666 23.34175960634108 22.532889340626575
912.9166666666665 23.34284107711448 22.533394096536586
913.4166666666666 23.34393286481045 22.53389975012957
913.9166666666666 23.34503067150882 22.534428063790514
914.4166666666665 23.34613500752885 22.534944872734894
914.9166666666666 23.347228509914125 22.53546246712933
915.4166666666666 23.34831873565838 22.535979657849726
915.9166666666665 23.34941005490997 22.5365056933799
916.4166666666666 23.350521515247443 22.537020572774495
916.9166666666666 23.351608915804434 22.537555728491604
917.4166666666665 23.352711042136196 22.538077773903034
917.9166666666666 23.353810240567498 22.53860410876046
918.4166666666666 23.35490967818602 22.539127255630852
918.9166666666665 23.356023154088874 22.539661565588762
919.4166666666666 23.357128906269196 22.540194698251412
919.9166666666666 23.358228358892017 22.540725858397277
920.4166666666665 23.35933163119897 22.541266292206082
920.9166666666666 23.360444307465308 22.541801307573696
921.4166666666666 23.361550732586828 22.54233712986199
921.9166666666665 23.36265201691188 22.54287367522069
922.4166666666666 23.363754273163142 22.543416817978006
922.9166666666666 23.36487570604341 22.543960087178363
923.4166666666665 23.365983011544703 22.544506335756314
923.9166666666666 23.367095572755346 22.54505323460263
924.4166666666666 23.36821080778392 22.54559368336153
924.9166666666665 23.369330472311304 22.546150958489797
925.4166666666666 23.370437511551838 22.546701859517736
925.9166666666666 23.37155142896869 22.547259911572922
926.4166666666665 23.372663263905487 22.547813124687806
926.9166666666666 23.373796397402323 22.54837179362056
927.4166666666666 23.37490827890532 22.548932520882342
927.9166666666665 23.376027858711517 22.549502207825512
928.4166666666666 23.377140662860278 22.550060927618276
928.9166666666666 23.37827114258502 22.550629895213078
929.4166666666665 23.37939664362272 22.551200250617537
929.9166666666666 23.38050413692305 22.551763783500025
930.4166666666666 23.381634011393665 22.552331357792028
930.9166666666665 23.3827663538217 22.55291286343809
931.4166666666666 23.38388565895235 22.55348770663261
931.9166666666666 23.385013866121582 22.554059851856337
932.4166666666665 23.38613274832356 22.554646376353343
932.9166666666666 23.38725846237223 22.555225278026644
933.4166666666666 23.388400030343803 22.55580469189392
933.9166666666665 23.389528957721836 22.556390027882074
934.4166666666666 23.39066202050555 22.556974498553195
934.9166666666666 23.39179507598373 22.557557492059757
935.4166666666665 23.3929286160135 22.558154579846086
935.9166666666666 23.394052625157894 22.558742317852065
936.4166666666666 23.395194218512017 22.559336080159397
936.9166666666665 23.39633103573344 22.559923522951483
937.4166666666666 23.39745999786988 22.560523852282586
937.9166666666666 23.398594719698643 22.561120936097915
938.4166666666665 23.39973639841289 22.561715620613878
938.9166666666666 23.40088072827342 22.562312681221787
939.4166666666666 23.402017650836832 22.562912426432497
939.9166666666665 23.4031584921387 22.56351510020061
940.4166666666666 23.404307299323758 22.564128810029594
940.9166666666666 23.40545455947534 22.564730770506113
941.4166666666665 23.406590721716384 22.565327320529335
941.9166666666666 23.407737393059342 22.56594151021782
942.4166666666666 23.408892126431773 22.566547527975757
942.9166666666665 23.41003611106434 22.567152229144796
943.4166666666666 23.411198408943655 22.567771228090262
943.9166666666666 23.41234866564576 22.56837744339794
944.4166666666665 23.41349513792146 22.568995009708917
944.9166666666666 23.414646068066002 22.569609944277662
945.4166666666666 23.415798459968123 22.570222905945712
945.9166666666665 23.416962707483503 22.570838715377207
946.4166666666666 23.418112904525795 22.571462080330086
946.9166666666666 23.419270022699678 22.57207431555387
947.4166666666665 23.420430257889358 22.57269605173978
947.9166666666666 23.421594096473903 22.573322721913698
948.4166666666666 23.422752616997666 22.573938377702106
948.9166666666665 23.42391624660435 22.57456431380698
949.4166666666666 23.425085519678074 22.57518936463669
949.9166666666666 23.426247821857324 22.575815499806367
950.4166666666665 23.42741741300936 22.57643679313748
950.9166666666666 23.428582011369873 22.577065717236103
951.4166666666666 23.429759653041256 22.577694084366144
951.9166666666665 23.430926438781185 22.578320469051434
952.4166666666666 23.432101518462435 22.578950698079815
952.9166666666666 23.43328148064589 22.57957480657557
953.4166666666665 23.434451046329055 22.580208856101173
953.9166666666666 23.43563090263775 22.58084100348796
954.4166666666666 23.436807221714034 22.58147023698774
954.9166666666665 23.437986474584637 22.58210533764148
955.4166666666666 23.43917544243556 22.582734150507417
955.9166666666666 23.440353769498053 22.58336334395821
956.4166666666665 23.441538104908236 22.584006812386836
956.9166666666666 23.44272451325798 22.584643030383905
957.4166666666666 23.44391550893038 22.585283117466197
957.9166666666665 23.445101937861775 22.585922147996428
958.4166666666666 23.446285023008766 22.58657212196622
958.9166666666666 23.44747067291489 22.58719893381208
959.4166666666665 23.448662385865546 22.587849804266344
959.9166666666666 23.449848693475595 22.588486856642543
960.4166666666666 23.451045908981904 22.589136660911954
960.9166666666665 23.452254268317127 22.589792649644984
961.4166666666666 23.45342533293525 22.590434338356644
961.9166666666666 23.45463530304442 22.59109018682734
962.4166666666665 23.455825827252504 22.591734594448827
962.9166666666666 23.457026256626957 22.59239438711074
963.4166666666666 23.458220597666827 22.593047580545655
963.9166666666665 23.459430978708372 22.59370603636593
964.4166666666666 23.46063377712298 22.594360196667182
964.9166666666666 23.461839273292256 22.595027770185645
965.4166666666665 23.463050719013687 22.595680632578027
965.9166666666666 23.46424835212495 22.59634091156911
966.4166666666666 23.465463562192326 22.596998225595456
966.9166666666665 23.466668376074225 22.597671226449187
967.4166666666666 23.467874828713605 22.598332981512993
967.9166666666666 23.469092168793736 22.598998433891907
968.4166666666665 23.470307969304596 22.599660999476857
968.9166666666666 23.471524660320483 22.600328680270927
969.4166666666666 23.47272908181545 22.600995422522697
969.9166666666665 23.47395172096997 22.60167385734742
970.4166666666666 23.47516736242919 22.602341633394268
970.9166666666666 23.476392611971324 22.603015839082182
971.4166666666665 23.477611984895002 22.60368748397287
971.9166666666666 23.47884073247974 22.604363121248564
972.4166666666666 23.480054779488817 22.6050351077653
972.9166666666665 23.481284577866603 22.605715884833057
973.4166666666666 23.482513059544218 22.606395021768794
973.9166666666666 23.483750434509908 22.607074953745382
974.4166666666665 23.48497927725075 22.607752312594982
974.9166666666666 23.486205654614956 22.608430828368718
975.4166666666666 23.48744196503755 22.6091142495113
975.9166666666665 23.488679634471687 22.60979800770685
976.4166666666666 23.489917698968927 22.61048130075205
976.9166666666666 23.491147488063095 22.611164762555504
977.4166666666665 23.49238671720443 22.611852474137848
977.9166666666666 23.49361919555321 22.61253771265965
978.4166666666666 23.49488284134033 22.61322676934632
978.9166666666665 23.496125483797048 22.61391562973726
979.4166666666666 23.497364327638305 22.61460925448519
979.9166666666666 23.498620064610165 22.615295857472123
980.4166666666665 23.499870499167244 22.615990171129162
980.9166666666666 23.50111718087186 22.616686472152644
981.4166666666666 23.50236884005358 22.617374034923273
981.9166666666665 23.503623989134983 22.61806914305084
982.4166666666666 23.50487611009138 22.6187593801027
982.9166666666666 23.506142799188254 22.619457131218113
983.4166666666665 23.507403265818354 22.62015030893927
983.9166666666666 23.508655434531892 22.62085377654507
984.4166666666666 23.50991844979859 22.621547383017678
984.9166666666665 23.511181755428932 22.622247754326995
985.4166666666666 23.51244030055955 22.622939218526227
985.9166666666666 23.513708408001747 22.623646745892355
986.4166666666665 23.5149939079814 22.624347231593216
986.9166666666666 23.516269296180063 22.62504946899197
987.4166666666666 23.51754524837426 22.625750979185973
987.9166666666665 23.518822836073802 22.62645871689539
988.4166666666666 23.52009067114428 22.627159054409205
988.9166666666666 23.52136647089917 22.627860992440468
989.4166666666665 23.52265676263711 22.628566910714987
989.9166666666666 23.52393478876765 22.6292787046685
990.4166666666666 23.52521503300644 22.629976373969953
990.9166666666665 23.526508332493513 22.630687369048403
991.4166666666666 23.527788740553742 22.631394529652177
991.9166666666666 23.52906911943174 22.6321122619191
992.4166666666665 23.530379903479005 22.632818944847482
992.9166666666666 23.531667979293488 22.63352739579899
993.4166666666666 23.532956812930106 22.634236659809844
993.9166666666665 23.534256764003104 22.63494424529329
994.4166666666666 23.535550809495728 22.635666484374568
994.9166666666666 23.536842561043553 22.636378614957053
995.4166666666665 23.538148149944092 22.637102153571615
995.9166666666666 23.539439457257437 22.637822464514258
996.4166666666666 23.540764105175217 22.638534005607944
996.9166666666665 23.542054742354917 22.639255074848826
997.4166666666666 23.54336501893604 22.63997548914258
997.9166666666666 23.54467088369432 22.64069730813584
998.4166666666665 23.54597692963737 22.641421242564842
998.9166666666666 23.54729274777182 22.64214339099791
999.4166666666666 23.54861161028992 22.64286913108684
999.9166666666666 23.54992013363917 22.643591138708064
1000.4166666666666 23.551249589845735 22.64431327006916
1000.9166666666666 23.552564387215757 22.645042728341615
1001.4166666666666 23.55389010786494 22.645769953737435
1001.9166666666666 23.55520973261295 22.646510781675552
1002.4166666666666 23.55653857260831 22.64723462964001
1002.9166666666666 23.557857699495038 22.64796475726712
1003.4166666666666 23.559189431879233 22.648696542552713
1003.9166666666666 23.560518046759853 22.649427614418546
1004.4166666666666 23.561854453328152 22.650170169388094
1004.9166666666666 23.563184734577703 22.650911331088544
1005.4166666666666 23.56452099505257 22.65164459748656
1005.9166666666666 23.56586350667302 22.652383382484214
1006.4166666666666 23.567204448068 22.653117765608
1006.9166666666666 23.56853967615912 22.653850170979513
1007.4166666666666 23.569876330056143 22.65459490371743
1007.9166666666666 23.571228293951016 22.655340427027895
1008.4166666666666 23.572580108319173 22.65608493449563
1008.9166666666666 23.57392237010954 22.656821367636255
1009.4166666666666 23.57527428065974 22.65757381695881
1009.9166666666666 23.576635276919443 22.658323360984145
1010.4166666666666 23.577985453394113 22.659066251710968
1010.9166666666666 23.579349465304126 22.6598215409096
1011.4166666666666 23.58071155472022 22.66056707321961
1011.9166666666666 23.5820793999528 22.661311842437243
1012.4166666666666 23.58342940692221 22.662071330755392
1012.9166666666666 23.58479919239197 22.662825330832312
1013.4166666666666 23.58616402453476 22.66358072081735
1013.9166666666666 23.58753957020314 22.664329037099908
1014.4166666666666 23.588912908832064 22.665090851743503
1014.9166666666666 23.59028288031648 22.665844144807746
1015.4166666666666 23.59166354408262 22.666608128267196
1015.9166666666666 23.59303639426451 22.667371473842405
1016.4166666666666 23.594427160086834 22.668135364813637
1016.9166666666666 23.595803009147765 22.668897118218748
1017.4166666666666 23.597197446218438 22.66965964452346
