FastTrWP/PhaseSpace/IAs/snIa_0.66_30.00_-0.87_0.00.csv
# %ECSV 0.9
# ---
# datatype:
# - {name: time-rel, datatype: float64}
# - {name: g, datatype: float64}
# - {name: i, datatype: float64}
# schema: astropy-2.0
time-rel g i
[from data line 2351]
1305.8125 26.678554837636863 23.335757226712495
1306.3125 26.67723320974771 23.33714640733877
1306.8125 26.675809226930344 23.338533796688395
1307.3125 26.674438344175 23.3399247499846
1307.8125 26.673008125406724 23.34130176798473
1308.3125 26.671533466642956 23.34269728274329
1308.8125 26.669963006047013 23.344083876268584
1309.3125 26.668428550732525 23.34547526935893
1309.8125 26.666803482807264 23.346856109608765
1310.3125 26.66518925978974 23.348244201363947
1310.8125 26.663533675545573 23.349632369250507
1311.3125 26.661789168948637 23.3510283703704
1311.8125 26.660059722406064 23.352401058513095
1312.3125 26.6582953127772 23.353794225975403
1312.8125 26.65643992062283 23.355182297738146
1313.3125 26.654642485120313 23.356575021066956
1313.8125 26.65269507445393 23.35796207937865
1314.3125 26.65080012217374 23.359354300267707
1314.8125 26.648790742974974 23.3607347778359
1315.3125 26.646793225028343 23.36211707454064
1315.8125 26.64475010108303 23.36350947367108
1316.3125 26.642659078852592 23.364893178065202
1316.8125 26.640562727859777 23.366281667681292
1317.3125 26.638381643392858 23.367670084328203
1317.8125 26.63622758429826 23.369050395396712
1318.3125 26.633959404249477 23.37044019689779
1318.8125 26.63172363867904 23.371828168214456
1319.3125 26.629428325856722 23.373214187220878
1319.8125 26.62708438546987 23.37459649707909
1320.3125 26.62470251913379 23.375989752940747
1320.8125 26.622327337470008 23.377370823884952
1321.3125 26.6198300697174 23.37875211287724
1321.8125 26.6173624184133 23.380150831918378
1322.3125 26.614932585022647 23.38152450126763
1322.8125 26.61234002182161 23.38291451567962
1323.3125 26.60978317758842 23.38428434472622
1323.8125 26.607131206221013 23.38567514910494
1324.3125 26.604481078327385 23.3870594179333
1324.8125 26.60184446512542 23.388440122709945
1325.3125 26.599145530316402 23.389827166862172
1325.8125 26.596408492267546 23.391211984403558
1326.3125 26.59359583175986 23.3925937258888
1326.8125 26.59078412874116 23.393974273945904
1327.3125 26.587918592049846 23.39535780641127
1327.8125 26.585034408838958 23.39674293276948
1328.3125 26.582126552474307 23.398111833879792
1328.8125 26.579186451758755 23.399499768917977
1329.3125 26.576230427472858 23.400879017362314
1329.8125 26.57316205470576 23.402257341032865
1330.3125 26.570169959871826 23.403643778553942
1330.8125 26.5670523557393 23.405012480088153
1331.3125 26.563957582411213 23.40639987756187
1331.8125 26.56077580381154 23.40778227881147
1332.3125 26.557601773547344 23.409155341912346
1332.8125 26.554413787932543 23.410531302418498
1333.3125 26.551201261696207 23.41190275722162
1333.8125 26.54789090577153 23.413286310756423
1334.3125 26.544581097502178 23.414651569294584
1334.8125 26.541257344090813 23.41603748790133
1335.3125 26.537769233355995 23.41739001228277
1335.8125 26.534272359987945 23.41878029392173
1336.3125 26.53071339654414 23.420152259309354
1336.8125 26.527079326962948 23.42152193088382
1337.3125 26.523351893960264 23.422895467164903
1337.8125 26.519620848077455 23.42426755983768
1338.3125 26.51576090262315 23.42563509213591
1338.8125 26.51191661599914 23.42701300003644
1339.3125 26.508054074785402 23.428385333425933
1339.8125 26.50404862949278 23.429744153035713
1340.3125 26.500043270184577 23.431115391393774
1340.8125 26.49600847031332 23.432483775440982
1341.3125 26.49194619859248 23.43385231875502
1341.8125 26.487775611688846 23.435231515485544
1342.3125 26.48357054930908 23.436585229325612
1342.8125 26.479310093982548 23.437948091988986
1343.3125 26.475121437598503 23.439313281255018
1343.8125 26.470856454514728 23.44068349412916
1344.3125 26.466524963453534 23.442040304748577
1344.8125 26.46214563215327 23.4434090028276
1345.3125 26.457842627335086 23.44478237409165
1345.8125 26.45341646169641 23.446141923232716
1346.3125 26.449024612153536 23.447494629290894
1346.8125 26.44458768595609 23.448857963605715
1347.3125 26.440148473218468 23.450218488573288
1347.8125 26.435711127159344 23.451574571898128
1348.3125 26.431201839468294 23.45293846402335
1348.8125 26.426716070345787 23.45430608981157
1349.3125 26.422207267131764 23.455667625480135
1349.8125 26.417729136767562 23.45702489008606
1350.3125 26.413203825039595 23.45837791449883
1350.8125 26.408713005176047 23.459745731290983
1351.3125 26.404127350322135 23.461104987942893
1351.8125 26.399678785305515 23.462466860366874
1352.3125 26.39508080889611 23.463818711979453
1352.8125 26.390566097075435 23.465171391012642
1353.3125 26.386071949857172 23.46654815315135
1353.8125 26.381582343698142 23.467892535870057
1354.3125 26.3770198388886 23.469244915578074
1354.8125 26.372502370825345 23.470603388560892
1355.3125 26.36800703752076 23.47196539897491
1355.8125 26.363496762850215 23.473325806081334
1356.3125 26.359089512484907 23.474667407211417
1356.8125 26.3545592799661 23.4760259319745
1357.3125 26.35018893626289 23.477379190417818
1357.8125 26.345699716273565 23.478734211367506
1358.3125 26.341278135684018 23.480094763418364
1358.8125 26.336841301689482 23.481450498168336
1359.3125 26.332490275205764 23.48278947637698
1359.8125 26.328112574993376 23.484141358419684
1360.3125 26.323755918314603 23.485506829417787
1360.8125 26.319464956786128 23.486860547522337
1361.3125 26.315173060752365 23.48820448445941
1361.8125 26.310880022940083 23.489561850379953
1362.3125 26.30662291496515 23.49091419486099
1362.8125 26.302421755880818 23.492265262251337
1363.3125 26.298242412779288 23.493637270284342
1363.8125 26.294076547793193 23.494971511885186
1364.3125 26.289949167633957 23.496324856077123
1364.8125 26.285853341710656 23.497690227409155
1365.3125 26.281782422167662 23.49903918633381
1365.8125 26.277761198201453 23.500384850721797
1366.3125 26.273789372151597 23.501739921126912
1366.8125 26.26982927718278 23.50309331183729
1367.3125 26.26586638747697 23.504435573268378
1367.8125 26.262046811717894 23.50578437574578
1368.3125 26.25817087747278 23.50714728017919
1368.8125 26.254403718384385 23.50851229812069
1369.3125 26.25063431893359 23.509855663223792
1369.8125 26.246886042276415 23.51120407003257
1370.3125 26.243212189169036 23.512560221433546
1370.8125 26.239570373231082 23.513912582308535
1371.3125 26.235990047125668 23.515269294184144
1371.8125 26.23239901837612 23.516607928850817
1372.3125 26.228991726649703 23.51798322055206
1372.8125 26.22551178955684 23.519318356708432
1373.3125 26.222142846006044 23.5206791527734
1373.8125 26.218756012262922 23.522031093936832
1374.3125 26.215417803530322 23.52339311692859
1374.8125 26.212082893102018 23.52473320178421
1375.3125 26.208775015758242 23.52608604506237
1375.8125 26.205436926738336 23.52743586651728
1376.3125 26.202073994968774 23.52879482610075
1376.8125 26.198727458576556 23.530139559976334
1377.3125 26.195346041277165 23.531485108106438
1377.8125 26.192002576424052 23.532840589394176
1378.3125 26.188632553987222 23.534193000986342
1378.8125 26.18526331520194 23.53553290754759
1379.3125 26.181953747188707 23.53688683993401
1379.8125 26.178610480419056 23.538236700316677
1380.3125 26.175243751735614 23.53958842557327
1380.8125 26.17188511123729 23.540939195416655
1381.3125 26.168568842792098 23.542284101829413
1381.8125 26.165235414427755 23.54362952919207
1382.3125 26.16190148843247 23.544981946442483
1382.8125 26.158575914882498 23.546320417824163
1383.3125 26.155271363449394 23.54768243244628
1383.8125 26.151978899854043 23.549019011827838
1384.3125 26.148705804243434 23.55036399950198
1384.8125 26.14537744948862 23.551698661199985
1385.3125 26.14213362298711 23.5530506913369
1385.8125 26.138889144862265 23.554390983732397
1386.3125 26.135629503886186 23.555743571529245
1386.8125 26.13242097151408 23.557087698535536
1387.3125 26.129178703292677 23.558434112465672
1387.8125 26.12598763667762 23.55977357770562
1388.3125 26.122773687265962 23.5611217460788
1388.8125 26.119641877660463 23.562460126996143
1389.3125 26.11644188318181 23.56380962227746
1389.8125 26.113347064190457 23.565147259597552
1390.3125 26.11022100655305 23.566486929205244
1390.8125 26.107119225627763 23.567825047101095
1391.3125 26.104045978379375 23.56916919878033
1391.8125 26.10101387092399 23.570515802781934
1392.3125 26.097949048813312 23.57185938682634
1392.8125 26.094968201629353 23.573189617751844
1393.3125 26.091967046969575 23.57454079568541
1393.8125 26.08900077786997 23.57588237104042
1394.3125 26.086063948908624 23.57721777255586
1394.8125 26.08316417278394 23.578558277830766
1395.3125 26.080249187048675 23.57989450613641
1395.8125 26.07738400075711 23.581238572923905
1396.3125 26.074553094386207 23.58257981210137
1396.8125 26.071767451112745 23.5839206896298
1397.3125 26.068954576924448 23.585251994248612
1397.8125 26.066174352348177 23.586588691517598
1398.3125 26.06345287153648 23.58792019575505
1398.8125 26.060749234698765 23.5892623080986
1399.3125 26.058086813823348 23.590598435769042
1399.8125 26.05548121100471 23.591935158468683
1400.3125 26.052866982378816 23.59327350003058
1400.8125 26.05031050550437 23.59461258580783
1401.3125 26.04774237624893 23.59593752093157
1401.8125 26.045225831456982 23.597279914578767
1402.3125 26.04272723804806 23.598613808256413
1402.8125 26.04031603520435 23.599947775315467
1403.3125 26.037900116193427 23.601290185698932
1403.8125 26.03551629258188 23.602617884814265
1404.3125 26.033179433054762 23.603960997244453
1404.8125 26.030879145818684 23.605297222920164
1405.3125 26.028607193352038 23.60662676608819
1405.8125 26.026366208351412 23.607959866553337
1406.3125 26.024228994717255 23.609293070193903
1406.8125 26.022042961083073 23.6106187781396
1407.3125 26.019908118517048 23.611969627602484
1407.8125 26.017854894597328 23.61329778332032
1408.3125 26.015792655857783 23.614630986465237
1408.8125 26.013796931699993 23.615962344168576
1409.3125 26.011851893446625 23.617299156809626
1409.8125 26.009965410313267 23.618624615224853
1410.3125 26.008038251567427 23.619951189414618
1410.8125 26.00625818815889 23.621287630865343
1411.3125 26.004435081856027 23.62261000055401
1411.8125 26.002661278499613 23.62394952339286
1412.3125 26.0010026493542 23.625271426982582
1412.8125 25.999351953425606 23.62662191118377
1413.3125 25.997738793709612 23.627949393062494
1413.8125 25.996183884172105 23.6292726697401
1414.3125 25.994647499579656 23.630597273746076
1414.8125 25.993125308503675 23.631937080968193
1415.3125 25.99163757210906 23.633269530542677
1415.8125 25.9902029730784 23.634595044863186
1416.3125 25.988729822087283 23.635929222293672
1416.8125 25.987329826195968 23.637261481583906
