FastTrWP/PhaseSpace/IAs/snIa_0.4_20_0.0_0.0.csv
# %ECSV 0.9
# ---
# datatype:
# - {name: time-rel, datatype: float64}
# - {name: g, datatype: float64}
# - {name: i, datatype: float64}
# schema: astropy-2.0
time-rel g i
[from data line 551]
259.3333333333333 -26.78779254359576 -27.253443672247176
259.8333333333333 -26.789330103060706 -27.25510059625887
260.3333333333333 -26.790868636307422 -27.25676306404165
260.8333333333333 -26.792379382194603 -27.258416492719782
261.3333333333333 -26.793897384997145 -27.260061311238136
261.8333333333333 -26.795403913362197 -27.26171049876762
262.3333333333333 -26.796892821805763 -27.263346911685275
262.8333333333333 -26.798381017555343 -27.26497219393344
263.3333333333333 -26.799862189040255 -27.266600888952517
263.8333333333333 -26.801326164633533 -27.268223667334365
264.3333333333333 -26.80278098450191 -27.26983718339051
264.8333333333333 -26.804235855466672 -27.27144522281791
265.3333333333333 -26.805680223510766 -27.273049085409617
265.8333333333333 -26.807111545126464 -27.274647697593124
266.3333333333333 -26.808548128404826 -27.276241884656336
266.8333333333333 -26.80995462026614 -27.277829080571173
267.3333333333333 -26.81137376852014 -27.279422483939044
267.8333333333333 -26.8127773818402 -27.28100150637941
268.3333333333333 -26.814160658580324 -27.282573698032927
268.8333333333333 -26.815550469933417 -27.28413233899009
269.3333333333333 -26.81692900815105 -27.285699700305607
269.8333333333333 -26.81830363599464 -27.287255206929352
270.3333333333333 -26.819655714274738 -27.288808932122667
270.8333333333333 -26.821008941289797 -27.29035992891148
271.3333333333333 -26.822352419463048 -27.291899046665495
271.8333333333333 -26.823693242852087 -27.293446930231745
272.3333333333333 -26.82501352333748 -27.29497520932108
272.8333333333333 -26.826343416614126 -27.29650401228941
273.3333333333333 -26.827649585180765 -27.29802309397173
273.8333333333333 -26.82894685682943 -27.299537820508984
274.3333333333333 -26.830234127672554 -27.30104937822832
274.8333333333333 -26.83152186120584 -27.30256619045459
275.3333333333333 -26.83280090030914 -27.30405777556259
275.8333333333333 -26.834064023051305 -27.30555601448667
276.3333333333333 -26.835325337187648 -27.307044571975187
276.8333333333333 -26.83658331317279 -27.308534300861172
277.3333333333333 -26.837825376467087 -27.31001059242051
277.8333333333333 -26.839056809683328 -27.311484177723486
278.3333333333333 -26.840284815864564 -27.312954396500125
278.8333333333333 -26.84150307529981 -27.31442568067468
279.3333333333333 -26.84270770967199 -27.3158857824535
279.8333333333333 -26.843903825789546 -27.31734397263444
280.3333333333333 -26.84509826090168 -27.31878769348242
280.8333333333333 -26.846276370382878 -27.320233179190172
281.3333333333333 -26.847459324095272 -27.32167471167947
281.8333333333333 -26.848612838467815 -27.323108159615487
282.3333333333333 -26.849782040279724 -27.324538936418385
282.8333333333333 -26.85092044754739 -27.325958076569982
283.3333333333333 -26.852062224366172 -27.327383319597235
283.8333333333333 -26.853197870611684 -27.328797239717844
284.3333333333333 -26.85432232949708 -27.33021207591141
284.8333333333333 -26.855423523766273 -27.331611310436656
285.3333333333333 -26.856537205414014 -27.33300573481563
285.8333333333333 -26.857630438324374 -27.33439925008593
286.3333333333333 -26.85872559672735 -27.335787284048692
286.8333333333333 -26.859807141501935 -27.337173842065102
287.3333333333333 -26.860871194787116 -27.338542584643257
287.8333333333333 -26.86192861625176 -27.339923831232447
288.3333333333333 -26.862983644034195 -27.341291435586136
288.8333333333333 -26.86402918436937 -27.342651913470156
289.3333333333333 -26.865059324324385 -27.344014232052544
289.8333333333333 -26.86608434231156 -27.345361869152516
290.3333333333333 -26.867101692054543 -27.34670875898025
290.8333333333333 -26.868118588720435 -27.348056205462917
291.3333333333333 -26.86911895003014 -27.349383849938576
291.8333333333333 -26.870108363854065 -27.35071940195061
292.3333333333333 -26.871091808104698 -27.35204400580503
292.8333333333333 -26.872059250226737 -27.35337155123564
293.3333333333333 -26.873029512796847 -27.354678590568554
293.8333333333333 -26.87398926048744 -27.35599745746469
294.3333333333333 -26.87492955097283 -27.357308318080797
294.8333333333333 -26.87586617048415 -27.358606671153996
295.3333333333333 -26.876795491092707 -27.359900389170026
295.8333333333333 -26.87771917403002 -27.361187779020504
296.3333333333333 -26.87862386944522 -27.362474625104667
296.8333333333333 -26.879520994626787 -27.36374907216238
297.3333333333333 -26.88042166121594 -27.3650274818567
297.8333333333333 -26.88129927139087 -27.366301158417308
298.3333333333333 -26.88217844948813 -27.367566182726787
298.8333333333333 -26.883061428379477 -27.368834798308335
299.3333333333333 -26.883901595053388 -27.37008937273446
299.8333333333333 -26.88475823436091 -27.371344074941412
300.3333333333333 -26.88558866420131 -27.372587880967124
300.8333333333333 -26.886433863349517 -27.373832646649255
301.3333333333333 -26.887259002246104 -27.37506857985181
301.8333333333333 -26.888074869990042 -27.376310695522356
302.3333333333333 -26.888873786151546 -27.37753637980689
302.8333333333333 -26.8896821377458 -27.378769777960557
303.3333333333333 -26.890467918481843 -27.37998664855487
303.8333333333333 -26.891246927991148 -27.38120545516971
304.3333333333333 -26.892028570621772 -27.382411357136327
304.8333333333333 -26.892796193606756 -27.383621231908
305.3333333333333 -26.893560315858657 -27.384830186461357
305.8333333333333 -26.89430710560021 -27.38601532927648
306.3333333333333 -26.895050966856502 -27.38721713392058
306.8333333333333 -26.895788782107214 -27.38840064100321
307.3333333333333 -26.896523870822907 -27.389587427828413
307.8333333333333 -26.89722936808256 -27.39076394060268
308.3333333333333 -26.89794763711985 -27.391945972967488
308.8333333333333 -26.898654252937337 -27.393115580557858
309.3333333333333 -26.899346375929557 -27.39428235369861
309.8333333333333 -26.90003513885275 -27.395445195475396
310.3333333333333 -26.900725786235228 -27.396600227571597
310.8333333333333 -26.901403919168587 -27.39775989203047
311.3333333333333 -26.902072147561093 -27.398908027833016
311.8333333333333 -26.90272932925547 -27.40005046043031
312.3333333333333 -26.903376059734924 -27.401198455676912
312.8333333333333 -26.904020345089236 -27.402325122382265
313.3333333333333 -26.904657425313058 -27.403464396412225
313.8333333333333 -26.905290851363645 -27.40459607926333
314.3333333333333 -26.905924727737624 -27.40570561168481
314.8333333333333 -26.90653845078087 -27.40683625425378
315.3333333333333 -26.9071432410642 -27.407951598713428
315.8333333333333 -26.907744048720406 -27.40905951949719
316.3333333333333 -26.908337211553096 -27.410163713881822
316.8333333333333 -26.908939034637655 -27.411267664950437
317.3333333333333 -26.909519307115218 -27.412359511567544
317.8333333333333 -26.910091259634687 -27.4134650943231
318.3333333333333 -26.910660682248224 -27.414555060670267
318.8333333333333 -26.911225739056277 -27.41563376376635
319.3333333333333 -26.911778740617457 -27.416719024994997
319.8333333333333 -26.91232531483578 -27.417790407975428
320.3333333333333 -26.91286473810111 -27.418861343282522
320.8333333333333 -26.913405872686695 -27.419934207704223
321.3333333333333 -26.91393689892341 -27.4209947038057
321.8333333333333 -26.9144560465963 -27.422064766550292
322.3333333333333 -26.91497564257765 -27.42311228434857
322.8333333333333 -26.915487221569165 -27.42417061122317
323.3333333333333 -26.91598256272371 -27.425215834112436
323.8333333333333 -26.916491754293475 -27.42625798044989
324.3333333333333 -26.916968905559102 -27.427292051836222
324.8333333333333 -26.91746241392697 -27.428337120935463
325.3333333333333 -26.917945276091903 -27.42936018987784
325.8333333333333 -26.918417906121626 -27.430394018057463
326.3333333333333 -26.918894425901144 -27.43141522381361
326.8333333333333 -26.91934117298431 -27.432436926836946
327.3333333333333 -26.919796414280018 -27.433451763482562
327.8333333333333 -26.920254654575977 -27.43446579618318
328.3333333333333 -26.920695296504064 -27.435463640042336
328.8333333333333 -26.92112165043166 -27.43646756659294
329.3333333333333 -26.921559690370742 -27.437470962158464
329.8333333333333 -26.921979489837163 -27.438471409694397
330.3333333333333 -26.922395116937302 -27.439455843757226
330.8333333333333 -26.922797185755126 -27.440440509478204
331.3333333333333 -26.92320011222035 -27.441423990967763
331.8333333333333 -26.92357978558471 -27.442410034982807
332.3333333333333 -26.923976765068318 -27.443379808129528
332.8333333333333 -26.92434922219951 -27.44435359144862
333.3333333333333 -26.924716528631475 -27.445320171562173
333.8333333333333 -26.925073572837206 -27.44628327263527
334.3333333333333 -26.925430590185346 -27.44723675384953
334.8333333333333 -26.925776344432066 -27.44818717279479
335.3333333333333 -26.926104237995936 -27.449140213610335
335.8333333333333 -26.92643082944314 -27.450090538413402
336.3333333333333 -26.926759904911183 -27.451032032685937
336.8333333333333 -26.927074191429824 -27.45196229464287
337.3333333333333 -26.927377491696 -27.452901358152037
337.8333333333333 -26.92767697851805 -27.453829104997716
338.3333333333333 -26.927973713658776 -27.45476442537435
338.8333333333333 -26.928257886562832 -27.45567725131093
339.3333333333333 -26.92853048679202 -27.456599338529266
339.8333333333333 -26.928810238234174 -27.457513438558042
340.3333333333333 -26.92907554878126 -27.45842740685889
340.8333333333333 -26.929339599774625 -27.459339168334076
341.3333333333333 -26.92959415322257 -27.460239516714495
341.8333333333333 -26.92983898897571 -27.461137893272436
342.3333333333333 -26.930077911572482 -27.462039759578204
342.8333333333333 -26.930315970231348 -27.462928448679715
343.3333333333333 -26.930543634296903 -27.46381586576666
343.8333333333333 -26.93076618503038 -27.464701244078586
344.3333333333333 -26.930978341659745 -27.465586642292546
344.8333333333333 -26.931198364411223 -27.46646144721304
345.3333333333333 -26.931406125118077 -27.46733498411976
345.8333333333333 -26.931601134970155 -27.468213565483836
346.3333333333333 -26.93179968070719 -27.469070076335417
346.8333333333333 -26.93198532316297 -27.469938149452837
347.3333333333333 -26.932177714607903 -27.470803435815803
347.8333333333333 -26.932346653427444 -27.47166218796345
348.3333333333333 -26.93253233832213 -27.472505868933368
348.8333333333333 -26.932689934423337 -27.473352441709416
349.3333333333333 -26.932863170415366 -27.47420949735762
349.8333333333333 -26.933022047699794 -27.475059843638135
350.3333333333333 -26.933179654362462 -27.475892835303814
350.8333333333333 -26.933329805383988 -27.47672581519673
351.3333333333333 -26.933477426537614 -27.477557708276464
351.8333333333333 -26.93362925430052 -27.478378311190554
352.3333333333333 -26.933765746401676 -27.479215442308607
352.8333333333333 -26.93389507061083 -27.480035927765005
353.3333333333333 -26.93402531762335 -27.480856420940096
353.8333333333333 -26.93415231643369 -27.4816690257841
354.3333333333333 -26.93427476557104 -27.48248828051476
354.8333333333333 -26.93439970720462 -27.483295072382056
355.3333333333333 -26.93449949210447 -27.484104277182205
355.8333333333333 -26.934610013855853 -27.484911629086888
356.3333333333333 -26.93471565062529 -27.48570570938257
356.8333333333333 -26.934830131148956 -27.486508097430082
357.3333333333333 -26.934929586048177 -27.487301270972615
357.8333333333333 -26.935027003959977 -27.488088978152753
358.3333333333333 -26.93511977768172 -27.488877000653986
358.8333333333333 -26.935220009847697 -27.48965814559668
359.3333333333333 -26.935305723925126 -27.490451895732683
359.8333333333333 -26.935388655514394 -27.49121900760318
360.3333333333333 -26.93547278967641 -27.492000554353666
360.8333333333333 -26.935548706280557 -27.492775576565506
361.3333333333333 -26.935624683583995 -27.493537826632036
361.8333333333333 -26.935699892884408 -27.49430228051786
362.3333333333333 -26.935777081822646 -27.495073050720762
362.8333333333333 -26.935847450014123 -27.495827252879288
363.3333333333333 -26.935920638811 -27.496592662057168
363.8333333333333 -26.935983441013004 -27.497345289920368
364.3333333333333 -26.936039114884526 -27.498100612825528
364.8333333333333 -26.936091624820612 -27.498843813016567
365.3333333333333 -26.9361525621293 -27.499584961532992
365.8333333333333 -26.93618471611808 -27.50033054277633
366.3333333333333 -26.936240791006977 -27.50107193194962
366.8333333333333 -26.936286333193916 -27.501811757230907
367.3333333333333 -26.936320898349372 -27.502551832827745
367.8333333333333 -26.936342953205262 -27.503275883736364
368.3333333333333 -26.936387541980533 -27.504014383672754
368.83333333333326 -26.936402934640874 -27.504735114218605
369.3333333333333 -26.93642585741801 -27.505456649049286
369.8333333333333 -26.93644754959491 -27.50617951804045
370.33333333333326 -26.93645774504151 -27.506890396568874
370.8333333333333 -26.93646586033492 -27.507610535715656
371.3333333333333 -26.936464973184158 -27.50831968727189
371.83333333333326 -26.936470517232806 -27.509031693517272
372.3333333333333 -26.936465258126358 -27.50972945467973
372.8333333333333 -26.936454746990112 -27.510432302432164
373.33333333333326 -26.93644641729204 -27.51113745248378
373.8333333333333 -26.936425103843213 -27.51182849644827
374.3333333333333 -26.936405496042013 -27.512523521296544
374.83333333333326 -26.936385436639352 -27.513212314391808
375.3333333333333 -26.936353576964013 -27.513903482730207
375.8333333333333 -26.936327681338803 -27.514583517263155
376.33333333333326 -26.936279501851455 -27.515264587367753
376.8333333333333 -26.936234661807163 -27.515942316720484
377.3333333333333 -26.93618925037546 -27.516621767150866
377.83333333333326 -26.936140437503028 -27.517284459984065
378.3333333333333 -26.93608477924057 -27.51794779229035
378.8333333333333 -26.936033102511114 -27.518622268054166
379.33333333333326 -26.935964528746908 -27.51928814728292
379.8333333333333 -26.935892554089943 -27.51993995887592
380.3333333333333 -26.935830538815008 -27.520593188472283
380.83333333333326 -26.93574057924497 -27.52124968216723
381.3333333333333 -26.935658289239022 -27.521897009258147
381.8333333333333 -26.935572831634317 -27.522542014921903
382.33333333333326 -26.93548403465254 -27.523190894317246
382.8333333333333 -26.935391758383723 -27.523835924182812
383.3333333333333 -26.93529846398946 -27.524462888552467
383.83333333333326 -26.935194898681534 -27.525099654440982
384.3333333333333 -26.935079580947253 -27.52573004564158
384.8333333333333 -26.934970358269076 -27.52635311667355
385.33333333333326 -26.93484653604196 -27.526980052162983
385.8333333333333 -26.93472729944922 -27.527600844179403
386.3333333333333 -26.93460167092386 -27.528217253737893
386.83333333333326 -26.93446762048311 -27.52883213012315
387.3333333333333 -26.934328154145266 -27.529442003865128
387.8333333333333 -26.934197745410565 -27.530054006708955
388.33333333333326 -26.934053122820135 -27.530652007644058
388.8333333333333 -26.93389569994728 -27.531255973868547
389.3333333333333 -26.93374516774806 -27.531854504057453
389.83333333333326 -26.933581707630832 -27.532446895706464
390.3333333333333 -26.933419276196673 -27.533038446106445
390.8333333333333 -26.933251051376633 -27.53362717722387
391.33333333333326 -26.933076329263486 -27.534202165121876
391.8333333333333 -26.93289302361286 -27.534792476298215
392.3333333333333 -26.932714417805865 -27.535370373510496
392.83333333333326 -26.932533563413514 -27.535937522951244
393.3333333333333 -26.932334175670736 -27.536500764904865
393.8333333333333 -26.932133890361985 -27.53707303198693
394.33333333333326 -26.9319324546684 -27.537640609495764
394.8333333333333 -26.931728715818526 -27.538200180924616
395.3333333333333 -26.931519147268602 -27.538748316650814
395.83333333333326 -26.931289894395217 -27.53930509991315
396.3333333333333 -26.931077713193122 -27.539848259946606
396.8333333333333 -26.93083758725586 -27.540401859401232
397.33333333333326 -26.93061769801899 -27.5409425823429
397.8333333333333 -26.930368148559943 -27.54148701564876
398.3333333333333 -26.930139022084184 -27.542019089938115
