FastTrWP/PhaseSpace/IAs/snIa_0.46_30.00_-0.70_0.05.csv
# %ECSV 0.9
# ---
# datatype:
# - {name: time-rel, datatype: float64}
# - {name: g, datatype: float64}
# - {name: i, datatype: float64}
# schema: astropy-2.0
time-rel g i
[from data line 1074]
142.0 23.607981688205243 22.338371829766018
142.4999999999999 23.609399521783246 22.33847324439768
143.0 23.61082034779834 22.338587802769105
143.5 23.61223519142216 22.338699450162018
143.9999999999999 23.61366577734827 22.338812025338292
144.5 23.615073155087632 22.338915227486776
145.0 23.61649141579203 22.339040277146168
145.4999999999999 23.617929500986467 22.339155896118314
146.0 23.61936394513993 22.33927533654063
146.5 23.620789521559974 22.33940372988119
146.9999999999999 23.622235521686747 22.339521130673777
147.5 23.62367315167276 22.339647277866653
148.0 23.62510515503589 22.339777425747705
148.4999999999999 23.6265525757913 22.339906468509753
149.0 23.628017859402707 22.34003455670869
149.5 23.629470339790387 22.340173786973917
149.9999999999999 23.630916620303584 22.340301666245658
150.5 23.632388467771904 22.340442920782763
151.0 23.633850744620784 22.3405742471568
151.4999999999999 23.635318956207175 22.340718782832866
152.0 23.63679747853018 22.340860656309154
152.5 23.638256923414957 22.341006959591155
152.9999999999999 23.639744617776238 22.341156422051792
153.5 23.641240807731055 22.34129874707071
154.0 23.642708615996998 22.341453803943224
154.4999999999999 23.644211114263925 22.34159838826764
155.0 23.64570745286671 22.34175609031224
155.5 23.647211127253108 22.341908110686415
155.9999999999999 23.648710576637455 22.34206505854936
156.5 23.650216725563034 22.34223120987656
157.0 23.65172615964294 22.342387690294405
157.4999999999999 23.653230190726745 22.342552021469317
158.0 23.65475522926358 22.34271274561832
158.5 23.65626619376544 22.342884121342802
158.9999999999999 23.65779391996119 22.343050824598237
159.5 23.659328872341515 22.343227755198896
160.0 23.660850962825467 22.3433911308285
160.4999999999999 23.662383505992324 22.34357142520596
161.0 23.66392434642762 22.343742027900518
161.5 23.66545721465096 22.34392627043569
161.9999999999999 23.667011373017544 22.344105318067058
162.5 23.668557005331394 22.3442871016916
163.0 23.670108171750144 22.344467353911828
163.4999999999999 23.6716554052018 22.34465514182473
164.0 23.673221128028082 22.344847452330484
164.5 23.67477849685737 22.345027230396084
164.9999999999999 23.676362786527655 22.34521850156409
165.5 23.67790560078514 22.345411288895857
166.0 23.679493817224543 22.345604054896636
166.4999999999999 23.68106374172556 22.34580638155032
167.0 23.68262295383786 22.3460027228332
167.5 23.684235091771335 22.346205646895033
167.9999999999999 23.685817325858793 22.34639448164808
168.5 23.68739760451067 22.34661124321036
169.0 23.688988217077622 22.346806841457084
169.4999999999999 23.690581032204015 22.34701497284993
170.0 23.692184263741062 22.34722538576107
170.5 23.693791725784088 22.347430857198663
170.9999999999999 23.695394597330576 22.347645263798697
171.5 23.69700971898087 22.34785904535229
172.0 23.698614130545216 22.348069138800327
172.4999999999999 23.700218107771217 22.348288694496176
173.0 23.701845648738868 22.34850331170993
173.5 23.70346283252905 22.348723082622875
173.9999999999999 23.705090101926878 22.34894964474901
174.5 23.706716967221382 22.349172951379025
175.0 23.70835599323618 22.349401779220557
175.4999999999999 23.709974447883965 22.34962350452935
176.0 23.711611631606694 22.34984851746161
176.5 23.713239047807186 22.350084487386546
176.9999999999999 23.714888843643486 22.350311357224214
177.5 23.716555318595816 22.350539030638345
178.0 23.71819349242734 22.350779192820404
178.4999999999999 23.719846392078075 22.35101870301737
179.0 23.72150091327373 22.351257087388937
179.5 23.72315445709316 22.35149909155176
179.9999999999999 23.72482024679791 22.351743989786904
180.5 23.7264884556268 22.3519767133974
181.0 23.728144862958853 22.352225796663618
181.4999999999999 23.72982263342226 22.352471214093566
182.0 23.7314914721265 22.35272370870171
182.5 23.73316999327222 22.352966430021603
182.9999999999999 23.734856297807045 22.353220272333928
183.5 23.736532130197027 22.353472070596023
184.0 23.738229079886445 22.35372882015097
184.4999999999999 23.739931989037395 22.353987873747823
185.0 23.741650945607233 22.354241212287434
185.5 23.743364668101226 22.354498447835233
185.9999999999999 23.74507162551041 22.35476417545527
186.5 23.74679279438132 22.355015278640252
187.0 23.748512864129744 22.355290553709292
187.4999999999999 23.75024673817218 22.35555992517901
188.0 23.752007239069602 22.35582895595234
188.5 23.753735869261373 22.356096574999572
188.9999999999999 23.75549106633902 22.35636820478127
189.5 23.757255129569693 22.35663725762769
190.0 23.759010069240453 22.356911209033466
190.4999999999999 23.760766478613707 22.357193584792412
191.0 23.762537568378377 22.357467662457566
191.5 23.76432283987276 22.357740012706735
191.9999999999999 23.766093917816047 22.358018473472114
192.5 23.767872243118042 22.3583085699547
193.0 23.769656675109566 22.358598978672042
193.4999999999999 23.771452969730085 22.358891713379446
194.0 23.77325442627687 22.359169117108053
194.5 23.7750330012978 22.359465890727055
194.9999999999999 23.776842124636353 22.359756969133326
195.5 23.77864940295217 22.36004778839191
196.0 23.780464204626377 22.360347843288753
196.4999999999999 23.782279794476405 22.36064328243462
197.0 23.784099005887107 22.36093857091705
197.5 23.785914949641732 22.361246587564445
197.9999999999999 23.787739982156737 22.361547660755985
198.5 23.789562087754312 22.361851143991892
199.0 23.79139611777109 22.362157630023948
199.4999999999999 23.793220682060202 22.36246450429407
200.0 23.795059814521828 22.362777338431417
200.5 23.796898702805954 22.363094819748763
200.9999999999999 23.79873962206773 22.36339358659191
201.5 23.800569835343303 22.36371895277319
202.0 23.80241932334965 22.364041388076817
202.4999999999999 23.80425372551374 22.364356683147225
203.0 23.806111365067363 22.364680555932775
203.5 23.807960912750964 22.364997332483256
203.9999999999999 23.80981137670131 22.365325803587275
204.5 23.811662832242497 22.365658050770673
205.0 23.813525906385614 22.365981643012155
205.4999999999999 23.81536883746461 22.366311796801135
206.0 23.817228363698952 22.366649995617202
206.5 23.81909543812663 22.36698137850832
206.9999999999999 23.8209377151192 22.36732046740844
207.5 23.822801516234158 22.3676543282771
208.0 23.82465976081205 22.36799914901228
208.4999999999999 23.82651021609862 22.368340130405034
209.0 23.828386424863655 22.368686614972514
209.5 23.830229707700216 22.369036092412383
209.9999999999999 23.832107590946563 22.369378982566595
210.5 23.833959208043392 22.369727706219468
211.0 23.83581101714288 22.370074741185256
211.4999999999999 23.837669850681493 22.37043540885371
212.0 23.839532748718547 22.370794840103283
212.5 23.841388162699495 22.37115371046976
212.9999999999999 23.843247853990377 22.371510412108925
213.5 23.845103435952947 22.371877401794862
214.0 23.846949596599675 22.37223840528092
214.4999999999999 23.848811271107365 22.37260564360637
215.0 23.85067143373538 22.372969759240778
215.5 23.852521838856816 22.373344542459606
215.9999999999999 23.85435456085095 22.373713475321363
216.5 23.856221387182313 22.37408746459881
217.0 23.858053680360122 22.374466996037018
217.4999999999999 23.859892786399733 22.37485010735061
218.0 23.861733641941328 22.375222775706423
218.5 23.863590163386228 22.37560972718604
218.9999999999999 23.86543478870307 22.37599464968492
219.5 23.867270784026058 22.376383119727482
220.0 23.869121914781466 22.37677149306318
220.4999999999999 23.87097469207372 22.377167601038295
221.0 23.87283638389342 22.377555742125367
221.5 23.87468211391115 22.37795518678919
221.9999999999999 23.876536232087545 22.378347010605737
222.5 23.87839317414808 22.378750637662964
223.0 23.880255538742297 22.379144079003446
223.4999999999999 23.882111006128643 22.3795492474069
224.0 23.883973388868892 22.37995569326688
224.5 23.88582610192592 22.38036908926276
224.9999999999999 23.88769612058899 22.380773361238294
225.5 23.88955919592258 22.381190753833494
226.0 23.89141766090423 22.381602791475608
226.4999999999999 23.893291709775227 22.38201771822697
227.0 23.895160697160563 22.382433990794695
227.5 23.897019664706548 22.38285317899116
227.9999999999999 23.898893394394737 22.38328236294563
228.5 23.900746262400855 22.383702840406006
229.0 23.902622874055215 22.384127322413143
229.4999999999999 23.90450818340781 22.38456292540104
230.0 23.906377193045838 22.38498903821291
230.5 23.908250268880526 22.385414964651332
230.9999999999999 23.9101279833228 22.385850106374754
231.5 23.912001141840573 22.386286315065917
232.0 23.91388176470798 22.38672341631005
232.4999999999999 23.91576591572878 22.387166641763656
233.0 23.917638024777435 22.387608816681222
233.5 23.919518932968643 22.38805486961823
233.9999999999999 23.921386451471875 22.38850306956425
234.5 23.92327711370772 22.388943974638998
235.0 23.92517170459402 22.389391800704935
235.4999999999999 23.927031512758397 22.389842291866362
236.0 23.928909735400538 22.390302801025484
236.5 23.930797146160536 22.390760378230986
236.9999999999999 23.932681638271745 22.391215098423316
237.5 23.93456210656755 22.391672252459514
238.0 23.936428786271655 22.39213521528682
238.4999999999999 23.938328118282048 22.39259969513919
239.0 23.9401999230588 22.393065052556867
239.5 23.942084916476762 22.39353006445461
239.9999999999999 23.943968785808877 22.394002506356728
240.5 23.945861464378865 22.394475848218725
241.0 23.947744049011366 22.394950648382334
241.4999999999999 23.949631002540368 22.395427676906856
242.0 23.951521880958108 22.39590055802344
242.5 23.95339460107895 22.396381836593836
242.9999999999999 23.955290675994153 22.396863695094996
243.5 23.957162314116193 22.39734254767741
244.0 23.95905360314763 22.397826563978352
244.4999999999999 23.96094203655684 22.39831957969843
245.0 23.962821805439876 22.398802111996545
245.5 23.964709243878435 22.399291337196793
245.9999999999999 23.96658860452776 22.399786930779406
246.5 23.968473467441296 22.40028457379397
247.0 23.970362376985634 22.400776479032018
247.4999999999999 23.972244713024043 22.40127459694812
248.0 23.974122810590316 22.401779676194074
248.5 23.97600264547197 22.402278871306226
248.9999999999999 23.977885214123546 22.402785205370527
249.5 23.97977355319382 22.403291458307383
250.0 23.98164341199842 22.403798236536126
250.4999999999999 23.98352963919896 22.40431474296845
251.0 23.985412783490567 22.4048251778174
251.5 23.987292922475994 22.405336530262666
251.9999999999999 23.989170313800198 22.405846501940673
252.5 23.991059500141894 22.406366129579563
253.0 23.992929347550845 22.406888116913223
253.4999999999999 23.99480337053371 22.407403661094484
254.0 23.996701772551745 22.4079306896169
254.5 23.998549212707147 22.408453874205026
254.9999999999999 24.000436748114787 22.408989478584793
255.5 24.002319573740035 22.40951815949694
256.0 24.00418804417829 22.41005245734058
256.4999999999999 24.00604986401216 22.41058163227308
257.0 24.007937281340944 22.411119792602147
257.5 24.009812801035586 22.41165816449685
257.9999999999999 24.01168584248914 22.4121973018443
258.5 24.01356593979655 22.412747061775818
259.0 24.015442198431863 22.413282705826308
259.4999999999999 24.017297552338043 22.413836841909898
260.0 24.019180087999878 22.414388496781193
260.5 24.02106865925085 22.41493177709033
260.9999999999999 24.02293505409793 22.415480774155697
261.5 24.02480538394267 22.416043214437977
262.0 24.026668539832016 22.416602610435664
262.4999999999999 24.028550865408157 22.417163643546264
263.0 24.030428256539867 22.417721158254636
263.5 24.032302864779655 22.418287877392938
263.9999999999999 24.034176149318647 22.41885853033828
264.5 24.036051562103356 22.419421811842703
265.0 24.037926766122823 22.419990868663845
265.4999999999999 24.039785108931603 22.420559812640327
266.0 24.041658586382667 22.421139874263744
266.5 24.0435432113566 22.421710452695635
266.9999999999999 24.04540512928602 22.422294182788356
267.5 24.047280722552905 22.422875589676114
268.0 24.049162655344382 22.423453725741606
268.4999999999999 24.05103645810035 22.424044571541902
269.0 24.05289476580618 22.42462704445154
269.5 24.054769837455684 22.425219797136236
269.9999999999999 24.056638014761937 22.425809138035213
270.5 24.058518823088217 22.426403029896807
271.0 24.060381362257726 22.426994788948708
271.4999999999999 24.062265470138307 22.42758790326231
272.0 24.064138227881156 22.428193290015315
272.5 24.065999008823162 22.42878484353237
272.9999999999999 24.067872888589328 22.429390248339658
273.5 24.069750201579467 22.42999338584515
274.0 24.071638341833218 22.43060030414148
274.4999999999999 24.07348983179422 22.431216184602135
275.0 24.075368814392025 22.43182269987614
275.5 24.077236230562775 22.432432261246017
275.9999999999999 24.079106108033102 22.433050474100543
276.5 24.08098713608611 22.43366530282513
277.0 24.082854769447025 22.434281667621384
277.4999999999999 24.0847307398421 22.434909196318557
278.0 24.08659907924067 22.435523746859012
278.5 24.088477485503034 22.436156983874397
278.9999999999999 24.090335749603668 22.43677717016526
279.5 24.09222268218334 22.437404305173445
280.0 24.094093327608412 22.4380312857619
280.4999999999999 24.095957954069938 22.43867416231332
281.0 24.0978291124244 22.439301498994567
281.5 24.099707935631574 22.439939855177617
281.9999999999999 24.101587459625236 22.4405737611416
282.5 24.103467936515194 22.44121163971467
283.0 24.105328195593305 22.44185963317481
283.4999999999999 24.107218445676256 22.44250012113539
284.0 24.10908738210051 22.443144762894352
284.5 24.110957246871862 22.443798327122497
284.9999999999999 24.112840895335776 22.44443981098123
285.5 24.114714397000675 22.44508754470632
286.0 24.11659215878837 22.44574298599117
286.4999999999999 24.11846359925002 22.446390694473944
287.0 24.120355854410573 22.447054241201464
287.5 24.122238123146865 22.44771367231184
287.9999999999999 24.124105371832584 22.448371910736178
288.5 24.125979974383736 22.449038453302677
289.0 24.12786123003125 22.449704511387253
289.4999999999999 24.129734923757347 22.45037145135273
290.0 24.131605027926717 22.451040237105758
290.5 24.13348097752445 22.451708799812415
290.9999999999999 24.135362255557506 22.452380441618548
291.5 24.13722770564855 22.453059669353653
292.0 24.139110614717186 22.453740394643276
292.4999999999999 24.14099179609972 22.45441544941352
293.0 24.14285389531926 22.455094552093833
293.5 24.144723128158304 22.455781236900798
293.9999999999999 24.146601535237334 22.4564721596446
294.5 24.148477920691906 22.457158718329566
295.0 24.150354512295568 22.457843477787513
295.4999999999999 24.152235992515585 22.45854175654758
296.0 24.154100220097448 22.45923578316728
296.5 24.15595905503011 22.459932839228216
296.9999999999999 24.157823061977183 22.460633957197725
297.5 24.159701645531637 22.46133566967661
298.0 24.161578885907172 22.462041679311984
298.4999999999999 24.163450369409265 22.46274620959323
299.0 24.165320722444463 22.463453192310997
299.5 24.167160622804214 22.464166308096477
299.9999999999999 24.169067751220318 22.464874729043892
300.5 24.170932461606185 22.46558482506545
301.0 24.172785921864985 22.46630493725022
301.4999999999999 24.17468118591461 22.467024947675988
302.0 24.176546358913228 22.467745050714875
302.5 24.17841269364493 22.46846962299938
302.9999999999999 24.180285729552597 22.469193423642714
303.5 24.182155108339302 22.469924310011635
304.0 24.183992776180684 22.470640803155423
304.4999999999999 24.185888537357172 22.47137803063786
305.0 24.18775685502225 22.472107467703943
305.5 24.189643518839926 22.472848299871288
305.9999999999999 24.191509417673366 22.47358216474551
306.5 24.193375393626738 22.47431828143569
307.0 24.195229637036142 22.47506616989211
307.4999999999999 24.197107194434327 22.47580692773992
308.0 24.198965852638846 22.47654933483623
308.5 24.20083922062109 22.477304009488197
308.9999999999999 24.20271304385728 22.47804905447367
309.5 24.20459129391284 22.478808765509193
310.0 24.20646141537658 22.4795586883662
310.4999999999999 24.20833378687131 22.480311129108756
