FastTrWP/PhaseSpace/IAs/snIa_0.47_30.00_-0.38_0.08.csv
# %ECSV 0.9
# ---
# datatype:
# - {name: time-rel, datatype: float64}
# - {name: g, datatype: float64}
# - {name: i, datatype: float64}
# schema: astropy-2.0
time-rel g i
205.41666666666666 26.982774601959115 24.607837848160248
205.91666666666666 26.962401594834052 24.60083380915742
206.41666666666663 26.942280118220914 24.593877973680087
206.91666666666666 26.922545737741224 24.586917279960907
207.41666666666666 26.90298383897011 24.579978798527108
207.91666666666663 26.883681296930536 24.57306986749678
208.41666666666666 26.864668749840035 24.5661890709936
208.91666666666666 26.845876392482644 24.559338469959307
209.41666666666663 26.827326051662197 24.552497932681085
209.91666666666666 26.809005415584075 24.54569184550082
210.41666666666666 26.790927042963162 24.538908225561972
210.91666666666663 26.773074225643043 24.532156152062477
211.41666666666666 26.75543802645391 24.525393365421895
211.91666666666666 26.73795518073709 24.51868988332834
212.41666666666663 26.720737683879463 24.512002923996477
212.91666666666666 26.703647399394832 24.50533701610094
213.41666666666666 26.686798026265638 24.498693545039885
213.91666666666663 26.670162239878024 24.492082978175283
214.41666666666666 26.653691552845032 24.48547616521641
214.91666666666666 26.637379290554676 24.47890455718747
215.41666666666663 26.62128388627941 24.47235727044131
215.91666666666666 26.605332385323056 24.46583542636087
216.41666666666666 26.58954640802827 24.45934858145987
216.91666666666663 26.573932665819854 24.452871009959495
217.41666666666666 26.558519101614593 24.446414158897074
217.91666666666666 26.543178960085445 24.44000936946682
218.41666666666663 26.528050606880328 24.433585563634498
218.91666666666666 26.51307582327707 24.42722751207822
219.41666666666666 26.498273440399437 24.420874341686016
219.91666666666663 26.483609035913812 24.41454426964464
220.41666666666666 26.469052545877737 24.408209035464598
220.91666666666666 26.454615341812485 24.40196064844351
221.41666666666663 26.44035804460342 24.395698012451348
221.91666666666666 26.42624238692477 24.38946914839066
222.41666666666666 26.412230603908867 24.383245135040276
222.91666666666663 26.39834894707552 24.377064958196453
223.41666666666666 26.384651311533474 24.370923897961234
223.91666666666666 26.371055697369798 24.364772848505133
224.41666666666663 26.357513377593076 24.35867213256821
224.91666666666666 26.344123301072905 24.352578533615677
225.41666666666666 26.330884617853787 24.346525169799985
225.91666666666663 26.317726088784404 24.340465336960158
226.41666666666666 26.30470296310355 24.33444568367253
226.91666666666666 26.29177631383871 24.32846140479123
227.41666666666663 26.278962579483892 24.32247937975908
227.91666666666666 26.266279130192245 24.316529361808787
228.41666666666666 26.253673212504822 24.310601604280485
228.91666666666663 26.241215256421313 24.304718460993588
229.41666666666666 26.228807233361785 24.298828777411543
229.91666666666666 26.216530231154685 24.292968700508272
230.41666666666666 26.20436266365764 24.287136451894668
230.91666666666666 26.192249178363916 24.281331194491045
231.41666666666666 26.180278649601185 24.2755529347736
231.91666666666666 26.168415159082535 24.269789656140635
232.41666666666666 26.156576857818354 24.26402867084171
232.91666666666666 26.144885063429957 24.25831628705403
233.41666666666666 26.133285094215026 24.252637870111453
233.91666666666666 26.121724374529798 24.24696792061688
234.41666666666666 26.110305330248373 24.241317828425824
234.91666666666666 26.098905334909798 24.235680814396254
235.41666666666666 26.08766512009099 24.230066829806105
235.91666666666666 26.076424569798633 24.224489854707016
236.41666666666666 26.065360223007477 24.218928600630505
236.91666666666666 26.054327294366036 24.21336841761457
237.41666666666666 26.043361666214942 24.207829389842427
237.91666666666666 26.032481565725387 24.202316630252035
238.41666666666666 26.02171981086116 24.196812248781573
238.91666666666666 26.010976698332083 24.19132232474835
239.41666666666666 26.00030334296957 24.185852734547492
239.91666666666666 25.989719049635983 24.180407238397194
240.41666666666666 25.97920802673078 24.174961138569437
240.91666666666666 25.968736179675954 24.169550244086864
241.41666666666666 25.958380663426965 24.164144267123355
241.91666666666666 25.94808099465069 24.158748092487272
242.41666666666666 25.937827482238156 24.15338396050611
242.91666666666666 25.927643052026784 24.148036570935403
243.41666666666666 25.91751871344538 24.142696493127772
243.91666666666666 25.90744577604333 24.137369735201766
244.41666666666666 25.897465038836373 24.13206618826603
244.91666666666666 25.88752366809829 24.126776575871883
245.41666666666666 25.877668957171572 24.121510587182566
245.91666666666666 25.867814853710808 24.116256718668197
246.41666666666666 25.858086850905934 24.111016286225126
246.91666666666666 25.848419931509845 24.105797813832687
247.41666666666666 25.838713961178065 24.100585852190115
247.91666666666666 25.829165021610656 24.095402146455594
248.41666666666666 25.819656042476215 24.09022455053906
248.91666666666666 25.810146277428387 24.085072133877958
249.41666666666666 25.800750845537692 24.07993418974652
249.91666666666666 25.7913767114329 24.074804966269422
250.41666666666666 25.78204070355595 24.069691165055
250.91666666666666 25.772779271157397 24.064599599258784
251.41666666666666 25.763569658330084 24.059520267451717
251.91666666666666 25.754415073036494 24.05446114901511
252.41666666666666 25.745297431939903 24.049426578649488
252.91666666666666 25.736243808749926 24.044408919696714
253.41666666666666 25.727221427466404 24.039389838293022
253.91666666666666 25.718272084632183 24.034394810138018
254.41666666666666 25.70932651138095 24.029415476192028
254.91666666666666 25.700456452317425 24.02445398094402
255.41666666666666 25.691647689589022 24.019501590524065
255.91666666666666 25.68286460427754 24.01455033614463
256.4166666666667 25.67412718003114 24.009641304488966
256.9166666666667 25.665433211308613 24.00474257850459
257.4166666666667 25.656822645501627 23.999858311134155
257.9166666666667 25.648171650838634 23.99499624133014
258.4166666666667 25.639606522154796 23.990139921078942
258.9166666666667 25.631108579701895 23.985294969628406
259.4166666666667 25.62262553953505 23.98047650278043
259.9166666666667 25.614171381853282 23.975670975785143
260.4166666666667 25.605768615699688 23.970871971240804
260.9166666666667 25.597448076641058 23.96609386324961
261.4166666666667 25.589106579944733 23.96134317289247
261.9166666666667 25.58085139913905 23.956591798712328
262.4166666666667 25.572567728270773 23.951866924022696
262.9166666666667 25.564398949263868 23.94715338789076
263.4166666666667 25.55622050772698 23.942441580089152
263.9166666666667 25.548131103636628 23.937763211087244
264.4166666666667 25.540012270103297 23.93308525031766
264.9166666666667 25.53198944869387 23.928434116474875
265.4166666666667 25.523946785655497 23.92378617047661
265.9166666666667 25.516024210662938 23.919153385286243
266.4166666666667 25.50807665561992 23.914548638546336
266.9166666666667 25.50014220000606 23.909953005610035
267.4166666666667 25.492284463557404 23.905383583534938
267.9166666666667 25.484451465121772 23.90081091160421
268.4166666666667 25.476624197978484 23.896269148091626
268.9166666666667 25.46887567869024 23.891713022533754
269.4166666666667 25.461128904304072 23.887201727445856
269.9166666666667 25.453416003656677 23.882695033062742
270.4166666666667 25.44578387495051 23.87819405588558
270.9166666666667 25.438139046413358 23.873726272572693
271.4166666666667 25.43055173517702 23.869259052318633
271.9166666666667 25.422998930869735 23.864805540648717
272.4166666666667 25.415439224314028 23.860370293604547
272.9166666666667 25.40793141189395 23.85594250997183
273.4166666666667 25.400470837770538 23.851534578838592
273.9166666666667 25.39301871688062 23.847141902092133
274.4166666666667 25.38560807377548 23.842751053581974
274.9166666666667 25.37823742693156 23.838383330702598
275.4166666666667 25.37087661062062 23.834020737755882
275.9166666666667 25.36357548245499 23.829667383205752
276.4166666666667 25.35628433931544 23.825332863074806
276.9166666666667 25.34904308471607 23.821019744990885
277.4166666666667 25.341794668563793 23.81670567752736
277.9166666666667 25.334614202422504 23.812399650737078
278.4166666666667 25.32744388226314 23.80812414894601
278.9166666666667 25.320285246614908 23.803841573977373
279.4166666666667 25.313217461162907 23.799583806983694
279.9166666666667 25.306123957538173 23.79533550205226
280.4166666666667 25.299053512986415 23.7911025380819
280.9166666666667 25.292007919748855 23.78686902343199
281.4166666666667 25.285034355879024 23.78265416485784
281.9166666666667 25.278023476038204 23.778458872771036
282.4166666666667 25.27110956199369 23.77426008145695
282.9166666666667 25.264179491778336 23.770071894835034
283.4166666666667 25.25726213192289 23.765922797859176
283.9166666666667 25.250428765080386 23.76174603575467
284.4166666666667 25.243549543197766 23.75758974957055
284.9166666666667 25.236787647601915 23.75345234278623
285.4166666666667 25.229972704987567 23.749334831435238
285.9166666666667 25.223205573851516 23.745212820306485
286.4166666666667 25.216458095232866 23.741110705991876
286.9166666666667 25.209761528566457 23.737007018974793
287.4166666666667 25.203047283110223 23.73292375053761
287.9166666666667 25.196373173814038 23.728844742375983
288.4166666666667 25.189763794231695 23.72477926502283
288.9166666666667 25.183127849655204 23.72072140951201
289.4166666666667 25.17651270233861 23.716677844807013
289.9166666666667 25.16994518961492 23.712645087769047
290.4166666666667 25.163411879487963 23.708607452411815
290.9166666666667 25.156873718180023 23.70459885987799
291.4166666666667 25.150383777526834 23.700594958131347
291.9166666666667 25.143902868251985 23.696593949868042
292.4166666666667 25.137435163785995 23.692593215297787
292.9166666666667 25.130997125987165 23.688619621165813
293.4166666666667 25.12456662772093 23.68466614618649
293.9166666666667 25.118162620475957 23.68069482593404
294.4166666666667 25.111788504235474 23.67674593290613
294.9166666666667 25.105458363836117 23.672793990895705
295.4166666666667 25.09912127320598 23.66885912263284
295.9166666666667 25.092795033205885 23.664943523019115
296.4166666666667 25.08652934850675 23.66102862367484
296.9166666666667 25.080264120325957 23.657123002445303
297.4166666666667 25.07402733593296 23.65321710711928
297.9166666666667 25.067778428186166 23.649324325909717
298.4166666666667 25.06158691287524 23.645452374471425
298.9166666666667 25.05541309160524 23.641572343044878
299.4166666666667 25.049233722682285 23.637705248035736
299.9166666666667 25.04307334776155 23.63385758360042
300.4166666666667 25.036961499818887 23.63000875196489
300.9166666666667 25.03087032430603 23.62616498313386
301.4166666666667 25.024757271741098 23.62232737518475
301.9166666666667 25.01870898078122 23.61851251419152
302.4166666666667 25.01266131305268 23.614693467890334
302.9166666666667 25.00661747190317 23.610876816252585
303.4166666666667 25.00060048214919 23.60708515180068
303.9166666666667 24.99459661656551 23.603286935896453
304.4166666666667 24.988627724337746 23.59950249176253
304.9166666666667 24.982668334215074 23.595731496067764
305.4166666666667 24.976726502242368 23.591965712161297
305.9166666666667 24.970811620803847 23.588206858547004
306.4166666666667 24.964930672395404 23.584447581075718
306.9166666666667 24.959039961958894 23.580705441986627
307.4166666666667 24.95317292036415 23.576976974374126
307.9166666666667 24.947327450801957 23.57325200466207
308.4166666666667 24.941511320203915 23.569529404692574
308.9166666666667 24.93570237985907 23.56582385298121
309.4166666666667 24.929897767514642 23.56211697571661
309.9166666666667 24.92413645748438 23.558431148492215
310.4166666666667 24.91839660889785 23.554744332258753
310.9166666666667 24.91267126415503 23.55107960177
311.4166666666667 24.906935687202783 23.547394557475943
311.9166666666667 24.90125015532964 23.54373505247606
312.4166666666667 24.895561882218633 23.54010390196376
312.9166666666667 24.889909736118554 23.53645281010195
313.4166666666667 24.88424814567142 23.53282623449601
313.9166666666667 24.878622210311846 23.529190989008086
314.4166666666667 24.87300285676495 23.5255718014033
314.9166666666667 24.867416194103154 23.521952579326065
315.4166666666667 24.861833768518554 23.518350616071633
315.9166666666667 24.856253467877814 23.514749300853754
316.4166666666667 24.850721710266193 23.511168141916222
316.9166666666667 24.84516834643712 23.507585898103457
317.4166666666667 24.839669462117115 23.504004563486752
317.9166666666667 24.834167374403652 23.500440859479053
318.4166666666667 24.82866565775553 23.49687752688167
318.9166666666667 24.823192967731735 23.49333428757913
319.4166666666667 24.817758571025983 23.489781190288035
319.9166666666667 24.812318802685493 23.486239610110427
320.4166666666667 24.806874733474462 23.482712344930206
320.9166666666667 24.80146433567455 23.47918379022378
321.4166666666667 24.796070529952328 23.475667912271504
321.9166666666667 24.790706454992787 23.47214845675403
322.4166666666667 24.785322790543066 23.46864712862404
322.9166666666667 24.779973707115555 23.465143074276543
323.4166666666667 24.77464350832008 23.46164985640574
323.9166666666667 24.76930050573226 23.458169010847577
324.4166666666667 24.76400008837726 23.45468968836586
324.9166666666667 24.75870415433122 23.45121442629832
325.4166666666667 24.753428113444002 23.44774854286343
325.9166666666667 24.748145753677928 23.44429382555189
326.4166666666667 24.742877464805662 23.440835255682657
326.9166666666667 24.737658480842548 23.437385225491276
327.4166666666667 24.73241611338278 23.433948432936017
327.9166666666667 24.727211168826315 23.430503584170445
328.4166666666667 24.722000301473336 23.427071005205367
328.9166666666667 24.716818111372604 23.42364983277248
329.4166666666667 24.711630536541822 23.420237131547402
329.9166666666667 24.706448338221193 23.416817134348342
330.4166666666667 24.70131523662969 23.41341835023354
330.9166666666667 24.696157523776186 23.410013783859096
331.4166666666667 24.691043570102277 23.40661684808072
331.9166666666667 24.685929103705533 23.40322506082719
332.4166666666667 24.680831433671983 23.399844581287844
332.9166666666667 24.675712325498566 23.396468986739258
333.4166666666667 24.67064320909269 23.393099404880395
333.9166666666667 24.665579977006146 23.389723349304298
334.4166666666667 24.66053334419427 23.386370890099602
334.9166666666667 24.65549527397357 23.383002208771764
335.4166666666667 24.650438056598333 23.379659048039592
335.9166666666667 24.64542525463179 23.37631056905789
336.4166666666667 24.64043932093352 23.37297023791511
336.9166666666667 24.635416798160882 23.369638703547583
337.4166666666667 24.63042929143651 23.366298409132128
337.9166666666667 24.625440557309144 23.36297683073944
338.4166666666667 24.620495396302047 23.359649505378087
338.9166666666667 24.61554092907551 23.356344086001677
339.4166666666667 24.610607923264336 23.353029103698297
339.9166666666667 24.605666641213297 23.349722041799254
340.4166666666667 24.60074010855608 23.346420219441917
340.9166666666667 24.595819307805495 23.34312308563748
341.4166666666667 24.590926204273607 23.339832471782927
341.9166666666667 24.586041602037337 23.336551710294223
342.4166666666667 24.581157133921803 23.333273058644316
342.9166666666667 24.576309490959417 23.330002739687593
343.4166666666667 24.57144504105234 23.32672471184013
343.9166666666667 24.566615927076274 23.32346592786925
344.4166666666667 24.561780788284167 23.320213609545636
344.9166666666667 24.556967881580274 23.31696577104211
345.4166666666667 24.552172411805508 23.31371879972325
345.9166666666667 24.547363259507094 23.3104776939851
346.4166666666667 24.542608539661153 23.30725163332735
346.9166666666667 24.53782409576959 23.304016262897047
347.4166666666667 24.533055965244763 23.300810060380506
347.9166666666667 24.528315155778895 23.297575207856415
348.4166666666667 24.523566778161197 23.294364552602083
