FastTrWP/PhaseSpace/IAs/snIa_0.60_30.00_0.67_-0.01.csv
# %ECSV 0.9
# ---
# datatype:
# - {name: time-rel, datatype: float64}
# - {name: g, datatype: float64}
# - {name: i, datatype: float64}
# schema: astropy-2.0
time-rel g i
94.70833333333334 26.995917415888492 25.275967526264644
95.20833333333334 26.984538029097177 25.266126877332585
95.70833333333331 26.973190579204402 25.256380444842073
96.20833333333334 26.961846951552563 25.246565968369655
96.70833333333334 26.950621112733174 25.236826106142036
97.20833333333331 26.939327361064148 25.22709524990484
97.70833333333334 26.92817801356214 25.21741210325667
98.20833333333334 26.917016962103297 25.20778880835287
98.70833333333331 26.905838619777683 25.198134820294563
99.20833333333334 26.894761928550306 25.188525155350842
99.70833333333334 26.88378011615491 25.178981970087882
100.20833333333331 26.872737909211324 25.169448995939433
100.70833333333334 26.86179766487753 25.159942271445694
101.20833333333334 26.850875997323076 25.150467903555747
101.70833333333331 26.83999173280202 25.14100771257461
102.20833333333334 26.829137595029184 25.13161588518122
102.70833333333334 26.818391283042903 25.122235705617673
103.20833333333331 26.807623857153764 25.112908115199385
103.70833333333334 26.796895610093475 25.10357660531117
104.20833333333334 26.786276079736755 25.09432367908429
104.70833333333334 26.775671485483088 25.085069905946593
105.20833333333334 26.765130178419156 25.07586213397333
105.70833333333334 26.754604967851847 25.06671710937596
106.20833333333334 26.744158215535908 25.05757898624301
106.70833333333334 26.733698395262593 25.048471436726317
107.20833333333334 26.72334653280974 25.039390140798943
107.70833333333334 26.712984997225583 25.03039143807731
108.20833333333334 26.702745729267363 25.021402237351523
108.70833333333334 26.69247564787421 25.01245236526019
109.20833333333334 26.68232703919101 25.00352592358699
109.70833333333334 26.67222037670677 24.994643289742346
110.20833333333334 26.662126727363717 24.98581233331834
110.70833333333334 26.6520843061941 24.977009357464624
111.20833333333334 26.642080023189656 24.968233945885867
111.70833333333334 26.632147566081844 24.959516263717177
112.20833333333334 26.622229214398857 24.950818347231085
112.70833333333334 26.612397167245746 24.94213142556959
113.20833333333334 26.60259983364067 24.933517319050456
113.70833333333334 26.59288202390227 24.924944121632116
114.20833333333334 26.583173325605483 24.916405320899514
114.70833333333334 26.573487954755024 24.90788870204572
115.20833333333334 26.56389331525594 24.89944747591742
115.70833333333334 26.554323100238282 24.891001042113814
116.20833333333334 26.544853127119403 24.882629876534704
116.70833333333334 26.53538287069397 24.874267230766254
117.20833333333334 26.525953493599022 24.865955970553486
117.70833333333334 26.516624651478914 24.857664252766206
118.20833333333334 26.507250227693042 24.849428965651672
118.70833333333334 26.498014209483603 24.84123905731973
119.20833333333334 26.488827601897412 24.833051759601744
119.70833333333334 26.479662021559584 24.824954593271997
120.20833333333334 26.47050622856323 24.816831940168665
120.70833333333334 26.46139251246167 24.808809899543046
121.20833333333334 26.452404736437046 24.800748070210275
121.70833333333334 26.443345941527813 24.792749042554604
122.20833333333334 26.434354845226956 24.784766848672053
122.70833333333334 26.42536139653818 24.776780744497398
123.20833333333334 26.41642600866509 24.76884026645154
123.70833333333334 26.407516277902236 24.760911836170358
124.20833333333334 26.398582367017617 24.75298989694778
124.70833333333334 26.38973508245528 24.745117579241946
125.20833333333334 26.38090210325339 24.737264758332245
125.70833333333334 26.37212004757703 24.729432171931684
126.20833333333334 26.36332630440462 24.72159282898827
126.70833333333334 26.35460123456976 24.713830189211077
127.20833333333334 26.345832364037282 24.706035228596118
127.70833333333334 26.337106327543665 24.698309864440308
128.20833333333334 26.328488652179026 24.69058151478525
128.70833333333334 26.319890364548307 24.682889841366332
129.20833333333334 26.3112797073482 24.67520071189576
129.70833333333334 26.302701026620845 24.66755976257488
130.20833333333334 26.294203681824925 24.659928927054718
130.70833333333334 26.28566862251612 24.652321096712157
131.20833333333334 26.277209161300966 24.644735420165272
131.70833333333334 26.268768368662183 24.63721751058629
132.20833333333334 26.260307295339484 24.629654085641285
132.70833333333334 26.251957236619702 24.622154275827533
133.20833333333334 26.243597128024362 24.614682734475867
133.70833333333334 26.23527693953555 24.607237589195226
134.20833333333334 26.226987368082007 24.59981090575475
134.70833333333334 26.218770517935294 24.592402561858414
135.20833333333334 26.21050114085091 24.58501858256207
135.70833333333334 26.20231738683386 24.577679862249045
136.20833333333334 26.19416210456159 24.57035778762276
136.70833333333334 26.186026507713937 24.563061017721473
137.20833333333334 26.177928089023258 24.555777931221314
137.70833333333334 26.169866233659747 24.54851531764436
138.20833333333334 26.1618401684154 24.541304193032634
138.70833333333334 26.153802988994066 24.534101834112327
139.20833333333334 26.145840831204538 24.526936665687025
139.70833333333334 26.137906480658522 24.519778362252023
140.20833333333334 26.12997334361342 24.51267049484764
140.70833333333334 26.12209404220645 24.505559072037535
141.20833333333334 26.11423665891663 24.498491834865845
141.70833333333334 26.10645139774428 24.49145360294426
142.20833333333334 26.098642608688067 24.48445920578603
142.70833333333334 26.090892373005726 24.47743830413307
143.20833333333334 26.083212977416554 24.470479306889892
143.70833333333334 26.07548267017269 24.463534409501793
144.20833333333334 26.067824216731804 24.456615242319188
144.70833333333334 26.06022365175724 24.44973023299326
145.20833333333334 26.052619125038706 24.442855880153576
145.70833333333334 26.04504960218729 24.43601793366808
146.20833333333334 26.03754698102561 24.429213649504145
146.70833333333334 26.030029317499736 24.42243900792567
147.20833333333334 26.02257107717366 24.41566987027275
147.70833333333334 26.015153403283428 24.408925846772114
148.20833333333334 26.007745668257037 24.402246347628708
148.70833333333334 26.00032394926417 24.395534665053155
149.20833333333334 25.992997495819733 24.388907124951302
149.70833333333334 25.985699671337205 24.382262367204476
150.20833333333334 25.978408487633775 24.375650468036167
150.70833333333334 25.971171219711458 24.369066986312493
151.20833333333334 25.963947244641187 24.36252556597453
151.70833333333334 25.956767785360668 24.35599800774338
152.20833333333334 25.94962285954258 24.349491458079765
152.70833333333334 25.94246733327538 24.343016739131258
153.20833333333334 25.935402022545926 24.336566126057185
153.70833333333334 25.92832983615349 24.330123964416693
154.20833333333334 25.92133805420773 24.32373305113213
154.70833333333334 25.914317994438107 24.317356866346955
155.20833333333334 25.90732935773836 24.311001484652152
155.70833333333334 25.900383499688047 24.304685954081904
156.20833333333334 25.893482736937344 24.29836604069743
156.70833333333334 25.88661373080473 24.292119677128138
157.20833333333334 25.879755137359133 24.28587405804518
157.70833333333334 25.872951726528562 24.279644180314783
158.20833333333334 25.86614784356067 24.273444268986857
158.70833333333334 25.85939473738747 24.267269671652908
159.20833333333334 25.852672335933704 24.261134778965214
159.70833333333334 25.845938254119233 24.25497360839749
160.20833333333334 25.83928466126856 24.248841271953623
160.70833333333334 25.83261291356464 24.242739612671414
161.20833333333334 25.825960908548915 24.236641701679623
161.70833333333334 25.81937341539527 24.230562795291238
162.20833333333334 25.8127751307552 24.22448506007035
162.70833333333334 25.806171688993995 24.218426454533756
163.20833333333334 25.799618232391023 24.21239169132669
163.70833333333334 25.793135695501338 24.206362439056832
164.20833333333334 25.78660204745907 24.20034426252262
164.70833333333334 25.780096362252216 24.19435845318293
165.20833333333334 25.773653296079274 24.188368314586263
165.70833333333334 25.76723485121612 24.182391683146367
166.20833333333334 25.760781940675834 24.17646396413893
166.70833333333334 25.754379750094753 24.170542954339574
167.20833333333334 25.748003965175133 24.164628523260486
167.70833333333334 25.741677508440418 24.1587065638768
168.20833333333334 25.73534322689018 24.152838112682737
168.70833333333331 25.729012046769462 24.14697980000728
169.20833333333334 25.72267868163521 24.141107606498664
169.70833333333334 25.716451504053065 24.135303330298726
170.20833333333331 25.710201351051268 24.129483443988736
170.70833333333334 25.703984716804694 24.1236987235361
171.20833333333334 25.697760358762206 24.11791555542521
171.70833333333331 25.691580084966755 24.112149657500726
172.20833333333334 25.68541140239876 24.10641515696421
172.70833333333334 25.679248697319036 24.100685386668207
173.20833333333331 25.673109078503302 24.09498918534117
173.70833333333334 25.66700656853363 24.089303917541738
174.20833333333334 25.6609387086448 24.08363985786757
174.70833333333331 25.65483803447148 24.07798469231754
175.20833333333334 25.648782169427207 24.07233531508333
175.70833333333334 25.64275113609085 24.06672805009689
176.20833333333331 25.63673464979093 24.06114528516836
176.70833333333334 25.630741542263557 24.055571019961896
177.20833333333334 25.624779957888244 24.050014470906355
177.70833333333331 25.61883672947404 24.044480709577414
178.20833333333334 25.612887058728116 24.03895846717583
178.70833333333334 25.606982353837115 24.033467331894155
179.20833333333331 25.601055785042995 24.02799266994724
179.70833333333334 25.59518839093321 24.022532375340703
180.20833333333334 25.589343220021853 24.01709716299439
180.70833333333331 25.58348589452752 24.011671293020655
181.20833333333334 25.577690718420747 24.00626256940541
181.70833333333334 25.571823894309613 24.00088883788982
182.20833333333331 25.566090034949525 23.995525946348984
182.70833333333334 25.560301485660425 23.99020428151909
183.20833333333334 25.55454780287477 23.984873105672698
183.70833333333331 25.548835039212744 23.97957423183794
184.20833333333334 25.543091911693374 23.974301117251468
184.70833333333334 25.537411970705335 23.96903988849946
185.20833333333331 25.531741126818478 23.96379626963521
185.70833333333334 25.526078479602525 23.95857426299741
186.20833333333334 25.520403338472107 23.953383626962342
186.70833333333331 25.51481511154098 23.948199438791207
187.20833333333334 25.509190653066227 23.943042004933638
187.70833333333334 25.50361259346403 23.937909308499187
188.20833333333331 25.49803732059339 23.932803510940396
188.70833333333334 25.4924420120659 23.927705757423357
189.20833333333334 25.486933655444094 23.92261336722332
189.70833333333331 25.48139097503023 23.917577899664977
190.20833333333334 25.475880356828245 23.912539387059688
190.70833333333334 25.470378510790713 23.907531408249586
191.20833333333331 25.464930537835375 23.902541946597793
191.70833333333334 25.459472313044206 23.897551276831965
192.20833333333334 25.45402496054171 23.892616558261224
192.70833333333331 25.448582785005307 23.88769203528871
193.20833333333334 25.443204142227053 23.882772187476277
193.70833333333334 25.437803424065308 23.877881946343486
194.20833333333331 25.43242221885455 23.87302992417097
194.70833333333334 25.427059496319643 23.868172032765887
195.20833333333334 25.42172481021442 23.863345154269325
195.70833333333331 25.416391286361424 23.858544210017122
196.20833333333334 25.411079091979836 23.8537650799697
196.70833333333334 25.405784155581564 23.848999300005985
197.20833333333331 25.400511060552745 23.844249345402098
197.70833333333334 25.395233390425393 23.8395360155085
198.20833333333334 25.38999647739772 23.834816781429243
198.70833333333331 25.384761738261187 23.830114792096097
199.20833333333334 25.37953678869807 23.825407405621263
199.70833333333334 25.374343145367362 23.820732989596138
200.20833333333331 25.36914851960866 23.81607479331571
200.70833333333334 25.363989250817312 23.811413896755695
201.20833333333334 25.358801390844114 23.806766430643332
201.70833333333331 25.35366884778965 23.802130519953483
202.20833333333334 25.348546397423178 23.797516354723605
202.70833333333334 25.343418585093186 23.79291639586977
203.20833333333331 25.338320799118325 23.788315170908522
203.70833333333334 25.33321992511027 23.7837183368619
204.20833333333334 25.32819547721826 23.779147609498242
204.70833333333331 25.323097820221996 23.774611754127317
205.20833333333334 25.318083522594044 23.77004961507258
205.70833333333334 25.31304975987405 23.765533998020743
206.20833333333331 25.308015738665446 23.76100741820465
206.70833333333334 25.303029567844185 23.756511851999434
207.20833333333334 25.29803505588405 23.752001964351187
207.70833333333331 25.293041225443105 23.747538923041414
208.20833333333334 25.28810619443075 23.743069935579605
208.70833333333334 25.28313795240351 23.738613408270698
209.20833333333331 25.278198072193124 23.734192246628055
209.70833333333334 25.273287692228266 23.72974678333115
210.20833333333334 25.26839443144312 23.725336111165092
210.70833333333331 25.26347240846302 23.72094416868579
211.20833333333334 25.2585903917726 23.71655726699332
211.70833333333334 25.253713358920862 23.71219520958555
212.20833333333331 25.248851234130242 23.70782860245849
212.70833333333334 25.244002288497732 23.70349928201155
213.20833333333334 25.239163376153048 23.699173812544927
213.70833333333331 25.23435619249359 23.69485014572995
214.20833333333334 25.22954989594882 23.69055474439955
214.70833333333334 25.224730145092362 23.686268709509374
215.20833333333331 25.219931886876164 23.682009282479157
215.70833333333334 25.2151567031328 23.677734504520387
216.20833333333334 25.21038114155259 23.673503034780083
216.70833333333331 25.205648715431806 23.669275959468887
217.20833333333334 25.200890100352673 23.66505905573339
217.70833333333334 25.19616660294282 23.660862019458108
218.20833333333331 25.19144443877724 23.6566775945824
218.70833333333334 25.186731455395034 23.65251368626322
219.20833333333334 25.18203294633239 23.648353485745417
219.70833333333331 25.17734822845267 23.644212127510244
220.20833333333334 25.172657205472866 23.640099454107965
220.70833333333334 25.168025926506864 23.635973228944668
221.20833333333331 25.163380625004095 23.631876012597246
221.70833333333334 25.15872463855436 23.627802652843574
222.20833333333334 25.154102345106473 23.623734068510792
222.70833333333331 25.14944106511594 23.619690558847473
223.20833333333334 25.144837577105285 23.61564858294619
223.70833333333334 25.140264880014943 23.611627584859704
224.20833333333331 25.135658844839828 23.607620220510114
224.70833333333334 25.131066944782837 23.60363912860384
225.20833333333334 25.12649777018817 23.599658916685815
225.70833333333331 25.121942743654714 23.595699571141758
226.20833333333334 25.117384680901633 23.591750664036837
226.70833333333334 25.11285168977757 23.58781641296396
227.20833333333331 25.108304250209763 23.583910481486047
227.70833333333334 25.10378660474967 23.579999373102623
228.20833333333334 25.099249882179784 23.576127290576917
228.70833333333331 25.094756723001037 23.572239029404646
229.20833333333334 25.090278198578375 23.56840020106568
229.70833333333334 25.085796502753162 23.564561182335545
230.20833333333331 25.081307229900535 23.560736029118658
230.70833333333334 25.076866377553454 23.55692605734646
231.20833333333334 25.072392923269533 23.553134031959118
231.70833333333331 25.067946172956724 23.549361824232363
232.20833333333334 25.06349728527374 23.5455945416415
232.70833333333334 25.05908369260617 23.54184210508782
233.20833333333334 25.054659797222023 23.5381248051462
233.70833333333334 25.050257454745875 23.53441190260832
234.20833333333334 25.045837599033174 23.530707288012675
234.70833333333334 25.041439499129158 23.527015790340187
235.20833333333334 25.037068719172055 23.523365809612194
235.70833333333334 25.032688536435266 23.519705758679493
236.20833333333334 25.028322255852764 23.516067612710874
