FastTrWP/PhaseSpace/IAs/snIa_0.32_30.00_1.56_-0.01.csv
# %ECSV 0.9
# ---
# datatype:
# - {name: time-rel, datatype: float64}
# - {name: g, datatype: float64}
# - {name: i, datatype: float64}
# schema: astropy-2.0
time-rel g i
-452.0 26.98690743141367 26.12920926639179
-451.5 26.97294730516631 26.116514084066104
-451.0 26.958826250535427 26.103805559002303
-450.5 26.944725043056778 26.09121194132353
-450.0 26.930627194685627 26.0786736139666
-449.5 26.91639500759342 26.066139400137402
-449.0 26.902143535211664 26.053701557417615
-448.5 26.88786557800413 26.041239781504878
-448.0 26.873536347502082 26.028905001255414
-447.5 26.859181039792013 26.01659942574696
-447.0 26.844754221591845 26.004266831734853
-446.5 26.830274851111625 25.992052058862015
-446.0 26.81579873186414 25.979849151352145
-445.5 26.801454482690716 25.967767493806925
-445.0 26.78738552085541 25.955738436517912
-444.5 26.773498704475752 25.94380422174482
-444.0 26.759828387989963 25.93197795726516
-443.5 26.746298395218602 25.920262232478663
-443.0 26.73296663182709 25.908582762098536
-442.5 26.719750833905664 25.89700250725228
-442.0 26.706718180062687 25.885503305710145
-441.5 26.69378365096359 25.874015005231534
-441.0 26.680951309082918 25.862704242405506
-440.5 26.66823903274656 25.851370461200453
-440.0 26.65561853858197 25.840134357309953
-439.5 26.64313009165472 25.82897363238157
-439.0 26.630652954172906 25.81781827464768
-438.5 26.618311575383057 25.806766112197682
-438.0 26.60601881469589 25.795744532054886
-437.5 26.593732753294766 25.784801616231473
-437.0 26.581488428486956 25.77387577715806
-436.5 26.56930845725425 25.76302023346321
-436.0 26.557206215160658 25.752217259648113
-435.5 26.545047748221645 25.74146593669345
-435.0 26.532909800710964 25.730733831765015
-434.5 26.520816331458505 25.720059985619624
-434.0 26.508727703562936 25.709429754774643
-433.5 26.49660852349159 25.698817889586955
-433.0 26.484494147938502 25.68826442459715
-432.5 26.472405038597838 25.677716615664554
-432.0 26.460226727544637 25.66721484935276
-431.5 26.44807412079953 25.656779227171445
-431.0 26.43587754752152 25.646333026113986
-430.5 26.42365986460848 25.635942832233564
-430.0 26.411400028860502 25.625582269673068
-429.5 26.399108591843707 25.615245930146592
-429.0 26.386753679192413 25.60493336151241
-428.5 26.374361782998925 25.59463512590375
-428.0 26.361918717823457 25.584364443158712
-427.5 26.34942570061373 25.57411223619932
-427.0 26.336892643048945 25.56388177819082
-426.5 26.32429281687199 25.553699697439693
-426.0 26.311676431415073 25.543508154000296
-425.5 26.298915024786535 25.533338113800706
-425.0 26.28615927427346 25.523218701672832
-424.5 26.27328202445582 25.51309096546025
-424.0 26.260401603958204 25.503005216458217
-423.5 26.247359607543036 25.49290018753983
-423.0 26.234312378204955 25.482826424357548
-422.5 26.221143402330398 25.472773944034156
-422.0 26.207980980010937 25.46273121554899
-421.5 26.194716369872406 25.452674332138816
-421.0 26.181383220403696 25.44265119424688
-420.5 26.167967646510263 25.4326481016476
-420.0 26.154446864355904 25.42267075519247
-419.5 26.14088152356834 25.412681405448826
-419.0 26.12721203023404 25.402712417291195
-418.5 26.11349883747071 25.392746357573422
-418.0 26.09971312259887 25.382765709784266
-417.5 26.08583199780703 25.372843379078127
-417.0 26.07191045575833 25.3628970777293
-416.5 26.057874300261098 25.35294653108547
-416.0 26.043788194284264 25.34303072537323
-415.5 26.0296088308424 25.333120863114775
-415.0 26.015387581377002 25.323218371465487
-414.5 26.00101328963148 25.313314404050104
-414.0 25.986689595089373 25.30343625862747
-413.5 25.972307761114486 25.293532580428547
-413.0 25.957946092201215 25.283651866994163
-412.5 25.943567642810734 25.273802451558364
-412.0 25.929188434977174 25.263966296014488
-411.5 25.914836144523324 25.254153987368007
-411.0 25.90049146703214 25.244341288319166
-410.5 25.886163950852378 25.23457359613794
-410.0 25.871851864358156 25.224781137509083
-409.5 25.857536946146816 25.215018878311128
-409.0 25.84326309058075 25.205302628172834
-408.5 25.828997553877727 25.195610821011385
-408.0 25.814780524317694 25.185934557710773
-407.5 25.800630153391598 25.176281917543555
-407.0 25.78649943503455 25.166658269616864
-406.5 25.772366312341873 25.157051983688888
-406.0 25.758341719544404 25.147467362380624
-405.5 25.74431507877104 25.13793052307349
-405.0 25.73029485858943 25.128395074515065
-404.5 25.716367819340032 25.118920515382687
-404.0 25.702508335305417 25.10943906666688
-403.5 25.688661086191765 25.10001831985049
-403.0 25.674884309226087 25.090616734870114
-402.5 25.661160002358592 25.081235717716076
-402.0 25.64752748621228 25.07187904458524
-401.5 25.63386717672889 25.062592877917997
-401.0 25.620331069900605 25.053301787042944
-400.5 25.606851818976967 25.04407195023716
-400.0 25.59340140047423 25.03486454837139
-399.5 25.580025100653106 25.02566485021177
-399.0 25.566700374257728 25.016513724033196
-398.5 25.55344875508023 25.007410713381205
-398.0 25.540259976584085 24.99834895440984
-397.5 25.527144643065874 24.989294141087186
-397.0 25.514083415904913 24.980313158887316
-396.5 25.501138949065773 24.971357856374205
-396.0 25.488192461367394 24.96242049131105
-395.5 25.47532986028512 24.95353973475735
-395.0 25.46257553214756 24.94467815376044
-394.5 25.449844894216437 24.935840514802802
-394.0 25.437205232061334 24.927084147520198
-393.5 25.424614943833998 24.91834067359248
-393.0 25.412114835447845 24.90959472286082
-392.5 25.399652222198817 24.900962488198317
-392.0 25.38728522254732 24.892330482751866
-391.5 25.375012690436492 24.883722073715276
-391.0 25.36278083474114 24.875187137524627
-390.5 25.35059810842337 24.866662630722416
-390.0 25.33853918362301 24.858182823212562
-389.5 25.326510995378175 24.849754142788044
-389.0 25.3145547315478 24.84134686534088
-388.5 25.302692684502873 24.832987611249994
-388.0 25.290879136976233 24.824667405017117
-387.5 25.279168704967432 24.816382306403742
-387.0 25.26750615822811 24.808155901363897
-386.5 25.255929476315675 24.799937895149547
-386.0 25.244379153761095 24.7917776470663
-385.5 25.232961639741514 24.78366086354972
-385.0 25.22157398804343 24.77556825544161
-384.5 25.210273749783756 24.76753419943615
-384.0 25.199049484291436 24.759511763407076
-383.5 25.18790847296764 24.751568764566617
-383.0 25.176803194063055 24.743636359003776
-382.5 25.165757347202813 24.735753942954464
-382.0 25.15477730240423 24.72787350830002
-381.5 25.14382645392648 24.720036364369975
-381.0 25.132942706636648 24.712224233834583
-380.5 25.12204460701403 24.704419038882648
-380.0 25.11122772447818 24.696658868346898
-379.5 25.10043253872629 24.688913835247735
-379.0 25.089675739149513 24.681182635083374
-378.5 25.078966460511488 24.673492594719747
-378.0 25.068318558900273 24.66581555574151
-377.5 25.057689499390644 24.65815505657121
-377.0 25.0471140376904 24.650540461317952
-376.5 25.036597998354164 24.642930920592974
-376.0 25.02612411657568 24.635393061291893
-375.5 25.01566818276586 24.62783719944209
-375.0 25.00528778388634 24.620305380112868
-374.5 24.994918687839807 24.61284048186907
-374.0 24.984622099250444 24.605331239374728
-373.5 24.974368514707376 24.59790326620147
-373.0 24.964152639281323 24.590515857822794
-372.5 24.953987897121838 24.583093001437888
-372.0 24.94386656340385 24.57573015192618
-371.5 24.933782689697633 24.56839464249483
-371.0 24.923757745633633 24.561085073899513
-370.5 24.91376730024467 24.55379578654091
-370.0 24.9038226444771 24.546543206854366
-369.5 24.893923376877463 24.539318642681724
-369.0 24.884084379985584 24.532100890913433
-368.5 24.87428717141947 24.524936764673587
-368.0 24.864527681372827 24.51776182955646
-367.5 24.85482855272972 24.510639417899554
-367.0 24.845160983298623 24.503552108766463
-366.5 24.8355578353637 24.496483867683597
-366.0 24.82599078067031 24.489432841118056
-365.5 24.81647251797847 24.4824250007131
-365.0 24.80700582679234 24.475446929780006
-364.5 24.79758062908212 24.468489691955845
-364.0 24.78819918399571 24.461541207470155
-363.5 24.778856727831982 24.454643776401145
-363.0 24.769583393791905 24.447751284365804
-362.5 24.760340243931566 24.44090084800306
-362.0 24.75115066554789 24.434062070304204
-361.5 24.74199815652126 24.42725829245241
-361.0 24.732921224789234 24.42048363618546
-360.5 24.72386294244435 24.41374549887223
-360.0 24.71484571910908 24.407021978235935
-359.5 24.705886392622357 24.400339240682406
-359.0 24.696982765088137 24.393681467770833
-358.5 24.688125137275843 24.387034364894518
-358.0 24.679297684612607 24.380422217516195
-357.5 24.670507351343534 24.373845208682624
-357.0 24.661788716037268 24.367275919608154
-356.5 24.6531045866451 24.360759608114915
-356.0 24.644464607195896 24.35424749510711
-355.5 24.635879890305468 24.34780487457966
-355.0 24.62733698884744 24.34133823702713
-354.5 24.618814827916875 24.334909747360946
-354.0 24.610368554237585 24.328511696483744
-353.5 24.601962576049935 24.322157991025094
-353.0 24.59360020228953 24.315807652836984
-352.5 24.58527501868062 24.309491674395574
-352.0 24.57700416678024 24.30322383100687
-351.5 24.568766629611236 24.29694417681904
-351.0 24.560559141007282 24.290705802227585
-350.5 24.552391949157503 24.284489700326905
-350.0 24.54425043248183 24.278284474466474
-349.5 24.53613098575968 24.272099516994892
-349.0 24.52802641457677 24.265902102907727
-348.5 24.51995516100306 24.25974699692368
-348.0 24.511890820633138 24.25361981643372
-347.5 24.50387416814436 24.247480871379313
-347.0 24.495857792665475 24.2413697414567
-346.5 24.487877410874912 24.235272882008463
-346.0 24.479911839430347 24.22918734831434
-345.5 24.471999673543515 24.22311294466389
-345.0 24.464089126503893 24.21707239287408
-344.5 24.456211779853238 24.211041584512554
-344.0 24.44836259696696 24.2050435337706
-343.5 24.44053928463896 24.19904303514256
-343.0 24.43274655274859 24.193059251377687
-342.5 24.425002007598927 24.187110439920737
-342.0 24.41727925491294 24.18116540538266
-341.5 24.40957144261699 24.175230260885673
-341.0 24.40191151643736 24.169348572428078
-340.5 24.394273674137274 24.163465369576485
-340.0 24.386681650748447 24.157600332896465
-339.5 24.37910212939459 24.151769767085895
-339.0 24.371567309461813 24.145952072762373
-338.5 24.36405380450847 24.14013863232741
-338.0 24.356583959091125 24.134368370137697
-337.5 24.349127085704723 24.12861226014213
-337.0 24.34172795112529 24.122881810874972
-336.5 24.334352385195587 24.117162515329866
-336.0 24.327014474092188 24.11147173794157
-335.5 24.319738661315586 24.105781401284034
-335.0 24.312434663800765 24.100138079321574
-334.5 24.305209453389764 24.09450517232478
-334.0 24.29801514885549 24.088883624800847
-333.5 24.290845143761683 24.083306261966626
-333.0 24.283729537181905 24.077751162621645
-332.5 24.276618592467102 24.072199520568603
-332.0 24.269557792832636 24.066684573548947
-331.5 24.26253953537357 24.061192884727305
-331.0 24.255557766882994 24.055712314736574
-330.5 24.248597426276916 24.050259921232183
-330.0 24.241687219329087 24.044822500063905
-329.5 24.234822299489252 24.039427328688596
-329.0 24.22797994390126 24.034045152590195
-328.5 24.221172381972327 24.02869369102419
-328.0 24.214415245032587 24.023372095184424
-327.5 24.207700801698536 24.018048152127413
-327.0 24.201000798659926 24.012773128729037
-326.5 24.194343977645648 24.0075127759824
-326.0 24.187722313593596 24.00225322871906
-325.5 24.181153809288563 23.997049473302585
-325.0 24.174624331467264 23.991846909718156
-324.5 24.168114088368164 23.986678624077904
-324.0 24.161647743250676 23.98153866015342
-323.5 24.155227044684157 23.976436768152126
-323.0 24.14883909517414 23.97133489185878
-322.5 24.142483335987176 23.96626915902197
-322.0 24.136179871107863 23.961222579678356
-321.5 24.12991175195534 23.956207569093863
-321.0 24.123675875283194 23.95120854083904
-320.5 24.117487249472358 23.94622514757097
-320.0 24.1113158332505 23.94129229190284
-319.5 24.105196987676194 23.936374807331152
-319.0 24.099102153020265 23.931467748099976
-318.5 24.093037147247625 23.9265806224035
-318.0 24.08698891265093 23.921702534058277
-317.5 24.08093431905626 23.91683650436505
-317.0 24.07493770725957 23.91199342881306
-316.5 24.06894037740749 23.9071534760675
-316.0 24.062945533037222 23.902332169248275
-315.5 24.056979720701676 23.897525613194354
-315.0 24.051052068802093 23.89273000811078
-314.5 24.045138527653492 23.887947057079856
-314.0 24.03924133818161 23.88318617231382
-313.5 24.03336555734426 23.878417538345367
-313.0 24.027517283964674 23.873690452519362
-312.5 24.021688150496452 23.868984656130525
-312.0 24.01588341121881 23.864259542970974
-311.5 24.010089145140803 23.859583764991896
-311.0 24.004337155852078 23.854902310225587
-310.5 23.998594199127986 23.850247939300225
-310.0 23.992875122879877 23.845613960714086
-309.5 23.987191208462868 23.840978765249595
-309.0 23.98151437372658 23.836362225775567
-308.5 23.97587936156013 23.83177207828773
-308.0 23.970249489602104 23.827199956206933
-307.5 23.964643968399688 23.82264426769411
-307.0 23.95908097484324 23.818100160475154
-306.5 23.9535346175599 23.813565814654734
-306.0 23.948009653871086 23.80905806074476
-305.5 23.942514148545072 23.804560978008155
-305.0 23.937037390673154 23.80008689295419
-304.5 23.931591792928828 23.795620586506956
-304.0 23.926175367733727 23.791189358106898
-303.5 23.92076735421727 23.786753160755364
-303.0 23.915398255183558 23.782352582528034
-302.5 23.91006141849538 23.77797151031716
-302.0 23.904728864913572 23.773602128397798
-301.5 23.899438121488856 23.769247731243134
-301.0 23.89417096640969 23.764910753102306
-300.5 23.88893052726379 23.76059826578867
-300.0 23.883722648657905 23.75628169926599
-299.5 23.878533320026115 23.752011002610907
-299.0 23.87338149717924 23.74775801677913
-298.5 23.86824754304698 23.743516462584186
-298.0 23.863132139359998 23.739283463831722
-297.5 23.85807095072511 23.735085777769605
-297.0 23.853003718271182 23.73089518568898
-296.5 23.84801113702097 23.72673044652536
-296.0 23.84300952557681 23.722578563161033
-295.5 23.838046657682813 23.71843698246488
-295.0 23.83309684654657 23.71432659862631
-294.5 23.828190924821357 23.710233350351054
-294.0 23.82330664115837 23.706159526884516
-293.5 23.818469075167403 23.702102482750732
-293.0 23.81362770580628 23.698081893578888
-292.5 23.808830656966748 23.694068698837356
-292.0 23.804056994398103 23.690071852649773
-291.5 23.799309103180512 23.686081115342983
-291.0 23.794609553235944 23.682126054381598
-290.5 23.78990649218352 23.678193408518492
-290.0 23.785260433690738 23.67426767947282
-289.5 23.780635097330283 23.670371242934493
-289.0 23.77604642031947 23.66649168417571
-288.5 23.77147154022145 23.6626420417274
-288.0 23.766937306029327 23.658808545542847
-287.5 23.76243481738763 23.654981618848467
-287.0 23.757932568475088 23.65118457941501
-286.5 23.75346418663534 23.647389582298853
-286.0 23.749026610136706 23.64361716850027
-285.5 23.744601607651255 23.639862465864066
-285.0 23.7402031072385 23.63613141540215
-284.5 23.735825356569528 23.632421520665723
-284.0 23.731467357751747 23.62870340604035
-283.5 23.727135817341356 23.624997567870597
-283.0 23.722804357057434 23.621340552819635
-282.5 23.718502477114697 23.617668606914783
-282.0 23.71423906009815 23.614019431664186
-281.5 23.709983477209637 23.610394678038197
-281.0 23.705750335514146 23.606764037216795
-280.5 23.70155449039874 23.60317470646024
-280.0 23.69734607177254 23.599568551484637
-279.5 23.693170254823094 23.59600187445305
-279.0 23.68900650763175 23.59243946650322
-278.5 23.684874771746077 23.58889480788654
-278.0 23.68075474946556 23.585360040233674
-277.5 23.676646138256864 23.581835158451273
-277.0 23.672578177279988 23.578326086910813
-276.5 23.668492019645093 23.574825819039912
-276.0 23.664458470077797 23.571342559946338
-275.5 23.6604274940723 23.567870140767656
-275.0 23.656415519688338 23.56441670213534
-274.5 23.65241197269301 23.560968129490043
-274.0 23.64844227231356 23.557543975356495
-273.5 23.644466781930497 23.554117515604784
-273.0 23.640539463245346 23.550710839871787
-272.5 23.636595792633678 23.54731661445974
-272.0 23.632683345761002 23.54393324565858
