FastTrWP/PhaseSpace/IAs/snIa_0.36_30.00_-0.18_-0.21.csv
# %ECSV 0.9
# ---
# datatype:
# - {name: time-rel, datatype: float64}
# - {name: g, datatype: float64}
# - {name: i, datatype: float64}
# schema: astropy-2.0
time-rel g i
[from data line 361]
374.0 23.55686809390169 23.716233930900124
374.5 23.552593865267774 23.712876738327708
374.99999999999994 23.54833694076754 23.709508908663658
375.5 23.54408363580115 23.706147882085354
376.0 23.53985863461494 23.70279931300201
376.49999999999994 23.535623448474595 23.699466451017244
377.0 23.53141860986017 23.69612852922454
377.5 23.527201669483986 23.692788086958995
377.99999999999994 23.52299666873194 23.689473462477835
378.5 23.518790769893023 23.686143150166757
379.0 23.514615365675787 23.682842688460624
379.49999999999994 23.510428976721577 23.67951760143643
380.0 23.50626436929914 23.67622458911079
380.5 23.50209518216081 23.672929160426825
380.99999999999994 23.49792882709588 23.669625290401186
381.5 23.49379697930646 23.66634735239648
382.0 23.48965196832793 23.66306438139742
382.49999999999994 23.48551167344567 23.659785334972327
383.0 23.48139552311064 23.65651514540717
383.5 23.477275478281125 23.653231878518675
383.99999999999994 23.473165210657957 23.649990451942845
384.5 23.46906098539034 23.646723996810856
385.0 23.464962977444475 23.643485215251555
385.49999999999994 23.460876988429668 23.64023389351512
386.0 23.456800894376386 23.6369923440801
386.5 23.452724957529448 23.633765312871475
386.99999999999994 23.448658471202414 23.63053426781238
387.5 23.44460959599688 23.627295719240372
388.0 23.440561087794286 23.624080302105664
388.49999999999994 23.436504412001593 23.620860228023382
389.0 23.432479516327014 23.617647361276973
389.5 23.428441272004722 23.61444649343556
389.99999999999994 23.424439017883355 23.611236301046507
390.5 23.420410952620387 23.608044000959193
391.0 23.41639945584324 23.604856472431386
391.49999999999994 23.4124005266353 23.601666304051008
392.0 23.408401970626866 23.598474505929875
392.5 23.404418609505647 23.59529739228549
392.99999999999994 23.40044286764629 23.592129640172047
393.5 23.396452943169823 23.588955225170167
394.0 23.39249355560719 23.585788293321208
394.49999999999994 23.388529058589228 23.582623216146157
395.0 23.38458192647156 23.579467447880536
395.5 23.380623062449363 23.57631600588535
395.99999999999994 23.376681878760746 23.57316718115262
396.5 23.372743088227303 23.57001919880643
397.0 23.36881729442164 23.566889799164056
397.49999999999994 23.364896982669805 23.563740724673863
398.0 23.360987981945335 23.560608388171392
398.5 23.35707525002408 23.557488786788298
398.99999999999994 23.35316912891163 23.554356449302528
399.5 23.349267842433523 23.551243586489925
400.0 23.345369962068805 23.548129264173035
400.49999999999994 23.34149400733413 23.545018267627952
401.0 23.337592539337237 23.541896421507555
401.5 23.333693146678648 23.53877729719739
401.99999999999994 23.32978935382976 23.535661412282373
402.5 23.325879990338265 23.532543142457328
403.0 23.321976983547398 23.52942457679084
403.49999999999994 23.31806828740477 23.52630343026945
404.0 23.314150272839818 23.523184499601886
404.5 23.310238626005155 23.520059843590264
404.99999999999994 23.306321619455545 23.51693359022468
405.5 23.302405956267034 23.513816804203643
406.0 23.29849603915738 23.510700626959814
406.49999999999994 23.294592220170763 23.50758517721223
407.0 23.29068976619167 23.504469443290677
407.5 23.286777113698275 23.501361055668497
407.99999999999994 23.2828834257128 23.498252998690397
408.5 23.278986722821692 23.495147971279316
409.0 23.27508853381278 23.492031423908877
409.49999999999994 23.27119990431563 23.488943206015655
410.0 23.267314157829638 23.48585241472698
410.5 23.263445910943133 23.482763693096537
410.99999999999994 23.25957567426397 23.47966562428221
411.5 23.25571632370209 23.47659092441426
412.0 23.25186370927868 23.473507302717827
412.49999999999994 23.248013634106243 23.47043852417486
413.0 23.244192911689694 23.4673837377185
413.5 23.24035149033452 23.464310174296536
413.99999999999994 23.236534568172402 23.461251931397946
414.5 23.232721244214936 23.45820566670163
415.0 23.228928263250843 23.455164776890026
415.49999999999994 23.225131424400715 23.452120239473864
416.0 23.221357993718897 23.44910071959162
416.5 23.217591393975194 23.446077398385576
416.99999999999994 23.213837238557215 23.443054218950927
417.5 23.21010521314347 23.44005542476681
418.0 23.206372483644632 23.437047747437912
418.49999999999994 23.202651714128315 23.434065002936407
419.0 23.198958232942843 23.431086614961124
419.5 23.19526679165658 23.428117296160707
419.99999999999994 23.19160131853718 23.42514950973849
420.5 23.187937674886136 23.422187242225554
421.0 23.184303170926547 23.419248128610214
421.49999999999994 23.1806681984455 23.41630886484409
422.0 23.177066914705673 23.413389498522562
422.5 23.17346427503614 23.410474990009366
422.99999999999994 23.169895654927004 23.407561725422113
423.5 23.16633587502656 23.404670712265855
424.0 23.162796328784072 23.401781375022605
424.49999999999994 23.15927424307443 23.398907282832564
425.0 23.15576628010026 23.396040599306968
425.5 23.152274098565865 23.393190138290954
425.99999999999994 23.14879505556439 23.39034611860539
426.5 23.14535122637526 23.387519885459454
427.0 23.141912005648674 23.384693610332427
427.49999999999994 23.13850119296214 23.381900371640164
428.0 23.135109246520432 23.379113601023963
428.5 23.131737211353396 23.376329446363826
428.99999999999994 23.128397911275236 23.37355779885373
429.5 23.12506172494875 23.370800578467723
430.0 23.121756305639867 23.36807469521449
430.49999999999994 23.11847354936863 23.36533865241751
431.0 23.115201150902504 23.3626212846765
431.5 23.111960628494835 23.359917964287508
431.99999999999994 23.108741922046782 23.35723046921813
432.5 23.105534460193248 23.354564403228665
433.0 23.102365145669182 23.351895466622675
433.49999999999994 23.09918834957532 23.349235932342815
434.0 23.09603859457278 23.346583618487124
434.5 23.09288498767449 23.343944539886525
434.99999999999994 23.089730392646416 23.341296210155008
435.5 23.08659590689706 23.338677252441098
436.0 23.08347760971632 23.33604656155808
436.49999999999994 23.080361503493762 23.333429875361293
437.0 23.07725121628541 23.330816775995032
437.5 23.074164104516136 23.328206439166653
437.99999999999994 23.07106687743946 23.325603784825233
438.5 23.067995098744966 23.323006655663203
439.0 23.064921921578406 23.320412969164018
439.49999999999994 23.061858977832152 23.31783668079361
440.0 23.058816836943375 23.315261918784852
440.5 23.055782735326645 23.312706678093388
440.99999999999994 23.052765277946897 23.31013289627249
441.5 23.049749804371885 23.307586369596322
442.0 23.04674040011242 23.305037880912852
442.49999999999994 23.043745338855977 23.302497495865573
443.0 23.04076503965067 23.299969446478123
443.5 23.037802598761576 23.297445369836606
443.99999999999994 23.034848770255778 23.294936451562684
444.5 23.03189741681686 23.29242645275013
445.0 23.028962989787818 23.28992096566566
445.49999999999994 23.026035511072923 23.28743534032818
446.0 23.02313092341982 23.284947619402505
446.5 23.02024478246576 23.282465852476708
446.99999999999994 23.017351393977933 23.280001869046885
447.5 23.01447950184745 23.27753827263861
448.0 23.011627317640126 23.275103196549857
448.49999999999994 23.008779180974983 23.272649375144812
449.0 23.005954451207153 23.270221781570186
449.5 23.003132880004223 23.267797421451405
449.99999999999994 23.00032246055512 23.265373867781904
450.5 22.997536921231823 23.26297467517788
451.0 22.994757375187564 23.26057780153118
451.49999999999994 22.992002408806268 23.25818226297281
452.0 22.989250103324398 23.255807827475586
452.5 22.986511868886158 23.25342393516541
452.99999999999994 22.98380095355366 23.25106447798391
453.5 22.981098464280898 23.248719748185394
454.0 22.978398856059318 23.246364285411502
454.49999999999994 22.975726723198694 23.244032945224625
455.0 22.973055510812607 23.241715131298967
455.5 22.970403748144793 23.239396094310788
455.99999999999994 22.967784825089765 23.237080997457916
456.5 22.96516899514168 23.234785704816847
457.0 22.9625595573006 23.2325121878658
457.49999999999994 22.959971906748883 23.230223709296602
458.0 22.957407966184768 23.227952721006382
458.5 22.954845712002026 23.225697464497323
458.99999999999994 22.95230960501413 23.22345624066708
459.5 22.949786014694208 23.221227136692363
460.0 22.94726534347754 23.218997249874086
460.49999999999994 22.944785163898555 23.216775324336325
461.0 22.942307049898055 23.21458121381191
461.5 22.939862746435132 23.212378422872458
461.99999999999994 22.937406336336217 23.210193948701093
462.5 22.93497896119839 23.20801600930249
463.0 22.93257453018572 23.205853766643322
463.49999999999994 22.93017513083903 23.203699006905648
464.0 22.927800831751274 23.201565242986373
464.5 22.925450840689457 23.199425872786883
464.99999999999994 22.92310426330962 23.197304049479165
465.5 22.92076659878987 23.1951936497896
466.0 22.918465858553372 23.19309609294027
466.49999999999994 22.91616824616296 23.191000642086856
467.0 22.913866731806557 23.188907501624463
467.5 22.91159656814829 23.186837602926502
467.99999999999994 22.909328792994003 23.184776955490367
468.5 22.90706865520037 23.18269974223147
469.0 22.904827694166208 23.180645152099537
469.49999999999994 22.90259148027412 23.17860044758214
470.0 22.900386961196762 23.176555657781627
470.5 22.89817738177512 23.174529919942163
470.99999999999994 22.895981184096065 23.17250016277611
471.5 22.893801444181044 23.170496928463304
472.0 22.891623611635687 23.168488438812723
472.49999999999994 22.88946417904903 23.166480792935303
473.0 22.88731902902638 23.164483045873986
473.5 22.885185934120994 23.162517727482594
473.99999999999994 22.88305893986577 23.160532366989962
474.5 22.880941063102775 23.15855531099013
475.0 22.87884214509453 23.156597711462197
475.49999999999994 22.876751097147334 23.154636555731113
476.0 22.874675425848025 23.152688102972753
476.5 22.872593957159815 23.15076188373142
476.99999999999994 22.870536795143977 23.148819700314846
477.5 22.868497604077778 23.146891490588114
478.0 22.86645703802924 23.144982643583674
478.49999999999994 22.86444165753934 23.14307688082391
479.0 22.862423148071024 23.141172124999457
479.5 22.86042264966089 23.13926914128181
479.99999999999994 22.85843837059065 23.13738778155092
480.5 22.856461703054332 23.135507458960568
481.0 22.854485047512867 23.13363474396612
481.49999999999994 22.85254382029642 23.131777291407914
482.0 22.850596042187526 23.129923579806952
482.5 22.84866029198448 23.128060738664935
482.99999999999994 22.84673802445817 23.1262272718539
483.5 22.84483082768765 23.124391273053035
484.0 22.8429230299937 23.122562125397824
484.49999999999994 22.84103831818485 23.120744805999422
485.0 22.83915749928123 23.118930457573896
485.5 22.837287873583875 23.117119224230542
486.0 22.835441059003692 23.115322578443454
486.5 22.833595245473166 23.11353825929304
487.0 22.831758738518765 23.11175501903747
487.5 22.829933277781866 23.1099808551607
488.0 22.828124710486527 23.108206235190597
488.5 22.82632374636774 23.106434341231434
489.0 22.82453735801599 23.104677962459455
489.5 22.822758350915983 23.10293686472683
490.0 22.82098097110715 23.101188019024068
490.5 22.819227865574252 23.099452319415366
491.0 22.817481675087194 23.09772820114
491.5 22.81573661443025 23.09601942431518
492.0 22.814013585050542 23.094293968166802
492.5 22.812305092533094 23.092604377766328
493.0 22.81059897144807 23.090898106354114
493.5 22.808906403349432 23.089207527129286
494.0 22.807233384640313 23.087522079813585
494.5 22.8055533595494 23.085846116271544
495.0 22.80390039031746 23.084169030023766
495.5 22.802248109051064 23.082506466442375
496.0 22.800611661619797 23.080850522280436
496.5 22.798972971265655 23.079209037669738
497.0 22.797360070960323 23.07756801521492
497.5 22.79575723743516 23.075939879339614
498.0 22.79415697400077 23.074301941099176
498.5 22.792562843514368 23.07268000200368
499.0 22.790994482316165 23.071066598138344
499.5 22.789428018581695 23.06945447256477
500.0 22.787860726694092 23.06785054422532
500.5 22.786312713938166 23.066246627757536
501.0 22.784764710601756 23.06465764739997
501.5 22.78324658727032 23.06307725660609
502.0 22.78171367248538 23.061493497243575
502.5 22.780201221924695 23.0599222341993
503.0 22.778686680847642 23.05834798750084
503.5 22.777197282666645 23.056793417877152
504.0 22.775694981263342 23.055241171925182
504.5 22.774225679482974 23.053693458783705
505.0 22.772761134319246 23.052141902791845
505.5 22.771297786825016 23.050605836258033
506.0 22.769852476177714 23.049080044038934
506.5 22.76841144492217 23.04755041490752
507.0 22.766976292675256 23.04602866361147
507.5 22.76554650440532 23.04451850793353
508.0 22.764129874841608 23.04301605502514
508.5 22.7627325488384 23.041515391580933
509.0 22.761331705004643 23.040018913867183
509.5 22.759947596245414 23.038519883745533
510.0 22.758567623734876 23.037052574389158
510.5 22.757206627930344 23.03556991652011
511.0 22.75584772234124 23.034099424665364
511.5 22.75448657347015 23.032627418334705
512.0 22.753151838632423 23.031175230996404
512.5 22.751818802060065 23.029730061557075
513.0 22.75049873149711 23.02828213894476
513.5 22.74918605022121 23.026837182119067
514.0 22.747881978586157 23.025409532238193
514.5 22.74657767642726 23.023985696245177
515.0 22.745300202480895 23.022555481845206
515.5 22.744024496043252 23.021140899043857
516.0 22.742759970719952 23.019739337921834
516.5 22.741498962092727 23.01833404869701
517.0 22.740249135273434 23.016936961076226
517.5 22.739013896715818 23.015552025812866
518.0 22.73778808157583 23.014163614452293
518.5 22.736570429745274 23.012783265330498
519.0 22.735350139606755 23.011408495755514
519.5 22.73415822448866 23.01004570850058
520.0 22.73295986973691 23.008688350945114
520.5 22.73177744417593 23.00733198009102
521.0 22.73060764165681 23.005986930587802
521.5 22.729440109957796 23.004645533730354
522.0 22.728292399009604 23.00330094986243
522.5 22.72715181937126 23.00197297577499
523.0 22.726011234128656 23.000651643408258
523.5 22.724890776177883 22.999335507628448
524.0 22.723774046169083 22.99802487325518
524.5 22.722665170655965 22.99671968520095
525.0 22.7215747382394 22.995422029979686
525.5 22.720487620783988 22.994120917448832
526.0 22.71941059779551 22.99283561578672
526.5 22.718345384925907 22.991560627096206
527.0 22.717279405364014 22.990285845710304
527.5 22.716227535809765 22.98902282769912
528.0 22.71519243485163 22.98775412203075
528.5 22.71416147828029 22.986506797253096
529.0 22.713149696146573 22.985261837370977
529.5 22.712127408991307 22.984014175457265
530.0 22.711134683473464 22.982785249324667
530.5 22.71014947676806 22.981544022533043
531.0 22.709164738834748 22.980323830192695
531.5 22.708196766426262 22.979102480915813
532.0 22.70722787314629 22.97789015926787
532.5 22.706281744428672 22.976690941002897
533.0 22.705334289360557 22.97548054912818
533.5 22.70441027969197 22.974295100254075
534.0 22.703487796229105 22.973109782593504
534.5 22.702576674528373 22.971925432793014
535.0 22.701673718487285 22.970744910808634
535.5 22.700769183515497 22.969575975207995
536.0 22.699888981056738 22.96842258447537
536.5 22.699006116974868 22.96726490382052
537.0 22.698134828561443 22.96610203023343
537.5 22.69727744327035 22.964971940045494
538.0 22.696427751172166 22.963820533366295
538.5 22.695582154420034 22.962680004989082
539.0 22.694752951775186 22.961559577774352
539.5 22.693924999543654 22.960440451078135
540.0 22.69310819748332 22.959313080396157
540.5 22.692305709473658 22.958202055653288
541.0 22.691508055645585 22.957108800359972
541.5 22.69071562850052 22.956005887979963
542.0 22.68993264541384 22.954897708941925
542.5 22.689157757871836 22.95381023135846
543.0 22.688396621158713 22.95272303483047
543.5 22.687636321154372 22.951656188969523
544.0 22.68688381558013 22.950573549712775
544.5 22.68614238615621 22.949501306639174
545.0 22.68540542408894 22.94843769405116
545.5 22.684682929975377 22.947378775377093
546.0 22.68396998718523 22.946327311778823
546.5 22.683251708374492 22.94526156193221
