FastTrWP/PhaseSpace/IAs/snIa_0.39_30.00_-0.48_-0.25.csv
# %ECSV 0.9
# ---
# datatype:
# - {name: time-rel, datatype: float64}
# - {name: g, datatype: float64}
# - {name: i, datatype: float64}
# schema: astropy-2.0
time-rel g i
[from data line 1417]
298.5 23.301120886170366 22.841031295529852
299.0 23.302803198490295 22.84171989820372
299.4999999999999 23.304485480050886 22.842403017701386
300.0 23.306159384209224 22.843077991220426
300.5 23.30781997630606 22.84377364418312
300.9999999999999 23.309493022086926 22.84446499038452
301.5 23.311181634693384 22.84516370989642
302.0 23.31285491374008 22.84584980261306
302.4999999999999 23.314527476274996 22.846549873969998
303.0 23.316209847193818 22.847250737144492
303.5 23.31790212495971 22.847952817903597
303.9999999999999 23.319578421426776 22.848661570916992
304.5 23.321251465589853 22.849355684950154
305.0 23.322943341757117 22.850067343798337
305.4999999999999 23.324633285883138 22.850770431560044
306.0 23.326307858807173 22.851491813257724
306.5 23.327997033219763 22.852201300713666
306.9999999999999 23.329672700879662 22.85292005506305
307.5 23.331361285901192 22.853643530842195
308.0 23.33305354828013 22.85436636087057
308.4999999999999 23.334745043617016 22.85508289104371
309.0 23.336438067217248 22.855810704885243
309.5 23.33812405807236 22.85653432081473
309.9999999999999 23.339825080182912 22.857264051652358
310.5 23.341504994277848 22.857998360444252
311.0 23.34319722887402 22.858735296862207
311.4999999999999 23.344890942109533 22.859465347129483
312.0 23.346589280324007 22.86020559833061
312.5 23.34829262478276 22.860940116085516
312.9999999999999 23.349984088059713 22.86168126348288
313.5 23.35168763329699 22.862427652827897
314.0 23.353395002312745 22.863173597426307
314.4999999999999 23.35507673275014 22.863925541594277
315.0 23.35677959195813 22.864663322471102
315.5 23.358486922031922 22.86542045731999
315.9999999999999 23.360197067512498 22.866171146213752
316.5 23.36190059481471 22.866927002751126
317.0 23.363610672906297 22.86768650644385
317.4999999999999 23.365319645304293 22.868454371859034
318.0 23.367034621225745 22.869208395736223
318.5 23.368734085055532 22.869973594176912
318.9999999999999 23.37044839432687 22.87074391818182
319.5 23.372163439177353 22.87150422032621
320.0 23.373869542541463 22.872270225524233
320.4999999999999 23.375587166185937 22.873045953780856
321.0 23.37730286495374 22.873824375045903
321.5 23.379020264215 22.874599401060138
321.9999999999999 23.380735696117114 22.87537750720629
322.5 23.382466535255475 22.876158356750523
323.0 23.384189761797693 22.876943280619226
323.4999999999999 23.38591990914693 22.877735647317877
324.0 23.387640057065262 22.87851820947019
324.5 23.389355486390222 22.879322467673017
324.9999999999999 23.391085074116997 22.880112655347755
325.5 23.392817953128024 22.880921563803966
326.0 23.394543935534298 22.881724915548705
326.4999999999999 23.396258645930445 22.882533953236166
327.0 23.398000859752518 22.88334824845409
327.5 23.399728740683617 22.884152615520442
327.9999999999999 23.40146432288941 22.88497305039011
328.5 23.403194310289287 22.885795552156303
329.0 23.404923822044587 22.886614103464385
329.4999999999999 23.40666606848067 22.88744158022819
330.0 23.40840121220041 22.888265849106784
330.5 23.410136041091427 22.889097252364955
330.9999999999999 23.411880210450633 22.88992923261826
331.5 23.41361631161794 22.89076655596835
332.0 23.415365387203117 22.891607579053822
332.4999999999999 23.417096925343767 22.892448606366962
333.0 23.418837389814286 22.893290167161343
333.5 23.420587561594143 22.89413386731182
333.9999999999999 23.422322750247183 22.894983723629416
334.5 23.42408040510119 22.89583177294866
335.0 23.425827177912883 22.896687444640126
335.4999999999999 23.427580935358364 22.8975349001973
336.0 23.42931861293043 22.89839475736706
336.5 23.431071262393747 22.89925590876432
336.9999999999999 23.43282908654162 22.900107755322388
337.5 23.434582708060404 22.90097361335986
338.0 23.43632495708785 22.901843003049137
338.4999999999999 23.4380835027019 22.902701332533624
339.0 23.43983600104949 22.90356128571862
339.5 23.44159923730262 22.904434351920493
339.9999999999999 23.4433604002447 22.905310937160202
340.5 23.44511675650201 22.906172640523238
341.0 23.446875046604085 22.907057044962414
341.4999999999999 23.44863307805188 22.9079266419725
342.0 23.450404643713114 22.908802819000552
342.5 23.45216056066627 22.90968452202685
342.9999999999999 23.45392455663277 22.910554437817865
343.5 23.455686971226235 22.911430160180757
344.0 23.457451174796255 22.912304739889706
344.4999999999999 23.459221494198033 22.91318900696027
345.0 23.46098919176307 22.91407418326711
345.5 23.46275225534951 22.91495036353252
345.9999999999999 23.46453025187511 22.915838281610398
346.5 23.466306705575022 22.916714812251534
347.0 23.46807252063224 22.917595662439506
347.4999999999999 23.46984481979164 22.918485082007216
348.0 23.471615912755993 22.919376492608905
348.5 23.47339914468266 22.92025793519874
348.9999999999999 23.47516354731582 22.921145112483515
349.5 23.47694868963324 22.922024587567545
350.0 23.478729558536028 22.922907114551172
350.4999999999999 23.48051050636321 22.923798127153137
351.0 23.482287655556803 22.924687459648947
351.5 23.484061603530165 22.925571842935653
351.9999999999999 23.485842506800743 22.92645264213113
352.5 23.487635437592033 22.92734138484193
353.0 23.489420362937743 22.928224527306895
353.4999999999999 23.491205346646314 22.92911155070936
354.0 23.492975795065703 22.929992047832325
354.5 23.494768436380863 22.930877714766076
354.9999999999999 23.496563692471394 22.93176513161788
355.5 23.498351237267414 22.932649963687023
356.0 23.500143799208534 22.933532048698076
356.4999999999999 23.501938104776542 22.93442377346218
357.0 23.503730288127326 22.935303837581593
357.5 23.5055213495964 22.93619407571187
357.9999999999999 23.507309081687712 22.937090756047812
358.5 23.509091731474726 22.93798467652007
359.0 23.510906371635652 22.938881068198377
359.4999999999999 23.512701620931544 22.939771982139142
360.0 23.514490935204265 22.94066440176359
360.5 23.516291075202762 22.941574331939385
360.9999999999999 23.518084432863876 22.942465358072543
361.5 23.51989083304675 22.943379016675305
362.0 23.521695131307006 22.944274035285012
362.4999999999999 23.523497283972997 22.945170201185817
363.0 23.525302147197593 22.946086022031476
363.5 23.527106247327524 22.94699400922253
363.9999999999999 23.528916857799768 22.947898652536765
364.5 23.53072464004328 22.948798871715393
365.0 23.532528197354218 22.949718317119427
365.4999999999999 23.534341452993605 22.950626680954286
366.0 23.53613242546817 22.95153255546742
366.5 23.537956903734308 22.952448550709153
366.9999999999999 23.53976398119204 22.953376850058223
367.5 23.541584639526768 22.954282702271897
368.0 23.543403016743028 22.955198956887347
368.4999999999999 23.545204455969674 22.95612060769896
369.0 23.54702392560447 22.957027991257597
369.5 23.548854822221767 22.957945584372585
369.9999999999999 23.550662379581865 22.95886396922225
370.5 23.5524768175462 22.959785606454584
371.0 23.55429797389742 22.960709834351285
371.4999999999999 23.556120991091603 22.96163460450256
372.0 23.557944312687155 22.962547678034877
372.5 23.55976696658655 22.963471760744923
372.9999999999999 23.56159483822344 22.964396562827893
373.5 23.563414488087588 22.965311838651367
374.0 23.565248332221284 22.966250984670772
374.4999999999999 23.567069960350153 22.96716028996293
375.0 23.568903894316463 22.96809474943345
375.5 23.57073214136213 22.969008219265504
375.9999999999999 23.572568592172594 22.969941960305306
376.5 23.57439311503964 22.970859880888334
377.0 23.576219668852453 22.97178428181946
377.4999999999999 23.578061251608517 22.972709845444513
378.0 23.579904569755158 22.973632231344485
378.5 23.58173321095997 22.97456354895442
378.9999999999999 23.583578087308457 22.97549024201515
379.5 23.58540897171071 22.976405441478263
380.0 23.5872583849794 22.97733405565743
380.4999999999999 23.589091861028027 22.978255053589272
381.0 23.590939073275123 22.979178449884024
381.5 23.592785743142038 22.98010531143514
381.9999999999999 23.594618773609746 22.981019836133044
382.5 23.596472056941966 22.981954908810152
383.0 23.598317194106485 22.98286848170182
383.4999999999999 23.60016088859364 22.983796599525014
384.0 23.60201206033195 22.98472440963331
384.5 23.603864416668273 22.985648050620462
384.9999999999999 23.60570615840871 22.986564024592944
385.5 23.60757159091234 22.98748910591605
386.0 23.609429920440746 22.988402199245748
386.4999999999999 23.611276488839557 22.98932721329157
387.0 23.61312687876046 22.99024270244313
387.5 23.61499509621639 22.991157931814527
387.9999999999999 23.616845247868802 22.992083879053126
388.5 23.61872165645905 22.992997238510867
389.0 23.620569932398865 22.99391406901489
389.4999999999999 23.62243448760001 22.994832512126845
390.0 23.624294417516708 22.995737067332147
390.5 23.62615476646286 22.99666038017414
390.9999999999999 23.62801573384641 22.99757735884291
391.5 23.62987939532203 22.998483238300956
392.0 23.63174825264009 22.999408444606182
392.4999999999999 23.633612910237144 23.000324191809085
393.0 23.635487368164174 23.00123825907263
393.5 23.63735510223222 23.002149488107694
394.0 23.639232290684 23.00307484523112
394.5 23.641084959689106 23.003977840238562
395.0 23.642963117219843 23.00490169280777
395.5 23.644835953758175 23.00581182547034
396.0 23.646708389068966 23.00672994998262
396.5 23.648591685363538 23.007644805209967
397.0 23.65045863006717 23.00855481104158
397.5 23.652335782821673 23.009471739418945
398.0 23.65421766834938 23.010394397920138
398.5 23.65608705167618 23.011305904483798
399.0 23.657976696902367 23.01222027463321
399.5 23.65985799076652 23.013134506111612
400.0 23.661749174455995 23.01404441743479
400.5 23.663626149671536 23.014960546306874
401.0 23.665521812206357 23.01588693748365
401.5 23.66738903652729 23.016804331621795
402.0 23.6692705798942 23.01771115755971
402.5 23.671164212690663 23.018633520974273
403.0 23.673061072791974 23.019543815294746
403.5 23.67494565566323 23.020460074373833
404.0 23.676837843837966 23.021376992750685
404.5 23.67872032431507 23.022290663329464
405.0 23.680622675668964 23.02319747176034
405.5 23.682520809732623 23.024115024608548
406.0 23.684424245803022 23.025045400396415
406.5 23.686312048275546 23.025951748797407
407.0 23.688207602682102 23.02686990264825
407.5 23.690112935070836 23.02778271610389
408.0 23.692021388915343 23.028697717337465
408.5 23.693920016082238 23.029618693846277
409.0 23.695820229024353 23.030536676390856
409.5 23.69773010908255 23.031453575969497
410.0 23.699634336763147 23.032380532713148
410.5 23.701543008262522 23.033289644020858
411.0 23.703452432678397 23.034206842713175
411.5 23.70536815204412 23.035126451830404
412.0 23.707288117670853 23.03603768556137
412.5 23.70920216763895 23.036957495774445
413.0 23.7111146948358 23.03787689195371
413.5 23.713026243158318 23.0387869416137
414.0 23.714944333375392 23.039713144043276
414.5 23.71686873201628 23.040633139556654
415.0 23.718782858492098 23.041550675619597
415.5 23.720711629741608 23.04247061131165
416.0 23.72262991649137 23.04338648669649
416.5 23.724559347934267 23.04430601150048
417.0 23.726494096939565 23.04522681712005
417.5 23.72841685757073 23.046150721674717
418.0 23.730357873473395 23.04706735190942
418.5 23.73229306001899 23.04799479513582
419.0 23.734220018671444 23.04890121813998
419.5 23.73617176846741 23.04983000969052
420.0 23.73810711687652 23.050756234345716
420.5 23.740040136487007 23.051669360734238
421.0 23.741980795636017 23.05260130933854
421.5 23.74393317761241 23.053521412991564
422.0 23.745869634052855 23.054436174531247
422.5 23.74781762284595 23.055354417037563
423.0 23.749772865013906 23.056283515625896
423.5 23.75171109315348 23.05720640654873
424.0 23.753676582467612 23.058122945640115
424.5 23.755625695614256 23.05905885469236
425.0 23.757560966438508 23.059971245464812
425.5 23.75952269726796 23.060894416172456
426.0 23.761481296466975 23.061814240040107
426.5 23.763439047157547 23.06274291590272
427.0 23.76539791190894 23.063661623531022
427.5 23.767357874091207 23.06458189374117
428.0 23.769332726308395 23.06550760531958
428.5 23.771279506032418 23.066434746464367
429.0 23.773242980801193 23.067355085924163
429.5 23.775221533520195 23.06827673029084
430.0 23.777177538781995 23.06919947197737
430.5 23.779145293217642 23.070120498474232
431.0 23.781107913391057 23.071057484553556
431.5 23.783097003554232 23.071974276370945
432.0 23.785071360263426 23.072901508713123
432.5 23.787035570908444 23.073817749454886
433.0 23.78900638822827 23.07474509498228
433.5 23.79099495488746 23.075659334826284
434.0 23.79297475044455 23.0765899407817
434.5 23.794950660337413 23.077520884501528
435.0 23.79694034502969 23.078438180772505
435.5 23.798911437812453 23.079358598397334
436.0 23.80089383151978 23.08029812052027
436.5 23.802880439617113 23.081218375482905
437.0 23.804879414223382 23.082153124003348
437.5 23.806866184688175 23.083072992563824
438.0 23.808844150147404 23.08399948119507
438.5 23.810848650274124 23.08492834336284
439.0 23.812844741568313 23.08584803771987
439.5 23.814842407096258 23.0867736388376
440.0 23.816832464265666 23.087706525094287
440.5 23.818842217647163 23.08862715340205
441.0 23.820840395407707 23.08955623788998
441.5 23.822839628156057 23.09048407652467
442.0 23.82484065916485 23.091413059819303
442.5 23.826850988390408 23.09234607121674
443.0 23.82886077959069 23.093260275411364
443.5 23.830881040466654 23.09418631686839
444.0 23.832887708732162 23.095126528648787
444.5 23.834898728442944 23.096058531260326
445.0 23.836916124508072 23.09698619125244
445.5 23.838944407848746 23.097911002457074
446.0 23.840954668910154 23.098847444208594
446.5 23.842980481167473 23.099772435809165
447.0 23.8450065673559 23.100707558166654
447.5 23.847024786859073 23.10164453324581
448.0 23.849049646644428 23.10256755488657
448.5 23.85108556353803 23.103487786049328
449.0 23.853107781105223 23.10443042641774
449.5 23.855140940793436 23.105367770799496
450.0 23.857177384974896 23.106296862690307
450.5 23.859223937700925 23.10723012658615
451.0 23.861267126553155 23.108168547154825
451.5 23.863303413109893 23.109100565038723
452.0 23.865343482334108 23.11002853134689
452.5 23.867392051731706 23.11096402433524
453.0 23.869437927141885 23.11189934566858
453.5 23.87148768868758 23.112834440990284
454.0 23.87353646185245 23.113764357724147
454.5 23.875594929784288 23.11469872438614
455.0 23.877662577118418 23.115629775808326
455.5 23.879708992953105 23.11656878988359
456.0 23.881770866564203 23.11749907822559
456.5 23.88383762823655 23.118436175052782
457.0 23.885892139392016 23.119379133004006
457.5 23.887959363996842 23.120326157216006
458.0 23.890027809349043 23.121259029852737
458.5 23.89210014873545 23.122188706041094
459.0 23.89417454133437 23.123136033122652
459.5 23.896255239732056 23.124066224527922
460.0 23.898310621915297 23.125003548951653
460.5 23.90040447533628 23.125952552014848
461.0 23.90246856468671 23.126886173294757
461.5 23.904555951265433 23.127830839587965
462.0 23.906644851247787 23.128759342371122
462.5 23.90873128256715 23.12971062561481
463.0 23.910830434898187 23.130639573803265
463.5 23.91290149353153 23.13157377726403
464.0 23.914998901757734 23.132526801740006
464.5 23.9170927506252 23.133474003047475
465.0 23.91919815718984 23.134413188279453
465.5 23.921284943248683 23.135353835605272
466.0 23.923377934650738 23.136296324074447
466.5 23.92548470830865 23.137243859229038
467.0 23.92760362022697 23.138176270588747
467.5 23.929705797483237 23.13911620494595
468.0 23.931807297499844 23.1400646277574
468.5 23.933925910332196 23.141006354710825
469.0 23.936036051536128 23.141953556271687
469.5 23.93814601695159 23.142886237249527
470.0 23.94025747071133 23.143843474263615
470.5 23.94236805111047 23.144782183191744
471.0 23.944486472782373 23.145728493827757
471.5 23.946621924215915 23.146678285531024
472.0 23.94875321285494 23.147619896610276
472.5 23.950867998750468 23.148564540029554
473.0 23.95299171972369 23.149510690728373
473.5 23.955134559407647 23.150448536806078
