FastTrWP/PhaseSpace/IAs/snIa_0.40_30.00_-1.03_0.01.csv
# %ECSV 0.9
# ---
# datatype:
# - {name: time-rel, datatype: float64}
# - {name: g, datatype: float64}
# - {name: i, datatype: float64}
# schema: astropy-2.0
time-rel g i
[from data line 867]
658.6666666666666 23.136789063627738 22.450465660183212
659.1666666666666 23.13727431534528 22.44998211762425
659.6666666666666 23.13775846907479 22.449507987744312
660.1666666666666 23.138254948462517 22.44903305397471
660.6666666666666 23.138756987892677 22.448559711158495
661.1666666666666 23.139270713224608 22.44809551833408
661.6666666666666 23.139794250613104 22.44762513910881
662.1666666666666 23.140318491456515 22.447166206113707
662.6666666666666 23.140860155109273 22.446703644967112
663.1666666666666 23.14140791075777 22.446260887132517
663.6666666666666 23.141964301383425 22.44581150956162
664.1666666666666 23.142519403413488 22.445357209373157
664.6666666666666 23.143088030759017 22.44491984906372
665.1666666666666 23.143661349662228 22.444469075027076
665.6666666666666 23.14424893611244 22.444037861205857
666.1666666666666 23.14484463392871 22.443598928916725
666.6666666666666 23.14543959947008 22.443169274861088
667.1666666666666 23.146044537321174 22.44274255784074
667.6666666666666 23.146654628525223 22.442317022729412
668.1666666666666 23.147284088388997 22.44189056474567
668.6666666666666 23.147912156883685 22.441474342161033
669.1666666666666 23.148545569174225 22.44106786779692
669.6666666666666 23.149189968055637 22.440654553763938
670.1666666666666 23.149839324908143 22.440247817542932
670.6666666666666 23.150491637164173 22.439841134516225
671.1666666666666 23.15114801464943 22.439443982499125
671.6666666666666 23.15181915482839 22.439038497864235
672.1666666666666 23.152498608538398 22.438643624531412
672.6666666666666 23.153169068776982 22.43825618141527
673.1666666666666 23.153864896085743 22.437861591140322
673.6666666666666 23.15454874549578 22.437476920756993
674.1666666666666 23.155250342213233 22.43709635167314
674.6666666666666 23.155955427290856 22.43671886259351
675.1666666666666 23.156659764832987 22.436346017328844
675.6666666666666 23.157375710438593 22.435968332134667
676.1666666666666 23.158099196918414 22.435601850287313
676.6666666666666 23.158818236393714 22.435233490266793
677.1666666666666 23.159551965011914 22.434873610941764
677.6666666666666 23.160291269116208 22.434514942211123
678.1666666666666 23.161029930652994 22.43415399849953
678.6666666666666 23.161774058519033 22.433801105168662
679.1666666666666 23.16252447461973 22.4334540046343
679.6666666666666 23.163281080341083 22.433104775131593
680.1666666666666 23.16403080988738 22.432763205687813
680.6666666666666 23.164797497537386 22.432419160139503
681.1666666666666 23.1655630951817 22.432072759864077
681.6666666666666 23.166336260580913 22.43174277277355
682.1666666666666 23.167121233546737 22.431410467498697
682.6666666666666 23.167891855877546 22.431088014821764
683.1666666666666 23.168683107225863 22.43075734369262
683.6666666666666 23.169463688750437 22.430434476104644
684.1666666666666 23.17025024180311 22.43010957292491
684.6666666666666 23.171053154056356 22.42979892466375
685.1666666666666 23.171844293536793 22.429477433357235
685.6666666666666 23.17265903950976 22.42917352978536
686.1666666666666 23.17345702276256 22.428858210121888
686.6666666666666 23.17426411635525 22.428554733030612
687.1666666666666 23.175065980185398 22.42826292030081
687.6666666666666 23.175881734917795 22.42795026222825
688.1666666666666 23.17670196988074 22.427656629315354
688.6666666666666 23.177531718678498 22.427363140730073
689.1666666666666 23.1783439878056 22.427075251764915
689.6666666666666 23.179154850071015 22.426785787322572
690.1666666666666 23.179993241090582 22.426503937150297
690.6666666666666 23.180819368529136 22.426213547927453
691.1666666666666 23.181649565579512 22.425943002320285
691.6666666666666 23.182480976201596 22.425663398972475
692.1666666666666 23.183315447326464 22.425384138623684
692.6666666666666 23.184143122744096 22.425115515743652
