FastTrWP/PhaseSpace/IAs/snIa_0.64_30.00_-0.79_0.19.csv
# %ECSV 0.9
# ---
# datatype:
# - {name: time-rel, datatype: float64}
# - {name: g, datatype: float64}
# - {name: i, datatype: float64}
# schema: astropy-2.0
time-rel g i
[from data line 867]
635.7916666666666 24.65058125415665 22.166953240671713
636.2916666666666 24.651402279724746 22.16664215872107
636.7916666666666 24.652199596140967 22.166333928194128
637.2916666666666 24.653044147699447 22.166035736627883
637.7916666666666 24.653867994160557 22.165734026584772
638.2916666666666 24.65467097239795 22.16543926751146
638.7916666666666 24.655535201489023 22.165147595890513
639.2916666666666 24.656381760103017 22.16486214444952
639.7916666666666 24.657221939574356 22.164570010872183
640.2916666666666 24.658077593738533 22.16429354587724
640.7916666666666 24.658938680272108 22.164011345263788
641.2916666666666 24.659806568143992 22.163741062522583
641.7916666666666 24.66067610567235 22.16346663862297
642.2916666666666 24.66152638406605 22.163198558180653
642.7916666666666 24.662412161224744 22.162934951421832
643.2916666666666 24.663279636884674 22.16267400857509
643.7916666666666 24.66418837482533 22.16241483729863
644.2916666666666 24.66508796639203 22.16216369783919
644.7916666666666 24.665995982604095 22.16191270653787
645.2916666666666 24.666882839391636 22.16166486383817
645.7916666666666 24.667799683719185 22.161424302938006
646.2916666666666 24.668728749188226 22.161182075597257
646.7916666666666 24.669638003852224 22.160949845278658
647.2916666666666 24.67056120953471 22.16071453460117
647.7916666666666 24.671481321844055 22.16048381162318
648.2916666666666 24.672424525407624 22.16025889573817
648.7916666666666 24.67335755945683 22.16003837258927
649.2916666666666 24.67431246943952 22.15981784642762
649.7916666666666 24.675268262287272 22.159606111431533
650.2916666666666 24.676213647268824 22.15939035923393
650.7916666666666 24.677186390294747 22.159181876014067
651.2916666666666 24.678152248917606 22.158977062318673
651.7916666666666 24.679132602687623 22.158777038217508
652.2916666666666 24.68011435677021 22.15858649246301
652.7916666666666 24.68109857041938 22.158391942393557
653.2916666666666 24.68208112591895 22.158201673072902
653.7916666666666 24.68308477766152 22.158012111227702
654.2916666666666 24.68408167238796 22.157830075411198
654.7916666666666 24.68507521886591 22.157653713764613
655.2916666666666 24.686084400509284 22.157479405284924
655.7916666666666 24.687108750213042 22.157311692306763
656.2916666666666 24.688128121012213 22.157144447665292
656.7916666666666 24.689162228705097 22.156975057568985
657.2916666666666 24.690194114901427 22.156816246423958
657.7916666666666 24.691234445955573 22.156665899520732
658.2916666666666 24.692276221204335 22.156515771049598
658.7916666666666 24.693338029189857 22.156367579323963
659.2916666666666 24.69441154675119 22.156221763706977
659.7916666666666 24.69549608810373 22.156083456301182
660.2916666666666 24.6965934731209 22.15594698480768
660.7916666666666 24.69766853796734 22.15581978966235
661.2916666666666 24.698771483189653 22.15569850462572
661.7916666666666 24.699875290501993 22.155578287171206
662.2916666666666 24.700985190809735 22.155457142471757
662.7916666666666 24.702100166658596 22.155346161356494
663.2916666666666 24.703226686603625 22.15524167897452
663.7916666666666 24.704356627077736 22.155131476718548
664.2916666666666 24.70549621630805 22.155029980336813
664.7916666666666 24.706634544598955 22.154933757963047
665.2916666666666 24.70782114717897 22.15484351167469
665.7916666666666 24.708975297288312 22.154755142277548
666.2916666666666 24.71014620068211 22.15466761023425
666.7916666666666 24.711297652063152 22.154580068161252
667.2916666666666 24.712499521299005 22.154509785061236
667.7916666666666 24.713694436929163 22.154437547062003
668.2916666666666 24.714868304859788 22.15436396010704
668.7916666666666 24.7160873329536 22.15429417412558
669.2916666666666 24.717304038595827 22.154236654092273
669.7916666666666 24.71851743040691 22.154177766248296
670.2916666666666 24.7197198725095 22.154117022038662
670.7916666666666 24.720956377774144 22.154063833594947
671.2916666666666 24.722175181703875 22.154012356540726
671.7916666666666 24.723433174439688 22.15397507752192
672.2916666666666 24.724669689586115 22.153925988569792
672.7916666666666 24.725925162352 22.153885926049437
673.2916666666666 24.727167793176722 22.153852872698163
673.7916666666666 24.728431652099516 22.153815531503547
674.2916666666666 24.729684434246373 22.15379125007862
674.7916666666666 24.730950627459162 22.153758951022915
675.2916666666666 24.732218396602306 22.153727378613155
675.7916666666666 24.733538711977708 22.15371198026036
676.2916666666666 24.734802270612644 22.153700078206366
676.7916666666666 24.736098584397542 22.153677685137794
677.2916666666666 24.73739254282141 22.153664692881243
677.7916666666666 24.738702850498147 22.15366019334597
678.2916666666666 24.740016062481743 22.153651572074025
678.7916666666666 24.74131719394505 22.1536478346672
679.2916666666666 24.74262341520828 22.1536437469925
679.7916666666666 24.74398725184917 22.153644763860605
680.2916666666666 24.74524951403435 22.153646528730917
680.7916666666666 24.746611869591963 22.15365463401987
681.2916666666666 24.747950635283186 22.153668350501448
681.7916666666666 24.749262650266438 22.15367369609538
682.2916666666666 24.75060194566303 22.153693604497402
682.7916666666666 24.75196365201876 22.15371284407943
683.2916666666666 24.75330421188396 22.153735428997958
683.7916666666666 24.75466643052506 22.153747275998718
684.2916666666666 24.75601025514961 22.153771314989804
684.7916666666666 24.757380707168252 22.15379495161718
685.2916666666666 24.758730767472244 22.153823045026737
685.7916666666666 24.76010718820808 22.153854692152347
686.2916666666666 24.761488007505235 22.15388053269685
686.7916666666666 24.762860994272458 22.153920295101713
687.2916666666666 24.764203579110458 22.15395403335662
687.7916666666666 24.76558664233517 22.15399249393286
688.2916666666666 24.766984184637387 22.154039749419077
688.7916666666666 24.76836061467626 22.15407426064865
689.2916666666666 24.76975676040012 22.154119825241715
689.7916666666666 24.771149334074025 22.154164410777433
690.2916666666666 24.772501043682546 22.154212979390216
690.7916666666666 24.7739199382221 22.154264175753497
691.2916666666666 24.775316670226687 22.154312673549658
691.7916666666666 24.776710110942744 22.154363801309906
692.2916666666666 24.778122301388883 22.154424616373696
692.7916666666666 24.779536938756856 22.154472164647125
693.2916666666666 24.780932918276374 22.154526605249053
693.7916666666666 24.782319374765557 22.15459088833887
694.2916666666666 24.78374853561773 22.15465071521239
694.7916666666666 24.785149989101363 22.15470575625096
695.2916666666666 24.78657963021021 22.1547796372152
695.7916666666666 24.787952570889217 22.154843284709468
