FastTrWP/PhaseSpace/IAs/snIa_0.44_30.00_-0.17_0.02.csv
# %ECSV 0.9
# ---
# datatype:
# - {name: time-rel, datatype: float64}
# - {name: g, datatype: float64}
# - {name: i, datatype: float64}
# schema: astropy-2.0
time-rel g i
[from data line 287]
335.2083333333333 24.39591221741193 23.441101856169446
335.7083333333333 24.391248720558725 23.437737297762503
336.2083333333333 24.386607600665297 23.43437498659286
336.7083333333333 24.381962052473018 23.4310164307567
337.2083333333333 24.377333171234667 23.42766560191432
337.7083333333333 24.372722814478127 23.424319081527504
338.2083333333333 24.368122192423144 23.420978936744735
338.7083333333333 24.363508326701762 23.41764826720695
339.2083333333333 24.358936634292316 23.414311834905487
339.7083333333333 24.354351165592686 23.410997760498343
340.2083333333333 24.349779914464197 23.407676415048257
340.7083333333333 24.34523380234797 23.40437382167805
341.2083333333333 24.34068010473024 23.401060061142314
341.7083333333333 24.336154097217708 23.397748563684
342.2083333333333 24.331620182801178 23.394469013758762
342.7083333333333 24.327096738140014 23.39117074878647
343.2083333333333 24.322581410932578 23.387899243164068
343.7083333333333 24.318093598610112 23.38462025300206
344.2083333333333 24.313621261058927 23.381337750243066
344.7083333333333 24.30913241126302 23.378076271511247
345.2083333333333 24.304654166287772 23.37480168945799
345.7083333333333 24.300172457895194 23.371554312292503
346.2083333333333 24.29574385337229 23.368287162354736
346.7083333333333 24.291286452784217 23.36504243481254
347.2083333333333 24.286843631711655 23.361803200932236
347.7083333333333 24.28242382352796 23.358577863285106
348.2083333333333 24.278009197514272 23.355335087842253
348.7083333333333 24.273603665944847 23.35209915738428
349.2083333333333 24.269167485643777 23.348877084944
349.7083333333333 24.26480182454887 23.345658494343766
350.2083333333333 24.260417464301547 23.34245332105802
350.7083333333333 24.25604946654362 23.339254327772693
351.2083333333333 24.25167989469204 23.33605041039043
351.7083333333333 24.247362200157617 23.332869536984173
352.2083333333333 24.242994845011793 23.32966781802942
352.7083333333333 24.238665450792553 23.326486241382977
353.2083333333333 24.234353329516853 23.32331460711543
353.7083333333333 24.230030032158943 23.320142972164604
354.2083333333333 24.22571902367227 23.316982285147688
354.7083333333333 24.221420551302884 23.31381516807442
355.2083333333333 24.217129120612398 23.310670933767245
355.7083333333333 24.212855868247342 23.30751877571742
356.2083333333333 24.20859103499213 23.304367887768578
356.7083333333333 24.204333473930927 23.301233192657755
357.2083333333333 24.20008615513901 23.29809632320757
357.7083333333333 24.195841128878044 23.294976461897463
358.2083333333333 24.191604476522144 23.291842300893364
358.70833333333326 24.187375290639586 23.28873481992148
359.2083333333333 24.183164517710498 23.285613487158145
359.7083333333333 24.178972458099913 23.282507249319227
360.20833333333326 24.174764189236406 23.279418147587847
360.7083333333333 24.170563082131622 23.27630669232976
361.2083333333333 24.166389520089183 23.273223500557204
361.70833333333326 24.16221765771093 23.2701375470062
362.2083333333333 24.158046342591653 23.267046413125044
362.7083333333333 24.153895732865138 23.26397731312467
363.20833333333326 24.149743461350937 23.260900632544672
363.7083333333333 24.14558988094694 23.25783201253344
364.2083333333333 24.141458071016736 23.25476743794287
364.70833333333326 24.137344000304175 23.251706124334007
365.2083333333333 24.133208330042923 23.24864247328052
365.7083333333333 24.129105721358034 23.2456102364911
366.20833333333326 24.125013180357847 23.24256009031226
366.7083333333333 24.120901087708088 23.239528030868474
367.2083333333333 24.116823559966022 23.236483748062142
367.70833333333326 24.112737651489404 23.2334511820012
368.2083333333333 24.10866279382155 23.23042853341256
368.7083333333333 24.10459954356128 23.22740710675241
369.20833333333326 24.10054086779486 23.22438495409299
369.7083333333333 24.096503767444922 23.22136267642356
370.2083333333333 24.092455720059345 23.21835188115137
370.70833333333326 24.088406342299695 23.215353312687732
371.2083333333333 24.084394804910985 23.212338827251436
371.7083333333333 24.080377380044343 23.20936096756858
372.20833333333326 24.076354207128645 23.206362236715155
372.7083333333333 24.072349509211314 23.203372803202008
373.2083333333333 24.06834764515469 23.20038642268701
373.70833333333326 24.06434544847668 23.19741108663517
374.2083333333333 24.060369522488347 23.19443145558975
374.7083333333333 24.056397148615876 23.191461031983334
375.20833333333326 24.05242360747184 23.18848690541124
375.7083333333333 24.04846321030803 23.185523538367917
376.2083333333333 24.044511070423628 23.182561756235277
376.70833333333326 24.040555472009398 23.179604719036867
377.2083333333333 24.036606806934905 23.176653501089515
377.7083333333333 24.03266926576449 23.173699391828055
378.20833333333326 24.028745751962433 23.170757497163624
378.7083333333333 24.024815457219137 23.16781318863692
379.2083333333333 24.020906060665812 23.164892371659636
379.70833333333326 24.01697744299249 23.161950962937887
380.2083333333333 24.01308617697541 23.159014555958333
380.7083333333333 24.009188452432724 23.156081296618677
381.20833333333326 24.00528609564852 23.153160039232816
381.7083333333333 24.001402196812307 23.150242823238237
382.2083333333333 23.997522840836922 23.14731826178781
382.70833333333326 23.993654653075133 23.144409738359542
383.2083333333333 23.989772543543957 23.141492644340573
383.7083333333333 23.985885292760713 23.138578114845387
384.20833333333326 23.981998710750002 23.135666132719727
384.7083333333333 23.97810975275842 23.13274671667171
385.2083333333333 23.974222150000134 23.129835713841654
385.70833333333326 23.970332220368707 23.126903280369735
386.2083333333333 23.966437571220975 23.12400131064085
386.7083333333333 23.962548039753052 23.121074327878727
387.20833333333326 23.95865387806319 23.118153121081967
387.7083333333333 23.954758468132287 23.11525634118722
388.2083333333333 23.950862394172503 23.1123336303056
388.70833333333326 23.946969602141195 23.109422369160967
389.2083333333333 23.943092091737913 23.106504046412493
389.7083333333333 23.93921112327459 23.103598402202287
390.20833333333326 23.93532343024606 23.100702004958542
390.7083333333333 23.931446877621806 23.09778837841915
391.2083333333333 23.92758604049896 23.09488878063457
391.70833333333326 23.923711278682106 23.09199511033244
392.2083333333333 23.91985628146962 23.08909466812388
392.7083333333333 23.915988789122018 23.086203105080877
393.20833333333326 23.91214040669571 23.083316057423367
393.7083333333333 23.90829591958276 23.08042982495
394.2083333333333 23.90446009772209 23.077545337527404
394.70833333333326 23.900631520941246 23.074668984553103
395.2083333333333 23.89680258769607 23.07180746801603
395.7083333333333 23.89298802684927 23.068929500161055
396.20833333333326 23.88918626495345 23.06606354490053
396.7083333333333 23.885388221244376 23.063211537755677
397.2083333333333 23.88160639384484 23.060353117473888
397.70833333333326 23.877832500988006 23.05750434650731
398.2083333333333 23.87405575383051 23.05465916344424
398.7083333333333 23.870294281822634 23.051833428377794
399.20833333333326 23.866561313784366 23.049003655954255
399.7083333333333 23.86282178023052 23.046177891942126
400.2083333333333 23.859092187278307 23.04335880103538
400.70833333333326 23.855386498423115 23.040549374987215
401.2083333333333 23.851679495897407 23.037745305765082
401.7083333333333 23.848005384101537 23.034951017027637
402.20833333333326 23.84431944396684 23.03215680073217
402.7083333333333 23.840665989641177 23.029375889505765
403.2083333333333 23.837017395103462 23.026598787889256
403.70833333333326 23.833380663794497 23.023831300686748
404.2083333333333 23.82976247900688 23.021066750986336
404.7083333333333 23.826151610947306 23.018321793910705
405.20833333333326 23.82256091549884 23.015575472237174
405.7083333333333 23.818998266475337 23.012838106724928
406.2083333333333 23.815434986937028 23.010110137242698
406.70833333333326 23.811898810341955 23.00739290412883
407.2083333333333 23.808374201174654 23.00468094762894
407.7083333333333 23.80486040220545 23.001979377313155
408.20833333333326 23.80136845347409 22.99929323071811
408.7083333333333 23.797892413191505 22.996606276978248
409.2083333333333 23.79443192422963 22.993930196599337
409.70833333333326 23.790992678461123 22.991280187024255
410.2083333333333 23.7875798472228 22.988616459472027
410.7083333333333 23.784164197270563 22.98597287103175
411.20833333333326 23.780773422355598 22.983342705967537
411.7083333333333 23.777409816820303 22.98072048516444
412.2083333333333 23.774060176990396 22.978108896062743
412.70833333333326 23.770735681574237 22.975505048797785
413.2083333333333 23.767421872962835 22.972902478726418
413.7083333333333 23.764122569177637 22.970335511103418
414.20833333333326 23.760848231460294 22.967763385616642
414.7083333333333 23.75760480357745 22.96519831981666
415.2083333333333 23.754371029828086 22.96265057995358
415.70833333333326 23.751164555854135 22.960108124059502
416.2083333333333 23.747959983460305 22.95759423245773
416.7083333333333 23.744801278903097 22.955073152274288
417.20833333333326 23.741648154140375 22.952571271340076
417.7083333333333 23.73851308130324 22.950072927617096
418.2083333333333 23.73538186653306 22.94758752064871
418.70833333333326 23.732255856760965 22.945095729288877
419.2083333333333 23.7291380044051 22.942610959048253
419.7083333333333 23.726050919339144 22.940119801009704
420.20833333333326 23.7229446640113 22.93765037777539
420.7083333333333 23.719841283685504 22.935189323342296
421.2083333333333 23.716765190096 22.932728003731015
421.70833333333326 23.713698255848563 22.930272180532608
422.2083333333333 23.71063281951649 22.92782097483809
422.7083333333333 23.70759031058291 22.92537279854432
423.20833333333326 23.70453485807427 22.922937103272602
423.7083333333333 23.701509261754264 22.920499637585223
424.2083333333333 23.69848822300299 22.918071270658764
424.70833333333326 23.69546333608817 22.915652395328216
425.2083333333333 23.692464214299022 22.9132331028396
425.7083333333333 23.68947309619852 22.91083049942566
426.20833333333326 23.686475281308617 22.908423511568067
426.7083333333333 23.683514981025688 22.90602629054641
427.2083333333333 23.680545546559863 22.903634365614167
427.70833333333326 23.677601312090903 22.901247293459164
428.2083333333333 23.67464978654599 22.89886821410343
428.7083333333333 23.671723871270146 22.896491177830967
429.20833333333326 23.6688185797805 22.894129637952155
429.7083333333333 23.665912020720725 22.891778891168364
430.2083333333333 23.662997446365253 22.889417939529643
430.70833333333326 23.66012591298381 22.887071067999123
431.2083333333333 23.657239824648183 22.88473439144275
431.7083333333333 23.654384001922367 22.882398911451062
432.20833333333326 23.65153690292093 22.880072604621255
432.7083333333333 23.648692098590054 22.877761865752397
433.2083333333333 23.64586828385484 22.875453543904896
433.70833333333326 23.64305288311662 22.87314665009672
434.2083333333333 23.640258588833028 22.870841427705667
434.7083333333333 23.637467572705294 22.868554108230946
435.20833333333326 23.634687424364046 22.866279878930726
435.7083333333333 23.63192462868041 22.863999146910853
436.2083333333333 23.629171127458655 22.86172514243922
436.70833333333326 23.62642750314608 22.859474751365667
437.2083333333333 23.623705830320052 22.857216201696144
437.7083333333333 23.620995041027776 22.854966622620857
438.20833333333326 23.618288921622977 22.852738399017902
438.7083333333333 23.615607187321665 22.85050460643271
439.2083333333333 23.612943850436395 22.848285288033257
439.70833333333326 23.61027670138679 22.8460641665103
440.2083333333333 23.607635217787394 22.843866427838666
440.7083333333333 23.60500368728396 22.8416703414641
441.20833333333326 23.602386031065812 22.839481274557897
441.7083333333333 23.599779767502433 22.83729298410325
442.2083333333333 23.59719148699277 22.8351210021301
442.70833333333326 23.594607674001228 22.83295437296911
443.2083333333333 23.592062719425062 22.830801659297816
443.7083333333333 23.589506751684194 22.82865310871619
444.20833333333326 23.586980781503687 22.826515968968284
444.7083333333333 23.584450735191147 22.82437477608375
445.2083333333333 23.581939587877624 22.822253982807382
445.70833333333326 23.5794573510764 22.820132731265232
446.2083333333333 23.576985887604867 22.81803297956802
446.7083333333333 23.574517875990185 22.815934959079623
447.20833333333326 23.57207197122535 22.813843859655275
447.7083333333333 23.569650528045717 22.811753257057422
448.2083333333333 23.567230920224862 22.809686186081386
448.70833333333326 23.564818005296626 22.8076240224561
449.2083333333333 23.56243552286069 22.805566985582093
449.7083333333333 23.560075076999553 22.803522383117123
450.20833333333326 23.557720798864622 22.801479748783517
450.7083333333333 23.555374266367544 22.79945785640487
451.2083333333333 23.55306251619752 22.79744204317265
451.70833333333326 23.55074575871739 22.795427303901562
452.2083333333333 23.548458305979857 22.79342675287095
452.7083333333333 23.54615905609097 22.79143029467612
453.20833333333326 23.543887447766494 22.789439638205632
453.7083333333333 23.541627247228764 22.78745789653797
454.2083333333333 23.539374442194525 22.785478980203045
454.70833333333326 23.53713022741385 22.783519797395382
455.2083333333333 23.534914446816995 22.78155171112308
455.7083333333333 23.532692535509106 22.77959979632659
456.20833333333326 23.530478819114705 22.777639305336173
456.7083333333333 23.528279371255394 22.77570423814989
457.2083333333333 23.526089530156604 22.77376304655138
457.70833333333326 23.523923736827484 22.771831336735154
458.2083333333333 23.521745120235767 22.769907523989804
458.7083333333333 23.51959877514307 22.767991793934673
459.20833333333326 23.51744999322081 22.766080984257407
459.7083333333333 23.51531387830981 22.76417483478998
460.2083333333333 23.513188045611855 22.76227714082171
460.70833333333326 23.51107390342449 22.760393085993957
461.2083333333333 23.508973293069225 22.7585122269606
461.7083333333333 23.50688823477227 22.756629442221644
462.20833333333326 23.504801567985652 22.754761745117413
462.7083333333333 23.502731597471254 22.752895182583075
463.2083333333333 23.500669219032893 22.751034850637897
463.70833333333326 23.498629553666053 22.749187966308888
464.2083333333333 23.496586600847618 22.74733468017097
464.7083333333333 23.494547172045017 22.745496376763793
465.20833333333326 23.492528265631073 22.74365911533152
465.7083333333333 23.49052572045808 22.741833731237392
466.2083333333333 23.488518292257275 22.74000634187004
466.70833333333326 23.48653289241426 22.73818572807189
467.2083333333333 23.484558376598997 22.736374544522548
467.7083333333333 23.482586176384782 22.734580422996036
468.20833333333326 23.480634824433032 22.732785358778266
468.7083333333333 23.478691693504135 22.730991277120964
469.2083333333333 23.476735487334366 22.72920780362663
469.70833333333326 23.47481274801403 22.727430371672117
470.2083333333333 23.47290479153405 22.725663650885704
470.7083333333333 23.47099601861366 22.723888808263947
471.20833333333326 23.469103261951272 22.722137467970455
471.7083333333333 23.46721399434886 22.720385063285132
472.2083333333333 23.46532504649773 22.7186335946284
472.70833333333326 23.46345873164818 22.716891329674702
473.2083333333333 23.461608963563766 22.71515252609843
473.7083333333333 23.45976768644359 22.713426313862755
474.20833333333326 23.45791897180604 22.711705599961462
474.7083333333333 23.45610033788709 22.709991999253646
475.2083333333333 23.454284068744574 22.70827740425762
475.70833333333326 23.452470265888667 22.706571700588512
476.2083333333333 23.450679124712558 22.70487067304343
476.7083333333333 23.448887208271806 22.703176932524425
477.20833333333326 23.447124144056243 22.701490434465235
477.7083333333333 23.445344316478028 22.699811504066997
478.2083333333333 23.443590041113577 22.69813294435489
478.70833333333326 23.441840457801646 22.69647301646247
