FastTrWP/PhaseSpace/IAs/snIa_0.39_30.00_-0.48_-0.25.csv
# %ECSV 0.9
# ---
# datatype:
# - {name: time-rel, datatype: float64}
# - {name: g, datatype: float64}
# - {name: i, datatype: float64}
# schema: astropy-2.0
time-rel g i
[from data line 700]
-60.0 22.66659122928701 22.94664135194825
-59.5 22.665868618866035 22.94546777148385
-59.0 22.66515841925671 22.944296245283976
-58.5 22.66445924161247 22.943131348411
-58.0 22.663759168975155 22.941979406230153
-57.5 22.663077951244173 22.940813822159352
-57.0 22.662400811744106 22.939665533443684
-56.5 22.661719573136185 22.93852381911958
-56.0 22.66106002059169 22.937379103062
-55.5 22.66040492238371 22.93624647791563
-55.0 22.65974971117219 22.935110771420646
-54.5 22.659104685374288 22.93398236877952
-54.0 22.65848186409834 22.932863549237382
-53.5 22.657852459087096 22.931736121686775
-53.0 22.65723579411523 22.930624070751403
-52.5 22.65661783570301 22.92951597927758
-52.0 22.656014305919086 22.928407899741444
-51.5 22.655419858272907 22.927306639487565
-51.0 22.654828939346313 22.92621272922497
-50.5 22.65424444853746 22.92511909445221
-50.0 22.65366905370501 22.924011319616934
-49.5 22.653106887534378 22.92294693884445
-49.0 22.652543386120314 22.921846257604223
-48.5 22.65199193871965 22.920781997815634
-48.0 22.65144497476588 22.91971011876074
-47.5 22.650904507518945 22.91863313655142
-47.0 22.650368802942463 22.917572292086618
-46.5 22.649850874093612 22.916513055175407
-46.0 22.64932742265995 22.915452470880243
-45.5 22.648819587472563 22.914400448217883
-45.0 22.648311946464684 22.913359316548096
-44.5 22.647810153273742 22.91229984189872
-44.0 22.647315970829602 22.911278716980803
-43.5 22.64683276537179 22.910233870948144
-43.0 22.646355711710203 22.909196186432172
-42.5 22.64589088319196 22.90817370548813
-42.0 22.645439280283743 22.90715455956097
-41.5 22.64498941511098 22.90613950470968
-41.0 22.644554709150423 22.905128581491354
-40.5 22.64412827665376 22.90411896233011
-40.0 22.643710332753106 22.90310891450842
-39.5 22.643295504783136 22.90212273189109
-39.0 22.64289322870761 22.901118275951163
-38.5 22.64250716779541 22.900135186160313
-38.0 22.64211986190834 22.89915681638576
-37.5 22.641741179360572 22.898169047400035
-37.0 22.641373847007866 22.89719836820933
-36.5 22.6410176175928 22.896227811468606
-36.0 22.64066980814739 22.895255364104127
-35.5 22.640322323096168 22.894299017180998
-35.0 22.63998670518773 22.893335469554998
-34.5 22.63965693734578 22.892384903627743
-34.0 22.639332953548156 22.891429879192394
-33.5 22.63901656531288 22.890480741020273
-33.0 22.63872433936453 22.889544258965167
-32.5 22.63842103194939 22.88860392359554
-32.0 22.638128524538374 22.88766841184821
-31.5 22.63784531354853 22.886739744140474
-31.0 22.637563076329936 22.885815851998956
-30.5 22.63729093006072 22.88489748254552
-30.0 22.63703300184391 22.883969265654503
-29.5 22.636775047466106 22.883055267631125
-29.0 22.636519326552673 22.8821421793609
-28.5 22.63627855979351 22.881245967106473
-28.0 22.63603686347309 22.880323633986528
-27.5 22.635800938290576 22.87943009060188
-27.0 22.635577639382145 22.87852555131359
-26.5 22.63535061808625 22.877627158024907
-26.0 22.635137240406124 22.876744979018248
-25.5 22.634922544979887 22.87585745912145
-25.0 22.634728141252896 22.874969977043712
-24.5 22.63451826046825 22.874090717543734
-24.0 22.634327783247077 22.873211921134327
-23.5 22.634146462384166 22.87233405953539
-23.0 22.633957829411475 22.871459498706557
-22.5 22.633783707747593 22.870585663587924
-22.0 22.63360090312965 22.869724591289433
-21.5 22.633429336824396 22.86886104795723
-21.0 22.633266891302842 22.86800264596677
-20.5 22.6331130418386 22.867138706919903
-20.0 22.632947797014793 22.86628263254912
-19.5 22.63279974521922 22.865433012590376
-19.0 22.632652519900805 22.86458699002537
-18.5 22.632506799336937 22.86374398322613
-18.0 22.632372737347115 22.862887387492037
-17.5 22.632230122303962 22.86204737720281
-17.0 22.632101245584554 22.86121317174309
-16.5 22.63196216305702 22.860382550205117
-16.0 22.63184128352151 22.859549159785754
-15.5 22.631730595888 22.858711103078196
-15.0 22.631611565570342 22.857880900734557
-14.5 22.631492827143703 22.85704929622442
-14.0 22.631384159239794 22.856239991511444
-13.5 22.631271476498096 22.855405627777557
-13.0 22.631167267056785 22.85458366043962
-12.5 22.631056947423218 22.8537623508277
-12.0 22.630959765519787 22.85294504054017
-11.5 22.63085758677821 22.852133129645264
-11.0 22.630762741233532 22.851313643775452
-10.5 22.63067268385258 22.850501183286305
-10.0 22.630570485819458 22.849706199499572
-9.5 22.630497112459082 22.84889179281054
-9.0 22.630422613334105 22.84809169004884
-8.5 22.630333821247184 22.847293381840533
-8.0 22.630264237731037 22.846489773928194
-7.5 22.630192302491196 22.845700700597497
-7.0 22.630133823682698 22.844907266747594
-6.5 22.63007628785235 22.84411621201635
-6.0 22.630012710090362 22.84332623991345
-5.5 22.62996661141912 22.84253699937323
-5.0 22.629920135256015 22.841758275298467
-4.5 22.62987549728752 22.840982221390757
-4.0 22.629842644504397 22.8402034765999
-3.5 22.62980430579652 22.839430199729478
-3.0 22.629782401256836 22.83864810902986
-2.5 22.629755725318077 22.837881005601744
-2.0 22.629737389722038 22.83712189848466
-1.5 22.629727781310862 22.836356477511796
-1.0 22.629715407868 22.835579588398556
-0.5 22.629711588514514 22.834829993385913
0.0 22.629706189450843 22.8340726139392
0.5 22.629717479762963 22.83331845010176
1.0 22.629724231302507 22.83257242583314
1.5 22.62973608538382 22.83181973353253
2.0 22.62974741887161 22.831073941076188
2.5 22.629773786408904 22.830326585953426
3.0 22.62980854891954 22.82958218719894
3.5 22.629831395799208 22.828854985275093
4.0 22.629872457768506 22.828115246433562
4.5 22.6299129870528 22.827389903738112
5.0 22.629959366449064 22.826646426000046
5.5 22.630012120568313 22.825928531630172
6.0 22.630075332497512 22.82520524278889
6.5 22.630128726352027 22.82448599665814
7.0 22.630193752629367 22.823761940149954
7.5 22.630265049609232 22.823046050976735
8.0 22.630336532397006 22.82233436022317
8.5 22.630421373608215 22.821629816541964
9.0 22.630503639722704 22.820925112628654
9.5 22.630598438935962 22.82021744997202
10.0 22.630694227453283 22.819513846699458
10.5 22.630793241037583 22.818812237425497
11.0 22.630895835049223 22.818113333704897
11.5 22.631010490145798 22.817425803826193
12.0 22.631128612296877 22.816733867567017
12.5 22.631240553858824 22.816052759693257
13.0 22.63136939638294 22.815356686773892
13.5 22.631502303772855 22.814684988601016
14.0 22.63163644688106 22.814008007620906
14.5 22.63177908474546 22.813316713670723
15.0 22.631925831785203 22.812652472122963
15.5 22.632077922523628 22.81198525694854
16.0 22.6322249323457 22.811316783642535
16.5 22.63239321303519 22.810654335251776
17.0 22.63256264014016 22.809994084549917
17.5 22.63273510992448 22.809333980185897
18.0 22.63291301528556 22.808678485601746
18.5 22.633090180429623 22.808024834105616
19.0 22.633277380276382 22.807377672897996
19.5 22.633480744330733 22.806724330179122
20.0 22.633677230128022 22.806083647963916
20.5 22.633876127077805 22.805447890324192
21.0 22.634078237604072 22.804801550562903
21.5 22.634302844932193 22.804180609934033
22.0 22.63451718923735 22.80353970149614
22.5 22.634745753775434 22.802915404603038
23.0 22.634978985969063 22.802284921436037
23.5 22.635210242253798 22.80166344522886
24.0 22.635448236210433 22.80104396706507
24.5 22.63569478728833 22.800419423711297
25.0 22.63595082750877 22.79981696783942
25.5 22.636204613029193 22.799195880796223
26.0 22.6364727326322 22.798583508541984
26.5 22.636731304135516 22.797974884704367
27.0 22.637000463249038 22.797380508917712
27.5 22.63728116733189 22.796768998663648
28.0 22.637551983201053 22.796168674184685
28.5 22.637841503897548 22.7955723493861
29.0 22.638133165870997 22.79497561598836
29.5 22.63842688627492 22.79438615737476
30.0 22.63872426989545 22.79379608608416
30.5 22.63903056604089 22.79321175489214
31.0 22.639345210319153 22.79261918179778
31.5 22.639651498434574 22.792036885070136
32.0 22.63998681125375 22.79146029643076
32.5 22.640299875199208 22.790886212772467
33.0 22.640640065423803 22.790308944654885
33.5 22.640973379632502 22.789738798091047
34.0 22.641316519038455 22.789172707387127
34.5 22.641659532619354 22.788602085422767
35.0 22.642014618057456 22.78803589057624
35.5 22.642369891443607 22.787482888931265
36.0 22.642740245069675 22.7869205701704
36.5 22.643103082588585 22.786367762554022
37.0 22.643470437437777 22.78580778107343
37.5 22.643847679429946 22.785261973797123
38.0 22.64423424298688 22.78471139682871
38.5 22.644624319120304 22.78416873290533
39.0 22.645014167210036 22.783627507339684
39.5 22.645407933641817 22.783089314790548
40.0 22.64582469637318 22.782552723869895
40.5 22.646235614412845 22.782020200517383
41.0 22.646653139715504 22.781487364721077
41.5 22.647073259774366 22.780966387761698
42.0 22.647494369894424 22.780435632087872
42.5 22.647927970585542 22.779911660624542
43.0 22.648369398088324 22.77939019604193
43.5 22.648808946762987 22.77887180509404
44.0 22.64925233330933 22.778355553955496
44.5 22.649701918617552 22.777848330649263
45.0 22.65017557232401 22.777334369300437
45.5 22.650636546364574 22.77683883574833
46.0 22.651100609408267 22.776328385815706
46.5 22.65158034117139 22.77582939789506
47.0 22.652058831580483 22.77532898699938
47.5 22.652551064255192 22.774834981287665
48.0 22.653042452737658 22.774347452133746
48.5 22.653540598856743 22.773850100618315
49.0 22.654043554204165 22.773367176218894
49.5 22.654546143671066 22.772885435671547
50.0 22.655068610708593 22.77241503885975
50.5 22.65559307472957 22.77192797527174
51.0 22.65612063856651 22.771455403377978
51.5 22.6566489021062 22.770984035422003
52.0 22.657191047808205 22.77051673409143
52.5 22.657729746341914 22.770045411344295
53.0 22.658280494544822 22.76959119391975
53.5 22.65883827393429 22.769126013960456
54.0 22.65939937163152 22.768671880397434
54.5 22.659974827328575 22.76821992239888
55.0 22.66054327055725 22.767770343348953
55.5 22.661115692666684 22.767316644611423
56.0 22.661706991638624 22.76687058300968
56.5 22.66229383092528 22.766425639538213
57.0 22.66290645112459 22.765993337862348
57.5 22.66351265809735 22.765555218142396
58.0 22.664125603142068 22.765118009408386
58.5 22.664761527150965 22.7646849505036
59.0 22.66538742345038 22.764256036095958
59.5 22.666025140251918 22.763833133989564
60.0 22.66667390740341 22.763408536182265
60.5 22.66733249853804 22.762982062834656
61.0 22.667994958583392 22.762565943868513
61.5 22.668655687582895 22.7621502669759
62.0 22.66933779989257 22.761741632063043
62.5 22.670016526800406 22.761334715082242
63.0 22.670705345824565 22.76092099488743
63.5 22.671410480277693 22.760514052715163
64.0 22.67210884733201 22.760107182900327
64.5 22.672822069455357 22.75971591450185
65.0 22.673541007682687 22.759318968481786
65.5 22.674262503780724 22.758920392128697
66.0 22.674993912441796 22.758540288728383
66.5 22.675727930824316 22.75813802196078
67.0 22.676460717799326 22.757744946804156
67.5 22.677212745478133 22.757363535597875
68.0 22.67796742423444 22.75698745080017
68.5 22.6787252739193 22.75660666908628
69.0 22.679493599735203 22.7562344220739
69.5 22.68026234776194 22.755856896990544
70.0 22.681033649213923 22.755492577547454
70.5 22.681815903237656 22.75512263827374
71.0 22.682606541984526 22.754754711200196
71.5 22.683394638446902 22.7543918088791
72.0 22.68418574351241 22.75403272671246
72.5 22.684990719790964 22.753680627138763
73.0 22.685798267420076 22.753320331355205
73.5 22.686595766873033 22.75296561912681
74.0 22.6874231772223 22.752621187122063
74.5 22.6882369225017 22.75227487317396
75.0 22.68906166736444 22.75192441028281
75.5 22.689887707105747 22.751588988656543
76.0 22.690723545670778 22.751246441303156
76.5 22.69156422644761 22.750916354621356
77.0 22.692402095864924 22.75058656242688
77.5 22.693242031130765 22.75025341288654
78.0 22.694092781582636 22.7499281256178
78.5 22.694944507539624 22.7495982475671
79.0 22.69579761736836 22.749276995202216
79.5 22.696664011525378 22.748960776963393
80.0 22.69752956718381 22.74864122330117
80.5 22.698381740900583 22.748323871210026
81.0 22.69925356258332 22.748018367995545
81.5 22.70013189895325 22.747703973062507
82.0 22.700997382288364 22.747400605488917
82.5 22.70187731289059 22.747104187972145
83.0 22.7027551938996 22.74679839940124
83.5 22.70364051716813 22.74650285919782
84.0 22.704525584961427 22.746204779234947
84.5 22.705411665342613 22.745917694217507
85.0 22.706300211148232 22.745617911232195
85.5 22.707200665043853 22.745335678907104
86.0 22.708096965426996 22.745050948016793
86.5 22.708980469933387 22.744767866746912
87.0 22.70988554742784 22.744486082113845
87.5 22.710778678607277 22.74421489287308
88.0 22.711687292301058 22.743946753057337
88.5 22.712591054057434 22.743673867092788
89.0 22.713487709642266 22.743404803740223
89.5 22.714396040394554 22.743142279990174
90.0 22.715311175866365 22.742876552097066
90.5 22.71623358842914 22.742620252374937
91.0 22.717141235833136 22.742359904676274
91.5 22.718086038093187 22.74210684278512
92.0 22.71902399214236 22.74184811132548
92.5 22.71996271271675 22.74160627138867
93.0 22.72090202427819 22.74135667154023
93.5 22.721859064945736 22.741118194457712
94.0 22.722809511706373 22.740884828943955
94.5 22.723768325533435 22.740644680018754
95.0 22.72474635436457 22.740408514434016
95.5 22.725714190018522 22.740172117221466
96.0 22.726685391744304 22.739940222353567
96.5 22.72767019989285 22.73970691707457
97.0 22.728652143819584 22.739488663830127
97.5 22.72964721480333 22.739261089087833
98.0 22.730637968839996 22.73904323163627
98.5 22.731636939285288 22.738829692749608
99.0 22.7326440339602 22.738609315342902
99.5 22.733653109320436 22.738394350311587
100.0 22.734661298754983 22.738189460553677
100.5 22.735678930979212 22.737979545268686
101.0 22.736702292703338 22.73778007938966
101.5 22.7377218786096 22.737580648078367
102.0 22.738751049942195 22.737382591768682
102.5 22.739785536441186 22.73718217280826
103.0 22.740808379204992 22.736987525309026
103.5 22.741864545550623 22.73680574986779
104.0 22.742897128965215 22.736602626048427
104.5 22.74395232207492 22.736421671473053
105.0 22.744998171540225 22.736245444044222
105.5 22.74605135223513 22.7360623653528
106.0 22.74710398715717 22.735887581874046
106.5 22.748169172359326 22.735709632933855
107.0 22.74923378618801 22.73553750162396
107.5 22.75028830370125 22.73536447705706
108.0 22.75136367399292 22.73519558928703
108.5 22.752427521132716 22.735032885159722
109.0 22.75349745220836 22.734871267010853
109.5 22.75457977365445 22.734707216085308
110.0 22.75565916223856 22.73454959648195
110.5 22.7567340217731 22.734397449056047
111.0 22.757825860170392 22.734244158376317
111.5 22.75890263188422 22.73409463617765
112.0 22.759993619361417 22.733945819416228
112.5 22.76108631147761 22.733803603256003
113.0 22.76216937404014 22.733662678858586
113.5 22.76325778328581 22.73351754732335
114.0 22.764363036703124 22.733383048883393
114.5 22.765461707403393 22.73325374756352
115.0 22.7665606206658 22.73311596220363
115.5 22.767647488755678 22.73298252218857
116.0 22.768763469329144 22.73286496568726
116.5 22.769855365216237 22.73273359611573
117.0 22.770961140113812 22.732611508456024
117.5 22.772072851492275 22.73249059949839
118.0 22.773178034887756 22.73238106891298
118.5 22.774289328387795 22.732263752615097
119.0 22.775389659018025 22.73215006709313
119.5 22.77649571433823 22.73204356847666
120.0 22.77760510481658 22.731933430496262
120.5 22.77871849079711 22.73183672083645
121.0 22.779830114046607 22.731728481206538
121.5 22.780937190439715 22.73163101917449
122.0 22.782053735144675 22.73153148366653
122.5 22.783158430048005 22.731441175851494
123.0 22.784279150992873 22.731345791613204
123.5 22.78539181090197 22.73125641517848
124.0 22.786515065273605 22.731169234245378
124.5 22.787632997208824 22.73109046347649
125.0 22.788769775283217 22.731005734800082
125.5 22.789891623430588 22.730924019483876
126.0 22.791015756306997 22.730852635075873
126.5 22.79214653064976 22.730778878169524
127.0 22.793287811950208 22.730704475714063
