FastTrWP/PhaseSpace/IAs/snIa_0.57_30.00_-2.24_-0.07.csv
# %ECSV 0.9
# ---
# datatype:
# - {name: time-rel, datatype: float64}
# - {name: g, datatype: float64}
# - {name: i, datatype: float64}
# schema: astropy-2.0
time-rel g i
[from data line 2018]
1360.7916666666667 25.697567426939962 23.577568150863023
1361.2916666666667 25.6923545809624 23.579413885797194
1361.7916666666667 25.687187231327965 23.58126724613284
1362.2916666666667 25.682103263867045 23.58312840703363
1362.7916666666667 25.67710590869462 23.584983826610895
1363.2916666666667 25.672163437456135 23.586828755073714
1363.7916666666667 25.667301372594657 23.588698881738928
1364.2916666666667 25.662504989522823 23.59053885668072
1364.7916666666667 25.657793709889845 23.592388925845235
1365.2916666666667 25.653133514958387 23.59423714370586
1365.7916666666667 25.648561396305098 23.596101626032816
1366.2916666666667 25.644078111114208 23.597933506309012
1366.7916666666667 25.639684018274274 23.599772532638582
1367.2916666666667 25.635326098602285 23.60162088791633
1367.7916666666667 25.631032421996494 23.603470156652442
1368.2916666666667 25.626862427093528 23.605302381886325
1368.7916666666667 25.62274250748938 23.60713382928592
1369.2916666666667 25.618724298598302 23.608974366310797
1369.7916666666667 25.614768668799336 23.610793318562962
1370.2916666666667 25.61088156838855 23.612628136143698
1370.7916666666667 25.607086248780796 23.614462732630162
1371.2916666666667 25.603373516714576 23.616282261573254
1371.7916666666667 25.599737612071372 23.618094886536806
1372.2916666666667 25.596170784629035 23.61992341398565
1372.7916666666667 25.592738371697887 23.621738263970027
1373.2916666666667 25.589340942389384 23.62354417273428
1373.7916666666667 25.586041063617053 23.62535390057829
1374.2916666666667 25.58275134605389 23.627174307102724
1374.7916666666667 25.579500505632726 23.628985808760387
1375.2916666666667 25.576311284982562 23.630786769304972
1375.7916666666667 25.573141460954567 23.632603428827235
1376.2916666666667 25.570077655844976 23.63440454447494
1376.7916666666667 25.567027737094218 23.636211488130698
1377.2916666666667 25.56402589240225 23.638017114155517
1377.7916666666667 25.561042217991982 23.639825875877417
1378.2916666666667 25.558149357659072 23.641637017781356
1378.7916666666667 25.555267888210857 23.643422973244995
1379.2916666666667 25.552460609106312 23.64523185381892
1379.7916666666667 25.549691383668332 23.647035411773448
1380.2916666666667 25.54694719810294 23.648836797727686
1380.7916666666667 25.544257239120046 23.6506437184404
1381.2916666666667 25.54163226868961 23.65242729045109
1381.7916666666667 25.53902696902963 23.654231440948546
1382.2916666666667 25.536478691924817 23.656025233808258
1382.7916666666667 25.53395985807849 23.65781425300909
1383.2916666666667 25.53146980255956 23.659613967215396
1383.7916666666667 25.529090344779277 23.66140180484726
1384.2916666666667 25.526679961561012 23.663187660617076
1384.7916666666667 25.52433324228626 23.664987783811103
1385.2916666666667 25.522048786610846 23.666770974599352
1385.7916666666667 25.519804002328534 23.668541686382998
1386.2916666666667 25.517580687977226 23.670335250043557
1386.7916666666667 25.515381007526408 23.67212046963391
1387.2916666666667 25.51326800157173 23.673898476149265
1387.7916666666667 25.511164744254067 23.675678689647405
1388.2916666666667 25.50912340770674 23.677447241124415
1388.7916666666667 25.507127360911706 23.679231252806858
1389.2916666666667 25.505163295958944 23.68100963657872
1389.7916666666667 25.50321673362271 23.682779980513633
1390.2916666666667 25.501337281603845 23.684554502081863
1390.7916666666667 25.499496250379966 23.686308937669274
1391.2916666666667 25.49769037587232 23.68808693562788
1391.7916666666667 25.495904821196635 23.689854490558883
1392.2916666666667 25.494204420157246 23.691609089656094
1392.7916666666667 25.49250613087468 23.69337666000993
1393.2916666666667 25.49088910130008 23.695133552312484
1393.7916666666667 25.489281721474086 23.69688814092248
1394.2916666666667 25.487698663841787 23.698651714646097
1394.7916666666667 25.48617132039515 23.700402200737628
1395.2916666666667 25.48465166121384 23.7021667882467
1395.7916666666667 25.48323320694852 23.70389261755856
1396.2916666666667 25.481829544099828 23.70565766279001
1396.7916666666667 25.480424678671127 23.707398796703597
1397.2916666666667 25.47910649669212 23.709146173001933
1397.7916666666667 25.477816708320653 23.710878203608527
1398.2916666666667 25.476595939027934 23.712635684213012
1398.7916666666667 25.475358592196397 23.714350542435383
1399.2916666666667 25.47417669722315 23.716109938216235
1399.7916666666667 25.47304353975353 23.7178359206338
1400.2916666666667 25.471939612283492 23.719572800322894
1400.7916666666667 25.470893800105905 23.721291305476676
1401.2916666666667 25.469876556083424 23.72301653613263
1401.7916666666667 25.46888069061513 23.724736879322567
1402.2916666666667 25.467957827977948 23.726445073111293
1402.7916666666667 25.4670292051774 23.728177167362958
1403.2916666666667 25.466152458268585 23.72989035968589
1403.7916666666667 25.465338100874952 23.73159767788031
1404.2916666666667 25.464521374960757 23.733317348189324
1404.7916666666667 25.463775608404674 23.73501128354674
1405.2916666666667 25.463056852258262 23.736718145504696
1405.7916666666667 25.462377875534653 23.738433200937756
1406.2916666666667 25.46173813256416 23.74012511298561
1406.7916666666667 25.461160793909123 23.741820874691783
1407.2916666666667 25.460585753995826 23.743519417369473
1407.7916666666667 25.460018923811365 23.745216622445575
1408.2916666666667 25.459587522167336 23.746893017796424
1408.7916666666667 25.45912991725028 23.748585155305598
1409.2916666666667 25.458722317901152 23.7502508535201
1409.7916666666667 25.4583531607671 23.7519364597035
1410.2916666666667 25.458002445124215 23.753626444126176
1410.7916666666667 25.457714455321295 23.755281727709757
1411.2916666666667 25.457448184674817 23.756961729740176
1411.7916666666667 25.457212695436265 23.758626413071603
1412.2916666666667 25.457038558470202 23.76027853383675
1412.7916666666667 25.456906384956635 23.761939416685173
1413.2916666666667 25.456770471931264 23.763602298826484
1413.7916666666667 25.45671591815198 23.765272152438406
1414.2916666666667 25.456691500356868 23.766924060337228
1414.7916666666667 25.456688397539786 23.768577989982038
1415.2916666666667 25.456704648046944 23.770235622458085
1415.7916666666667 25.456800180613257 23.77185829736018
1416.2916666666667 25.456942922581746 23.773523281471014
