FastTrWP/PhaseSpace/IAs/snIa_0.42_30.00_0.24_0.06.csv
# %ECSV 0.9
# ---
# datatype:
# - {name: time-rel, datatype: float64}
# - {name: g, datatype: float64}
# - {name: i, datatype: float64}
# schema: astropy-2.0
time-rel g i
[from data line 2141]
658.0 25.18132977728394 23.02580048172726
658.5 25.183174431746057 23.02654630225416
659.0 25.185018672752307 23.027273874745408
659.5 25.186829287927203 23.028014941476105
660.0 25.188660844056372 23.028749231145017
660.5 25.19047032973477 23.02947854364076
661.0 25.19229998384404 23.030209876247653
661.5 25.19410237323366 23.030938659034554
662.0 25.19596132223441 23.031673013707792
662.5 25.19774787745928 23.032404813421742
663.0 25.199558847162557 23.03312003719947
663.5 25.201374345617886 23.033853121711903
664.0 25.203187816204174 23.03456202849685
664.5 25.2049940765474 23.035290169661337
665.0 25.206803633730225 23.03599998127119
665.5 25.208594534364796 23.03673003675923
666.0 25.210391750652942 23.037439383601182
666.5 25.21219294310656 23.0381609261116
667.0 25.21399360004486 23.038876323978123
667.5 25.21579603942088 23.03959931148166
668.0 25.21758345107033 23.04031189500555
668.5 25.21939897115905 23.041019956325556
669.0 25.22116099790047 23.041744341224195
669.5 25.22295921200557 23.042449007675827
670.0 25.22474431647848 23.043159693890217
670.5 25.226543437119897 23.04387488439945
671.0 25.228339364777867 23.04458281725558
671.5 25.230141006454513 23.045277262883165
672.0 25.231921951171493 23.045998879939354
672.5 25.23369667507634 23.04669369711752
673.0 25.235514449400537 23.047419054586932
673.5 25.237296369927154 23.048118514961008
674.0 25.239105017091823 23.04883100241173
674.5 25.240854839888385 23.049534447818697
675.0 25.24270389365489 23.05024203234592
675.5 25.244480286932717 23.050948918194266
676.0 25.246248687266807 23.051659287286025
676.5 25.24807642162824 23.05236999424404
677.0 25.249868708340397 23.053070834469253
677.5 25.25165526235191 23.053778675839812
678.0 25.253476997471665 23.054482640484725
678.5 25.255272825786754 23.055201672076095
679.0 25.257090270270957 23.055905687961243
679.5 25.2588750514594 23.056611767573102
680.0 25.260672039664275 23.057314081721184
680.5 25.262475291046023 23.058030287029695
681.0 25.264298250510258 23.058730524116278
681.5 25.26609503764096 23.059446935737206
682.0 25.26788729420362 23.06015331305207
682.5 25.269717811956628 23.060857048347927
683.0 25.271522885139444 23.06156057704966
683.5 25.27331052732787 23.062262411022118
684.0 25.275103740031952 23.06295456775379
684.5 25.2769074131629 23.063661327733
685.0 25.27867764238561 23.064357703129204
685.5 25.28046927159074 23.065048623300875
686.0 25.282256410156805 23.065747492250544
686.5 25.284056815616125 23.06644593059016
687.0 25.285819858599904 23.067136402646987
687.5 25.287610791594098 23.067824845643162
688.0 25.289373833897628 23.06850972823908
688.5 25.29115001711236 23.06920471662652
689.0 25.292956465759545 23.06988702947325
689.5 25.29472947596171 23.07057828761435
690.0 25.296476277794685 23.071266137535797
690.5 25.298267355789307 23.071957382156256
691.0 25.30002729079409 23.072633511215223
691.5 25.30182031983226 23.07332140621923
692.0 25.303576856972082 23.074003741418267
692.5 25.305335600815674 23.074688203878587
693.0 25.307107735615052 23.075367183577356
693.5 25.308877434751942 23.076044490491707
694.0 25.31064057962105 23.076727148085887
694.5 25.312394104126223 23.077400283808764
695.0 25.314156081896037 23.078079064658215
695.5 25.31591399310947 23.078758839390574
696.0 25.317691692680356 23.079444227843602
696.5 25.31945104411745 23.0801182808391
697.0 25.321197394802066 23.08079152168789
697.5 25.32297482586951 23.081471959378085
698.0 25.32473900085522 23.082140542834956
698.5 25.326471490651684 23.082818091604626
699.0 25.328237970662677 23.08349842663905
699.5 25.330019854155715 23.08418003692487
700.0 25.331781506946896 23.08485206792003
700.5 25.333517672892 23.08551757268578
701.0 25.335287860876484 23.086193599371075
701.5 25.337059663584192 23.086866021058015
702.0 25.338844868907465 23.087543797935766
702.5 25.34060090808928 23.088216530623832
703.0 25.34235636846357 23.08889447981675
703.5 25.344129851275486 23.089562044786508
704.0 25.34589863053961 23.09024111585815
704.5 25.34766507704721 23.09091269691192
705.0 25.349441249288404 23.091584055331374
705.5 25.351202321680923 23.09226446948091
706.0 25.35295729781362 23.09293816219021
706.5 25.35474455821889 23.09361566367217
707.0 25.35652410745393 23.09428899315275
707.5 25.358274329744187 23.09496073493598
708.0 25.360063071463745 23.09562955591104
708.5 25.36186067414951 23.096310236131416
709.0 25.363634569610333 23.096988380963243
709.5 25.36541668022864 23.09766688516877
710.0 25.367203210280476 23.09833491477377
710.5 25.36900701354147 23.099017398220383
711.0 25.370770719567503 23.09970141207929
711.5 25.372579515744228 23.100369987926683
712.0 25.374355573264946 23.101057614995586
712.5 25.37616121045939 23.101735021883655
713.0 25.37795580096068 23.102414922915205
713.5 25.379763955039948 23.10309867918409
714.0 25.381570160372668 23.10378822624994
714.5 25.383382881718045 23.10446098761105
715.0 25.38516997555494 23.1051549023068
715.5 25.386991756355776 23.10583941417014
716.0 25.38881234689748 23.106513746012677
716.5 25.390632688218705 23.107203747979653
717.0 25.39243274654668 23.107878210538523
717.5 25.394242686788424 23.108580014443465
718.0 25.396082813658992 23.10925398433216
718.5 25.397883116919836 23.109938232643167
719.0 25.39971491253016 23.110630221665637
719.5 25.40154583892476 23.111309962774982
720.0 25.403353253554812 23.112000429519924
720.5 25.405196422285158 23.112673646401028
721.0 25.406999375076353 23.113364659047026
721.5 25.4088179485205 23.114054989453724
722.0 25.410644362557804 23.114736554754934
722.5 25.412479197304204 23.11542297039375
723.0 25.414311895038683 23.11609951762464
723.5 25.416136901656365 23.116802747623417
724.0 25.417979533840622 23.117476380937397
724.5 25.419776972136066 23.118168565748437
725.0 25.421620165284658 23.11885178469638
725.5 25.42346280421399 23.119538992662036
726.0 25.42531467020187 23.120228825676076
726.5 25.427147871836144 23.12091197199785
727.0 25.428988410948683 23.121603357843338
727.5 25.430791598216167 23.122280209990812
728.0 25.432648439366922 23.122968873329825
728.5 25.434480280632727 23.123659114864196
729.0 25.43634186164029 23.12433182768434
729.5 25.438179833255326 23.125021159633356
730.0 25.440009034509107 23.12571539159359
730.5 25.441862156073178 23.126394575266197
731.0 25.443683670639082 23.127089448017827
731.5 25.445522383392756 23.12777452398511
732.0 25.447391294115576 23.128448932203472
732.5 25.4492151312566 23.129147316293167
733.0 25.451049311375805 23.1298332990603
733.5 25.452906053313423 23.130514157837556
734.0 25.454730087519437 23.131203451234388
734.5 25.456623315498664 23.131887828435072
735.0 25.45844871327038 23.132566774404335
735.5 25.46030392029508 23.13326266063229
736.0 25.46217509886008 23.133937895834286
736.5 25.464045724032157 23.13462473049284
737.0 25.4658840257037 23.13531159004915
737.5 25.467717379257323 23.13600390892035
738.0 25.469599447669324 23.136685810993857
738.5 25.471444726526244 23.13735962806916
739.0 25.473261973636138 23.138039550232765
739.5 25.475140115970248 23.138727535316022
740.0 25.47699018987756 23.139424036981325
740.5 25.478853585712432 23.140089462254686
741.0 25.480672431031177 23.140782705148865
741.5 25.48251827753785 23.141471506434023
742.0 25.48442454076236 23.142153118558404
742.5 25.486235181841458 23.14282909355331
743.0 25.488119021439108 23.14351544209266
743.5 25.489977894087996 23.144196962895045
744.0 25.49180984878967 23.14486653603476
744.5 25.49366008290253 23.14556426553573
745.0 25.495512095448913 23.146239432438385
745.5 25.49736836065317 23.14691884410665
746.0 25.49924119192873 23.147603233969484
746.5 25.501078565608953 23.14828994123676
747.0 25.50295695213441 23.14898117792497
747.5 25.504827490903015 23.14964997698748
748.0 25.50667073603849 23.15033177040219
748.5 25.50850673341616 23.151009062625928
749.0 25.51037878529283 23.151681656448847
749.5 25.51223855563597 23.152364872880785
750.0 25.514100110862987 23.153053677351863
750.5 25.51595549206518 23.153732145312617
751.0 25.51779878769358 23.15440131424472
751.5 25.51965139231653 23.15508736641219
752.0 25.52152081930267 23.15577300744694
752.5 25.523375550694656 23.15644957473804
753.0 25.525247180841074 23.157133271115043
753.5 25.52710361706425 23.15780983578353
754.0 25.528967957327723 23.15848927420769
754.5 25.53084645797839 23.159167737623015
755.0 25.532686883634632 23.15983932241498
755.5 25.534555699953447 23.160528679180512
756.0 25.536426036436097 23.161206726588745
756.5 25.538288975798125 23.161880738115272
757.0 25.540164731202157 23.16256823434735
757.5 25.542014389974316 23.163238691832962
758.0 25.54385522365368 23.16392495186911
758.5 25.54575170002057 23.164603249610572
759.0 25.547632277481505 23.165272874676482
759.5 25.54948368617181 23.165958745518157
760.0 25.551372231945898 23.16663189742783
760.5 25.55320631130315 23.16731781329038
761.0 25.555089008648956 23.167994739644676
761.5 25.55694534339299 23.168664250127435
762.0 25.558855360698477 23.169346551239162
762.5 25.560718114558682 23.170025736676298
763.0 25.562544062149613 23.170702885428213
763.5 25.564436658825308 23.171373309983913
764.0 25.56630959820162 23.172052304012546
764.5 25.568181871945526 23.17273343128033
765.0 25.57004151347176 23.173406748539822
765.5 25.57194390868308 23.174085905598485
766.0 25.573799340205593 23.17475138421773
766.5 25.575637843462292 23.17543262397287
767.0 25.577514888930445 23.176110893547897
767.5 25.579376012133956 23.176788614473054
768.0 25.581257917897414 23.177461657907802
768.5 25.583135438640554 23.178136631067673
769.0 25.584996966118737 23.178810552330425
769.5 25.586876206164245 23.179490644802442
770.0 25.58871823819629 23.180157705612558
770.5 25.59061454066402 23.18083208654038
771.0 25.592499729912088 23.181507771245645
771.5 25.594356003952363 23.1821774360239
772.0 25.596220950637584 23.182853539000725
772.5 25.5980667993417 23.18352172429444
773.0 25.599961743946462 23.184190109409116
773.5 25.601808341488255 23.184864163485685
774.0 25.603710125174715 23.18553594690863
774.5 25.605562614314188 23.186206488746826
775.0 25.607428390901315 23.186881290535023
775.5 25.609294856038453 23.187550656461433
776.0 25.611172971162656 23.188223037120043
776.5 25.61303820800809 23.188891511723693
777.0 25.61490147164777 23.189563355488243
777.5 25.61677014765815 23.19023008240452
778.0 25.618641089581956 23.190907854263454
778.5 25.620494477319056 23.191563522045865
779.0 25.62235916557327 23.192234409336
779.5 25.624257249824254 23.19289474784553
780.0 25.62608077607382 23.19356507683947
780.5 25.627962136590945 23.19423049594735
781.0 25.629810786837133 23.19489673832539
781.5 25.63165842453334 23.195563670707568
782.0 25.63355541362653 23.196231890343828
782.5 25.635394682020262 23.1968969582756
783.0 25.63723240922192 23.19755532156844
783.5 25.639101329646937 23.198225197128938
784.0 25.640968846935635 23.1988827267431
784.5 25.642820868956143 23.199548506273246
785.0 25.644704790759118 23.20020815281087
785.5 25.646589044595327 23.200870078322353
786.0 25.6483854075731 23.20153793229626
786.5 25.65027196714976 23.202197236306464
787.0 25.652120630035412 23.20284775184732
787.5 25.653988493147843 23.203508226842303
788.0 25.65581241532078 23.20416788245195
788.5 25.657682424806353 23.20482933166161
789.0 25.65953270019731 23.20547024018838
789.5 25.661368018593592 23.206143933886416
790.0 25.663239484987642 23.206790313164255
790.5 25.665110383782093 23.207456039729173
791.0 25.66695929527046 23.20810427337859
791.5 25.668794214830378 23.20876194029624
792.0 25.67066442691541 23.20941952232645
792.5 25.672531877719162 23.210065506082223
793.0 25.674373630148345 23.21072670601645
793.5 25.676201063888016 23.21137020042563
794.0 25.67806741516283 23.21203157611583
794.5 25.679901766389722 23.21268594565602
795.0 25.681759371017954 23.213345474668643
795.5 25.68359676681062 23.213984553362717
796.0 25.68542919693027 23.214633436080355
796.5 25.6873012546483 23.215289299873948
797.0 25.689161366085663 23.21594865137689
797.5 25.69099852498155 23.216596512338793
798.0 25.692843549515963 23.217239598158738
798.5 25.694677024720075 23.217907278298014
799.0 25.696564201574617 23.218540302754192
799.5 25.698383080026332 23.219188923316416
800.0 25.700221889128336 23.219849714633636
800.5 25.702059995922653 23.220495314104316
801.0 25.70392692918446 23.221149723480043
801.5 25.705746863248567 23.2217974896894
802.0 25.707595859266572 23.22244704736945
802.5 25.709410807912995 23.22308908207663
803.0 25.71129602858127 23.223745776328762
803.5 25.713103354731537 23.22438546889042
804.0 25.7149529644868 23.225034953852045
804.5 25.716784811322924 23.225688091046287
805.0 25.718622158611435 23.226330616577982
805.5 25.72046504753597 23.226983157538807
806.0 25.72226844295684 23.22763488455167
806.5 25.724128908722946 23.228272616705766
807.0 25.725950304667723 23.228923651386687
807.5 25.727793582727966 23.22958082505803
808.0 25.72959830021388 23.230230799499935
808.5 25.731456285080576 23.230885531077647
809.0 25.733270550374407 23.23152252862631
809.5 25.735113371131284 23.23216710613196
810.0 25.736912396032817 23.232817914868274
810.5 25.738774862854843 23.233473864600636
811.0 25.74057328724149 23.23411623584723
811.5 25.742436019362145 23.234764327825008
812.0 25.744249878853665 23.23541751672223
812.5 25.746027586330204 23.23606081581306
813.0 25.747863958204015 23.23672146261178
813.5 25.749663988230864 23.237366008045033
814.0 25.751464610791842 23.238018218219718
814.5 25.75333569121565 23.238675105471177
815.0 25.75513545087029 23.239336189314127
815.5 25.756923977289357 23.239971108004877
816.0 25.758737812430248 23.240612678036804
816.5 25.760583836038812 23.24127304571741
817.0 25.7623984174597 23.241930365338035
817.5 25.764201829605753 23.24257674871749
818.0 25.76599287523902 23.243224658929957
818.5 25.767793423088886 23.243878710122093
819.0 25.76963604207519 23.244533825348988
819.5 25.771407461414935 23.24517895941483
