FastTrWP/PhaseSpace/IAs/snIa_0.30_30.00_-0.28_0.10.csv
# %ECSV 0.9
# ---
# datatype:
# - {name: time-rel, datatype: float64}
# - {name: g, datatype: float64}
# - {name: i, datatype: float64}
# schema: astropy-2.0
time-rel g i
-424.0 26.97173711877234 25.535769283567177
-423.5 26.94372152466418 25.523559646775816
-423.0 26.916230619410022 25.511440023844894
-422.5 26.88916933162674 25.499406409709515
-422.0 26.86260535654718 25.487408508481913
-421.5 26.8364067138259 25.475473550264223
-421.0 26.810745199465064 25.463668147794316
-420.5 26.785423756721272 25.45190757457723
-420.0 26.76055539926456 25.44025428830477
-419.5 26.73597188375848 25.4286010618575
-419.0 26.71186251255047 25.417026648315215
-418.5 26.688091516128665 25.40556074909834
-418.0 26.664721547168476 25.394186376251216
-417.5 26.641714162830237 25.38283747382358
-417.0 26.61899184942382 25.371575042294204
-416.5 26.596629017285274 25.360384844234396
-416.0 26.57455498825938 25.349254663410544
-415.5 26.55275205177108 25.338193796901656
-415.0 26.53118366088464 25.327141062212974
-414.5 26.509859047190968 25.31613730319033
-414.0 26.48867237312691 25.305208314433433
-413.5 26.467758698409266 25.294285100686004
-413.0 26.447080327292444 25.28341537964913
-412.5 26.426616072886297 25.272601883705352
-412.0 26.406313746727456 25.261817831339457
-411.5 26.386227914281385 25.251049975322015
-411.0 26.366395989221957 25.240387242334187
-410.5 26.34674404014838 25.229701409376037
-410.0 26.327259886054435 25.219090585054154
-409.5 26.30800175966669 25.20852320287203
-409.0 26.288868244275328 25.198029598519813
-408.5 26.270001951460806 25.18752828011943
-408.0 26.2513172384222 25.1771112454554
-407.5 26.232787951753302 25.166699040095693
-407.0 26.21447129851955 25.156392957966347
-406.5 26.196295997830962 25.146073966798568
-406.0 26.178296072531403 25.135835414401356
-405.5 26.160472290591965 25.125636320338405
-405.0 26.14287318136629 25.115481897310236
-404.5 26.125405541588993 25.10537055492935
-404.0 26.108089660947748 25.095317462251895
-403.5 26.09094617433326 25.08530550093239
-403.0 26.073991046725027 25.075341192164164
-402.5 26.057216703949628 25.065402496118057
-402.0 26.040595550975702 25.055559072851104
-401.5 26.0240568346848 25.04573296747339
-401.0 26.007757121901832 25.035953879829872
-400.5 25.991541069460492 25.026234831603094
-400.0 25.975493747012553 25.016532789715484
-399.5 25.95961967580348 25.0069061212451
-399.0 25.943872467658025 24.99731103796306
-398.5 25.92830010085467 24.987784231956045
-398.0 25.912859559850464 24.97828502312069
-397.5 25.897513290469067 24.96884035509555
-397.0 25.882327200935137 24.959463594127705
-396.5 25.867335298108422 24.950087875777815
-396.0 25.852430443087712 24.940818518793396
-395.5 25.837690294853903 24.93154542892547
-395.0 25.823045480468487 24.922353707047563
-394.5 25.8085403786328 24.913168308760604
-394.0 25.794132721713755 24.904062479933216
-393.5 25.779908273975714 24.894996129218306
-393.0 25.765768807166328 24.88597332459161
-392.5 25.75176515837258 24.877017459702337
-392.0 25.737906853175375 24.86807589973953
-391.5 25.7241668685014 24.85921183460571
-391.0 25.710524057897565 24.85038454487066
-390.5 25.697003231714923 24.84158084439688
-390.0 25.6836158696337 24.83286158727108
-389.5 25.670340610374044 24.82414185836742
-389.0 25.657153753070045 24.815527306728455
-388.5 25.644082851965585 24.806911483326136
-388.0 25.63115406022096 24.798359823999792
-387.5 25.618326170346183 24.789864174551695
-387.0 25.605578222118268 24.781408056290374
-386.5 25.592992425808298 24.77299279294831
-386.0 25.580476844997456 24.764588377819173
-385.5 25.56803553474122 24.756279039207033
-385.0 25.555767620323117 24.74799126422078
-384.5 25.543554391245003 24.73973727659665
-384.0 25.53139210124945 24.731528155537717
-383.5 25.519306451319565 24.723350870806236
-383.0 25.507357694228862 24.71517994903415
-382.5 25.49541184369066 24.70706706847228
-382.0 25.48356541777551 24.698951956238126
-381.5 25.471795983698318 24.69089976363305
-381.0 25.460092451995564 24.682872590076816
-380.5 25.448424668912182 24.674844206129105
-380.0 25.43688482648073 24.666891515964736
-379.5 25.425393810446906 24.658925569552345
-379.0 25.41397253226443 24.651025713993437
-378.5 25.40260989223109 24.643140565941437
-378.0 25.391314329934165 24.6352721523691
-377.5 25.380101315589684 24.627446444354216
-377.0 25.368954429295524 24.619672949654536
-376.5 25.35788240131431 24.61191290371299
-376.0 25.346852698454736 24.60419205033922
-375.5 25.335916676736137 24.596472104394508
-375.0 25.325042897916475 24.588813654828922
-374.5 25.314210038983248 24.581157340414656
-374.0 25.303468809052312 24.5735784078532
-373.5 25.292804621634627 24.56599078684164
-373.0 25.282169452737655 24.558444618790677
-372.5 25.271622483783986 24.550935911850374
-372.0 25.2611479670625 24.543446875563035
-371.5 25.250705142650588 24.535995610938997
-371.0 25.240363140162422 24.528577785371258
-370.5 25.23004846215987 24.52119220519247
-370.0 25.219823924949086 24.51382853326901
-369.5 25.209639765893222 24.50650352124715
-369.0 25.199546029877492 24.499207643851975
-368.5 25.189501873746178 24.491933925643018
-368.0 25.179505062033535 24.484718347084705
-367.5 25.169570014118953 24.477516571693666
-367.0 25.159718772935726 24.470342281599372
-366.5 25.149916426749613 24.463201147961044
-366.0 25.140124125691084 24.45608531279077
-365.5 25.130467660845433 24.44901161034226
-365.0 25.12082958010632 24.441952465350862
-364.5 25.11126973605673 24.43494036369042
-364.0 25.101758071526024 24.427962683825125
-363.5 25.092305628360727 24.42100800140491
-363.0 25.08289357711825 24.414093387168904
-362.5 25.07355589911814 24.407189604463085
-362.0 25.064255702614993 24.40032022886152
-361.5 25.05506635106125 24.39351806256881
-361.0 25.04588735866367 24.386683047525274
-360.5 25.03677142373524 24.379917313623846
-360.0 25.027674761086615 24.373168386508702
-359.5 25.018724441034994 24.366477344255504
-359.0 25.009742344363396 24.359803178638177
-358.5 25.000822467861763 24.35315482424012
-358.0 24.992003801954972 24.346520214306054
-357.5 24.98321761480659 24.339956493935
-357.0 24.97448074375571 24.333396699849374
-356.5 24.96580212735447 24.326867405397344
-356.0 24.957175741080366 24.320362120409445
-355.5 24.948591711910026 24.31388085881807
-355.0 24.940026182416574 24.307456214603747
-354.5 24.931564775586313 24.30102705103262
-354.0 24.92312691964356 24.294663373433487
-353.5 24.914772648672738 24.28832993659137
-353.0 24.906439709244346 24.281993589799843
-352.5 24.898136376977178 24.275689494084162
-352.0 24.889876464809216 24.26941305594565
-351.5 24.88165398512191 24.263148894364956
-351.0 24.873456403413027 24.25689698622387
-350.5 24.865294284315485 24.250692862912278
-350.0 24.857220929166814 24.244477132524338
-349.5 24.849136354869902 24.238316096614202
-349.0 24.84109583379678 24.2321634816618
-348.5 24.833108159188058 24.226034010254534
-348.0 24.825153921335502 24.21990618472584
-347.5 24.817218697658255 24.213822550052832
-347.0 24.80932975884823 24.207743523643916
-346.5 24.80148198948339 24.201706172255992
-346.0 24.793684394367823 24.195684544472517
-345.5 24.785891869249372 24.189680871118995
-345.0 24.778154042980937 24.183694860041506
-344.5 24.77045219100678 24.177725662246708
-344.0 24.762775738264867 24.171785395519493
-343.5 24.755143201757235 24.165871051855508
-343.0 24.74755714963053 24.159963319765062
-342.5 24.739973632654298 24.154093729747128
-342.0 24.732436040155342 24.148230202907154
-341.5 24.7249531067104 24.142397383144928
-341.0 24.71748684311234 24.13658569555095
-340.5 24.710047172118767 24.130793454391313
-340.0 24.70266244635959 24.12501971277614
-339.5 24.695306092412096 24.11925625936447
-339.0 24.68796433775632 24.113524779628264
-338.5 24.680679172988288 24.107829056458474
-338.0 24.673402083815557 24.10213821054311
-337.5 24.666200039424034 24.096452671384682
-337.0 24.659001048528715 24.090826005478508
-336.5 24.65183927814128 24.08519930891975
-336.0 24.644693826827016 24.079590077005953
-335.5 24.637623516807356 24.07399854455796
-335.0 24.630551757818072 24.068428511596558
-334.5 24.62351759157047 24.06289319720276
-334.0 24.616504273667598 24.05736819167391
-333.5 24.609540475020463 24.05185920659668
-333.0 24.602583926473287 24.0463693071695
-332.5 24.595698728811705 24.040911363158045
-332.0 24.588820830883698 24.035463266395602
-331.5 24.58198795682208 24.030054237199785
-331.0 24.575165317420364 24.024649544004806
-330.5 24.568380420516146 24.01925805923405
-330.0 24.56163046146298 24.013895043584093
-329.5 24.554904177685582 24.008542903167438
-329.0 24.548232263141784 24.003232603421058
-328.5 24.54156291610888 23.99793399176007
-328.0 24.534946297763423 23.99264408766549
-327.5 24.528348789430012 23.987380286397357
-327.0 24.5217618274051 23.98213584354458
-326.5 24.515216029920307 23.976926943555277
-326.0 24.50870739032481 23.971714705975423
-325.5 24.5022255968481 23.966518335827104
-325.0 24.495781192601143 23.9613628259955
-324.5 24.489344388896484 23.95620593356018
-324.0 24.482949543168683 23.951099226660766
-323.5 24.476597707526135 23.945978677889258
-323.0 24.470245538619835 23.940899866408643
-322.5 24.46394795390692 23.935837453957973
-322.0 24.457667179208975 23.93077805394364
-321.5 24.451404095166613 23.9257375104517
-321.0 24.445182023343968 23.920737715622504
-320.5 24.43897367955733 23.91574135506781
-320.0 24.432785807297957 23.91076420634956
-319.5 24.426636404991562 23.905798013941677
-319.0 24.420495362101416 23.90086631071455
-318.5 24.414392666213395 23.895919462801064
-318.0 24.408310156174252 23.89102114862026
-317.5 24.402264183211734 23.88612692097949
-317.0 24.396220634983138 23.88123103591825
-316.5 24.390208094861897 23.876389940337617
-316.0 24.384219675010968 23.8715332220384
-315.5 24.37826984832941 23.86669350388371
-315.0 24.372324182840515 23.86189221347284
-314.5 24.36640632454772 23.857076383890274
-314.0 24.360525099823708 23.852305609193856
-313.5 24.35462845076669 23.847538557278526
-313.0 24.348760750500876 23.842793865018287
-312.5 24.34294666081437 23.838037421422218
-312.0 24.33712493377641 23.833320781736216
-311.5 24.331352766896135 23.82861275396207
-311.0 24.325570713861467 23.82391184147055
-310.5 24.319822955777557 23.81922930069756
-310.0 24.31409413111634 23.814552929309677
-309.5 24.308377521979526 23.80991493443325
-309.0 24.302704270669402 23.805266008896115
-308.5 24.2970345636641 23.800637935696244
-308.0 24.291390653810048 23.796025921262213
-307.5 24.28575962852286 23.79143550849646
-307.0 24.2801409222983 23.786831908147338
-306.5 24.274540948214117 23.7822663842535
-306.0 24.268967396499907 23.7777003625612
-305.5 24.263415829579298 23.773160661728294
-305.0 24.25789526165827 23.768629899592717
-304.5 24.252382910091747 23.76411371237524
-304.0 24.246876839440898 23.759601334982587
-303.5 24.241391646444086 23.755097717682993
-303.0 24.235936413655644 23.75061260991076
-302.5 24.230479505153447 23.746144173042545
-302.0 24.22506429794722 23.74167535444236
-301.5 24.219650304018685 23.73722629722815
-301.0 24.214247133890527 23.732792912622248
-300.5 24.208887898246804 23.728364635796993
-300.0 24.20351893576654 23.72395675106867
-299.5 24.19816914207445 23.71954908262658
-299.0 24.192853768250394 23.715162014014673
-298.5 24.187525086126726 23.71078802880522
-298.0 24.18223088285923 23.706408612865616
-297.5 24.176960170473343 23.702058381821416
-297.0 24.17168647836512 23.697707828911675
-296.5 24.16644654914802 23.693366962959388
-296.0 24.161213655286694 23.689041569944756
-295.5 24.155981958161185 23.684727989686024
-295.0 24.15079640520748 23.680416015079825
-294.5 24.14560368130555 23.67613784298815
-294.0 24.140445022475575 23.671859347226718
-293.5 24.135279656154314 23.66757251919054
-293.0 24.130137912190136 23.66331299464115
-292.5 24.125001224525676 23.65906320185608
-292.0 24.119896077777064 23.654807701725126
-291.5 24.114790434608416 23.650581281185783
-291.0 24.109711586816026 23.64636054325259
-290.5 24.10462774428476 23.642142720024125
-290.0 24.099573008122345 23.637951617119235
-289.5 24.09453345097754 23.633759936575686
-289.0 24.0895173230774 23.62957983678217
-288.5 24.08450834998535 23.6254216310696
-288.0 24.079530108710536 23.621263463515003
-287.5 24.074534574395535 23.617113275632086
-287.0 24.069585925929605 23.61297875443047
-286.5 24.064642125349714 23.608854303769885
-286.0 24.05970361605387 23.604730676348407
-285.5 24.05478787769684 23.600622351983805
-285.0 24.049884330755354 23.596535772403577
-284.5 24.045005306271765 23.59245014148515
-284.0 24.040121637288365 23.588398811492386
-283.5 24.035257784455062 23.58432478459921
-283.00000000000006 24.03040568743943 23.58025888738581
-282.5 24.025569473070814 23.576223355017248
-282.0 24.0207473759717 23.572195989025495
-281.50000000000006 24.015941701298456 23.56817373810189
-281.0 24.011152045521634 23.564158254357494
-280.5 24.00636290341904 23.560158625108937
-280.00000000000006 24.001594218970396 23.556155622438524
-279.5 23.996842813132897 23.55217747129351
-279.0 23.992102796863346 23.548197253800286
-278.50000000000006 23.987371828821065 23.544223601583333
-278.0 23.98266028520043 23.540258612390645
-277.5 23.977946098848385 23.536306528406968
-277.00000000000006 23.973241937863634 23.532374928128377
-276.5 23.968567633792258 23.52843782082154
-276.0 23.963888029434827 23.5245179827865
-275.50000000000006 23.959243658871774 23.52059574682854
-275.0 23.954587919925455 23.516690924392066
-274.5 23.949943780295566 23.512794221689404
-274.00000000000006 23.94533027505075 23.50890638114512
-273.5 23.940720589794367 23.50501026495008
-273.0 23.936111007493555 23.50114315214803
-272.50000000000006 23.931527918973412 23.49727124216175
-272.0 23.92693773525732 23.493420637738144
-271.5 23.922379438760753 23.489557804293284
-271.00000000000006 23.917821673654515 23.485727571106825
-270.5 23.913266666532596 23.48187963815007
-270.0 23.90872900369397 23.4780504017463
-269.50000000000006 23.904208234351373 23.474216629596455
-269.0 23.899681926978275 23.47041787732669
-268.5 23.895181064934906 23.466601620535723
-268.00000000000006 23.89069237423785 23.46280237802743
-267.5 23.886190597800546 23.459019065560685
-267.0 23.881729894954482 23.455237197214053
-266.50000000000006 23.877252876142833 23.451461808661985
-266.0 23.872807853734646 23.447682505139813
-265.5 23.868350714408596 23.443918101956946
-265.00000000000006 23.863916622191827 23.440157953510013
-264.5 23.859489480754764 23.4364118310967
-264.0 23.855072371246344 23.432674754640978
-263.50000000000006 23.850655214697095 23.42891941075541
-263.0 23.846263595768477 23.425199949318923
-262.5 23.84186422815535 23.421479588536826
-262.00000000000006 23.83746964935494 23.417749696883728
-261.5 23.833113766080373 23.414047962055363
-261.0 23.82874999366067 23.41033252151189
-260.50000000000006 23.82439401550264 23.406648141198616
-260.0 23.82003926396042 23.402941136801132
-259.5 23.81571411384315 23.399266811510383
-259.00000000000006 23.81137979601656 23.395587367870235
-258.5 23.807077445169227 23.391917741195346
-258.0 23.802747864302116 23.388250918176702
-257.50000000000006 23.79845335470681 23.384587460088095
-257.0 23.79416443169209 23.380954370148554
-256.5 23.78989988916811 23.377305935645563
-256.00000000000006 23.7856287087967 23.37367804142033
-255.5 23.78136594702812 23.37004393162863
-255.0 23.77711459229745 23.366427428151585
-254.50000000000006 23.772884741926216 23.36281328691735
-254.0 23.768649689115318 23.35921304865864
-253.5 23.764436762910837 23.355614892106324
-253.00000000000006 23.760224403069344 23.352021748134284
-252.5 23.756018090764677 23.34842703958955
-252.0 23.751828770639307 23.344858354029686
-251.50000000000006 23.747647287386677 23.341292949043286
-251.0 23.743460199864433 23.337718167585063
-250.5 23.73930607066776 23.334161962580705
-250.00000000000006 23.735146017751788 23.330600753029177
-249.5 23.730985377339834 23.32705611310809
-249.0 23.726852741233913 23.32351630307842
-248.50000000000006 23.72272136579432 23.31999423696917
-248.0 23.718604078041217 23.31644928678095
-247.5 23.71447974084516 23.312944380334756
