FastTrWP/PhaseSpace/IAs/snIa_0.30_30.00_-0.28_0.10.csv
# %ECSV 0.9
# ---
# datatype:
# - {name: time-rel, datatype: float64}
# - {name: g, datatype: float64}
# - {name: i, datatype: float64}
# schema: astropy-2.0
time-rel g i
[from data line 577]
504.6666666666667 23.0336992253333 22.705299215057696
505.1666666666667 23.031938387140638 22.703558494601186
505.6666666666667 23.030191958181156 22.701847086952178
506.1666666666667 23.028456884271918 22.700140120212055
506.6666666666667 23.026743649324175 22.698439726874973
507.1666666666667 23.025008913032604 22.696736918564135
507.6666666666667 23.023312732018653 22.695056033438938
508.1666666666667 23.02159087382051 22.69337138922923
508.6666666666667 23.01990371213042 22.6916988189343
509.1666666666667 23.018240259723267 22.69002150740791
509.6666666666667 23.01655492087853 22.68836685775377
510.1666666666667 23.01488037886132 22.686710296835283
510.6666666666667 23.013224354668512 22.685061202165077
511.1666666666667 23.011578777365948 22.68341936344672
511.6666666666667 23.009934325737106 22.681780540729683
512.1666666666666 23.00830403446177 22.680152457838446
512.6666666666666 23.00668024384891 22.67852869290994
513.1666666666666 23.00506320521379 22.6769128984024
513.6666666666666 23.003450072603925 22.675304201859365
514.1666666666666 23.00185237692466 22.67370352954203
514.6666666666666 23.000266525403568 22.672108972568626
515.1666666666666 22.998686166931385 22.670519128156318
515.6666666666666 22.997107527446463 22.668937107982202
516.1666666666666 22.995546157494733 22.667363096352258
516.6666666666666 22.993992874818435 22.665801460718523
517.1666666666666 22.992441642872393 22.664239449874334
517.6666666666666 22.990900396236675 22.662687517477696
518.1666666666666 22.989366308346394 22.66112483637885
518.6666666666666 22.987862664825663 22.659596558225758
519.1666666666666 22.986341347549676 22.658061289570863
519.6666666666666 22.984825251187786 22.65653171493703
520.1666666666666 22.983341852026136 22.655010577707415
520.6666666666666 22.981847648350776 22.65350243152656
521.1666666666666 22.980374110797854 22.65199211077306
521.6666666666666 22.978895291927678 22.65049008905067
522.1666666666666 22.977439031247084 22.648994153338005
522.6666666666666 22.975992602511116 22.64751572922573
523.1666666666666 22.97454368172103 22.646028406554997
523.6666666666666 22.973106018467917 22.64456662732168
524.1666666666666 22.97167800887328 22.64309464551737
524.6666666666666 22.970270240001547 22.641631602930126
525.1666666666666 22.96885762472845 22.64018314737659
525.6666666666666 22.967451499972384 22.638738064118282
526.1666666666666 22.966063673088733 22.63729863005384
526.6666666666666 22.96467367066876 22.635872396553868
527.1666666666666 22.96330479658534 22.634443076299362
527.6666666666666 22.961937105331973 22.63302744758938
528.1666666666666 22.96057571078859 22.63161387613533
528.6666666666666 22.95923644399986 22.630200992402415
529.1666666666666 22.957888183934585 22.628811072893747
529.6666666666666 22.95656963884838 22.627416833871386
530.1666666666666 22.95524260679995 22.626031856632363
530.6666666666666 22.95393722788986 22.624656171375776
531.1666666666666 22.952622064671345 22.62328195246324
531.6666666666666 22.951327361514014 22.621924470491553
532.1666666666666 22.95003723203605 22.62057015468143
532.6666666666666 22.948762684742658 22.61920955013682
533.1666666666666 22.947495337498797 22.617869543451647
533.6666666666666 22.94622948762962 22.61653531277185
534.1666666666666 22.944986582137197 22.615205797310303
534.6666666666666 22.943741837511094 22.613884293547542
535.1666666666666 22.94250156747627 22.612564846988043
535.6666666666666 22.94127753588393 22.61125689561195
536.1666666666666 22.940060700863683 22.609960221631017
536.6666666666666 22.938857606230115 22.608666469170586
537.1666666666666 22.937653264447093 22.607378019223283
537.6666666666666 22.936462393819124 22.60609522976985
538.1666666666666 22.935279881330114 22.604822994326007
538.6666666666666 22.934102583453043 22.603552802945725
539.1666666666666 22.93294641753247 22.602294684772307
539.6666666666666 22.93178161036351 22.601039949454787
540.1666666666666 22.930626108186168 22.599793175845633
540.6666666666666 22.92948413392269 22.598550190338756
541.1666666666666 22.928358666512906 22.59731958135938
541.6666666666666 22.927222325185195 22.596089706806133
542.1666666666666 22.92611205100503 22.594866728075246
542.6666666666666 22.925008265113917 22.593650676571293
543.1666666666666 22.923901323920965 22.592441353569175
543.6666666666666 22.922803929713396 22.591233653949615
544.1666666666666 22.92172204106759 22.590039564067204
544.6666666666666 22.920638602001787 22.588852428851553
545.1666666666666 22.9195746378972 22.587666303592137
545.6666666666666 22.918502936763478 22.586489188943737
546.1666666666666 22.917442061130068 22.585313945270286
546.6666666666666 22.91640436765476 22.58415233665982
547.1666666666666 22.915357317424053 22.582990579032646
547.6666666666666 22.91432745065307 22.581838661046824
548.1666666666666 22.91330737162552 22.580681221629625
548.6666666666666 22.912279677240353 22.579541999586688
549.1666666666666 22.911282920129572 22.578403819240958
549.6666666666666 22.91027484190667 22.57727572452927
550.1666666666666 22.909270225737558 22.576143382301687
550.6666666666666 22.90830035701265 22.57502118562687
551.1666666666666 22.907307425859813 22.573912622169168
551.6666666666666 22.90634043761706 22.57280268373837
552.1666666666666 22.905364119333917 22.571699597094216
552.6666666666666 22.904406300251004 22.570604806517736
553.1666666666666 22.903461296372374 22.569512451647427
553.6666666666666 22.902510212311448 22.56841430897247
554.1666666666666 22.901572338553674 22.567335855901433
554.6666666666666 22.900643747048804 22.566260895309924
555.1666666666666 22.89971979841574 22.565190111184307
555.6666666666666 22.898805041919722 22.564114908130534
556.1666666666666 22.89789183257153 22.5630512103657
556.6666666666666 22.896986428073408 22.561997675180603
557.1666666666666 22.896089526018276 22.560949818489895
557.6666666666666 22.89520076165765 22.55990393992856
558.1666666666666 22.89432352333244 22.558855558448776
558.6666666666666 22.89344402358125 22.557816260162483
559.1666666666666 22.892572932668223 22.556781820613132
559.6666666666666 22.891716249627446 22.555759313368373
560.1666666666666 22.890855554932998 22.55472779574445
560.6666666666666 22.890010331031302 22.55371058485612
561.1666666666666 22.88917250852771 22.552696660037167
561.6666666666666 22.888342355753842 22.551684213734045
562.1666666666666 22.887511937176445 22.550677444213918
562.6666666666666 22.886683203975725 22.549681590096565
563.1666666666666 22.88586809839274 22.54868949151129
563.6666666666666 22.885057417320027 22.547695157170857
564.1666666666666 22.88425601920324 22.546712604813862
564.6666666666666 22.883460254821944 22.545721559651525
565.1666666666666 22.88267148834383 22.54474269511563
565.6666666666666 22.881887145466866 22.543772370235473
566.1666666666666 22.881106268669033 22.542799429522656
566.6666666666666 22.880337102387898 22.54183245084585
567.1666666666666 22.87957140430549 22.540869781216976
567.6666666666666 22.878807445982435 22.539918374519658
568.1666666666666 22.8780743876511 22.53896199785933
568.6666666666666 22.87732102246581 22.538016839578926
569.1666666666666 22.87658392229124 22.537076130790194
569.6666666666666 22.875859895598666 22.536147887937382
570.1666666666666 22.875135673966064 22.53521385244135
570.6666666666666 22.874433882477195 22.534293757549918
571.1666666666666 22.873719737763757 22.53336976312299
571.6666666666666 22.87302399565258 22.532465286197546
572.1666666666666 22.872337681173818 22.531564769455407
572.6666666666666 22.871649310243946 22.53066513930641
573.1666666666666 22.870977552138392 22.529768406981074
573.6666666666666 22.87030359383762 22.528879036999374
574.1666666666666 22.869646386901362 22.527997749679265
574.6666666666666 22.868989020799745 22.52711520619561
575.1666666666666 22.868337537927466 22.52624208220947
575.6666666666666 22.867700859625394 22.52536752681447
576.1666666666666 22.867062788543073 22.52450804793368
576.6666666666666 22.86643120918844 22.523652482825934
577.1666666666666 22.86580789704186 22.522798398979166
577.6666666666666 22.8651872137255 22.521946127762483
578.1666666666666 22.86457737822972 22.521101044148736
578.6666666666666 22.86397227270708 22.520255471953547
579.1666666666666 22.863386386768944 22.519415996440188
579.6666666666666 22.862788824584538 22.518584539950602
580.1666666666666 22.86220196441439 22.517756917683514
580.6666666666666 22.86162330018567 22.516939610429088
581.1666666666666 22.861051520507534 22.516114315265206
581.6666666666666 22.8604852360732 22.515291662086163
582.1666666666666 22.85992376660277 22.51448135632279
582.6666666666666 22.859374440714568 22.513674702070247
583.1666666666666 22.858818629408745 22.512864158830524
583.6666666666666 22.858277213420735 22.51206043987519
584.1666666666666 22.857734029339536 22.5112709468524
584.6666666666666 22.857202118850722 22.51046581457427
585.1666666666666 22.856664966475314 22.509674756928643
585.6666666666666 22.85614944371378 22.508891364862208
586.1666666666666 22.855627931913638 22.508096460692745
586.6666666666666 22.855120802347546 22.50732373945651
587.1666666666666 22.85461420404044 22.50653645929144
587.6666666666666 22.854108653230508 22.505754014530215
588.1666666666666 22.853607198605566 22.504988835304573
588.6666666666666 22.853113292017472 22.504217926883353
589.1666666666666 22.852623413293927 22.50344761489757
589.6666666666666 22.852147292410073 22.50268086221189
590.1666666666666 22.85166389772155 22.50191868056122
590.6666666666666 22.851190883223058 22.501147648264986
591.1666666666666 22.85073402803338 22.50039874488757
591.6666666666666 22.85025879621309 22.4996352372124
592.1666666666666 22.84980122094744 22.498879209382835
592.6666666666666 22.849336959312705 22.498122453300557
593.1666666666666 22.848884519828395 22.497377707692024
593.6666666666666 22.848444443176405 22.49662719720966
594.1666666666666 22.848003790948397 22.495881831892632
594.6666666666666 22.847557744736676 22.49513965703491
595.1666666666666 22.847124115624588 22.49439105461041
595.6666666666666 22.8466985514186 22.493647878311887
596.1666666666666 22.84627253405636 22.492897576473855
596.6666666666666 22.84583930135613 22.492167631702962
597.1666666666666 22.845426527819363 22.491430138604667
597.6666666666666 22.845013337921507 22.490694047777893
598.1666666666666 22.84458804977573 22.489944666031615
598.6666666666666 22.844191226407787 22.48922358786737
599.1666666666666 22.843779476706448 22.488486948921917
599.6666666666666 22.84338280057961 22.487756261519884
600.1666666666666 22.84298435739469 22.487034530831487
600.6666666666666 22.84259882627154 22.486310272860376
601.1666666666666 22.842206917576043 22.485586716916487
601.6666666666666 22.841827330385446 22.484862639875697
602.1666666666666 22.841449983301278 22.484146798790015
602.6666666666666 22.84106962096553 22.483428850954162
603.1666666666666 22.840709005040317 22.482713442570812
603.6666666666666 22.840343879575705 22.482001887057912
604.1666666666666 22.83998698830797 22.481296873053505
604.6666666666666 22.839635316116546 22.48059376760604
605.1666666666666 22.839280092223056 22.479879643737664
605.6666666666666 22.83892738964585 22.479183718126894
606.1666666666666 22.838595176774103 22.478492164817858
606.6666666666666 22.838250201127295 22.477793397667455
607.1666666666666 22.837926856245897 22.477092991778886
607.6666666666666 22.83758919578455 22.47639913407781
608.1666666666666 22.837269748601 22.475719499550593
608.6666666666666 22.836948527321873 22.475024432451445
609.1666666666666 22.836645687813657 22.474344082157053
609.6666666666666 22.836335671897846 22.473667036486006
610.1666666666666 22.836019956636008 22.47297630269944
610.6666666666666 22.835725323126496 22.472309302721097
611.1666666666666 22.835432204086167 22.471636677427878
611.6666666666666 22.835139980699438 22.470959045141583
612.1666666666666 22.834859025261874 22.470300152636874
612.6666666666666 22.83457917041126 22.469626201825594
613.1666666666666 22.834301740576546 22.468960571850513
613.6666666666666 22.834028391425353 22.468298333510532
614.1666666666666 22.83375657056768 22.46764439515573
614.6666666666666 22.833500684916537 22.46698967800477
615.1666666666666 22.833251147176195 22.46633429688122
615.6666666666666 22.832991977342108 22.465690757726993
616.1666666666666 22.8327541841955 22.465037598665685
616.6666666666666 22.832507032394695 22.464391640672602
617.1666666666666 22.832268736267714 22.4637468009055
617.6666666666666 22.83204211327211 22.463112150361933
618.1666666666666 22.831822636826775 22.462468679547598
618.6666666666666 22.8315834389983 22.461835351590004
619.1666666666666 22.83137829105589 22.461199959106754
619.6666666666666 22.831165792691404 22.460577364421667
620.1666666666666 22.83096244313289 22.459953775828666
620.6666666666666 22.830761480840028 22.459319718728366
621.1666666666666 22.83055706681011 22.4587047237222
621.6666666666666 22.830364577637404 22.45808037373703
622.1666666666666 22.83019290844642 22.457466925740587
622.6666666666666 22.830006330441556 22.456859658865138
623.1666666666666 22.829834248500806 22.456250551537376
623.6666666666666 22.829663481731725 22.455643598062696
624.1666666666666 22.829501656873617 22.455041562150182
624.6666666666666 22.829344679945592 22.45444016244233
625.1666666666666 22.82919628577926 22.453838294135238
625.6666666666666 22.829043888128894 22.45324271927332
626.1666666666666 22.828894849473368 22.45264425294602
626.6666666666666 22.828760200684393 22.45205501250274
627.1666666666666 22.828625141138765 22.45147667355233
627.6666666666666 22.82850104424574 22.450888341490455
628.1666666666666 22.828374365763047 22.450308961309084
628.6666666666666 22.82825740040988 22.449725115551015
629.1666666666666 22.828146665379066 22.449151249958867
629.6666666666666 22.82803997112858 22.448573163710513
630.1666666666666 22.827944118079365 22.44800414725628
630.6666666666666 22.82785464767827 22.447433771370644
631.1666666666666 22.827757753718902 22.446875093007183
631.6666666666666 22.827672495761796 22.44631414942908
632.1666666666666 22.827591059199026 22.44575359833845
632.6666666666666 22.827521098840865 22.44519547805833
633.1666666666666 22.82744244775985 22.444638639760626
633.6666666666666 22.827379282325147 22.444083052657078
634.1666666666666 22.827322747058222 22.44353737007097
634.6666666666666 22.82725975554316 22.442985875363767
635.1666666666666 22.827213319073003 22.442444562726575
635.6666666666666 22.827161132179622 22.44189636757222
636.1666666666666 22.82711920820098 22.441355825517345
636.6666666666666 22.827080559652458 22.4408168280091
637.1666666666666 22.827052761678807 22.44028558419529
637.6666666666666 22.827015724299883 22.439742494745154
638.1666666666666 22.82699946976466 22.439213566056864
638.6666666666666 22.826976792650868 22.438686964096757
639.1666666666666 22.826974220884114 22.438154400775716
639.6666666666666 22.826962718367575 22.43763840827759
640.1666666666666 22.82695465643031 22.437115678107222
640.6666666666666 22.826964829991525 22.436599593471133
641.1666666666666 22.82696225370598 22.43608493991198
641.6666666666666 22.8269785013886 22.435562136762197
642.1666666666666 22.827001833113066 22.43506000560654
642.6666666666666 22.827025034326955 22.434554276988173
643.1666666666666 22.827049561093673 22.43404554704113
643.6666666666666 22.82708614089661 22.433537939996008
644.1666666666666 22.82711965552849 22.433034440467345
644.6666666666666 22.82716705040148 22.43253599568355
645.1666666666666 22.82721419501112 22.43204927042822
645.6666666666666 22.827263519578356 22.431557913574558
646.1666666666666 22.82732763061474 22.431066895982575
646.6666666666666 22.827389210000128 22.43058137529364
647.1666666666666 22.827463766797077 22.43009101413511
647.6666666666666 22.827536407521 22.42960806930037
648.1666666666666 22.82761681304904 22.429125260487822
648.6666666666666 22.827695801731345 22.428650531015947
