FastTrWP/PhaseSpace/IAs/snIa_0.45_30.00_-0.04_-0.14.csv
# %ECSV 0.9
# ---
# datatype:
# - {name: time-rel, datatype: float64}
# - {name: g, datatype: float64}
# - {name: i, datatype: float64}
# schema: astropy-2.0
time-rel g i
[from data line 2017]
1187.0833333333333 24.72599946391796 23.111598787803523
1187.5833333333333 24.72804872101881 23.112546658741515
1188.0833333333333 24.730093359050173 23.113489300095736
1188.5833333333333 24.732156200149763 23.114419841504983
1189.0833333333333 24.734214224382157 23.1153563666877
1189.5833333333333 24.736263902345122 23.116293445053188
1190.0833333333333 24.738319709468595 23.117226206030676
1190.5833333333333 24.740360778933255 23.118164187032065
1191.0833333333333 24.742433675782017 23.1191036231484
1191.5833333333333 24.74449904860554 23.12003064392083
1192.0833333333333 24.746551921781954 23.120961994516737
1192.5833333333333 24.748598429255686 23.12190370909557
1193.0833333333333 24.75063025587339 23.12282702701291
1193.5833333333333 24.752707532604195 23.123760448178373
1194.0833333333333 24.754756193109962 23.124688783387395
1194.5833333333333 24.75682065767369 23.12560972294902
1195.0833333333333 24.758879781419026 23.126548921609352
1195.5833333333333 24.760922400063656 23.127477033044332
1196.0833333333333 24.76296448977061 23.128392691304533
1196.5833333333333 24.76502591879776 23.129319306497923
1197.0833333333333 24.76707725241002 23.13024282130101
1197.5833333333333 24.769129602999186 23.1311619377292
1198.0833333333333 24.771174815763338 23.132084963076164
1198.5833333333333 24.773229166191474 23.133005737923543
1199.0833333333333 24.77528293571237 23.13391780182482
1199.5833333333333 24.777334846652277 23.134855534005716
1200.0833333333333 24.779392235118145 23.13576997917561
1200.5833333333333 24.78145033691412 23.13668084122742
1201.0833333333333 24.783484666504805 23.137594917698564
1201.5833333333333 24.785534690100498 23.138509643634816
1202.0833333333333 24.787588325216202 23.139422723759708
1202.5833333333333 24.789609218455233 23.140334155139193
1203.0833333333333 24.791668655053535 23.141248184038687
1203.5833333333333 24.793738297716033 23.142158505258436
1204.0833333333333 24.79576327293257 23.14306447560767
1204.5833333333333 24.797806871075544 23.143971814149232
1205.0833333333333 24.79986566203516 23.144881139141958
1205.5833333333333 24.801894190381226 23.145788302106233
1206.0833333333333 24.803943030682483 23.146691336257973
1206.5833333333333 24.805982801238354 23.147592225529916
1207.0833333333333 24.80802368476371 23.14849383491734
1207.5833333333333 24.8100449461906 23.14939925551833
1208.0833333333333 24.812111184718596 23.15030441020366
1208.5833333333333 24.814130134453322 23.151196155462404
1209.0833333333333 24.8161697931476 23.152093343220383
1209.5833333333333 24.818214971177323 23.15298694080813
1210.0833333333333 24.820234664335192 23.153885971901023
1210.5833333333333 24.82227236664141 23.154782746128845
1211.0833333333333 24.824291963674135 23.15567452154307
1211.5833333333333 24.826319343416582 23.156566830917402
1212.0833333333333 24.82838131328377 23.157463132296343
1212.5833333333333 24.830403307255814 23.15834297019633
1213.0833333333333 24.832411825282577 23.159232846599732
1213.5833333333333 24.834461196435544 23.160125046081642
1214.0833333333333 24.836478756349475 23.161002899239676
1214.5833333333333 24.838488241171774 23.161888016957374
1215.0833333333333 24.840522407305272 23.16277372581302
1215.5833333333333 24.842541958809008 23.163655706788596
1216.0833333333333 24.84456324900782 23.164534419111014
1216.5833333333333 24.8465883019332 23.16541414797289
1217.0833333333333 24.84863041803734 23.166293478886256
1217.5833333333333 24.850641697828625 23.167164197607285
1218.0833333333333 24.852650300710057 23.16804980920423
1218.5833333333333 24.854685066644386 23.16892343323961
1219.0833333333333 24.856722680136023 23.169802354796865
1219.5833333333333 24.858742695002466 23.17067454314415
1220.0833333333333 24.860725215560695 23.171540094991524
1220.5833333333333 24.862761242492986 23.17241662563584
1221.0833333333333 24.864787721090412 23.17328550424999
1221.5833333333333 24.86677870852963 23.174167258370705
1222.0833333333333 24.868822819652067 23.175020817624002
1222.5833333333333 24.87082344077377 23.17589527308584
1223.0833333333333 24.87283461564193 23.176761151909815
1223.5833333333333 24.874837921994782 23.17761134053356
1224.0833333333333 24.876857908868317 23.178490417165534
1224.5833333333333 24.878880110237507 23.179348819783026
1225.0833333333333 24.88087849010244 23.180211962661204
1225.5833333333333 24.882886456564375 23.1810743203385
1226.0833333333333 24.884881025563196 23.18192806853949
1226.5833333333333 24.886874069333448 23.182786880676858
1227.0833333333333 24.888885572117974 23.183643352089586
1227.5833333333333 24.890901923065268 23.18449326612514
1228.0833333333333 24.89290381512845 23.185337640521478
1228.5833333333333 24.89489726890076 23.186209827844664
1229.0833333333333 24.89690475271292 23.187054793695285
1229.5833333333333 24.898893158706343 23.187909890318966
1230.0833333333333 24.900905991972685 23.188751047161432
1230.5833333333333 24.902881505067512 23.18959409167195
1231.0833333333333 24.90489160852531 23.19044352339841
1231.5833333333333 24.90689242052995 23.191298539161114
1232.0833333333333 24.90885734334146 23.19213026108597
1232.5833333333333 24.910841644629215 23.19297535239208
1233.0833333333333 24.91281794646062 23.193813326840157
1233.5833333333333 24.914804718617347 23.194655134940025
1234.0833333333333 24.91680423180202 23.195490487934652
1234.5833333333333 24.91879209105251 23.196329683933698
1235.0833333333333 24.920744563334402 23.197169217827973
1235.5833333333333 24.922739629635295 23.197992427906506
1236.0833333333333 24.924726294475796 23.198829194542263
1236.5833333333333 24.926690969972057 23.199654680015872
1237.0833333333333 24.928657706553267 23.200480044531982
1237.5833333333333 24.930609971908687 23.201318618751948
1238.0833333333333 24.932603180953823 23.202139139948628
1238.5833333333333 24.93455189918191 23.202961693701297
1239.0833333333333 24.936528582550114 23.203792763334697
1239.5833333333333 24.93850217435256 23.20460806761103
1240.0833333333333 24.94045554393805 23.205430876573445
1240.5833333333333 24.942415484206823 23.206238169388676
1241.0833333333333 24.944371003549456 23.2070635862079
1241.5833333333333 24.946326741109544 23.207880053857977
1242.0833333333333 24.94824871955454 23.208684949556684
1242.5833333333333 24.950221635900412 23.209502176329377
1243.0833333333333 24.952159611039967 23.210311801038984
1243.5833333333333 24.954107275169612 23.211121965296865
1244.0833333333333 24.956040168906426 23.21191847511409
1244.5833333333333 24.957971425294346 23.212736337260335
1245.0833333333333 24.959912051643343 23.213530607685932
1245.5833333333333 24.96186710368538 23.214335095621905
1246.0833333333333 24.963768428445327 23.215144927808357
1246.5833333333333 24.96571661767517 23.21594490307703
1247.0833333333333 24.967636052806135 23.216728785195247
1247.5833333333333 24.96954992696693 23.217523815119367
1248.0833333333333 24.971461014636986 23.21832176973522
1248.5833333333333 24.973381829082562 23.219112048127208
1249.0833333333333 24.97529774407927 23.21989481641619
1249.5833333333333 24.977215856842783 23.22069961410726
1250.0833333333333 24.979112914901165 23.22146885424267
1250.5833333333333 24.981026864540652 23.222253262460512
1251.0833333333333 24.982905994347906 23.223037770489327
1251.5833333333333 24.984807010478875 23.22381385242537
1252.0833333333333 24.986679285538585 23.224580628811623
1252.5833333333333 24.988563300533094 23.225361807672403
1253.0833333333333 24.990441798186453 23.226126435484392
1253.5833333333333 24.99232026594159 23.226892061510615
1254.0833333333333 24.994174955126237 23.22765765117355
1254.5833333333333 24.996053573308984 23.228418896231116
1255.0833333333333 24.99789196080806 23.229183920525877
1255.5833333333333 24.999780063717566 23.229929439024296
1256.0833333333333 25.001629060958305 23.230696363482146
1256.5833333333333 25.00345542924695 23.231440480705974
1257.0833333333333 25.005292790241846 23.23219522446605
1257.5833333333333 25.007143203382796 23.232952902204183
1258.0833333333333 25.009005533994866 23.23369092548986
1258.5833333333333 25.010814886495023 23.234440859144556
1259.0833333333333 25.01266377216526 23.235185952154144
1259.5833333333333 25.014471446986345 23.235928250126513
1260.0833333333333 25.016301417943666 23.236660429140695
1260.5833333333333 25.018114675890494 23.237399550815677
1261.0833333333333 25.0199352727064 23.238138408953176
1261.5833333333333 25.021752342772444 23.23887514511252
1262.0833333333333 25.02355012922248 23.2396039529771
1262.5833333333333 25.025374925291235 23.240342332717155
1263.0833333333333 25.027178666522147 23.241068522434034
1263.5833333333333 25.028974373755556 23.2417983328654
1264.0833333333333 25.030763337233324 23.242519350665404
1264.5833333333333 25.032573450006836 23.243246236563554
1265.0833333333333 25.034366096455415 23.243977019117423
1265.5833333333333 25.036160481569137 23.24469492532021
1266.0833333333333 25.03795449115613 23.24541934729258
1266.5833333333333 25.039719779442798 23.246133169422656
1267.0833333333333 25.04152986045577 23.246854604797736
1267.5833333333333 25.043307954563527 23.24757087731748
1268.0833333333333 25.045109697177406 23.248284003402574
1268.5833333333333 25.046875716956766 23.24901117661809
1269.0833333333333 25.048666722326335 23.24971501578043
1269.5833333333333 25.050415257666636 23.250436007225716
1270.0833333333333 25.052205474450787 23.25114815752802
1270.5833333333333 25.053983564469107 23.251857206155332
1271.0833333333333 25.055775304417192 23.252572612703233
1271.5833333333333 25.057562751056345 23.253281227455997
1272.0833333333333 25.059319445495856 23.253997058970093
1272.5833333333333 25.061080013381485 23.254702175619567
1273.0833333333333 25.062869351619565 23.255413869202105
1273.5833333333333 25.064637251041116 23.256118245304247
1274.0833333333333 25.0664048319541 23.256825928599817
1274.5833333333333 25.068193674759335 23.257535379329745
1275.0833333333333 25.069946214713006 23.25824377858556
1275.5833333333333 25.07171743330273 23.25895363229893
1276.0833333333333 25.073511985586624 23.259673982795107
1276.5833333333333 25.07528127848365 23.260364639364887
1277.0833333333333 25.07704712123996 23.261073027701038
1277.5833333333333 25.078814812155073 23.26178968706151
1278.0833333333333 25.080586001240057 23.262478170922954
1278.5833333333333 25.08236408158002 23.263192169084093
1279.0833333333333 25.08413210941237 23.263908090080445
1279.5833333333333 25.085932809441722 23.264617486076297
1280.0833333333333 25.087685136694763 23.265314852525876
1280.5833333333333 25.089467277145317 23.266034194024705
1281.0833333333333 25.091246452478522 23.266736676975015
1281.5833333333333 25.093008872325115 23.26743280928085
1282.0833333333333 25.09479190318939 23.268156054806887
1282.5833333333333 25.096587860117534 23.268872669195897
1283.0833333333333 25.098379791650128 23.26955513713026
1283.5833333333333 25.100174024986845 23.27027168334954
1284.0833333333333 25.101947187837084 23.270985619385396
1284.5833333333333 25.103720010736307 23.271693543348512
1285.0833333333333 25.105525518718224 23.272405071529537
1285.5833333333333 25.1073020056701 23.273118061790278
1286.0833333333333 25.10906829780862 23.273810751666733
1286.5833333333333 25.110862012641025 23.274524924937502
1287.0833333333333 25.112636652240163 23.275228125486823
1287.5833333333333 25.114427024046556 23.275919200438054
1288.0833333333333 25.11618132649573 23.27663156619029
1288.5833333333333 25.117963297014747 23.277332238972374
1289.0833333333333 25.119724534134736 23.278027447332974
1289.5833333333333 25.12148793832159 23.278722659768015
1290.0833333333333 25.123269952631915 23.279424605948563
1290.5833333333333 25.125013145517002 23.28012398727109
1291.0833333333333 25.126772167224324 23.280821056307506
1291.5833333333333 25.12853191889566 23.28151115646608
1292.0833333333333 25.130286296856127 23.28219943443169
1292.5833333333333 25.132041438105258 23.28289369059732
1293.0833333333333 25.133782460833967 23.283590749578508
1293.5833333333333 25.13554966840357 23.28427656309855
1294.0833333333333 25.137295572464524 23.28496268681399
1294.5833333333333 25.13904035531805 23.285649264776307
1295.0833333333333 25.140771893482157 23.2863418272454
1295.5833333333333 25.142533495352705 23.287029849026112
1296.0833333333333 25.144294588332805 23.287718634622756
1296.5833333333333 25.146038587488597 23.288409482517896
1297.0833333333333 25.147770645836488 23.28909787676805
1297.5833333333333 25.149519610325303 23.289765339573314
1298.0833333333333 25.151273060089082 23.29046587481994
1298.5833333333333 25.153027478892383 23.291146751928117
1299.0833333333333 25.154741142706424 23.291831194033747
1299.5833333333333 25.156493083353322 23.292511398773637
1300.0833333333333 25.15824183519136 23.29318945174173
1300.5833333333333 25.159963250646964 23.2938782525366
1301.0833333333333 25.16170189439962 23.29456956613363
1301.5833333333333 25.16343850155073 23.295244618168255
1302.0833333333333 25.1651777099491 23.295937648540438
1302.5833333333333 25.166905040148727 23.296607713578382
1303.0833333333333 25.16867378755066 23.29729328115966
1303.5833333333333 25.170409089596816 23.29796293362964
1304.0833333333333 25.17213475006205 23.298651199346004
1304.5833333333333 25.17390083802163 23.29933303197192
1305.0833333333333 25.17564173657 23.30001349110464
1305.5833333333333 25.177379035460774 23.300689046449712
1306.0833333333333 25.179108597876436 23.301385319555354
1306.5833333333333 25.180864256615706 23.30205918588107
1307.0833333333333 25.182607135403686 23.30274579289638
1307.5833333333333 25.184344962870753 23.303423730670573
1308.0833333333333 25.186098951156733 23.304119459009893
1308.5833333333333 25.187829314150072 23.304796361653665
1309.0833333333333 25.189595599432266 23.3054668033245
1309.5833333333333 25.19131511220445 23.3061612269363
1310.0833333333333 25.193083294039415 23.306844106668997
1310.5833333333333 25.194806845939297 23.30752814709022
1311.0833333333333 25.19657328398145 23.30821062751005
1311.5833333333333 25.198325113325538 23.3088931991219
1312.0833333333333 25.200095027003083 23.309581923409443
1312.5833333333333 25.201872102620055 23.310270379020483
1313.0833333333333 25.203612329118577 23.31095306327466
1313.5833333333333 25.205366760106966 23.31163369393581
1314.0833333333333 25.20712181670577 23.312326871775817
1314.5833333333333 25.208915667684554 23.3130135402152
1315.0833333333333 25.210680348402647 23.313703643544063
1315.5833333333333 25.212427656826335 23.314402209899654
1316.0833333333333 25.21420288871959 23.315088041529588
1316.5833333333333 25.215981022440022 23.315782855576156
1317.0833333333333 25.217747484950404 23.31646657381161
1317.5833333333333 25.219520304709842 23.317176845444397
1318.0833333333333 25.22132113234003 23.317858982294087
1318.5833333333333 25.22308843638144 23.318554711760775
1319.0833333333333 25.224881842568195 23.31926286355385
1319.5833333333333 25.22667067004945 23.31994075518849
1320.0833333333333 25.228461965700593 23.32064259418692
1320.5833333333333 25.23025445437472 23.321343632176056
1321.0833333333333 25.232048760360644 23.32204234001265
1321.5833333333333 25.23385065692759 23.32273841395193
1322.0833333333333 25.235606578551845 23.32343313525709
1322.5833333333333 25.237404734302746 23.324127928688824
1323.0833333333333 25.239206642617585 23.324837882378567
1323.5833333333333 25.241015081416663 23.325530166470916
1324.0833333333333 25.24283373335102 23.326225701710626
1324.5833333333333 25.244615070760396 23.326926326805413
1325.0833333333333 25.246412181112056 23.327628175536432
1325.5833333333333 25.248215748410775 23.32832401585498
1326.0833333333333 25.249996389728754 23.329030141659114
1326.5833333333333 25.251794225854894 23.32972284607108
1327.0833333333333 25.25360285182275 23.330426978780658
1327.5833333333333 25.25543006180877 23.331124063859807
1328.0833333333333 25.25721323413908 23.33183521274673
