FastTrWP/PhaseSpace/IAs/snIa_0.55_30.00_0.14_0.15.csv
# %ECSV 0.9
# ---
# datatype:
# - {name: time-rel, datatype: float64}
# - {name: g, datatype: float64}
# - {name: i, datatype: float64}
# schema: astropy-2.0
time-rel g i
[from data line 703]
-37.0 23.881482301551596 22.430156875586633
-36.5 23.880882606370587 22.429161990745623
-36.0 23.88030234992914 22.428151907909516
-35.5 23.879742347253448 22.42715448411532
-35.0 23.87917505671091 22.426157250063035
-34.5 23.878623398318382 22.425166911915483
-34.0 23.87808806833538 22.424186184317286
-33.5 23.877567001959285 22.423205851403583
-33.0 23.877047763512603 22.42222850875931
-32.5 23.87652663247152 22.421249693417863
-32.0 23.87602684679861 22.420282873182764
-31.5 23.875530630170637 22.4193164206963
-31.0 23.875057400007744 22.418360931094995
-30.5 23.874596146302736 22.41740330179511
-30.0 23.874126827183964 22.416451443953783
-29.5 23.87368293580753 22.415510371410605
-29.0 23.87323728892692 22.41456462268132
-28.5 23.87282106024887 22.413622686663835
-28.0 23.872388069342925 22.412689287841783
-27.5 23.871973518540855 22.41176945152924
-27.0 23.871588037154872 22.410834765846012
-26.5 23.87119063392727 22.40991159916518
-26.0 23.870808435322246 22.409001400274704
-25.5 23.870431466794866 22.408076223745894
-25.0 23.870058260963095 22.407165877493597
-24.5 23.86970655057141 22.40626448704137
-24.0 23.869362575854517 22.405359806948432
-23.5 23.869032570632733 22.404462409639777
-23.0 23.86868687968002 22.40356603162223
-22.5 23.868362655309436 22.402671900354495
-22.0 23.868049035725974 22.401790888173704
-21.5 23.867749693075936 22.400907497440755
-21.0 23.8674514808447 22.400030824191045
-20.5 23.867174750183935 22.399154729896253
-20.0 23.866889828159046 22.398277767794195
-19.5 23.866615055266564 22.397410982687763
-19.0 23.866359032105873 22.396550395720816
-18.5 23.866102806578876 22.39569485546564
-18.0 23.865842617587084 22.39483204269773
-17.5 23.86561134654034 22.393984701852958
-17.0 23.865385550090586 22.39313729896619
-16.5 23.865161437404815 22.392290151939033
-16.0 23.864950238495535 22.39145547573463
-15.5 23.86474321526668 22.39060474461441
-15.0 23.86454486602259 22.389771929231888
-14.5 23.86434467665037 22.388940819767083
-14.0 23.864171206747322 22.38811901633857
-13.5 23.86398267932069 22.38729035712879
-13.0 23.863812150753 22.386474221985857
-12.5 23.86364319651903 22.385653302073678
-12.0 23.86349007062651 22.384840841434258
-11.5 23.86335282946579 22.384038019896543
-11.0 23.86319147282761 22.383227133227987
-10.5 23.86307821409915 22.382423608279723
-10.0 23.86293983697421 22.38162005766081
-9.5 23.862823013680206 22.38082850998311
-9.0 23.862706805826626 22.380040443075778
-8.5 23.8625969444716 22.379240913754384
-8.0 23.862503537180043 22.378458519786662
-7.5 23.862406158552094 22.37767796408621
-7.0 23.862313856617327 22.376900277427012
-6.5 23.862231584250754 22.37612378147467
-6.0 23.862162183696462 22.375356125457753
-5.5 23.862090500283703 22.37457866566708
-5.0 23.862029994174584 22.373815126604427
-4.5 23.861995086099288 22.37305328806224
-4.0 23.861927929732897 22.372296579354437
-3.5 23.86188404913301 22.371537696001642
-3.0 23.861842623523117 22.37078252314451
-2.5 23.861811643261923 22.37003306009214
-2.0 23.861778929801943 22.369285295778184
-1.5 23.861781899590042 22.36854024794068
-1.0 23.86175416438578 22.367800539503584
-0.5 23.861736607746383 22.36706358110467
0.0 23.86173575937181 22.366332705417623
0.5 23.86173885561572 22.36559128110317
1.0 23.861759511731506 22.364861273413478
1.5 23.86177643283689 22.364146114997
2.0 23.861788848591203 22.3634192611428
2.5 23.861807325446904 22.36270248256688
3.0 23.861842297911465 22.361984708320286
3.5 23.861874904462788 22.361273261910153
4.0 23.861939762146495 22.36056435972373
4.5 23.86200168293973 22.35985811282585
5.0 23.86207670473206 22.359160621349584
5.5 23.86216096440203 22.358466837549283
6.0 23.862265909920275 22.357776709605446
6.5 23.862359517384725 22.357087493669713
7.0 23.862476007222256 22.356401932920388
7.5 23.86260538531079 22.35571400724407
8.0 23.86273510473491 22.355045406194137
8.5 23.86286826237116 22.354364183053697
9.0 23.86302375910496 22.353698957761235
9.5 23.863186795731806 22.35303590998084
10.0 23.8633410589848 22.352372748501352
10.5 23.86351843681533 22.35170864473264
11.0 23.863710175968777 22.351050555920402
11.5 23.863891999023657 22.350397029651013
12.0 23.86408593407743 22.349751096405956
12.5 23.864309597124503 22.3491035054517
13.0 23.8644959197332 22.34845668549504
13.5 23.86473847666439 22.347821438212307
14.0 23.864961467186355 22.347189008547275
14.5 23.86519853286021 22.346550046141967
15.0 23.86544607663753 22.3459235225666
15.5 23.865700473643976 22.345292403995135
16.0 23.86595210837578 22.344668891103325
16.5 23.866209241095042 22.344048255261786
17.0 23.866472997909007 22.343424621004658
17.5 23.866741529322685 22.34281050724679
18.0 23.867044764558976 22.342198511462897
18.5 23.867338210989896 22.341597299508255
19.0 23.867621820925116 22.340988043947682
19.5 23.867914017517986 22.340379690165136
20.0 23.868213680281833 22.33978310505244
20.5 23.868537443149712 22.33917467566089
21.0 23.868843901677614 22.338584012448436
21.5 23.86917389795085 22.337991778980914
22.0 23.86949979109677 22.33739762582492
22.5 23.8698282018429 22.33681465390849
23.0 23.870163356366405 22.336223337499135
23.5 23.87049483291094 22.335645866078195
24.0 23.870851020749036 22.3350554519079
24.5 23.871192368683175 22.334486614724604
25.0 23.871545894684235 22.333907437918747
25.5 23.871905789048657 22.3333296654871
26.0 23.872255368656706 22.332760978162135
26.5 23.872623392421602 22.332189389981544
27.0 23.87299354898851 22.331626995564164
27.5 23.87336494035912 22.331063202601456
28.0 23.873732517678647 22.330506346267054
28.5 23.874107560060935 22.329944966957072
29.0 23.87449116039226 22.329381261101734
29.5 23.874869954797077 22.32882800316264
30.0 23.87525724228219 22.328277709788512
30.5 23.875639548852575 22.327722052389944
31.0 23.87602283486869 22.32717267616661
31.5 23.87641821135341 22.326624988687026
32.0 23.87680683880999 22.32607948826692
32.5 23.877209322635228 22.325529559809446
33.0 23.87759269780991 22.324994800667078
33.5 23.87799604863453 22.32445013146282
34.0 23.87840840128519 22.323914478810096
34.5 23.87878556187121 22.32337399046193
35.0 23.879177841657715 22.3228406590922
35.5 23.87957371723499 22.322308857360817
36.0 23.879988300345076 22.32176585280164
36.5 23.88039871264718 22.3212419999356
37.0 23.880802512897247 22.32072017061639
37.5 23.881199841857963 22.3201930793945
38.0 23.881594551012345 22.31965893488734
38.5 23.882004522690007 22.31913945455681
39.0 23.882422333169416 22.31861505094706
39.5 23.882806641074062 22.31809150654144
40.0 23.883212891350315 22.31757784780116
40.5 23.883615794972833 22.31705252916004
41.0 23.884034458984953 22.31654129613954
41.5 23.88442528698015 22.316026519116747
42.0 23.884842297376714 22.315516933259907
42.5 23.885265611928826 22.31500181359535
43.0 23.88567731814579 22.314493965405827
43.5 23.886111033343038 22.313985778405883
44.0 23.886533893558198 22.313482902651792
44.5 23.886966868068015 22.312976132972395
45.0 23.88739714132401 22.3124752802473
45.5 23.88782948850663 22.311975966651637
46.0 23.888262529502327 22.31147933542477
46.5 23.888709880128815 22.310990099321195
47.0 23.889156965378234 22.31049115921708
47.5 23.88960343866314 22.310004795715916
48.0 23.8900553996973 22.309515758547388
48.5 23.89050854279894 22.30901923064473
49.0 23.890972202822013 22.308545483436045
49.5 23.891434999996363 22.308058768092728
50.0 23.891900946624393 22.307585347122924
50.5 23.892365058196127 22.307093531280266
51.0 23.89283175320273 22.306621569331853
51.5 23.893326137797576 22.306145628912624
52.0 23.893792895701715 22.305671110895027
52.5 23.894263818104605 22.305203270989725
53.0 23.89476046825287 22.30473775904815
53.5 23.895254785630954 22.304269277679083
54.0 23.89573800332795 22.303800141918828
54.5 23.896240941162702 22.30334457326171
55.0 23.89673112537448 22.302883499137742
55.5 23.897227347210602 22.302428831825072
56.0 23.897741887559643 22.301970983820997
56.5 23.89825029288521 22.301518800713072
57.0 23.898751808060197 22.30106378314689
57.5 23.899284033736812 22.30061533300629
58.0 23.899793518790716 22.30016634079579
58.5 23.90031665501755 22.29972211840995
59.0 23.900851928434392 22.2992780089691
59.5 23.90136882609889 22.298835156639335
60.0 23.901898427155984 22.298398675644336
60.5 23.902442536357036 22.297960959694706
61.0 23.90298939002903 22.29753161780252
61.5 23.903519865066542 22.297092254448927
62.0 23.904063413099692 22.29666602068615
62.5 23.904618276385087 22.2962353428983
63.0 23.905161160012824 22.29581609751811
63.5 23.905726331815103 22.29538494948364
64.0 23.90629276799817 22.2949661586853
64.5 23.906855511739337 22.294547598356207
65.0 23.907424240160573 22.29413549376947
65.5 23.907993869898498 22.293715073676005
66.0 23.908576733208847 22.293303251715614
66.5 23.909149381735084 22.292896909693383
67.0 23.909734855735824 22.29248397464374
67.5 23.910312403790197 22.292077668813537
68.0 23.9108997977534 22.29167238929747
68.5 23.91150682340967 22.291270427460947
69.0 23.912095700881046 22.290881873809823
69.5 23.91270123864728 22.2904796707113
70.0 23.913303938132152 22.290084433704912
70.5 23.913912626623333 22.289688158792377
71.0 23.914530027627258 22.289307163253127
71.5 23.91514799786811 22.288913384876686
72.0 23.915771421078766 22.288531958382023
72.5 23.91637944639964 22.28814825904078
73.0 23.917021642909155 22.287763596736525
73.5 23.917641014562655 22.287392966919416
74.0 23.918278431887003 22.28701376085763
74.5 23.91890319187462 22.286636897193944
75.0 23.919568183891524 22.286269330117648
75.5 23.920195322497722 22.285897462259555
76.0 23.920856325758834 22.285533007413704
76.5 23.921511433385408 22.285174745378413
77.0 23.922166155221227 22.284804550539402
77.5 23.92282360477818 22.284449150024713
78.0 23.923481001348414 22.28408600842618
78.5 23.92417077901076 22.283729760927265
79.0 23.924833049368168 22.28338467895627
79.5 23.925512861904163 22.283034018210607
80.0 23.92621143956926 22.282679347581155
80.5 23.926878617175408 22.28233109871077
81.0 23.92756342343183 22.281992219166252
81.5 23.928245134997013 22.281642139250913
82.0 23.928953302096353 22.281307724424806
82.5 23.92965302759015 22.280960253654783
83.0 23.930350823738205 22.28062664607256
83.5 23.931060606745294 22.280290853737416
84.0 23.931772984595145 22.279955309360954
84.5 23.932488039323193 22.27962756689368
85.0 23.93318795466985 22.279296108125457
85.5 23.933929526600934 22.278969627883882
86.0 23.93465161002487 22.278646566881942
86.5 23.935390921183455 22.2783260687573
87.0 23.936126083492077 22.27800389379174
87.5 23.936859632078487 22.277684961639658
88.0 23.937577979889724 22.277374888000956
88.5 23.93833437211655 22.277053892272466
89.0 23.939078876895458 22.276739032819712
89.5 23.939840446424 22.276435796698628
90.0 23.940600265960477 22.276119901376386
90.5 23.941361342508685 22.275818255994764
91.0 23.9421283084654 22.2755151334589
91.5 23.94289447763907 22.275206506282462
92.0 23.943667159274327 22.27491346475532
92.5 23.94444596335825 22.27461768227592
93.0 23.945219924031843 22.274319106714884
93.5 23.94601638610057 22.27402575958324
94.0 23.946802279180304 22.273741757539185
94.5 23.947579481636417 22.273449513546865
95.0 23.948385614317147 22.273162187269023
95.5 23.949196358638698 22.27288237361432
96.0 23.949988225926717 22.27259710613319
96.5 23.95080095792774 22.272319603293962
97.0 23.951611023028484 22.272042350584364
97.5 23.952431473631776 22.2717589654756
98.0 23.953254849664326 22.271494912197312
98.5 23.95408832694784 22.271217168529983
99.0 23.95490041929619 22.27094638667733
99.5 23.955740290032153 22.27068364143247
100.0 23.95659009655229 22.2704137206614
100.5 23.9574174170453 22.27016130037892
101.0 23.958274461826136 22.269891867863365
101.5 23.959125835262213 22.269635599978614
102.0 23.95996651069951 22.2693851332734
102.5 23.960837541236707 22.269130468097664
103.0 23.961700746570095 22.26888101108586
103.5 23.962548568649332 22.26863349296494
104.0 23.963446582137422 22.2683791248904
104.5 23.964315825546095 22.268132850577963
105.0 23.965189201205888 22.267893999474907
105.5 23.966071255209357 22.267659854189997
106.0 23.966947981958157 22.267418167762685
106.5 23.96785627231354 22.26717987580794
107.0 23.968758012008426 22.26695407771445
107.5 23.969646738003057 22.266715927681574
108.0 23.970573681110515 22.26649217772362
108.5 23.9714660905967 22.266264251911842
109.0 23.972383894730914 22.266045214357852
109.5 23.97330552295154 22.26582488470942
110.0 23.974227523249997 22.265598030996266
110.5 23.97515448556365 22.265383355411537
111.0 23.976073673779958 22.265172621659094
111.5 23.977007068660022 22.264966009176803
112.0 23.977955699254917 22.26474903189783
112.5 23.978905420807244 22.264540536929616
113.0 23.97984477161664 22.264340662846934
113.5 23.98081000559888 22.2641375977244
114.0 23.98176950397471 22.263939700210834
114.5 23.982732339615254 22.263736101164724
115.0 23.98370014894311 22.263542126654315
115.5 23.98467718837781 22.26335400001368
116.0 23.985660200745855 22.263156608266424
116.5 23.98664848334124 22.262966072907812
117.0 23.98765059945315 22.262792182902466
117.5 23.988652669438103 22.262606344621993
118.0 23.98965576215405 22.26242539306441
118.5 23.990665429557243 22.26224102564851
119.0 23.991692066613332 22.262076359172852
119.5 23.992714265698133 22.261899994054897
120.0 23.99373898124956 22.261726711680478
120.5 23.994778768594784 22.26156245372596
121.0 23.99583202458743 22.26139499504623
121.5 23.996862590095414 22.26123595378569
122.0 23.99792264379969 22.261071794852864
122.5 23.99897957080109 22.260920124426512
123.0 24.000036303679735 22.260757532024726
123.5 24.001117078923375 22.260606768481352
124.0 24.002183963739704 22.260447855471828
124.5 24.003274314646234 22.26030382688657
125.0 24.004351325380707 22.26015591735999
125.5 24.005431209215445 22.260009049694194
126.0 24.00652252237534 22.25986483974708
126.5 24.007628687174307 22.25972961272403
127.0 24.008731997774643 22.25958818302347
127.5 24.00984763562137 22.259455160363313
128.0 24.01095738740475 22.25932333058024
128.5 24.012083773884626 22.259193358703158
129.0 24.01320564508882 22.25906154020994
129.5 24.01433721767461 22.258929796623093
130.0 24.015456768501924 22.258800794252114
130.5 24.0165965848702 22.258684070907186
131.0 24.017749541915464 22.258568047727728
131.5 24.01889136320275 22.25844435339107
132.0 24.02003242903218 22.258323919705205
132.5 24.021187631175145 22.258213735148274
133.0 24.022351046726207 22.258098293813294
133.5 24.023510276285812 22.257988212509762
134.0 24.0246836475022 22.257884274267248
134.5 24.025844662234533 22.257766960895182
135.0 24.027009133894197 22.257664554344387
135.5 24.02818912204186 22.257565270802285
136.0 24.029376476813663 22.257463124973885
136.5 24.030547668014744 22.257359057443303
137.0 24.031739437011424 22.257256667573003
137.5 24.032914276035964 22.25716943783133
138.0 24.034112155604195 22.257073786520323
138.5 24.035318642230624 22.256979969970843
139.0 24.036521618007075 22.256893198080657
139.5 24.037717032671036 22.25680493159723
140.0 24.03891952857975 22.256723916004866
140.5 24.040128201509678 22.256630227019674
141.0 24.0413359204471 22.25654654055341
141.5 24.042550607355512 22.256474721999815
142.0 24.043764793618454 22.25638468645976
142.5 24.044978741188075 22.25631282612398
143.0 24.046198972337393 22.25622734645451
143.5 24.04743255751343 22.256154865085634
144.0 24.048645837371076 22.256083023230474
144.5 24.049875756996126 22.256014226132802
145.0 24.05111708799187 22.25594025418768
145.5 24.05233039892609 22.25587580701696
146.0 24.053578216171015 22.25580329976038
146.5 24.054790647904902 22.255740834382394
147.0 24.05603417547544 22.255679867049135
147.5 24.05727612274093 22.25561990446318
148.0 24.05851971140504 22.255559807337043
148.5 24.059760584472954 22.255498793061356
149.0 24.061012010745007 22.255444132879845
149.5 24.06225754028025 22.255386946652955
150.0 24.06349611814008 22.255333229285228
