FastTrWP/PhaseSpace/IAs/snIa_0.39_30.00_-0.76_-0.15.csv
# %ECSV 0.9
# ---
# datatype:
# - {name: time-rel, datatype: float64}
# - {name: g, datatype: float64}
# - {name: i, datatype: float64}
# schema: astropy-2.0
time-rel g i
[from data line 289]
352.9166666666667 24.095260596470407 23.839845394374525
353.4166666666667 24.0896508336564 23.83588680946536
353.9166666666667 24.08404778245631 23.831923826788476
354.4166666666667 24.07846940986797 23.8279747747045
354.9166666666667 24.072877584345385 23.82402959246692
355.4166666666667 24.067325638185185 23.820082988715654
355.9166666666667 24.061767425362447 23.816163921679294
356.4166666666667 24.056227918178482 23.812226662407525
356.9166666666667 24.050713100844625 23.808309454734417
357.4166666666667 24.045174757404304 23.80439592666071
357.9166666666667 24.03967180675786 23.800480400052727
358.41666666666663 24.03417910987484 23.79657516111134
358.9166666666667 24.02870912539808 23.792684442166887
359.4166666666667 24.023225684976246 23.788790881923198
359.91666666666663 24.017774069448027 23.784888169093357
360.4166666666667 24.012317517168235 23.78101977466432
360.9166666666667 24.006884012402253 23.777151807666392
361.41666666666663 24.001460694443697 23.77328003355234
361.9166666666667 23.996052626148064 23.769418836303654
362.4166666666667 23.990668666861573 23.765563981427235
362.91666666666663 23.98526994801653 23.76172494935995
363.4166666666667 23.97989967892444 23.757890297782325
363.9166666666667 23.97453031292617 23.75406038052988
364.41666666666663 23.96917980568123 23.750230326169373
364.9166666666667 23.96384603689404 23.746420849488878
365.4166666666667 23.95852617714144 23.74261273581245
365.91666666666663 23.95321316205489 23.7387934796659
366.4166666666667 23.947903827281767 23.73501141049323
366.9166666666667 23.942622026238997 23.731220588434155
367.41666666666663 23.937336669719443 23.72743362153647
367.9166666666667 23.93205729481522 23.723662322143703
368.4166666666667 23.92681065823059 23.71988847064309
368.91666666666663 23.921563329023368 23.716115473381223
369.4166666666667 23.91633463356897 23.71234990535922
369.9166666666667 23.911105182842856 23.70860531273255
370.41666666666663 23.905903798373807 23.704858855799138
370.9166666666667 23.900706393403656 23.70112329945232
371.4166666666667 23.895520380780695 23.697372232447947
371.91666666666663 23.890314757468506 23.693653004411818
372.4166666666667 23.885162260157724 23.689932545623478
372.9166666666667 23.88001253544398 23.686213758645117
373.41666666666663 23.874862228687732 23.682511036053675
373.9166666666667 23.86972381017643 23.678795702339922
374.4166666666667 23.864593925396605 23.67509567510541
374.91666666666663 23.859491709672017 23.671407889122648
375.4166666666667 23.854383220010497 23.667712133133104
375.9166666666667 23.849279496935125 23.66403036438617
376.41666666666663 23.84421896005935 23.66035337218442
376.9166666666667 23.839125782221544 23.656686901308348
377.4166666666667 23.834068892642456 23.65302312544482
377.91666666666663 23.829025484393735 23.649357599038545
378.4166666666667 23.823981400813977 23.6456997489871
378.9166666666667 23.81894026072733 23.642062900044678
379.41666666666663 23.813918993076932 23.638405644777233
379.9166666666667 23.80891615806206 23.634770395423686
380.4166666666667 23.803910926926257 23.631142222878747
380.91666666666663 23.798911249709086 23.627510833734434
381.4166666666667 23.793933805565413 23.62388341512608
381.9166666666667 23.788965815053555 23.620271251665663
382.41666666666663 23.783993557018576 23.616646683867295
382.9166666666667 23.779034972203775 23.613060527548328
383.4166666666667 23.774098150349275 23.60945408070908
383.91666666666663 23.76914952861769 23.60586222879413
384.4166666666667 23.764235008407685 23.60226986835213
384.9166666666667 23.75931202192386 23.598668984634358
385.41666666666663 23.754410432803898 23.595097986944168
385.9166666666667 23.74951807362127 23.591510177188507
386.4166666666667 23.744625470964994 23.58795026015084
386.91666666666663 23.739741910854875 23.58437384348063
387.4166666666667 23.734873079782638 23.580809964521855
387.9166666666667 23.730014809535106 23.577251444063357
388.41666666666663 23.725159647446382 23.573701459308133
388.9166666666667 23.720308649644785 23.570156596221203
389.4166666666667 23.71547733160957 23.56661718650882
389.91666666666663 23.710640536933035 23.563066155701414
390.4166666666667 23.705839261474047 23.559540226609457
390.9166666666667 23.701027209713747 23.55599940427841
391.41666666666663 23.69622770771752 23.552469384718332
391.9166666666667 23.69143791949025 23.548961048812423
392.4166666666667 23.686646697678423 23.545443508127235
392.91666666666663 23.68187314505773 23.54193251423473
393.4166666666667 23.677102054528206 23.538418702362968
393.9166666666667 23.672325610378778 23.534909048232784
394.41666666666663 23.667555442526332 23.53140268770591
394.9166666666667 23.662768674706665 23.52787337319623
395.4166666666667 23.657973661601346 23.5243706050375
395.91666666666663 23.653179243943825 23.520844114552254
396.4166666666667 23.64839145343897 23.51733422402472
396.9166666666667 23.643576544479682 23.513815682976187
397.41666666666663 23.63877845224178 23.510293272016597
397.9166666666667 23.63398372587284 23.506777224508536
398.4166666666667 23.629192474769894 23.503263752367026
398.91666666666663 23.62438801602132 23.499742393479707
399.4166666666667 23.619604755671162 23.496241572089996
399.9166666666667 23.614793325694386 23.492718646483546
400.41666666666663 23.61000548349837 23.48921631999228
400.9166666666667 23.605226276729244 23.485708515020324
401.4166666666667 23.600458550761992 23.482199843505242
401.91666666666663 23.595673005590548 23.47869009220593
402.4166666666667 23.59091636884564 23.47520344256699
402.9166666666667 23.586155509181346 23.47170468490414
403.41666666666663 23.581391824550934 23.46821246206998
403.9166666666667 23.576655133701273 23.46472908418302
404.4166666666667 23.57193784642324 23.46124757032301
404.91666666666663 23.567197659867336 23.457776992192247
405.4166666666667 23.56249476937932 23.45432124237137
405.9166666666667 23.557780664945295 23.450853675811175
406.41666666666663 23.553096070328085 23.44739569542435
406.9166666666667 23.548428509215885 23.44394529471321
407.4166666666667 23.54376608766701 23.44051000043843
407.91666666666663 23.539110608530727 23.437069490168096
408.4166666666667 23.534489036293724 23.43364077831353
408.9166666666667 23.529861491037654 23.430219263682503
409.41666666666663 23.525264886073607 23.42680609505657
409.9166666666667 23.52065415614254 23.423399662532
410.4166666666667 23.51608057448032 23.4199985928664
410.91666666666663 23.51153912490655 23.416621812434318
411.4166666666667 23.50699624596406 23.413238505589135
411.9166666666667 23.50248355859888 23.409861763379038
412.41666666666663 23.497982885049428 23.406503298842026
412.9166666666667 23.49349066375588 23.40316265997324
413.4166666666667 23.48902118156058 23.399815776757855
413.91666666666663 23.484592324602204 23.396499186076124
414.4166666666667 23.480162733377362 23.39316685649438
414.9166666666667 23.47575938170289 23.389861416874265
415.41666666666663 23.471384686178446 23.386570496384323
415.9166666666667 23.467028094600842 23.383279025699316
416.4166666666667 23.46267985164483 23.380004995803745
416.91666666666663 23.458365844091112 23.376741671947457
417.4166666666667 23.454078489026386 23.373488899344302
417.9166666666667 23.449798281506983 23.370259230435394
418.41666666666663 23.445562579089465 23.36702631682241
418.9166666666667 23.441338931385538 23.363817493971194
419.4166666666667 23.43713400199109 23.360612300431605
419.91666666666663 23.43296414996884 23.357427712309313
420.4166666666667 23.428825600116614 23.354246799797057
420.9166666666667 23.42471296537245 23.35108282115626
421.41666666666663 23.4206245988022 23.347930291843745
421.9166666666667 23.4165521542116 23.34480996929342
422.4166666666667 23.412493617951146 23.341677304284367
422.91666666666663 23.408487327635807 23.33857775019918
423.4166666666667 23.404506088085423 23.33548952056801
423.9166666666667 23.400543722700906 23.33241738620127
424.41666666666663 23.396609195968484 23.329343592337374
424.9166666666667 23.392710173999806 23.32629971678667
425.4166666666667 23.388842085614474 23.323262929130657
425.91666666666663 23.384984266995758 23.320252288665454
426.4166666666667 23.38117593364114 23.317250103112066
426.9166666666667 23.377384649308823 23.314258945827923
427.41666666666663 23.37361186935652 23.311273013004786
427.9166666666667 23.369831177839423 23.308309922954255
428.4166666666667 23.36607489507715 23.305342019001078
428.91666666666663 23.362309066437025 23.302371590245055
429.4166666666667 23.35859555003523 23.299408875871666
429.9166666666667 23.35486533007474 23.29645821105558
430.41666666666663 23.351145513629223 23.293515499764787
430.9166666666667 23.347441527394043 23.29058643433095
431.4166666666667 23.343755930115613 23.287646296822885
431.91666666666663 23.34008088800016 23.284741215022994
432.4166666666667 23.336411792683663 23.281825427223115
432.9166666666667 23.33275977167076 23.27891912342332
433.41666666666663 23.329123311596852 23.276015467020645
433.9166666666667 23.325503153154493 23.273120418462238
434.4166666666667 23.321881734921284 23.270245189617334
434.91666666666663 23.31829611215527 23.267358728269407
435.4166666666667 23.31470676487944 23.264489664177486
435.9166666666667 23.31113580724319 23.26162872706316
436.41666666666663 23.307575900822602 23.258773659257127
436.9166666666667 23.30403662906869 23.25594862115883
437.4166666666667 23.300512937013703 23.253094848432525
437.91666666666663 23.296989304346102 23.250288063058665
438.4166666666667 23.29349433277958 23.24745896505165
438.9166666666667 23.290009022266904 23.24464505300661
439.41666666666663 23.28655005026112 23.241848296192103
439.9166666666667 23.283099933683154 23.23904930821869
440.4166666666667 23.279651651493303 23.236271424997174
440.91666666666663 23.276239965171225 23.23350186038175
441.4166666666667 23.27283287248827 23.230735332211946
441.9166666666667 23.269446141240422 23.227974287778398
442.41666666666663 23.2660775880342 23.225230068739165
442.9166666666667 23.262722703000613 23.22248700400873
443.4166666666667 23.25937647814307 23.219764888623033
443.91666666666663 23.256048191594644 23.217041896775598
444.4166666666667 23.252755551752806 23.21432683328276
444.9166666666667 23.24945799278882 23.211630926173065
445.41666666666663 23.246187809297684 23.208939084939896
445.9166666666667 23.24293671418402 23.206268904012045
446.4166666666667 23.23971218681813 23.203593141025163
446.91666666666663 23.23648033931451 23.200932207052777
447.4166666666667 23.233275059753783 23.198280287702158
447.9166666666667 23.23010328763776 23.19564125260355
448.41666666666663 23.226924171524033 23.193002032107284
448.9166666666667 23.2237761398765 23.19039286881757
449.4166666666667 23.220652147403356 23.187773554209944
449.91666666666663 23.217537635759694 23.185166862674528
450.4166666666667 23.21444366533312 23.182583792528007
450.9166666666667 23.211365942337782 23.180006857644074
451.41666666666663 23.208324755299074 23.17744690409696
451.9166666666667 23.20528577873247 23.17488701492449
452.4166666666667 23.20226660532083 23.17234466288097
452.91666666666663 23.199266621550567 23.1698037558092
453.4166666666667 23.196289149057474 23.167284735401164
453.9166666666667 23.193332210184007 23.164763086474785
454.41666666666663 23.19039304964738 23.162258865156595
454.9166666666667 23.187475417987464 23.159765488147332
455.4166666666667 23.18456459355053 23.157279422304534
455.91666666666663 23.18168021001016 23.154817093655243
456.4166666666667 23.17882976149682 23.152348755189536
456.9166666666667 23.175989019859887 23.14990716536567
457.41666666666663 23.173164889359896 23.147481840800918
457.9166666666667 23.17036676896008 23.14504233937301
458.4166666666667 23.167583031067565 23.14263323983703
458.91666666666663 23.164823635369412 23.140235966791177
459.4166666666667 23.16208510535691 23.137844732519905
459.9166666666667 23.159365137329285 23.135464699733355
460.41666666666663 23.15665928450656 23.13309192016957
460.9166666666667 23.153971711044015 23.13074187385878
461.4166666666667 23.151311917927714 23.12838649527462
461.91666666666663 23.148648730357678 23.126048494335617
462.4166666666667 23.146009528727625 23.12371790226868
462.9166666666667 23.14337076585542 23.121384635360887
463.41666666666663 23.140760254517822 23.119062694989267
463.9166666666667 23.138148513345243 23.11675563241891
464.4166666666667 23.13556578230652 23.11446078809135
464.91666666666663 23.132996299486503 23.112161855700066
465.4166666666667 23.130434981302848 23.109881561804904
465.9166666666667 23.127886971205047 23.107601922972098
466.41666666666663 23.125357347399756 23.105340268987607
466.9166666666667 23.12284027732916 23.103073771585937
467.4166666666667 23.120332716783718 23.10082798651694
467.91666666666663 23.117847813720868 23.09859016015912
468.4166666666667 23.11537526327247 23.096355067288744
468.9166666666667 23.112914127598643 23.094134522265954
469.41666666666663 23.11044862342736 23.09190064355675
469.9166666666667 23.108021002987353 23.089700688838768
470.4166666666667 23.105588403010206 23.087496524744292
470.91666666666663 23.103178610828405 23.085306587636477
471.4166666666667 23.10077928862711 23.083113222321767
471.9166666666667 23.098418033952726 23.080946870023297
472.41666666666663 23.096047219693723 23.07876835226779
472.9166666666667 23.093686501946593 23.076613645184302
473.4166666666667 23.091347558124752 23.074448194718215
473.91666666666663 23.08900546948569 23.07230705085267
474.4166666666667 23.086693824481305 23.07017289597651
474.9166666666667 23.084398533371257 23.068037547519552
475.41666666666663 23.08210552354876 23.065912069159005
475.9166666666667 23.079821370948174 23.06379846923536
476.4166666666667 23.07755894058198 23.061690374707247
476.91666666666663 23.0753129820177 23.05959247933385
477.4166666666667 23.073078443926907 23.05750221021851
477.9166666666667 23.070848756708454 23.05541544760393
478.41666666666663 23.068631117360624 23.053346499885254
478.9166666666667 23.066439598728344 23.05126945929329
479.4166666666667 23.064254866383212 23.04920877292531
479.91666666666663 23.062082983984187 23.04714902705275
480.4166666666667 23.059925262260435 23.04511436630076
480.9166666666667 23.057779220538684 23.043077744917923
481.41666666666663 23.055641899411793 23.041045051376145
481.9166666666667 23.053515721538943 23.039012705111798
482.4166666666667 23.05140616113517 23.03700734359257
482.91666666666663 23.049308817707622 23.03498683628863
483.4166666666667 23.047222998028474 23.032994749534993
483.9166666666667 23.04514943361966 23.031007384092458
484.41666666666663 23.04309706761233 23.029023767513053
484.9166666666667 23.041052484040968 23.02703468123664
485.4166666666667 23.03901505060251 23.02506177870098
485.9166666666667 23.03698600213998 23.02310304157775
486.4166666666667 23.034987074352564 23.021145914319526
486.9166666666667 23.032978415880674 23.019194915019753
487.4166666666667 23.031002859723664 23.017247706038454
487.9166666666667 23.02902851112091 23.0153238570138
488.4166666666667 23.02706649430728 23.013387995482056
488.9166666666667 23.025120999053534 23.011474085996507
489.4166666666667 23.023183206462768 23.00955970913447
489.9166666666667 23.021253678912117 23.007650331197993
490.4166666666667 23.019348655242222 23.00575854645407
490.9166666666667 23.017461093873997 23.00386198281351
491.4166666666667 23.015557549424162 23.001980125553402
491.9166666666667 23.013684123732958 23.0000984691004
492.4166666666667 23.011819853890344 22.9982324782964
492.9166666666667 23.009978053677877 22.996366325930154
493.4166666666667 23.008135524134936 22.994505696843632
493.9166666666667 23.006301813306166 22.992656299318405
494.4166666666667 23.00449112964174 22.99081644632868
494.9166666666667 23.002689763678706 22.988974919901224
495.4166666666667 23.000884654612275 22.98714286489281
495.9166666666667 22.999092507381217 22.985315099547602
