FastTrWP/PhaseSpace/IAs/snIa_0.43_30.00_0.45_0.08.csv
# %ECSV 0.9
# ---
# datatype:
# - {name: time-rel, datatype: float64}
# - {name: g, datatype: float64}
# - {name: i, datatype: float64}
# schema: astropy-2.0
time-rel g i
[from data line 1770]
472.0 24.4595457109331 22.628187359692298
472.5 24.46137754710786 22.62909597026223
473.0 24.46319589206484 22.62998672663297
473.5 24.46501961776795 22.630878848586214
474.0 24.466822399725974 22.63178697470694
474.5 24.46865843444153 22.632687859385364
475.0 24.470501529104475 22.63359254515304
475.5 24.472352381289426 22.634496421124236
476.0 24.474175876381956 22.635404688266508
476.5 24.475985491244238 22.636302442943915
477.0 24.47783886372296 22.637208680716636
477.5 24.47965895150649 22.638125777469327
478.0 24.481505463728467 22.63902930686467
478.5 24.483348814642866 22.639944804643257
479.0 24.48520751633172 22.640858491842863
479.5 24.487031603667013 22.64176653123109
480.0 24.488879002177274 22.642679058686976
480.5 24.49071069293334 22.64359072530956
481.0 24.492582356576914 22.64451314734764
481.5 24.49442522912252 22.64542733023231
482.0 24.496273456228597 22.646351111756783
482.5 24.49811869785085 22.64726316313913
483.0 24.499958297307302 22.648186594680972
483.5 24.50183680417944 22.649113609827808
484.0 24.50368732289106 22.65003203667236
484.5 24.505548790447605 22.650949545642124
485.0 24.507408318877445 22.65188282626877
485.5 24.509265152513407 22.652801534827283
486.0 24.511103608092274 22.65372800593454
486.5 24.512967918710352 22.654653503505276
487.0 24.51483324046753 22.65558342938165
487.5 24.516699607455557 22.656517724487045
488.0 24.5185632294574 22.65744911737285
488.5 24.520463411935932 22.65838457756994
489.0 24.522302439410034 22.659311098161314
489.5 24.524172144177562 22.66024955541131
490.0 24.526059000112717 22.661180606721423
490.5 24.527931701854936 22.66212169415098
491.0 24.52981204045756 22.663055588837388
491.5 24.53166660263068 22.66400073820065
492.0 24.5335509229275 22.664939328852945
492.5 24.535422165277453 22.66587800541739
493.0 24.537290604196812 22.666820375086566
493.5 24.539175612002133 22.667763508120157
494.0 24.541062732795904 22.668704976546096
494.5 24.542951995743408 22.6696534078213
495.0 24.54483519985888 22.67060528692604
495.5 24.546734155305572 22.671540807423888
496.0 24.54861368179573 22.672492298937733
496.5 24.55049154155948 22.673435604885004
497.0 24.552390189905537 22.67439697517355
497.5 24.554287642395426 22.6753371416375
498.0 24.556171336842482 22.676293853986117
498.5 24.55806796354564 22.67724571020097
499.0 24.559979683672818 22.678200409141226
499.5 24.561863197980692 22.679157525971497
500.0 24.56376350390434 22.680115432756974
500.5 24.565680715490593 22.681072447617833
501.0 24.56756503250395 22.682023844719687
501.5 24.569461468955176 22.682989391008288
502.0 24.571376019313135 22.683946234668703
502.5 24.573277862924975 22.68490923059515
503.0 24.57518637241414 22.685870561019243
503.5 24.57710367476656 22.686835551618
504.0 24.57901332575783 22.68780207050812
504.5 24.580924460366596 22.6887728359694
505.0 24.58282883760633 22.68973088140324
505.5 24.584750271536162 22.690704895669604
506.0 24.586665322664658 22.69167020326367
506.5 24.588592299176387 22.69263657174122
507.0 24.590511203302803 22.693609996099262
507.5 24.592437464731557 22.694580654948105
508.0 24.59434457778076 22.695550865528404
508.5 24.596294486883593 22.696523859727225
509.0 24.59821131184464 22.697501010788223
509.5 24.6001355946013 22.698477121099984
510.0 24.6020782504603 22.699450660223796
510.5 24.60399932466972 22.700426261758572
511.0 24.60592959064069 22.701401759733706
511.5 24.60785100587321 22.70238742442593
512.0 24.609795663209873 22.703369329233674
512.5 24.611728912532435 22.704346172242822
513.0 24.61366108060271 22.70533378755465
513.5 24.615611842932626 22.70631794743055
514.0 24.61754845217871 22.707295040793532
514.5 24.61951025446192 22.70828084325569
515.0 24.621432587717152 22.709268066898733
515.5 24.623391437557146 22.71025719690787
516.0 24.6253317934953 22.7112419914326
516.5 24.627271260309797 22.712240030128797
517.0 24.629247029661734 22.713228972725762
517.5 24.631192915557225 22.714225791941626
518.0 24.63316424016771 22.71521683871317
518.5 24.63510978610988 22.716220998260994
519.0 24.637066729926275 22.71722331353343
519.5 24.639031765907482 22.718221224867538
520.0 24.640993595247544 22.719232180680116
520.5 24.642985845513024 22.720239250440546
521.0 24.64493803057964 22.721256255262972
521.5 24.64690523413275 22.722257054973678
522.0 24.648868077043034 22.723277954655778
522.5 24.650873424911826 22.72428796346211
523.0 24.652829432567316 22.72531127944226
523.5 24.654818177340196 22.72633704543313
524.0 24.656800997940685 22.72734687508636
524.5 24.658772381049587 22.728369525622433
525.0 24.660774016663098 22.729390066447884
525.5 24.662765001840746 22.73041660188543
526.0 24.664749628142687 22.731448354675315
526.5 24.66672954102625 22.73247141567126
527.0 24.668733958278033 22.7334942575687
527.5 24.670719217668207 22.73453252575362
528.0 24.67272307388768 22.735569020809827
528.5 24.67471997867431 22.736591082961745
529.0 24.676707147172777 22.73761907415077
529.5 24.678712779642385 22.7386527608203
530.0 24.68073047283067 22.73968859865758
530.5 24.68270060355389 22.740728455646195
531.0 24.68471587674308 22.741757760905568
531.5 24.686734429095083 22.74279807190919
532.0 24.68873339505891 22.743837054377213
532.5 24.690759678988794 22.74486863699904
533.0 24.692748344094376 22.745912071879644
533.5 24.694764153245174 22.746950512552033
534.0 24.69674860111029 22.747987104760263
534.5 24.698772182697635 22.74902047333687
535.0 24.700810005714363 22.75006118912044
535.5 24.702819230324234 22.751102045786048
536.0 24.70482680233062 22.752138685014348
536.5 24.706829734851198 22.753182537360477
537.0 24.70884419127372 22.754219145961855
537.5 24.71087082442281 22.75525810130102
538.0 24.712903399389226 22.75629460947227
538.5 24.714909967112927 22.75733676566943
539.0 24.71694244182438 22.758377986706506
539.5 24.718956624569 22.759415750068182
540.0 24.72098864792944 22.76044509742782
540.5 24.722998720228667 22.76148674925296
541.0 24.72501998784415 22.76252775228214
541.5 24.727056139287424 22.763557199443603
542.0 24.729085747628517 22.764596236981276
542.5 24.7311025234097 22.76562768355308
543.0 24.733139304085988 22.766658057339505
543.5 24.735145436086295 22.767687116422938
544.0 24.737178849752123 22.76871693700805
544.5 24.73919926166609 22.76975546500526
545.0 24.74124291549934 22.77078343838329
545.5 24.743277376950836 22.771809612839526
546.0 24.745291934153606 22.77283148598132
546.5 24.74732370882942 22.773858305025986
547.0 24.74935155225383 22.774877588869387
547.5 24.751369219621612 22.77590444400427
548.0 24.753391980206892 22.77692341473739
548.5 24.75542913122005 22.777941309941006
549.0 24.75746830810095 22.778966352703975
549.5 24.75948273538442 22.779974874965827
550.0 24.761521294749773 22.780992208777313
550.5 24.76355049600246 22.782002301630257
551.0 24.765555091776275 22.783018805849615
551.5 24.767614042470157 22.78402444808251
552.0 24.769640598539127 22.78504728193162
552.5 24.77166169169181 22.78606351203486
553.0 24.773671573240573 22.78705640523226
553.5 24.775735670107316 22.788073093000204
554.0 24.777761617261447 22.78909793159123
554.5 24.779811232240142 22.79010109286839
555.0 24.781849643342934 22.7911064834407
555.5 24.78388293381474 22.792125078534113
556.0 24.78591239080306 22.79313370588874
556.5 24.787958692547953 22.794145929426705
557.0 24.790004976541514 22.79516243439754
557.5 24.7920408077487 22.79616717694658
558.0 24.79404598280614 22.79717954098997
558.5 24.796110968243692 22.798183342059104
559.0 24.79814059732999 22.799193678060263
559.5 24.80020821063302 22.800200621442656
560.0 24.802240339193563 22.801213187005246
560.5 24.80428500341487 22.802218438954252
561.0 24.80633729547862 22.803225104780292
561.5 24.80835238945144 22.804232108587946
562.0 24.810424085527014 22.805241296697403
562.5 24.812470813289195 22.806242652340586
563.0 24.81453919252154 22.80725883811975
563.5 24.81657696969975 22.808259744415547
564.0 24.81860367681421 22.809256728075745
564.5 24.820649147116338 22.81026554269086
565.0 24.82272779728583 22.811271385617168
565.5 24.824745418359445 22.812276944405482
566.0 24.826803533536804 22.81327474030465
566.5 24.828861061194353 22.814277733992068
567.0 24.83092011335341 22.815278704495938
567.5 24.83297494181567 22.816282416170083
568.0 24.835018026363823 22.817276524581768
568.5 24.837059929874812 22.818285460234534
569.0 24.839113586572413 22.81927528830465
569.5 24.84117940265516 22.820276252115672
570.0 24.843229964826563 22.82128104821686
570.5 24.84528089436178 22.82226592166642
571.0 24.847349289543494 22.82326238151945
571.5 24.84939374945478 22.82425325874599
572.0 24.851438740589327 22.825245242697324
572.5 24.85349770769686 22.8262396658873
573.0 24.855578425444932 22.8272391303345
573.5 24.857613864406613 22.828231586184906
574.0 24.8596629534299 22.82921796305589
574.5 24.86171811339275 22.83020158346798
575.0 24.863793172960523 22.831194222682253
575.5 24.86583044179911 22.832179571449384
576.0 24.86788890840675 22.833170798482286
576.5 24.869944632270354 22.83415540498982
577.0 24.871996722063614 22.835141802256164
577.5 24.874076358972715 22.83613357053894
578.0 24.87611913439984 22.837111255942453
578.5 24.878160952080044 22.838096946830177
579.0 24.880234239582983 22.839072494165727
579.5 24.882279775102766 22.84005560903337
580.0 24.884342364040137 22.841030741124406
580.5 24.886407460407057 22.842009674635214
581.0 24.888459259562325 22.842984357500626
581.5 24.890531805701237 22.84396029719669
582.0 24.89257387102313 22.84493354327598
582.5 24.89461227971038 22.845905662759144
583.0 24.89667185411321 22.846879527887257
583.5 24.898741161354874 22.847851504928517
584.0 24.900770128195578 22.848811356846323
584.5 24.902830555602847 22.849779238714017
585.0 24.904893765083813 22.850755283757422
585.5 24.906946849774243 22.851709477313314
586.0 24.908989616874265 22.852678756423494
586.5 24.911071085698026 22.853648041931436
587.0 24.913125983799343 22.85461371229267
587.5 24.915175410514728 22.855567838126905
588.0 24.91724757354415 22.856532568044177
588.5 24.919285707557588 22.8574922078092
589.0 24.921355417823495 22.858460318272726
589.5 24.923401938199632 22.85941814366978
590.0 24.925454506336546 22.860372860774334
590.5 24.927509824479664 22.86133621164796
591.0 24.929586320821056 22.86228808366525
591.5 24.931636593641727 22.86323983359335
592.0 24.933707171574568 22.864197078932786
592.5 24.93575257863473 22.865149953290114
593.0 24.937797778770886 22.866104193154435
593.5 24.9398774724327 22.867047767431544
594.0 24.94191605175862 22.868003557070402
594.5 24.943978968680685 22.868952595823544
595.0 24.946049119111457 22.86990426943243
595.5 24.948103269341328 22.870850789646013
596.0 24.95014922835912 22.871804124660873
596.5 24.952207312018338 22.872744369815162
597.0 24.954274987702565 22.873690555648732
597.5 24.95632528279379 22.874633536548977
598.0 24.958384497847273 22.875572212905688
598.5 24.960450259389265 22.87652022744873
599.0 24.96250516249198 22.877461737996295
599.5 24.964552231031448 22.87839949029333
600.0 24.966594545567716 22.879335969298253
600.5 24.968659043548527 22.88027932823725
601.0 24.97072006473218 22.881205528744797
601.5 24.972769299451187 22.882144220008875
602.0 24.974826876167292 22.883069989182587
602.5 24.976902394588695 22.884006295526827
603.0 24.97891481779301 22.884945060045197
603.5 24.981002545919253 22.88587437452207
604.0 24.98304544117528 22.886804532577063
604.5 24.98509131796965 22.887736345734456
605.0 24.987156390436056 22.888655806307085
605.5 24.989198595865002 22.889579564520638
606.0 24.991242707563664 22.8905074979866
606.5 24.99330715451141 22.89143871452806
607.0 24.995335138566915 22.892356249317874
607.5 24.997381729536563 22.89327794009189
608.0 24.99943966739364 22.894191193260298
608.5 25.00148323102589 22.895115408359665
609.0 25.00354246056198 22.89602937984778
609.5 25.005563080330635 22.896945535162097
610.0 25.007624196182412 22.897860507002402
610.5 25.00966145922357 22.89878005996204
611.0 25.01171699441145 22.899697377136825
611.5 25.01376766873883 22.900602230222344
612.0 25.01580668455679 22.901512116596162
612.5 25.01786697210372 22.90241373077083
613.0 25.019899524902453 22.903322666768098
613.5 25.021935474160067 22.90423069422442
614.0 25.023935421188746 22.905138784167587
614.5 25.025992092551505 22.906044245347434
615.0 25.02802696495085 22.906942265482726
615.5 25.030075045196334 22.907842095284302
616.0 25.032112332878054 22.90873710451157
616.5 25.03415464514117 22.909646118287526
617.0 25.03617195043971 22.910530903832083
617.5 25.038202912328813 22.91143066496492
618.0 25.04023070816384 22.912321548898458
618.5 25.042255267132237 22.913213551257996
619.0 25.04428862307401 22.91410333077242
619.5 25.046323044436484 22.914995516605835
620.0 25.04835380253185 22.91587611042081
620.5 25.050368169312954 22.916764072268045
621.0 25.052396079784135 22.9176554420511
621.5 25.054426133392106 22.91853370251447
622.0 25.05643323677122 22.9194155823074
622.5 25.0584667865952 22.920302990767105
623.0 25.06049143132971 22.921181029731258
623.5 25.062532965825845 22.922058760151934
624.0 25.06453642615123 22.922941434625326
624.5 25.066551844108588 22.923820509956215
625.0 25.068592742798216 22.924691259151267
625.5 25.070605141057165 22.92556682036036
626.0 25.07261524786471 22.926443380061205
626.5 25.07462585317827 22.92731443527905
627.0 25.076653584403374 22.92818868726011
627.5 25.07867493319292 22.929051104428396
628.0 25.080704096262863 22.92992710769027
628.5 25.08268747459812 22.93079100716335
629.0 25.08470242350331 22.931656411644536
629.5 25.086732105872287 22.932515839853327
630.0 25.088724238455264 22.93338158733034
630.5 25.090735674625098 22.934249073333397
631.0 25.092755658809228 22.935095494818412
631.5 25.09477239865423 22.93596592673261
632.0 25.096768894054886 22.93681757002101
632.5 25.098758217512298 22.93767657107395
633.0 25.100770880767854 22.938527895265853
633.5 25.102784465698697 22.939387735109182
634.0 25.104773443275793 22.940231291102155
634.5 25.10676960115262 22.941076704068877
635.0 25.108751866802397 22.941926678146167
635.5 25.110744784647395 22.9427804888465
636.0 25.112751668913937 22.943622690341453
636.5 25.11475229357074 22.944469782421017
637.0 25.11673021636269 22.94530810585446
637.5 25.118717565435546 22.946141369583852
638.0 25.120713048025188 22.94698468741715
638.5 25.122685531083068 22.947821176426537
639.0 25.124679186723714 22.948666042396585
639.5 25.126671910207776 22.949486577236794
640.0 25.128651785951917 22.950317993665664
640.5 25.130625993741702 22.95115672278923
641.0 25.13260974177658 22.951982921217194
641.5 25.134558070732453 22.952804678084423
642.0 25.136526894139838 22.953641271412188
642.5 25.138501334889405 22.954463418890803
643.0 25.140492562095552 22.955281196553287
643.5 25.142431464995845 22.956093483559318
644.0 25.14440652714476 22.956923453504793
644.5 25.146365548597466 22.95774414977418
645.0 25.148306810946522 22.958554321919728
645.5 25.15028788689701 22.959368854416063
646.0 25.1522405788264 22.960182667388153
646.5 25.154188939530975 22.96098639014131
647.0 25.1561483340245 22.96178766464675
647.5 25.158066962680607 22.962597630872693
648.0 25.160043334754324 22.963410130087617
648.5 25.16194647156589 22.964203947412027
649.0 25.163914533113218 22.96501307746633
649.5 25.165825933868796 22.965809294170683
650.0 25.167791382632934 22.966598779837838
650.5 25.16972413041823 22.967396703780896
651.0 25.17162707563745 22.96819614195573
651.5 25.173549065538324 22.96898013745048
652.0 25.17549005447433 22.96976998799005
652.5 25.17740516920126 22.970556921642483
653.0 25.179320364882834 22.971343067925027
653.5 25.181246038272054 22.972123764589
654.0 25.18316536130066 22.972904381880387
654.5 25.185038956329663 22.973672527117614
655.0 25.18695329410012 22.97445273398565
655.5 25.18884607562089 22.975226164375783
656.0 25.190736088739072 22.97600219755332
656.5 25.192603568221905 22.97675426069337
