FastTrWP/PhaseSpace/IAs/snIa_0.32_30.00_1.56_-0.01.csv
# %ECSV 0.9
# ---
# datatype:
# - {name: time-rel, datatype: float64}
# - {name: g, datatype: float64}
# - {name: i, datatype: float64}
# schema: astropy-2.0
time-rel g i
[from data line 287]
293.3541666666667 23.975879476713864 23.83178135635234
293.8541666666667 23.970263904457333 23.827203774020823
294.3541666666667 23.964644094901967 23.822642616518092
294.8541666666667 23.959077409528486 23.818083035525998
295.3541666666667 23.953535886343357 23.813576200444494
295.8541666666667 23.94802505301645 23.809082226360026
296.3541666666667 23.942505643184838 23.80456304583253
296.8541666666667 23.937033792044424 23.800093572069656
297.3541666666667 23.931595291753794 23.7956261924672
297.8541666666667 23.926168215779207 23.791187558786543
298.3541666666667 23.920770197028318 23.78676649344104
298.8541666666667 23.915395161263685 23.782353169586482
299.3541666666667 23.910050872555168 23.777960735477993
299.8541666666667 23.904740345343207 23.773593467490493
300.3541666666667 23.89944609274174 23.769244731763635
300.8541666666667 23.894171197305425 23.764915301331957
301.3541666666667 23.888936686380752 23.760596024032125
301.8541666666667 23.88372609960487 23.756289090460374
302.3541666666667 23.878529522295125 23.752010404055873
302.8541666666667 23.873378533071108 23.747758029284597
303.3541666666667 23.868250750077927 23.74351653670885
303.8541666666667 23.863151852981197 23.73928208199375
304.3541666666667 23.858072404846595 23.735072661910316
304.8541666666667 23.85301560830628 23.730900974962623
305.3541666666667 23.847995385574766 23.726724538007463
305.8541666666667 23.842991501665583 23.72256755597172
306.3541666666667 23.838026595210863 23.718443045525923
306.8541666666667 23.8330936004534 23.714335947734895
307.3541666666667 23.82817661570606 23.710238475860763
307.8541666666667 23.823297825779115 23.706167688162463
308.3541666666667 23.818454589703148 23.702105528557315
308.8541666666667 23.813633768526216 23.698079563203244
309.3541666666667 23.808822835870384 23.69405868493642
309.8541666666667 23.804059405295206 23.690064942018452
310.3541666666667 23.79931702700936 23.686087057204016
310.8541666666667 23.79459783708812 23.682128380568255
311.3541666666667 23.789921179408307 23.678199997636202
311.8541666666667 23.78526648602179 23.674276044831586
312.3541666666667 23.78063349254949 23.67039130676183
312.8541666666667 23.776039721621327 23.666503612790216
313.3541666666667 23.77148069462024 23.662641285512755
313.8541666666667 23.766924897544605 23.65879385303487
314.3541666666667 23.76241617621002 23.654993474841113
314.8541666666667 23.757938737101863 23.651182552438527
315.3541666666667 23.753466897260203 23.647401198802733
315.8541666666667 23.74902691435586 23.643629617677075
316.3541666666667 23.744600678326915 23.63986022368116
316.8541666666667 23.740209475859654 23.63612675251033
317.3541666666667 23.735840087090295 23.632407514709577
317.8541666666667 23.731466609793298 23.62871732193417
318.3541666666667 23.727133905571442 23.625005215341236
318.8541666666667 23.722810036507745 23.621332562181102
319.3541666666667 23.71851361311719 23.617669131015596
319.8541666666667 23.714248957796077 23.61402437393891
320.3541666666667 23.709988384121743 23.610387822494566
320.8541666666667 23.70575162272693 23.606778914139102
321.3541666666667 23.701547032807923 23.60316065086792
321.8541666666667 23.69734191391214 23.599574242041946
322.3541666666667 23.693160601179358 23.596000725382154
322.8541666666667 23.689011858736077 23.592437938151587
323.3541666666667 23.684881728962562 23.58888727830635
323.8541666666667 23.68074588387127 23.5853461469636
324.3541666666667 23.676647330820273 23.58183527150188
324.8541666666667 23.67256675238619 23.57832239446249
325.3541666666667 23.668511306646614 23.574830828301007
325.8541666666667 23.664460024640185 23.57134838109515
326.3541666666667 23.660421207396197 23.56787632007694
326.8541666666667 23.656411912686075 23.564410774272556
327.3541666666667 23.65242253013738 23.560971101756877
327.8541666666667 23.648444986847935 23.55754030382629
328.3541666666667 23.644475076868353 23.55411629487675
328.8541666666667 23.64053655627774 23.550717353108258
329.3541666666667 23.636593448829814 23.547310671522826
329.8541666666667 23.63268309572134 23.543941701584075
330.3541666666667 23.628782521808947 23.540555567701173
330.8541666666667 23.62490278016182 23.537189597754534
331.3541666666667 23.62104097387309 23.53383583595774
331.8541666666667 23.61718478504232 23.530504415624193
332.3541666666667 23.613349037288508 23.527174316914415
332.8541666666667 23.609523678896025 23.523858904784966
333.3541666666667 23.60571543462466 23.520555203865037
333.8541666666667 23.601919194146387 23.517253106234833
334.3541666666667 23.598152498050112 23.513964447941937
334.8541666666667 23.59438127809867 23.510698514200566
335.3541666666667 23.590642400067953 23.507436367229676
335.8541666666667 23.586903823982617 23.5041800700831
336.3541666666667 23.58318331905345 23.500943902069913
336.8541666666667 23.579485825617546 23.497711206369146
337.3541666666667 23.575789465306546 23.494489905884638
337.8541666666667 23.572100186671022 23.491281969534295
338.3541666666667 23.568448121655866 23.488075925118196
338.8541666666667 23.564790644571552 23.484877810157954
339.3541666666667 23.56114684036386 23.481697374596667
339.8541666666667 23.55752493095204 23.47852826952432
340.3541666666667 23.553899201413756 23.475354449178365
340.8541666666667 23.55029412105832 23.472205875142457
341.3541666666667 23.54670486014541 23.46905153712274
341.8541666666667 23.543127538702663 23.46592229218381
342.3541666666667 23.539562282404294 23.462790311109632
342.8541666666667 23.53600607883646 23.45965951820306
343.3541666666667 23.532464708523566 23.456555980483063
343.8541666666667 23.52893410254808 23.45345162972201
344.3541666666667 23.525404867307028 23.450364245904595
344.8541666666667 23.521900778320784 23.447286125403654
345.3541666666667 23.518413612295916 23.44420487866017
345.8541666666667 23.51492393204426 23.441131663549598
346.3541666666667 23.51144292972036 23.438057955642464
346.8541666666667 23.507986481852164 23.43502820468683
347.3541666666667 23.50454127553615 23.431986035130027
347.8541666666667 23.50110783801312 23.428967120839886
348.3541666666667 23.49767975630879 23.425936166707647
348.8541666666667 23.4942823734789 23.42293089535225
349.3541666666667 23.49087883057647 23.4199242055006
349.8541666666667 23.487495288631408 23.416928346323456
350.3541666666667 23.48412705278966 23.413949397073747
350.8541666666667 23.480761925494022 23.410987312931894
351.3541666666667 23.477419872994343 23.408016119126287
351.8541666666667 23.474070432769203 23.405059813123042
352.3541666666667 23.47075826784384 23.402112928429514
352.8541666666667 23.467435054250725 23.399187656924497
353.3541666666667 23.464135768601253 23.39625926536371
353.8541666666667 23.460851763250815 23.39332421514202
354.3541666666667 23.457578805231385 23.39041824221812
354.8541666666667 23.454299756671766 23.387510044053286
355.3541666666667 23.45104263036845 23.38461353190886
355.8541666666667 23.447797618838745 23.381731442739422
356.3541666666667 23.444561890626204 23.378855584459693
356.8541666666667 23.441328738158763 23.375973701843655
357.3541666666667 23.43812677984524 23.373117442624256
357.8541666666667 23.43491983830091 23.370266936871516
358.3541666666667 23.431713276225118 23.367423223110727
358.85416666666663 23.428531425998745 23.364581311261375
359.3541666666667 23.425372766176014 23.361752700518693
359.8541666666667 23.422202781340275 23.358924444947856
360.35416666666663 23.419047610550606 23.35611694568819
360.8541666666667 23.415895916241034 23.35330784446372
361.3541666666667 23.412757529840945 23.35050058890397
361.85416666666663 23.409634373389878 23.34771581275746
362.3541666666667 23.406517378494627 23.344930252252475
362.8541666666667 23.403415548018394 23.342139505076656
363.35416666666663 23.400324992553557 23.339377156216482
363.8541666666667 23.39722345997142 23.33660274004838
364.3541666666667 23.394151974630105 23.333854826524366
364.85416666666663 23.391076749179618 23.331102488021326
365.3541666666667 23.388016536009687 23.328360968107134
365.8541666666667 23.384970430784236 23.325619819375355
366.35416666666663 23.38192754637989 23.32288785710597
366.8541666666667 23.37889472228178 23.320169350373657
367.3541666666667 23.375872134700025 23.317445420042752
367.85416666666663 23.372852790729517 23.31473641388358
368.3541666666667 23.36984095752006 23.312030748585535
368.8541666666667 23.36683366893702 23.309328216768968
369.35416666666663 23.363850820536378 23.3066456147153
369.8541666666667 23.360858809785746 23.303956399382137
370.3541666666667 23.357877675326183 23.301274260628027
370.85416666666663 23.35491683958049 23.29859703633794
371.3541666666667 23.351952217184113 23.295949949062226
371.8541666666667 23.348995698015568 23.29327918101105
372.35416666666663 23.346057263568913 23.290618887725856
372.8541666666667 23.343120736838188 23.287974173447232
373.3541666666667 23.340194703850628 23.285332080360256
373.85416666666663 23.3372668819948 23.282695690486406
374.3541666666667 23.334349565322327 23.280059869376643
374.8541666666667 23.331454395504842 23.277441300237292
375.35416666666663 23.328551641815473 23.274808881237906
375.8541666666667 23.32564713869102 23.272196128412258
376.3541666666667 23.32277117128022 23.269594103410466
376.85416666666663 23.31988443827602 23.266978805407255
377.3541666666667 23.31701460511233 23.264380169708932
377.8541666666667 23.31415455124462 23.261786535316475
378.35416666666663 23.311298645649 23.25919398888697
378.8541666666667 23.30844337008143 23.256620388929704
379.3541666666667 23.30559905550271 23.25404678971215
379.85416666666663 23.30277026877548 23.251480633453742
380.3541666666667 23.29995938183625 23.24891522492048
380.8541666666667 23.297132642227435 23.24635402371237
381.35416666666663 23.29432720705748 23.243813288340792
381.8541666666667 23.29151664925671 23.24127154086397
382.3541666666667 23.288713508529245 23.238731386271905
382.85416666666663 23.285946796867748 23.23619285819089
383.3541666666667 23.28316109483374 23.233660985607894
383.8541666666667 23.280386429753964 23.231139080424732
384.35416666666663 23.27762327957418 23.22863189167764
384.8541666666667 23.274858053180296 23.22612171248075
385.3541666666667 23.272118960255032 23.223618412175924
385.85416666666663 23.269377718492755 23.221126363679655
386.3541666666667 23.266635599285806 23.21862559189451
386.8541666666667 23.263903329257705 23.216136913296722
387.35416666666663 23.261184866696574 23.213666874845984
387.8541666666667 23.25846544951296 23.211194537459704
388.3541666666667 23.255759580499706 23.208720444968986
388.85416666666663 23.253066848706553 23.206254249940073
389.3541666666667 23.250366149710512 23.203794261835892
389.8541666666667 23.24767211767632 23.201338598329194
390.35416666666663 23.244997733925715 23.198892146122297
390.8541666666667 23.242325652559984 23.19645159014293
391.3541666666667 23.23965426342813 23.194010125711017
391.85416666666663 23.23699651615381 23.19157009712083
392.3541666666667 23.23433304817908 23.189146386339242
392.8541666666667 23.231699949570306 23.186723014136366
393.35416666666663 23.22904333264428 23.1843032507285
393.8541666666667 23.22641800510275 23.18189082367003
394.3541666666667 23.223784111433933 23.179482317515845
394.85416666666663 23.22115478771866 23.177082183773837
395.3541666666667 23.218534477831657 23.174674651885617
395.8541666666667 23.215926475722757 23.172293905728793
396.35416666666663 23.21332182928377 23.169893315140445
396.8541666666667 23.21072891898691 23.167513271845408
397.3541666666667 23.208127878199072 23.165142935970145
397.85416666666663 23.20554180898572 23.162754277110732
398.3541666666667 23.202959072109806 23.160389987006376
398.8541666666667 23.20038649391843 23.15802565874574
399.35416666666663 23.197819213932085 23.155651756171125
399.8541666666667 23.195250259849423 23.153302463719463
400.3541666666667 23.192704121663756 23.150949344844165
400.85416666666663 23.190141903417512 23.148607028778073
401.3541666666667 23.187593508499056 23.146260441150403
401.8541666666667 23.185060340070223 23.143922057720516
402.35416666666663 23.182523506866772 23.14157778036751
402.8541666666667 23.179991919506314 23.13925778623164
403.3541666666667 23.177465079544113 23.136928298352522
403.85416666666663 23.174963686297836 23.134602165035144
404.3541666666667 23.17242669979203 23.132293558870145
404.8541666666667 23.16993063609506 23.12996526172089
405.35416666666663 23.167421788501645 23.127664650390546
405.8541666666667 23.164931659808875 23.125353650127263
406.3541666666667 23.16242584198254 23.12304515542042
406.85416666666663 23.15993871616574 23.12075779866408
407.3541666666667 23.157461470344888 23.118462184565875
407.8541666666667 23.15498980937397 23.116168123561952
408.35416666666663 23.15251115657877 23.11388595502717
408.8541666666667 23.150045840891423 23.111609889927674
409.3541666666667 23.147585993558145 23.109339356723872
409.85416666666663 23.14511296614186 23.107050883494825
410.3541666666667 23.142663642570835 23.104764596495446
410.8541666666667 23.14019649982267 23.102493456729654
411.35416666666663 23.13773742112691 23.10022214601778
411.8541666666667 23.13528104057078 23.097949272357354
412.3541666666667 23.13283037647011 23.095678753274377
412.85416666666663 23.13037387842637 23.09341011824192
413.3541666666667 23.12791729312803 23.091150881280257
413.8541666666667 23.12547214428278 23.088883555733943
414.35416666666663 23.123020519003035 23.086629042654042
414.8541666666667 23.120591671592152 23.08435956327328
415.3541666666667 23.11814104592002 23.082113953606882
415.85416666666663 23.115700852884807 23.07986002114179
416.3541666666667 23.113272548401753 23.077616331826825
416.8541666666667 23.110838199066272 23.075363167845815
417.35416666666663 23.108415905627613 23.073115022349953
417.8541666666667 23.105990261963353 23.070877209854224
418.3541666666667 23.103591778783404 23.06864973406476
418.85416666666663 23.101167095099868 23.066413788804027
419.3541666666667 23.098760129959533 23.064184613287956
419.8541666666667 23.096364621793825 23.061960103377093
420.35416666666663 23.093968170664517 23.059735632827678
420.8541666666667 23.091572695993484 23.05752737812112
421.3541666666667 23.089184532229332 23.055316263941833
421.85416666666663 23.086800645087905 23.05310582708529
422.3541666666667 23.08442454747042 23.050902125607905
422.8541666666667 23.082065602127884 23.048704837815173
423.35416666666663 23.07969913518871 23.04651822240647
423.8541666666667 23.077342185951913 23.04432931608899
424.3541666666667 23.074992537515353 23.04214201049113
424.85416666666663 23.072656935714924 23.03996908812214
425.3541666666667 23.070320786860528 23.037792398686186
425.8541666666667 23.06799412198785 23.03562527750467
426.35416666666663 23.065674372686722 23.03347161027272
426.8541666666667 23.063363920120423 23.03130930413444
427.3541666666667 23.061061952401122 23.02915856051108
427.85416666666663 23.058756901058544 23.027021096187553
428.3541666666667 23.056469108466914 23.02487777176083
428.8541666666667 23.054188851380566 23.02274700295652
429.35416666666663 23.051929608955327 23.02062764735172
429.8541666666667 23.04965409536578 23.018507426317477
430.3541666666667 23.04740106916565 23.01638663843069
430.85416666666663 23.045156579731167 23.014278122062713
431.3541666666667 23.042920068077358 23.012177661710638
431.8541666666667 23.040690909801576 23.010086366712844
432.35416666666663 23.038475386006816 23.008004387798596
432.8541666666667 23.0362655400426 23.005927996328385
433.3541666666667 23.034077111166 23.003846137479165
433.85416666666663 23.031878991376878 23.00179440431991
434.3541666666667 23.029704650271068 22.9997287652394
434.8541666666667 23.02753157126616 22.997681085979412
435.35416666666663 23.025387324229385 22.995635192468832
435.8541666666667 23.023235807836166 22.993604466768115
436.3541666666667 23.02110028658611 22.991573849761746
