FastTrWP/PhaseSpace/IAs/snIa_0.47_30.00_-0.38_0.08.csv
# %ECSV 0.9
# ---
# datatype:
# - {name: time-rel, datatype: float64}
# - {name: g, datatype: float64}
# - {name: i, datatype: float64}
# schema: astropy-2.0
time-rel g i
[from data line 358]
-228.0 24.20557496190454 23.074370566068456
-227.5 24.20134274540377 23.07141247492483
-227.00000000000006 24.197133421701736 23.068442894101185
-226.5 24.192899596498737 23.0654978769646
-226.0 24.188706226267286 23.062546730552775
-225.50000000000006 24.184516445495824 23.059601136699882
-225.0 24.180327005471053 23.056654343277792
-224.5 24.17614599517013 23.053704558440256
-224.00000000000006 24.171956624425732 23.05077180168997
-223.5 24.167813461876428 23.04784199194267
-223.0 24.16366021383766 23.04490456032916
-222.50000000000006 24.159521234757342 23.041990667656766
-222.0 24.15539268219193 23.039072110491205
-221.5 24.151247289237645 23.03615328225234
-221.00000000000006 24.14713815861473 23.033253643139307
-220.5 24.143049792463103 23.03035091400239
-220.0 24.138963082027793 23.02745654988915
-219.50000000000006 24.134866419646794 23.02456678075415
-219.0 24.130824976270596 23.02167449217313
-218.5 24.12675919679383 23.01880589069709
-218.00000000000006 24.122725099355037 23.01594154033277
-217.5 24.118693709730948 23.013063349374455
-217.0 24.11469239479297 23.01021386712843
-216.50000000000006 24.110693625249347 23.00736567063529
-216.0 24.106723220813926 23.004529534721062
-215.5 24.102745234551254 23.00169378259372
-215.00000000000006 24.09879849092221 22.99886678547034
-214.5 24.09485936724551 22.996041997375993
-214.0 24.090944700488492 22.993241298708984
-213.50000000000006 24.087048718597917 22.990433311963496
-213.0 24.083166821088543 22.98764046212205
-212.5 24.079276344315645 22.984858774908076
-212.00000000000006 24.075446693610793 22.98208177159044
-211.5 24.071593931140075 22.979311082047268
-211.0 24.06777890715922 22.97656026971199
-210.50000000000006 24.06398952865768 22.973808992517046
-210.0 24.060225278653427 22.971078193580603
-209.5 24.056439783381258 22.968346301154558
-209.00000000000006 24.05268664657511 22.965630386111183
-208.5 24.048975197064696 22.962925028776766
-208.0 24.045263124096973 22.96022257363272
-207.50000000000006 24.04157668332763 22.957535332957836
-207.0 24.037930198165448 22.95485988234018
-206.5 24.034285613705 22.95218664320615
-206.00000000000006 24.03065411600899 22.94953344742995
-205.5 24.027059919566472 22.946897073517697
-205.0 24.02346817084986 22.9442598147241
-204.50000000000006 24.01990517258579 22.94163917667177
-204.0 24.016362768572268 22.93902504138391
-203.5 24.01285069121009 22.936424603226563
-203.00000000000006 24.009372219588904 22.93384006232252
-202.5 24.005888969655583 22.931261889327192
-202.0 24.002443276164342 22.92870349838107
-201.50000000000006 23.999006316536722 22.92615056126244
-201.0 23.995604231060177 22.923604112580737
-200.5 23.99219077541527 22.92107494882366
-200.00000000000006 23.98883127938054 22.91854917453557
-199.5 23.985436123485528 22.91602913051738
-199.0 23.98207044237779 22.913501016189805
-198.50000000000006 23.978725030972477 22.910987335054323
-198.0 23.975367225585707 22.908487349231237
-197.5 23.972038827869177 22.90598715372495
-197.00000000000006 23.96869284592332 22.90348492103131
-196.5 23.96537962847821 22.900999080539624
-196.0 23.962073205602703 22.898511877268753
-195.50000000000006 23.958766133050965 22.896027201164074
-195.0 23.955494228094892 22.893550523405473
-194.5 23.95219389670674 22.89108421738628
-194.00000000000006 23.948928317541537 22.88862258940918
-193.5 23.94565984645245 22.88616978035908
-193.0 23.942422694948906 22.88371987465018
-192.50000000000006 23.939175644179777 22.881281712189583
-192.0 23.935952355319547 22.87884132874561
-191.5 23.93273976310846 22.876400320220178
-191.00000000000006 23.929550340521256 22.873981589206256
-190.5 23.926349401647443 22.871567023817548
-190.0 23.923175752366813 22.86915097350566
-189.50000000000006 23.92000750443962 22.866752498998046
-189.0 23.916837013308726 22.86435306914524
-188.5 23.91370281466248 22.861953011759944
-188.00000000000006 23.910567656119856 22.859574745297515
-187.5 23.907443822193088 22.857194083517896
-187.0 23.90433050449254 22.854816847846603
-186.50000000000006 23.901253000068362 22.852449484145588
-186.0 23.898170365555345 22.850105896984214
-185.5 23.895093518394354 22.84775380922944
-185.00000000000006 23.89204562742149 22.84541420462464
-184.5 23.889002140218537 22.843070092814358
-184.0 23.885966592024275 22.84074794867374
-183.50000000000006 23.88294205518688 22.838428516878807
-183.0 23.879947835971524 22.83612082425037
-182.5 23.876945094770065 22.83381192834675
-182.00000000000006 23.873963234546206 22.831520812584078
-181.5 23.87100236563125 22.82923165320117
-181.0 23.86805887886331 22.82693809329953
-180.50000000000006 23.865119308205173 22.82467557331
-180.0 23.86220514826361 22.822412924852586
-179.5 23.85929183584432 22.820147308571947
-179.00000000000006 23.8563949180681 22.81790233148734
-178.5 23.853506945443268 22.81565309488792
-178.0 23.850637853734046 22.813422415224274
-177.50000000000006 23.84778158006565 22.811204222401503
-177.0 23.844937914337212 22.80898547685009
-176.5 23.842118290355714 22.806775984563515
-176.00000000000006 23.839317217383062 22.804571982646348
-175.5 23.836527567443756 22.802385133679195
-175.0 23.833739064799367 22.800201880929375
-174.50000000000006 23.830990409824757 22.798028776280177
-174.0 23.828222015854365 22.795853624171713
-173.5 23.82548843208972 22.793701416974006
-173.00000000000006 23.82276338928139 22.791548716593304
-172.5 23.82007539387468 22.789413048882842
-172.0 23.817373513841048 22.787283578898325
-171.50000000000006 23.814699293915925 22.78516772782305
-171.0 23.81204126735335 22.783040806474336
-170.5 23.80939756728973 22.780939221848783
-170.00000000000006 23.806780177957087 22.77884310529012
-169.5 23.80416289198142 22.776756960631204
-169.0 23.801573321686003 22.774683255306044
-168.50000000000006 23.798975895774262 22.772612023537366
-168.0 23.796428289824703 22.770555283237837
-167.5 23.793873295893274 22.768501927066062
-167.00000000000006 23.79134886820698 22.766472486335935
-166.5 23.78882131583625 22.764430077852218
-166.0 23.786332444650213 22.762410425928074
-165.50000000000006 23.783838577321873 22.760396227735793
-165.0 23.78136592143449 22.75839885036669
-164.5 23.778898898011516 22.756400191660447
-164.00000000000006 23.776446481345623 22.75441117352512
-163.5 23.774011773237696 22.752419827351904
-163.0 23.771580016280247 22.75044325775218
-162.50000000000006 23.769160557408696 22.74847454221531
-162.0 23.766763834532455 22.746514175812802
-161.5 23.76437415598392 22.744546332390108
-161.00000000000006 23.761987328604928 22.742601998727487
-160.5 23.759611703928503 22.740656730969565
-160.0 23.757246795202235 22.738724387842435
-159.50000000000006 23.754900767021358 22.73678844745337
-159.0 23.75257065514044 22.734870159018264
-158.5 23.750227830507903 22.73295654428162
-158.00000000000006 23.747926515598476 22.73103565687388
-157.5 23.74561714560633 22.729136053706558
-157.0 23.743323108610866 22.727238795447022
-156.50000000000006 23.74104824703739 22.72534754152003
-156.0 23.738762948867635 22.723465299910657
-155.5 23.7365044421699 22.721587749643092
-155.00000000000006 23.73425952120555 22.71970875152585
-154.5 23.73201681543327 22.717850704159464
-154.0 23.72978113825843 22.715990772101907
-153.50000000000006 23.72757278006693 22.714148698988673
-153.0 23.72536017730762 22.71230353669731
-152.5 23.723155390481494 22.71047056484466
-152.00000000000006 23.72096852604507 22.708629893738454
-151.5 23.71879581336801 22.70680591817253
-151.0 23.716629972199968 22.70499172720905
-150.50000000000006 23.714472457108688 22.703184465728103
-150.0 23.712343990944422 22.701373665509017
-149.5 23.71020733865199 22.699576494194233
-149.00000000000006 23.708082403915082 22.697783859614702
-148.5 23.705962917210076 22.695997064432717
-148.0 23.7038619857019 22.694219895745743
-147.50000000000006 23.7017554316009 22.69244455397079
-147.0 23.699688868682152 22.690677647741925
-146.5 23.697617583144606 22.688917350171284
-146.00000000000006 23.695552004325485 22.687166048839018
-145.5 23.69349838506529 22.685415235608023
-145.0 23.69146499388137 22.683674550716148
-144.50000000000006 23.68943681776196 22.68194313663119
-144.0 23.68740658345446 22.68021340847335
-143.5 23.685402634611464 22.678487510524494
-143.00000000000006 23.683400492285767 22.676769775501956
-142.5 23.681406400606893 22.675058597248416
-142.0 23.679429089984197 22.673358670217066
-141.50000000000006 23.67745405240389 22.67166891497959
-141.0 23.67549922481409 22.669964406061936
-140.5 23.673565316159234 22.668280782194646
-140.00000000000006 23.671609147122425 22.666604938665674
-139.5 23.669690004965375 22.66493315113668
-139.0 23.667767282253777 22.663264498702777
-138.50000000000006 23.665854262348127 22.66160091933626
-138.0 23.66395265063437 22.659953178630012
-137.5 23.662068845275126 22.6583024176637
-137.00000000000006 23.66018111734171 22.656662032482163
-136.5 23.658315716596295 22.65502593725622
-136.0 23.65645079638177 22.65339482112592
-135.50000000000006 23.654614871859447 22.651772235512574
-135.0 23.652772490375927 22.650147848588695
-134.5 23.650933862406355 22.648540681080448
-134.00000000000006 23.649110696077415 22.64693455468173
-133.5 23.647300177547418 22.64533150237526
-133.0 23.64548965880956 22.64373909017507
-132.50000000000006 23.643713077512007 22.642151552064817
-132.0 23.64192090941411 22.64057054888902
-131.5 23.640155125390024 22.638990840971513
-131.00000000000006 23.638388313696478 22.637427062520143
-130.5 23.636635604695737 22.635866574004453
-130.0 23.634887196468718 22.634304804913054
-129.50000000000006 23.633156306493873 22.632748506779965
-129.0 23.631434937534944 22.6312047788715
-128.5 23.62970247003776 22.62967014807687
-128.00000000000006 23.627992666997194 22.628122695132294
-127.5 23.62627966215304 22.626590042271783
-127.0 23.62458131987478 22.62506109117154
-126.5 23.622908385676883 22.623540138697777
-126.0 23.621227244119126 22.62203093433653
-125.5 23.619545533436636 22.620519703219596
-125.0 23.617888055787933 22.619016062420783
-124.5 23.61623545822017 22.617514383539095
-124.0 23.614612253901477 22.616016751122004
-123.5 23.61296215353592 22.61452635392548
-123.0 23.61132579119792 22.61304228549434
-122.5 23.609709272389164 22.611553146185813
-122.0 23.60808315228298 22.610087410804116
-121.5 23.606492673748797 22.608613380862018
-121.0 23.60489082764074 22.607151387062384
-120.5 23.60329854045539 22.605686405230998
-120.0 23.601720258840363 22.604240028611216
-119.5 23.600141065233295 22.60279085674439
-119.0 23.59858817009005 22.6013481570528
-118.5 23.597027827591795 22.5999150433464
-118.0 23.595471136907754 22.598478872391347
-117.5 23.593945982353127 22.59705060492925
-117.0 23.592402630009843 22.595627995237912
-116.5 23.59088414165758 22.594202567630617
-116.0 23.589380729115895 22.59279216167843
-115.5 23.587870336656476 22.5913884634189
-115.0 23.5863670729699 22.589992248718417
-114.5 23.58488143392426 22.588588312404493
-114.0 23.583405206890276 22.58720862088413
-113.5 23.58192258062989 22.585813516960474
-113.0 23.58046627410641 22.584435881272928
-112.5 23.579008125040666 22.583059881556746
-112.0 23.577562204539046 22.58169180825504
-111.5 23.57612595526956 22.58032602266401
-111.0 23.57469430402474 22.578970269695734
-110.5 23.573266462662914 22.577611501644142
-110.0 23.5718556109018 22.576262309191737
-109.5 23.570435824629858 22.57491906524195
-109.0 23.56904763899717 22.573583581000968
-108.5 23.567646806205452 22.572248737359484
-108.0 23.56625910940042 22.57091732629846
-107.5 23.564898150346604 22.569604444537212
-107.0 23.563523163440145 22.568280247766634
-106.5 23.56216279801191 22.56696309982003
-106.0 23.56081845082145 22.565656122140645
-105.5 23.559477357675433 22.56435215505856
-105.0 23.558149276954502 22.563056192202424
-104.5 23.556824914935717 22.561774652752288
-104.0 23.555510500688005 22.56048455991963
-103.5 23.554197840844438 22.55920478949018
-103.0 23.55289594680327 22.5579339089964
-102.5 23.55161589248832 22.55665753533624
-102.0 23.550322350756137 22.555390979176693
-101.5 23.54904856912468 22.554130482034168
-101.0 23.547773987398465 22.552878536833575
-100.5 23.546527355787674 22.551631651644882
-100.0 23.54527921484538 22.550381585560846
-99.5 23.544032623061277 22.54914492982052
-99.0 23.542804649553485 22.547907284416834
-98.5 23.54156891780052 22.546680230289645
-98.0 23.54035563835496 22.545455668311906
-97.5 23.53914779855428 22.544237094982186
-97.0 23.537950453869392 22.543027225079623
-96.5 23.536765471128945 22.54182211464601
-96.0 23.53558187939059 22.540614455804135
-95.5 23.534400993735396 22.539418994862316
-95.0 23.53323830151985 22.538237854240258
-94.5 23.532077573441192 22.53704545610292
-94.0 23.530926110348204 22.53585679899952
-93.5 23.5297843719098 22.53468723391466
-93.0 23.528641704224924 22.53351719038548
-92.5 23.527522319665444 22.532347221626946
-92.0 23.52640932006185 22.531185081283425
-91.5 23.52528273841068 22.53002888447849
-91.0 23.524178832097704 22.52887335448638
-90.5 23.52306963761677 22.527737101492136
-90.0 23.521990308178662 22.52659272549368
-89.5 23.520899112465546 22.52545394806659
-89.0 23.51982428080527 22.524328621890422
-88.5 23.518758655123353 22.523201484994658
-88.0 23.517701946227714 22.52207720020918
-87.5 23.51664473685117 22.52096049305193
-87.0 23.515600355254563 22.519848271965778
-86.5 23.514556243489242 22.51873507645484
-86.0 23.513519339474122 22.517631749994255
-85.5 23.512494924611318 22.516538261285742
-85.0 23.511473476526888 22.515443137804738
-84.5 23.510463333749225 22.514354892477076
-84.0 23.509460951307737 22.51326695929904
-83.5 23.508467872648907 22.512186088407013
-83.0 23.507473680047166 22.511107311006967
-82.5 23.50650019348162 22.510044271212916
-82.0 23.505513866101566 22.508970845656442
-81.5 23.504541949203066 22.50790421683233
-81.0 23.503580139715044 22.5068493601046
-80.5 23.502629591270903 22.505798813589436
-80.0 23.501683331917636 22.504746104743568
-79.5 23.500734941487686 22.503699267547596
-79.0 23.49980763705718 22.502667025178454
-78.5 23.498880807634297 22.501628796772486
-78.0 23.497965036937373 22.500596837924554
-77.5 23.497038184844055 22.499564867280245
-77.0 23.496148999739574 22.49854642516842
-76.5 23.49523888046722 22.497524424365047
-76.0 23.494349337428083 22.49651085181513
-75.5 23.493481673077174 22.495497686434852
-75.0 23.492596861654924 22.49449918177455
-74.5 23.491719781722807 22.493492161178963
-74.0 23.490855458997753 22.492493304784063
-73.5 23.489994329832598 22.491498673229295
-73.0 23.48914867488407 22.490506930660445
-72.5 23.488306359419845 22.489528325784374
-72.0 23.48747063821348 22.48854110033406
-71.5 23.486642525280903 22.48756435751976
-71.0 23.485813503115306 22.48658906204073
-70.5 23.48498367689976 22.48562112529667
-70.0 23.484190773607484 22.48465672286202
-69.5 23.483379154246915 22.48368635262637
-69.0 23.482596294854954 22.482730545664218
-68.5 23.481802007956144 22.4817736438539
-68.0 23.481004629041067 22.48082271462685
-67.5 23.480238161333414 22.479876145409218
-67.0 23.479474052714853 22.478935969813364
-66.5 23.47871204473887 22.477995947274067
-66.0 23.47794843756651 22.47706342604165
-65.5 23.477210529855043 22.476125685721392
-65.0 23.476470342330657 22.4752004098748
-64.5 23.475729163134915 22.47427515861569
-64.0 23.474989627684238 22.473356278789062
-63.5 23.474267637087102 22.472437487115076
-63.0 23.473554088140418 22.47151910506005
-62.5 23.472851457670735 22.470609785882473
-62.0 23.472146312291812 22.469701076066908
-61.5 23.471446894429224 22.468800256242496
-61.0 23.47074554944756 22.46790281297728
-60.5 23.470058525536786 22.46700803077074
-60.0 23.469392905766973 22.46611178938053
-59.5 23.468733100175708 22.465223473696998
-59.0 23.468050611879377 22.464336804431298
-58.5 23.467409382809933 22.463464690256856
-58.0 23.46675397524175 22.462585381554586
-57.5 23.466114828760418 22.461723299877168
-57.0 23.46548526186403 22.46085421651876
