FastTrWP/PhaseSpace/IAs/snIa_0.36_30.00_0.69_-0.08.csv
# %ECSV 0.9
# ---
# datatype:
# - {name: time-rel, datatype: float64}
# - {name: g, datatype: float64}
# - {name: i, datatype: float64}
# schema: astropy-2.0
time-rel g i
[from data line 1733]
1039.5208333333333 23.715022727769988 22.87483237076206
1040.0208333333333 23.716683448630654 22.875661084412936
1040.5208333333333 23.718368677342767 22.876508120782333
1041.0208333333333 23.72004830524075 22.877352031929988
1041.5208333333333 23.721719338711218 22.878187259736386
1042.0208333333333 23.723401240090443 22.879040249632155
1042.5208333333333 23.72509537262216 22.879880852208167
1043.0208333333333 23.726780611116553 22.880722121674083
1043.5208333333333 23.72847490556169 22.881575452621753
1044.0208333333333 23.730158305910845 22.882415451788546
1044.5208333333333 23.731852171354294 22.883267444245554
1045.0208333333333 23.733555567550894 22.884114679932775
1045.5208333333333 23.735245341867262 22.884957693201766
1046.0208333333333 23.736941082901325 22.885811531593635
1046.5208333333333 23.73864883065859 22.88666285645045
1047.0208333333333 23.740362489777958 22.887517102054467
1047.5208333333333 23.742071329855182 22.888371586653676
1048.0208333333333 23.743794804780695 22.889219689992718
1048.5208333333333 23.745499571682917 22.890077177003803
1049.0208333333333 23.74721344597388 22.890927309904995
1049.5208333333333 23.74892519016989 22.891787908262128
1050.0208333333333 23.750657782772397 22.892640800522987
1050.5208333333333 23.752376413878416 22.893495779658394
1051.0208333333333 23.75410880156245 22.89435473235367
1051.5208333333333 23.75584024390605 22.895215713779862
1052.0208333333333 23.75757507518466 22.896080041011263
1052.5208333333333 23.75930384171467 22.89693312685106
1053.0208333333333 23.761044281434778 22.897802974602133
1053.5208333333333 23.762790375912335 22.898656887937943
1054.0208333333333 23.764535884767906 22.89952307023663
1054.5208333333333 23.766281422654956 22.90039576511615
1055.0208333333333 23.76802419138071 22.90124664719179
1055.5208333333333 23.769777837009286 22.9021237656853
1056.0208333333333 23.771530868230197 22.902991831743087
1056.5208333333333 23.77328559962286 22.90385919459017
1057.0208333333333 23.775041528231142 22.904722190695296
1057.5208333333333 23.776807752646327 22.905594483036175
1058.0208333333333 23.778574205482215 22.906461622147578
1058.5208333333333 23.780342160793193 22.907333627303792
1059.0208333333333 23.78212073492694 22.908205607958664
1059.5208333333333 23.783885984637898 22.909079029677365
1060.0208333333333 23.785651413018236 22.909941277635077
1060.5208333333333 23.787435336432576 22.910832706491654
1061.0208333333333 23.789217076891653 22.91169733657242
1061.5208333333333 23.79100127073871 22.91258416003151
1062.0208333333333 23.792788977847735 22.913459469833086
1062.5208333333333 23.794576065114068 22.914337099374077
1063.0208333333333 23.796381242835732 22.915216312251584
1063.5208333333333 23.798151325185227 22.916094168213856
1064.0208333333333 23.799970844955652 22.916976094991117
1064.5208333333333 23.801761230397524 22.917853817429283
1065.0208333333333 23.803554398037726 22.918742466475706
1065.5208333333333 23.805380487953983 22.91961906349428
1066.0208333333333 23.80717963255965 22.920505007642383
1066.5208333333333 23.808996505743558 22.92139659586759
1067.0208333333333 23.810792997862592 22.922276094853547
1067.5208333333333 23.812626205871275 22.923161820300855
1068.0208333333333 23.814427205203646 22.924056821033545
1068.5208333333333 23.816261099544498 22.924940526795684
1069.0208333333333 23.818093448258573 22.9258343147332
1069.5208333333333 23.81989052952189 22.92672207323109
1070.0208333333333 23.821740541570836 22.927612856885126
1070.5208333333333 23.823574046575402 22.928499076650585
1071.0208333333333 23.825408686754553 22.929398711387137
1071.5208333333333 23.827255656400315 22.930282386084425
1072.0208333333333 23.82908869766469 22.93117732763968
1072.5208333333333 23.83094857848576 22.93207429799654
1073.0208333333333 23.83277997041485 22.93296956888065
1073.5208333333333 23.834622989647187 22.933873466259126
1074.0208333333333 23.83648454902348 22.93476130518016
1074.5208333333333 23.83834357404227 22.935657850551294
1075.0208333333333 23.840186431972707 22.936566064158548
1075.5208333333333 23.842054871160613 22.937457863423333
1076.0208333333333 23.843926520651245 22.938353463506115
1076.5208333333333 23.84578438904792 22.93926251937288
1077.0208333333333 23.84765693099192 22.940157870129056
1077.5208333333333 23.849526538364675 22.941061116400128
1078.0208333333333 23.851407169998456 22.94196530931336
1078.5208333333333 23.853284231589313 22.942875310660177
1079.0208333333333 23.855156412092242 22.94377740546175
1079.5208333333333 23.857035704658934 22.94467252867744
1080.0208333333333 23.858920057679573 22.945588169420184
1080.5208333333333 23.86081912260782 22.946491383637436
1081.0208333333333 23.862704450774892 22.947405840744437
1081.5208333333333 23.864592836287123 22.948301450637636
1082.0208333333333 23.86649379096167 22.949218370853647
1082.5208333333333 23.868399053814635 22.950125426601208
1083.0208333333333 23.87030607948124 22.951034486764463
1083.5208333333333 23.87220671478769 22.951944719712856
1084.0208333333333 23.87412239911141 22.952850713754703
1084.5208333333333 23.876025101244437 22.953770990196393
1085.0208333333333 23.877946156547807 22.95469388374462
1085.5208333333333 23.879872188004043 22.95559941404345
1086.0208333333333 23.88176463694506 22.95651790737935
1086.5208333333333 23.88369907442607 22.957422961298253
1087.0208333333333 23.885625697683803 22.958340687224286
1087.5208333333333 23.88756401100048 22.959264164331405
1088.0208333333333 23.889504065695565 22.96018680848637
1088.5208333333333 23.89144727672771 22.96110770461979
1089.0208333333333 23.89339160015865 22.962026513799778
1089.5208333333333 23.895327422360566 22.962961144980987
1090.0208333333333 23.897286183490017 22.96388435448181
1090.5208333333333 23.899253407973763 22.964809540965806
1091.0208333333333 23.901216624065526 22.965748916662868
1091.5208333333333 23.903183470103784 22.966681590899675
1092.0208333333333 23.90516660852603 22.96761585408623
1092.5208333333333 23.90714337082006 22.968548412931295
1093.0208333333333 23.909125097879283 22.969486147035067
1093.5208333333333 23.91111802586387 22.97042839354731
1094.0208333333333 23.91309195978639 22.971375873895393
1094.5208333333333 23.91509914236817 22.972310865602722
1095.0208333333333 23.917091312918433 22.9732493403205
1095.5208333333333 23.91910954502815 22.974197725996397
1096.0208333333333 23.92110900321704 22.975143855857205
1096.5208333333333 23.923126382176992 22.976088202744425
1097.0208333333333 23.925128713839136 22.977033137872183
1097.5208333333333 23.92716059390351 22.977984042078784
1098.0208333333333 23.9291719440002 22.97893615988616
1098.5208333333333 23.931204593557403 22.979891959051596
1099.0208333333333 23.933213940217755 22.980838522217937
1099.5208333333333 23.935257141554533 22.981788456218716
1100.0208333333333 23.93728632736351 22.982745449335464
1100.5208333333333 23.939327418564215 22.983699991766837
1101.0208333333333 23.941359235900165 22.98464615552795
1101.5208333333333 23.94340489986376 22.985610142652213
1102.0208333333333 23.945461233669274 22.986556545033277
1102.5208333333333 23.947506734314757 22.987507495694793
1103.0208333333333 23.949559983898933 22.988462618398504
1103.5208333333333 23.951614529015174 22.989415220360243
1104.0208333333333 23.953650940550098 22.990373188565467
1104.5208333333333 23.955710823994117 22.991326736714942
1105.0208333333333 23.957774055207967 22.99228542828656
1105.5208333333333 23.959826229152625 22.99323719343887
1106.0208333333333 23.96189265366722 22.99419115463842
1106.5208333333333 23.963946005745285 22.99515912968753
1107.0208333333333 23.966012850711614 22.99610501467953
1107.5208333333333 23.968088463357628 22.997059958351795
1108.0208333333333 23.97014163533629 22.998015178341014
1108.5208333333333 23.972215763871173 22.998962426603487
1109.0208333333333 23.974283445685423 22.999915322529134
1109.5208333333333 23.97636120369556 23.000866828144105
1110.0208333333333 23.97842256612032 23.001812746085605
1110.5208333333333 23.980497343880522 23.002764293369378
1111.0208333333333 23.982566489895763 23.003720677321006
1111.5208333333333 23.984639317563555 23.004665656665587
1112.0208333333333 23.986724584459918 23.005608161537815
1112.5208333333333 23.988775041143754 23.006556248227415
1113.0208333333333 23.99085539504894 23.007503058026128
1113.5208333333333 23.99293611328074 23.0084454783765
1114.0208333333333 23.99501286353096 23.00938709406592
1114.5208333333333 23.997072741864706 23.010323333616334
1115.0208333333333 23.99914093389171 23.011262613771606
1115.5208333333333 24.00121421878643 23.012208888332445
1116.0208333333333 24.003287423493646 23.01314246538712
1116.5208333333333 24.005348108881183 23.014078183160894
1117.0208333333333 24.007425197744364 23.01500414440282
1117.5208333333333 24.009492577600703 23.015939993714984
1118.0208333333333 24.01155195072792 23.016873315436968
1118.5208333333333 24.01362516731168 23.017801629986128
1119.0208333333333 24.015678382565497 23.018718224696922
1119.5208333333333 24.017747970124162 23.019648944120355
1120.0208333333333 24.019798655119878 23.02057584653758
1120.5208333333333 24.021875057698765 23.02149473498385
1121.0208333333333 24.02393032757571 23.02242198269687
1121.5208333333333 24.025999193818475 23.02333925583099
1122.0208333333333 24.028054892080494 23.024258063520083
1122.5208333333333 24.030128076297856 23.02518296142804
1123.0208333333333 24.032210429285072 23.026098637521844
1123.5208333333333 24.034275701894167 23.027015971279138
1124.0208333333333 24.0363469775364 23.027931539801795
1124.5208333333333 24.038422118239314 23.02885447446302
1125.0208333333333 24.040486028862148 23.029768779627553
1125.5208333333333 24.042553435506328 23.030686109947176
1126.0208333333333 24.04463829373266 23.03160258198603
1126.5208333333333 24.046720104374568 23.03252349221863
1127.0208333333333 24.04877501692897 23.033435973786634
1127.5208333333333 24.05086475043816 23.034353776841385
1128.0208333333333 24.052953593109642 23.035264498849862
1128.5208333333333 24.05502878016181 23.036180823060537
1129.0208333333333 24.057114042745653 23.037092017227533
1129.5208333333333 24.059195656840622 23.038004092836495
1130.0208333333333 24.061276084194752 23.038916293136463
1130.5208333333333 24.063369758670664 23.039828446501506
1131.0208333333333 24.065456848715105 23.040738366810317
1131.5208333333333 24.067529230070555 23.04164571948929
1132.0208333333333 24.06960732821034 23.042557194907122
1132.5208333333333 24.07171961158284 23.043463070878573
1133.0208333333333 24.07380439080667 23.044375098653482
1133.5208333333333 24.075883625400852 23.045280265147024
1134.0208333333333 24.077976156762 23.04618834180409
1134.5208333333333 24.080071691207632 23.047081643162237
1135.0208333333333 24.082136694397967 23.047991825978748
1135.5208333333333 24.084257388929533 23.048895146715168
1136.0208333333333 24.086342283200196 23.049797738876517
1136.5208333333333 24.088428764375053 23.050705247405524
1137.0208333333333 24.090518173281193 23.05160223837671
1137.5208333333333 24.092594779152215 23.052500732349742
1138.0208333333333 24.094700776133 23.05339724745606
1138.5208333333333 24.096786350039817 23.0543014314326
1139.0208333333333 24.098894639726684 23.05518592607449
1139.5208333333333 24.10098967822683 23.05608322624674
1140.0208333333333 24.103072037031957 23.056981959001707
1140.5208333333333 24.10516884934332 23.057872046453078
1141.0208333333333 24.107250825081938 23.058775612229713
1141.5208333333333 24.109353746490946 23.059662606521535
1142.0208333333333 24.111454841702503 23.060546023238903
1142.5208333333333 24.11353424501066 23.061433933265324
1143.0208333333333 24.115636008254874 23.062319352868084
1143.5208333333333 24.11773929631252 23.06321157019816
1144.0208333333333 24.11981931754729 23.064095508138394
1144.5208333333333 24.12191835880009 23.064963469038272
1145.0208333333333 24.123996375945108 23.0658510548177
1145.5208333333333 24.126107439961366 23.066739951157732
1146.0208333333333 24.128195822945532 23.067608226225826
1146.5208333333333 24.13027327238822 23.068495532095646
1147.0208333333333 24.132364517213144 23.069358671547498
1147.5208333333333 24.134456051151876 23.070247541151467
1148.0208333333333 24.136545912252103 23.071115943695514
1148.5208333333333 24.138642563195994 23.07199416900484
1149.0208333333333 24.140730578964774 23.07286631563261
1149.5208333333333 24.142828806780166 23.073730930565617
1150.0208333333333 24.144909572263032 23.0745971374943
1150.5208333333333 24.146996451560952 23.075476352753373
1151.0208333333333 24.149088914735472 23.076333912082468
1151.5208333333333 24.151171229062168 23.07720961466091
1152.0208333333333 24.153248947673536 23.078055641496363
1152.5208333333333 24.155342361624534 23.07893121396289
1153.0208333333333 24.157414810980118 23.07977655786417
1153.5208333333333 24.159500293719155 23.080641171863547
1154.0208333333333 24.161593802627532 23.081498690390397
1154.5208333333333 24.163670915150178 23.082359548307537
1155.0208333333333 24.16574977241474 23.083212352341185
1155.5208333333333 24.167844250214173 23.08406465484979
1156.0208333333333 24.169927782334305 23.0849246935597
1156.5208333333333 24.172015648367832 23.085771355004212
1157.0208333333333 24.17408099062165 23.086624060762905
1157.5208333333333 24.176185339833864 23.087469053690025
1158.0208333333333 24.178253699804486 23.088324219825353
1158.5208333333333 24.18034164292528 23.08917038067356
1159.0208333333333 24.182426722626108 23.09000533250103
1159.5208333333333 24.184522610273863 23.09086221767992
1160.0208333333333 24.186599602593134 23.09169930408654
1160.5208333333333 24.188681964499782 23.09253275524732
1161.0208333333333 24.19076400393233 23.09338056263357
1161.5208333333333 24.19284339287293 23.094226096251404
1162.0208333333333 24.194922199006356 23.095065278913694
1162.5208333333333 24.197004955869758 23.095901594194586
1163.0208333333333 24.199096337237357 23.09673442710046
1163.5208333333333 24.201185355290285 23.09757809902729
1164.0208333333333 24.203252589974895 23.098398880115447
1164.5208333333333 24.205329350270347 23.099241953893028
1165.0208333333333 24.20740917557708 23.100069917242973
1165.5208333333333 24.20948675102828 23.100893910261853
1166.0208333333333 24.211565618331132 23.101720202064847
1166.5208333333333 24.213654552964663 23.102556275467784
1167.0208333333333 24.21572355484729 23.10337497656547
1167.5208333333333 24.21779865154789 23.104197527516597
1168.0208333333333 24.219877890287037 23.105030348791125
1168.5208333333333 24.221944006116924 23.105832574214524
1169.0208333333333 24.224025754511548 23.10665822560637
1169.5208333333333 24.226097128196127 23.1074812071977
1170.0208333333333 24.228174729725012 23.108298477388267
1170.5208333333333 24.2302488007531 23.109116288016793
1171.0208333333333 24.23231849754432 23.10992428829548
1171.5208333333333 24.234398854264203 23.110739053498936
1172.0208333333333 24.236460342238665 23.111557946444258
1172.5208333333333 24.238538340525075 23.11236190831638
1173.0208333333333 24.240591708772023 23.11317864994988
1173.5208333333333 24.242679178116994 23.113973193280728
1174.0208333333333 24.244740508448285 23.114784672317462
1174.5208333333333 24.24680056026162 23.115584225639477
1175.0208333333333 24.248878949072115 23.116384738216876
1175.5208333333333 24.250938837871967 23.117184278456584
1176.0208333333333 24.25300120905788 23.11798572262749
1176.5208333333333 24.255066504099773 23.11878829627816
1177.0208333333333 24.25712708455372 23.119577025947656
1177.5208333333333 24.259180961843203 23.12038404315188
1178.0208333333333 24.26124457213583 23.12117137985501
1178.5208333333333 24.263299577742664 23.121957308004795
1179.0208333333333 24.265357202071595 23.122752212153294
1179.5208333333333 24.267389210395475 23.123537983165967
1180.0208333333333 24.269464463808006 23.124319024029827
1180.5208333333333 24.271508846743085 23.125112212460213
