FastTrWP/PhaseSpace/IAs/snIa_0.66_30.00_1.05_0.02.csv
# %ECSV 0.9
# ---
# datatype:
# - {name: time-rel, datatype: float64}
# - {name: g, datatype: float64}
# - {name: i, datatype: float64}
# schema: astropy-2.0
time-rel g i
[from data line 707]
-105.0 24.049177278918098 22.413396595532404
-104.50000000000006 24.048037890227224 22.41235165100158
-104.0 24.04689116455442 22.411312732893727
-103.5 24.045748999127895 22.41027586678306
-103.00000000000006 24.04461837803474 22.409235949169037
-102.5 24.04349939851887 22.40820922190376
-102.0 24.042376331034568 22.407182036830626
-101.50000000000006 24.041255443878487 22.406156019913098
-101.0 24.0401492169724 22.405134046518235
-100.5 24.03905494466486 22.404123362731212
-100.00000000000006 24.037974088888983 22.40311129406047
-99.5 24.036882401564842 22.4021064507787
-99.0 24.03579927211176 22.40109895975025
-98.50000000000006 24.034738365173908 22.400104110015896
-98.0 24.03367842625773 22.39910104937408
-97.5 24.03260839909977 22.398121339477882
-97.00000000000006 24.031550716534937 22.39712268310408
-96.5 24.030491643328048 22.396140704112785
-96.0 24.029464872431866 22.395159303415824
-95.50000000000006 24.02842211038944 22.39417565520761
-95.0 24.027369120240103 22.393202336970663
-94.5 24.02634273764491 22.392228146099555
-94.00000000000006 24.025328517078005 22.39126020588564
-93.5 24.02431013971379 22.39029691366519
-93.0 24.023287709364375 22.38933488297516
-92.50000000000006 24.02229575834589 22.388373503240054
-92.0 24.021296854314933 22.387420712422873
-91.5 24.020290081412426 22.386466028277603
-91.00000000000006 24.019297590403 22.38551675146332
-90.5 24.01830362514442 22.384569537937402
-90.0 24.017326969290398 22.383631604248258
-89.50000000000006 24.01634854964697 22.382692571268997
-89.0 24.01538836959453 22.381759082504047
-88.5 24.01442016457056 22.380829685230665
-88.00000000000006 24.013471786997197 22.37990268477838
-87.5 24.012517913863153 22.378968023690703
-87.0 24.011562093472314 22.378057249358104
-86.50000000000006 24.01061329863625 22.37713570853055
-86.0 24.009691583360123 22.376221618353867
-85.5 24.008764110920854 22.37531045950005
-85.00000000000006 24.007832609166954 22.374402481291963
-84.5 24.00690966696154 22.3734986087546
-84.0 24.006012836931703 22.37259922932278
-83.50000000000006 24.005091881586868 22.371704924760042
-83.0 24.00418917348551 22.370808583265077
-82.5 24.00329972567476 22.369915979706484
-82.00000000000006 24.0024035911808 22.369032564245174
-81.5 24.00151100508884 22.368141754180346
-81.0 24.000640865091235 22.367264842044044
-80.50000000000006 23.999764235629947 22.36638834143443
-80.0 23.998905906492617 22.36552333478901
-79.5 23.998040139533874 22.364653317723885
-79.00000000000006 23.997163613514815 22.363779861265893
-78.5 23.996319568790064 22.362925885980665
-78.0 23.995469323948846 22.362060429137316
-77.50000000000006 23.994626505832283 22.361209600716712
-77.0 23.993798821636343 22.360355067669026
-76.5 23.992970709544554 22.359512974513947
-76.00000000000006 23.992140276470458 22.358668114882747
-75.5 23.991334299982267 22.357823714928358
-75.0 23.990524210966736 22.35698812979972
-74.50000000000006 23.989711479649305 22.356150165453684
-74.0 23.988904449624865 22.355319448438628
-73.5 23.988122170024653 22.354497384752065
-73.00000000000006 23.987334914607672 22.353668495386376
-72.5 23.986570187955707 22.352854716148546
-72.0 23.98578137468004 22.352040592228995
-71.50000000000006 23.98500395753721 22.351225913849927
-71.0 23.984245427777658 22.350417042270973
-70.5 23.983489398053983 22.349618324273898
-70.00000000000006 23.98273060433135 22.34881450936385
-69.5 23.981987000572108 22.348012633540666
-69.0 23.98122037729969 22.34721834066749
-68.50000000000006 23.980501069232933 22.34643064474377
-68.0 23.97977175179985 22.34564491356377
-67.5 23.97904227768235 22.344856340906535
-67.0 23.978332958664073 22.34408336031546
-66.5 23.977632155611314 22.343306758780827
-66.0 23.97692483687652 22.34254006421581
-65.5 23.976213294845966 22.341762728614945
-65.0 23.975519341188907 22.341007234442607
-64.5 23.97482553984137 22.340235025688344
-64.0 23.974160570791852 22.339477044778043
-63.5 23.97348460560938 22.338727072981236
-63.0 23.972808621410916 22.337967634091665
-62.5 23.97215290341321 22.337233619340914
-62.0 23.971491104834158 22.33648896904409
-61.5 23.970834903881496 22.33574709553494
-61.0 23.97019237947026 22.335011507918633
-60.5 23.969547160691388 22.334285349640606
-60.0 23.96891544985603 22.33355347580135
-59.5 23.968309460538467 22.332826745423056
-59.0 23.96767364667005 22.33210680807977
-58.5 23.967054462183594 22.331393216640873
-58.0 23.966444303912475 22.330683163154426
-57.5 23.96584856989584 22.329968819095377
-57.0 23.965234882242537 22.32925575807778
-56.5 23.964643910289972 22.328559715188796
-56.0 23.964053024861 22.327859938380254
-55.5 23.963476683485595 22.327169238668905
-55.0 23.962902471265256 22.326480860805596
-54.5 23.962331656485883 22.325794238717073
-54.0 23.961771676359675 22.325108299907765
-53.5 23.96121059515267 22.324430145723465
-53.0 23.96063473145378 22.32374731280261
-52.5 23.960100038621533 22.323085095100996
-52.0 23.959558502548294 22.322413188761765
-51.5 23.959030440637253 22.32174731139795
-51.0 23.958488368210947 22.321084893719423
-50.5 23.957947374259035 22.320423745497344
-50.0 23.957424989576328 22.319772210634635
-49.5 23.956919419617453 22.31912264938899
-49.0 23.95640372611856 22.31847644186719
-48.5 23.955897696793276 22.317824081522886
-48.0 23.955389532140487 22.317185647548857
-47.5 23.954896973359485 22.316547566136432
-47.0 23.954419188239576 22.315920827630528
-46.5 23.953923617347506 22.315281135258637
-46.0 23.953444593810534 22.314652413381012
-45.5 23.952967137433653 22.314023084297396
-45.0 23.952502544743307 22.31340583953344
-44.5 23.952047426291646 22.31278478854768
-44.0 23.951585581500268 22.31217586277053
-43.5 23.95114206336563 22.311562715804843
-43.0 23.950686044467595 22.3109541847385
-42.5 23.950229385202007 22.31034844494859
-42.0 23.949803253976572 22.30974741267071
-41.5 23.949368203168607 22.309148008016614
-41.0 23.94895220681726 22.308554139224128
-40.5 23.948533009246034 22.307962965368787
-40.0 23.948105946493033 22.307372315969335
-39.5 23.947698263720994 22.306776737804064
-39.0 23.947287726633153 22.306201262234975
-38.5 23.946895930691483 22.30561053731261
-38.0 23.94649521414328 22.30503278337016
-37.5 23.946108899678933 22.30445830748196
-37.0 23.94573249019458 22.303886771323317
-36.5 23.94534042474696 22.303315844220066
-36.0 23.944959639305864 22.302748953797785
-35.5 23.944608946570213 22.302185689639682
-35.0 23.94424301346657 22.30163065253215
-34.5 23.943886398697323 22.301069433098206
-34.0 23.943537589372006 22.30051488824298
-33.5 23.943182855750806 22.299958765376665
-33.0 23.942833197086554 22.299414164406492
-32.5 23.942501392366403 22.298871612989657
-32.0 23.942172718595103 22.298321311512975
-31.5 23.941838434795635 22.29778035106459
-31.0 23.941516790355504 22.297236648178153
-30.5 23.941205435481884 22.29670180751632
-30.0 23.940891143377954 22.296168772973267
-29.5 23.940572287903976 22.29563811429022
-29.0 23.940276857530055 22.29510851990337
-28.5 23.939999050051824 22.29457997353918
-28.0 23.939704847679252 22.294061497906238
-27.5 23.939408302549303 22.293534946966446
-27.0 23.93912346506265 22.293025830590096
-26.5 23.93887321567426 22.29250402745688
-26.0 23.938588802499545 22.29198967983663
-25.5 23.93832751625849 22.29148300037135
-25.0 23.938064646897015 22.29096735679809
-24.5 23.937810249942135 22.290464980638234
-24.0 23.93756298321536 22.28996907132443
-23.5 23.93731949597004 22.28946749035522
-23.0 23.937073120887792 22.28896187081571
-22.5 23.936845979129693 22.288468694927882
-22.0 23.936626313223552 22.28797536109715
-21.5 23.936401932964593 22.287479842920387
-21.0 23.936177431700504 22.28700028355703
-20.5 23.935967638715674 22.28651091595148
-20.0 23.93576357019326 22.28602631036481
-19.5 23.935557102203198 22.285539694125024
-19.0 23.93536840782223 22.2850625968007
-18.5 23.935174829902813 22.284583580303202
-18.0 23.93498613957766 22.28410871092685
-17.5 23.934796918695625 22.283641345176104
-17.0 23.93462879092024 22.283173085576212
-16.5 23.93444942792339 22.282711556238386
-16.0 23.93429137091799 22.282254045059197
-15.5 23.93412581504627 22.281796708896145
-15.0 23.933977744050203 22.28133961499585
-14.5 23.93384423769143 22.28089179631531
-14.0 23.933694511581614 22.28044690935512
-13.5 23.93354907035199 22.279997160476448
-13.0 23.933416216587922 22.27956180933655
-12.5 23.93329361782326 22.27911745875624
-12.0 23.933164933943445 22.27868745471561
-11.5 23.933054639476488 22.278251690966037
-11.0 23.932944727502363 22.27783222275649
-10.5 23.932846339259118 22.277408248371252
-10.0 23.932726012901803 22.276976591848516
-9.5 23.932647678843413 22.276567144472384
-9.0 23.932548416858054 22.276146265839788
-8.5 23.932473378692105 22.275731432536983
-8.0 23.932392898471086 22.275328572396973
-7.5 23.93231474307708 22.274923031337963
-7.0 23.93224061379722 22.274514237919746
-6.5 23.93218542977728 22.274110912156853
-6.0 23.93213418243252 22.27370861045479
-5.5 23.932077871384415 22.273313564671625
-5.0 23.93202705617179 22.27291783096811
-4.5 23.931981759378488 22.272525778632502
-4.0 23.931945487753 22.27213252695769
-3.5 23.93191308076808 22.271745896226413
-3.0 23.931883396937135 22.271361672454546
-2.5 23.931854520900217 22.27098453107918
-2.0 23.931838637827703 22.27059910082879
-1.5 23.93182501421842 22.270223069256364
-1.0 23.931809449395573 22.26984030743744
-0.5 23.931816081790977 22.269469871237394
0.0 23.931806528795324 22.269094345541248
0.5 23.93182183967366 22.268729732234775
1.0 23.931831795593514 22.268357441986208
1.5 23.931846057383524 22.267989214153342
2.0 23.93187764723654 22.267625042945753
2.5 23.93189604337413 22.26727310170263
3.0 23.93193139796164 22.26690306153046
3.5 23.931956150437458 22.266549878257518
4.0 23.93200945708291 22.266191857195565
4.5 23.932046347599037 22.265837416893852
5.0 23.932089081579917 22.26548704353833
5.5 23.93213897243826 22.26513694642394
6.0 23.93219288031925 22.264786365735855
6.5 23.93227559419288 22.26444240430048
7.0 23.932324381095164 22.264090325973175
7.5 23.932404806015487 22.263744658330594
8.0 23.93247382783568 22.263403043463903
8.5 23.93255781872773 22.26306512095858
9.0 23.932637074609513 22.26271809733449
9.5 23.932743029433155 22.26237885741348
10.0 23.932827624881263 22.262042913655016
10.5 23.93293341560443 22.26171138286354
11.0 23.933033925243162 22.261375459285155
11.5 23.933145801428914 22.26103366548208
12.0 23.933258168834477 22.260702948905188
12.5 23.933372248082172 22.26037070472474
13.0 23.933487894976867 22.26003823540113
13.5 23.933607703599304 22.25970947929301
14.0 23.933759993089296 22.25938286059275
14.5 23.933882191164916 22.259057877587708
15.0 23.93402697009025 22.25872214696264
15.5 23.934160208789983 22.258401949513377
16.0 23.934307159639033 22.258069642243502
16.5 23.934471545485025 22.257753939184212
17.0 23.934625295242157 22.257427845407225
17.5 23.93479090417419 22.257100894113346
18.0 23.934950045390785 22.256787212279384
18.5 23.935127775533886 22.256461587742216
19.0 23.93528974766997 22.2561399196101
19.5 23.935470570596923 22.255821292573025
20.0 23.935652569863876 22.25550078286688
20.5 23.9358443131787 22.255184811201488
21.0 23.936035029415944 22.254862592979716
21.5 23.936233431653008 22.254548039435605
22.0 23.936423449705085 22.254227536249456
22.5 23.936636483599997 22.253916913662557
23.0 23.93684965933284 22.253605343857572
23.5 23.93705341517336 22.253298327979657
24.0 23.9372678143975 22.252977763751627
24.5 23.93748769008336 22.252667423442958
25.0 23.93770415337666 22.25236082800653
25.5 23.937933490118034 22.252049466097166
26.0 23.93818036933699 22.251743589529163
26.5 23.938400532672667 22.25144553228102
27.0 23.938659165739406 22.25113599248917
27.5 23.938905732242596 22.250833628517938
28.0 23.93914087272212 22.25053572785037
28.5 23.9394053993132 22.250232568124247
29.0 23.9396649036629 22.249943940510025
29.5 23.93993409572856 22.249638073629463
30.0 23.940196110420942 22.249342678866284
30.5 23.940456431987673 22.249061658943564
31.0 23.940752488945485 22.24876123129399
31.5 23.94105110278106 22.248475896524692
32.0 23.941307877510013 22.24817729779332
32.5 23.941614688230697 22.247891800719366
33.0 23.941909941297816 22.247607973718665
33.5 23.942217567240597 22.247322168618908
34.0 23.94251876072106 22.247040086321356
34.5 23.942838202338258 22.246758254666382
35.0 23.943148518888208 22.246475156056704
35.5 23.9434701658491 22.246198518975532
36.0 23.94379133410256 22.245914021558765
36.5 23.94412158767214 22.24564305178582
37.0 23.944456236599002 22.245363943624138
37.5 23.944805634344085 22.245086501619987
38.0 23.94515077225535 22.244819763670503
38.5 23.945494913981683 22.24455094649366
39.0 23.945846027752808 22.244277150186683
39.5 23.94620209453297 22.24400674728233
40.0 23.94657528704124 22.243744717225233
40.5 23.94693631205909 22.2434768567318
41.0 23.947309410178757 22.243213825192324
41.5 23.947688226156288 22.242948405794316
42.0 23.948072280414706 22.242689853810237
42.5 23.948466432880743 22.242434400416805
43.0 23.94886274615475 22.24217795481874
43.5 23.949259328866255 22.241913461793814
44.0 23.94965808591155 22.241662501857856
44.5 23.95006909779476 22.2414112700299
45.0 23.95048210606973 22.241155914334456
45.5 23.950898542461427 22.24090793493785
46.0 23.951319088243007 22.24065718407267
46.5 23.95176395262847 22.2404123588332
47.0 23.95218923467794 22.240159175934835
47.5 23.95263053790697 22.239920880924103
48.0 23.953081488514822 22.239678919919
48.5 23.953533281539606 22.239433204883333
49.0 23.953981912454804 22.23919093083841
49.5 23.954449075989245 22.238963429293012
50.0 23.954909607033187 22.23872319419538
50.5 23.955375347522686 22.238490079984818
51.0 23.955869704838374 22.238248383310193
51.5 23.95635280880267 22.238021926595483
52.0 23.95683715274445 22.23779428670656
52.5 23.957324401968446 22.237563097037523
53.0 23.957823365867256 22.237339044513035
53.5 23.95832042562821 22.23711266118052
54.0 23.958840358385466 22.236887803941116
54.5 23.959346517257025 22.236664356460633
55.0 23.959880139437082 22.23644519646065
55.5 23.960396930839103 22.23622109095721
56.0 23.96094289189236 22.23600460917389
56.5 23.961457365998076 22.235790180365424
57.0 23.962012937273794 22.235573455651352
57.5 23.9625511965437 22.235361517209334
58.0 23.963109347258342 22.235153017478765
58.5 23.963681979593115 22.234942089220787
59.0 23.96425208745864 22.23473389401667
59.5 23.964827360870427 22.234529835107168
60.0 23.965380480731774 22.234321705966256
60.5 23.965985946298595 22.23411733994555
61.0 23.966576252649936 22.233916138909777
61.5 23.967166491271477 22.233719310976035
62.0 23.967771387669043 22.23351698986916
62.5 23.968358338228676 22.233324753144576
63.0 23.968984799539108 22.23312739211858
63.5 23.96958999992141 22.232928901459708
64.0 23.970211317906372 22.232736207668115
64.5 23.97083643319638 22.232543901594305
65.0 23.97145210104504 22.232354315091996
65.5 23.972097234462396 22.232164940437485
66.0 23.972751420600858 22.23197771416025
66.5 23.973395664667056 22.231789444071325
67.0 23.9740532505176 22.231604558902603
67.5 23.974714966619565 22.23142436800069
68.0 23.975363047773545 22.231239721953884
68.5 23.97603507359955 22.231058014926678
69.0 23.97670648317913 22.230888237106278
69.5 23.97738596545212 22.230704210233498
70.0 23.978076366609642 22.23052666860205
70.5 23.978783394721436 22.2303502137348
71.0 23.97947171404651 22.23018042106964
71.5 23.98017206008081 22.230012304722656
72.0 23.980882499327123 22.229839694959402
72.5 23.981591147792575 22.229674061857562
73.0 23.982320089120115 22.229507317116763
73.5 23.98304295077169 22.229339203435273
74.0 23.983772200910416 22.229176211976842
74.5 23.98450711747533 22.229020016045297
75.0 23.985250357339453 22.228852734272373
75.5 23.985991793824933 22.228688795907452
76.0 23.98674169661687 22.22853537760618
76.5 23.987508095309206 22.228378819637964
77.0 23.98827001579953 22.228216914019534
77.5 23.98904863129846 22.22807339805575
