FastTrWP/PhaseSpace/IAs/snIa_0.54_30.00_0.53_-0.02.csv
# %ECSV 0.9
# ---
# datatype:
# - {name: time-rel, datatype: float64}
# - {name: g, datatype: float64}
# - {name: i, datatype: float64}
# schema: astropy-2.0
time-rel g i
[from data line 1076]
116.5 23.463803084234385 22.379746651522197
117.0 23.46476285823783 22.3795901652095
117.5 23.46573873431881 22.379437662512824
118.0 23.466729075167272 22.37928355077298
118.5 23.4677033410466 22.379131553522143
119.0 23.46868351550491 22.378987927035322
119.5 23.469691814930627 22.378842545838253
120.0 23.470694167071432 22.378694880767625
120.5 23.471698373668104 22.378553291247275
121.0 23.47271096853671 22.37841061036464
121.5 23.473713459752013 22.37827516303551
122.0 23.474739817727553 22.378138408127562
122.5 23.475760494647133 22.377992311783387
123.0 23.476804796058495 22.37786820590737
123.5 23.477842843812557 22.37773797396693
124.0 23.478874674348482 22.37760129151336
124.5 23.47991607116689 22.377477279102187
125.0 23.480956897859294 22.3773452302896
125.5 23.482005580731272 22.37722332758514
126.0 23.483066225229763 22.37710304405295
126.5 23.484134860086698 22.3769779714034
127.0 23.485201817308685 22.376863994299747
127.5 23.486264919927635 22.376744966420738
128.0 23.487346250059517 22.376630294140597
128.5 23.488423708385607 22.37652163106794
129.0 23.489505384097313 22.37640661135728
129.5 23.490593557936485 22.37629312109151
130.0 23.49168611871011 22.376181618506322
130.5 23.492776968991382 22.376079842823696
131.0 23.49386738340972 22.375973665515914
131.5 23.49497854868757 22.375867757051996
132.0 23.496071251196796 22.375770796676242
132.5 23.497185994816576 22.37566790723576
133.0 23.498290422196995 22.375569284579836
133.5 23.499409280553568 22.37547236895231
134.0 23.50052257901663 22.3753835195031
134.5 23.50164147899036 22.375286654851738
135.0 23.502771596520606 22.37520008319095
135.5 23.503899662649292 22.375109574583117
136.0 23.50502911273546 22.375021579136952
136.5 23.5061572904823 22.37493203781937
137.0 23.50729709511522 22.37485407685758
137.5 23.508439493942408 22.374769785293008
138.0 23.509575161355635 22.3746867488044
138.5 23.5107275766973 22.374603813675556
139.0 23.51187342817908 22.374532279958032
139.5 23.51302923573881 22.374452234623355
140.0 23.51418677503935 22.37437770216754
140.5 23.515328043524654 22.374307844934187
141.0 23.516474360846008 22.374241007962468
141.5 23.51764047846657 22.374164785029134
142.0 23.518796417687994 22.374098685377124
142.5 23.519965924380802 22.37403329790046
143.0 23.521137620167906 22.373963339456367
143.5 23.522290478645637 22.373903666964644
144.0 23.52346888644018 22.373837590367806
144.5 23.5246302412575 22.373781958364056
145.0 23.52580778172608 22.373722327508503
145.5 23.52696781056789 22.373664554278342
146.0 23.5281445117349 22.37360871817771
146.5 23.529317685817425 22.37355379945538
147.0 23.530497048769575 22.373503557403627
147.5 23.531686451581734 22.373448346950823
148.0 23.532857026440595 22.373397056607672
148.5 23.534048115202534 22.373350536489085
149.0 23.535220355581885 22.37330900718569
149.5 23.536404557283856 22.373257597683597
150.0 23.537596196284944 22.37321958982144
150.5 23.538788432784735 22.373170382323426
151.0 23.539997704939246 22.373143201551628
151.5 23.54119921559732 22.37310151658417
152.0 23.54240982193044 22.37305964652647
152.5 23.54363285792184 22.37303558472714
153.0 23.54484546720327 22.372991175601214
153.5 23.546064023991345 22.372966369967486
154.0 23.547292693485296 22.372937075565225
154.5 23.548523367767054 22.372910682962498
155.0 23.54975630585951 22.372890240669292
155.5 23.550988084449823 22.37286626239914
156.0 23.552236280104918 22.372845986836495
156.5 23.553486204691904 22.372828160150185
157.0 23.55473277424438 22.37280518814361
157.5 23.555985263261853 22.37279081569511
158.0 23.55724010738363 22.372782170336123
158.5 23.558490241452454 22.372761789281903
159.0 23.55976791350947 22.37275270666636
159.5 23.561032065618654 22.372743514711363
160.0 23.56230665394594 22.372743688723485
160.5 23.563567629889945 22.372733368841487
161.0 23.56486274279954 22.37272370333603
161.5 23.566144681445785 22.372723121161528
162.0 23.567425192678044 22.37272577065002
162.5 23.568717422326706 22.37272395729128
163.0 23.5699985926803 22.372722217535504
163.5 23.57129576903267 22.37272578194243
164.0 23.57259783553613 22.37273101051698
164.5 23.573885857556988 22.372743472303895
165.0 23.57518675768745 22.372750328103784
165.5 23.576498561355773 22.37275583952577
166.0 23.5778114296418 22.372771097654926
166.5 23.57911706642087 22.372787873836955
167.0 23.58043086233323 22.372802972992694
167.5 23.581752996624964 22.37281967340451
168.0 23.58306396511785 22.372830982113285
168.5 23.584376122938945 22.372849108816048
169.0 23.5857131720781 22.372873446396007
169.5 23.587022042247945 22.372902937720024
170.0 23.588368832874785 22.372923426092427
170.5 23.589698903304345 22.37294676576245
171.0 23.59102227662969 22.372980088224665
171.5 23.592360446718633 22.373001839285287
172.0 23.593690293076914 22.3730308239492
172.5 23.595041827291286 22.373067199830892
173.0 23.596377003718718 22.373103351520918
173.5 23.59772212810801 22.373133902371283
174.0 23.59906071925635 22.37316754426432
174.5 23.600416005992656 22.37321305624569
175.0 23.601747986229903 22.373244506632957
175.5 23.60310216785507 22.373287183550946
176.0 23.604452780702808 22.373328194179432
176.5 23.605809363492625 22.37337220022861
177.0 23.607157411534732 22.373418548055263
177.5 23.608514111724283 22.37346135970593
178.0 23.60987289389484 22.373513622363713
178.5 23.611218351906356 22.373558056650857
179.0 23.61258059510023 22.373616804936912
179.5 23.613941965731083 22.373662346931464
180.0 23.615301657055813 22.373716874421902
180.5 23.61665724249315 22.373768693445257
181.0 23.618027293656883 22.373821304171315
181.5 23.61938539333321 22.373887012695434
182.0 23.620756783362133 22.37394203076938
182.5 23.622128668475835 22.374001361679014
183.0 23.623482448002996 22.374061315602486
183.5 23.624842382457626 22.374121096920444
184.0 23.626220465193263 22.37418274395196
184.5 23.627584538208254 22.37425154826107
185.0 23.62893928820977 22.374316882174803
185.5 23.630297109747467 22.374386043520673
186.0 23.63167727929538 22.37445746139891
186.5 23.633050111658143 22.374527462514024
187.0 23.634418003991154 22.374605854805182
187.5 23.63578861619388 22.37467479960195
188.0 23.637169645574478 22.374748772831225
188.5 23.63854342790574 22.37482743342587
189.0 23.639914241360664 22.37490442798216
189.5 23.64130878716011 22.374990778948206
190.0 23.64268442963847 22.375068025641
190.5 23.64406202542069 22.375153792651425
191.0 23.645459877979444 22.375237690396833
191.5 23.64685224116792 22.37532247333068
192.0 23.648246737913112 22.375408139079447
192.5 23.649644519054736 22.375496338304544
193.0 23.651035570721067 22.37559507759141
193.5 23.652431634102918 22.375684445978322
194.0 23.653836336682016 22.375769974337324
194.5 23.655237490387073 22.37586874128916
195.0 23.656640927416266 22.37597044424443
195.5 23.658044233371736 22.376064684884586
196.0 23.659446256703024 22.3761741971824
196.5 23.66086682122207 22.376269293869512
196.9999999999999 23.662285532801775 22.37637488955744
197.5 23.66369833690853 22.37647779252745
198.0 23.665109510703182 22.376586076225635
198.4999999999999 23.666527621452225 22.376692260317203
199.0 23.667960970283506 22.37679485303664
199.5 23.66937600011915 22.376910697579948
199.9999999999999 23.670802371961074 22.377020334857576
200.5 23.67221609845786 22.377131672515212
201.0 23.673647674371235 22.377246790476335
201.4999999999999 23.675079962912147 22.3773651307727
202.0 23.676517132094567 22.377484299974107
202.5 23.677941133300934 22.377608429776252
202.9999999999999 23.67939089944629 22.377726957791694
203.5 23.68082721506122 22.377845673751935
204.0 23.682275502076205 22.377974603960627
204.4999999999999 23.683710397699258 22.378091855779097
205.0 23.685152979456767 22.378224801346303
205.5 23.68660755591226 22.378348760197344
205.9999999999999 23.688055280737892 22.37847308051556
206.5 23.68950486448505 22.378609355487747
207.0 23.690958401244927 22.37874110676005
207.4999999999999 23.69241431439544 22.378876728923093
208.0 23.693868100476063 22.379007971964167
208.5 23.695320935741968 22.37914174952926
208.9999999999999 23.696786392317563 22.37928259267353
209.5 23.698243085398666 22.379421583142086
210.0 23.69970646736047 22.379562726897582
210.4999999999999 23.701173165380546 22.379706077709006
211.0 23.702644997347466 22.379845142456844
211.5 23.704112350650867 22.37999771493904
211.9999999999999 23.705595890785226 22.38013366646816
212.5 23.707060584642594 22.380282716652147
213.0 23.70852753264074 22.380439948354027
213.4999999999999 23.710004223561562 22.38058527971619
214.0 23.711488445577196 22.380736173174313
214.5 23.71295312516096 22.380884337729192
214.9999999999999 23.71444661393594 22.381040517981656
215.5 23.7159297862714 22.381201650059182
216.0 23.717409432294684 22.381357532274656
216.4999999999999 23.71890008072156 22.381514052694484
217.0 23.720401912216204 22.381674966256206
217.5 23.721883633765103 22.38183834505561
217.9999999999999 23.723383017884174 22.38199498735731
218.5 23.724872857842804 22.382159488477768
219.0 23.72638478852754 22.3823256516337
219.4999999999999 23.72787511819594 22.38249943344648
220.0 23.72937677776051 22.38266451731803
220.5 23.730872405807464 22.382834426476276
220.9999999999999 23.732377571297963 22.383000781632628
221.5 23.733883235339125 22.383175022594102
222.0 23.735382246219846 22.383352225025092
222.4999999999999 23.736906109230056 22.383526477954234
223.0 23.73841995733306 22.383700435276594
223.5 23.739942640708996 22.38387466544305
223.9999999999999 23.74145664923143 22.384053916450164
224.5 23.74296869549824 22.384232286535454
225.0 23.744499302690294 22.384416992286475
225.4999999999999 23.746019940416346 22.384602895808257
226.0 23.74754385793962 22.384786250273166
226.5 23.749066434081843 22.384976486749103
226.9999999999999 23.750607961846143 22.385164223258514
227.5 23.75213444637689 22.385348271333246
228.0 23.753670748205277 22.385547856543376
228.4999999999999 23.755205597000526 22.385739048130567
229.0 23.7567395247685 22.385932470947076
229.5 23.75828843453329 22.38612354166762
229.9999999999999 23.759826294160334 22.386327134061176
230.5 23.761370069547873 22.386524235417028
231.0 23.76291739415467 22.386723989770374
231.4999999999999 23.76448534259672 22.386933478536143
232.0 23.766029885411438 22.3871276777602
232.5 23.76758594083286 22.387335451045875
232.9999999999999 23.7691378879528 22.38754541879696
233.5 23.770700438830495 22.38774996529586
234.0 23.77224694008289 22.387953441850833
234.4999999999999 23.773826885480464 22.388168959797696
235.0 23.775381115052916 22.388378549933314
235.5 23.77694577165114 22.388598816895687
235.9999999999999 23.778527715187295 22.388816010999875
236.5 23.780096503216757 22.389028051971913
237.0 23.781678893119555 22.389244404973088
237.4999999999999 23.78325201950091 22.38946055326545
238.0 23.784829319903 22.38968538377801
238.5 23.78642036921745 22.389906937607684
238.9999999999999 23.788009651995008 22.39012749435463
239.5 23.789586011949456 22.39035208325982
240.0 23.791159746062792 22.39058520277469
240.4999999999999 23.792756062090273 22.3908157119521
241.0 23.7943556891557 22.391033320748495
241.5 23.79594558050308 22.391264208507415
241.9999999999999 23.79753999100894 22.391496776886303
242.5 23.799142647449166 22.39173575873679
243.0 23.800739426768878 22.391970837975236
243.4999999999999 23.80234095161572 22.392204840931687
244.0 23.80394276243465 22.392438963937963
244.5 23.805560587484752 22.392682175206478
244.9999999999999 23.807165499497568 22.392915995584826
245.5 23.808761457643644 22.393160529286277
246.0 23.810385780269957 22.393402956816594
246.4999999999999 23.811995573732034 22.393644336141172
247.0 23.813618585720416 22.39388810737932
247.5 23.815247483955766 22.394134374385185
247.9999999999999 23.816851865381558 22.394379412320774
248.5 23.818480569713554 22.394623882604442
249.0 23.82010638830898 22.39488201908673
249.4999999999999 23.821727683301923 22.39513577388182
250.0 23.8233588949813 22.39538380126044
250.5 23.824987182747833 22.395640450807548
250.9999999999999 23.826626997804375 22.39588918180995
251.5 23.828258958170323 22.396147724990545
252.0 23.82989033122113 22.396409788753576
252.4999999999999 23.831535867579674 22.396661859428797
253.0 23.833168283984033 22.39692482996899
253.5 23.834801737548034 22.397181614337477
253.9999999999999 23.83645477765527 22.397445522026146
254.5 23.83810801114421 22.397710008624372
255.0 23.83974949182978 22.39797484517837
255.4999999999999 23.841393557740908 22.398237902543062
256.0 23.84305543622093 22.39850994422284
256.5 23.844707518431683 22.398777752556228
256.9999999999999 23.84636052782551 22.3990438058814
257.5 23.848004949585466 22.399313480241982
258.0 23.8496818026937 22.399585858473085
258.4999999999999 23.85133190739443 22.39986149880108
259.0 23.852992317190367 22.400135857710666
259.5 23.854654302653024 22.400408175003793
259.9999999999999 23.85632819607625 22.400690390294663
260.5 23.857994347803487 22.400957491037055
261.0 23.85966982624977 22.401242045446846
261.4999999999999 23.86134911357135 22.401525061715116
262.0 23.863030237485738 22.401805142124452
262.5 23.864710959888097 22.402095037013705
262.9999999999999 23.86639241006418 22.4023832165312
263.5 23.868088481500216 22.402667835747458
264.0 23.86978346252136 22.402956916506113
264.4999999999999 23.871482655433596 22.40324961235702
265.0 23.873187947095488 22.403554366883274
265.5 23.87489423563079 22.403838211330505
265.9999999999999 23.876583603608587 22.404135806025668
266.5 23.878307317137736 22.404436645221782
267.0 23.880019878959775 22.404735268285304
267.4999999999999 23.881738461938433 22.405028744401896
268.0 23.883455298481586 22.405339710326103
268.5 23.885180151475318 22.405644517087538
268.9999999999999 23.88690031726554 22.405945714670036
269.5 23.88863316140062 22.406259375471322
270.0 23.890355245823223 22.4065561772562
270.4999999999999 23.89208432740638 22.40687009304091
271.0 23.893824790175362 22.407184229010284
271.5 23.89557275364733 22.40749155024804
271.9999999999999 23.89729660013423 22.407808667445895
272.5 23.899051115617766 22.408124954684034
273.0 23.900794857503357 22.40843709590438
273.4999999999999 23.90253131858593 22.40875883581686
274.0 23.90426979437681 22.40907241355658
274.5 23.90604035576429 22.409396533968078
274.9999999999999 23.907785848158163 22.40972045794131
275.5 23.90953910409347 22.41004209478081
276.0 23.91129168142581 22.410375328832743
276.4999999999999 23.913060898082964 22.410691344352554
277.0 23.914816356180705 22.411026121555516
277.5 23.916579383366837 22.411352471292417
277.9999999999999 23.918353122274148 22.41167867458989
278.5 23.920115465848482 22.412007360652545
279.0 23.92187440910179 22.4123373789859
279.4999999999999 23.92365304285033 22.412672145689957
280.0 23.92543099492087 22.41300512738568
280.5 23.92718675302397 22.413331337580132
280.9999999999999 23.92896764080884 22.413675749679403
281.5 23.930720280862168 22.41400693343316
282.0 23.932512378247853 22.414348086890094
282.4999999999999 23.934278324651274 22.41468442033359
283.0 23.936049748341226 22.415021093329592
283.5 23.937825952494826 22.4153660466142
283.9999999999999 23.939603484585696 22.41570104035833
284.5 23.94139725563987 22.416044551504104
285.0 23.943175360569697 22.416384929183472
285.4999999999999 23.944948136139473 22.416729024609843
286.0 23.946727188487394 22.41707751008391
286.5 23.948519188320127 22.417416899818644
286.9999999999999 23.95028520696134 22.417758332381442
287.5 23.952074791857356 22.418103449981434
288.0 23.95386444281487 22.41845245026337
288.4999999999999 23.95564341675211 22.41880332212309
289.0 23.957421003588053 22.419148654666373
289.5 23.959215687964686 22.419497580181215
289.9999999999999 23.960979224147433 22.419845224501668
290.5 23.96277704924037 22.420197014117687
291.0 23.96455670116523 22.42053924799805
291.4999999999999 23.966327729815195 22.42089609135145
292.0 23.968113135334796 22.421247171513272
