FastTrWP/PhaseSpace/IAs/snIa_0.6_25_0.0_-0.1.csv
# %ECSV 0.9
# ---
# datatype:
# - {name: time-rel, datatype: float64}
# - {name: g, datatype: float64}
# - {name: i, datatype: float64}
# schema: astropy-2.0
time-rel g i
[from data line 1389]
675.9583333333334 -26.128199211465937 -27.6579025996722
676.4583333333334 -26.126341142026995 -27.657619930383156
676.9583333333334 -26.124474850029443 -27.65733262161416
677.4583333333334 -26.12262488962667 -27.657057413445727
677.9583333333334 -26.120752439906116 -27.656770353829188
678.4583333333334 -26.118871346265387 -27.656481166118816
678.9583333333334 -26.11701013236368 -27.65619737784293
679.4583333333334 -26.11513454134198 -27.655901496867227
679.9583333333334 -26.11324114051304 -27.655618480132922
680.4583333333334 -26.111375724244187 -27.655321168918626
680.9583333333334 -26.10949367229344 -27.655030178174982
681.4583333333334 -26.107607704365922 -27.654738690596012
681.9583333333334 -26.105714659585892 -27.654452518272645
682.4583333333334 -26.10382405604238 -27.654150010221468
682.9583333333334 -26.101935713485585 -27.653851917374617
683.4583333333334 -26.100035490677694 -27.653552766863633
683.9583333333334 -26.098140435250492 -27.653246600503184
684.4583333333334 -26.096234214959672 -27.652942250350236
684.9583333333334 -26.094328304543822 -27.652644372032626
685.4583333333334 -26.092426603000753 -27.652341854913495
685.9583333333334 -26.09051691695756 -27.652034612013697
686.4583333333334 -26.088595828409154 -27.651726218383224
686.9583333333334 -26.08670648174722 -27.65141877675625
687.4583333333334 -26.084766710845138 -27.651110018010066
687.9583333333334 -26.082852750222806 -27.650800017454408
688.4583333333334 -26.080933273316553 -27.65048326649182
688.9583333333334 -26.07901565515796 -27.650173367763877
689.4583333333334 -26.077078668862633 -27.649855944884592
689.9583333333334 -26.075151531446778 -27.649538231601895
690.4583333333334 -26.073217105523856 -27.649224849380616
690.9583333333334 -26.071284653999665 -27.64891263713336
691.4583333333334 -26.06935776721378 -27.648591060693622
691.9583333333334 -26.06740376085595 -27.648268224306868
692.4583333333334 -26.065476736415473 -27.647941165456807
692.9583333333334 -26.063533340052057 -27.647616869991687
693.4583333333334 -26.061579220199775 -27.647299573665084
693.9583333333334 -26.059639584939674 -27.64697423509417
694.4583333333334 -26.057680511266376 -27.64664852731203
694.9583333333334 -26.055723302402868 -27.64631886536657
695.4583333333334 -26.05377366974232 -27.645987139433483
695.9583333333334 -26.051816542231407 -27.645659574312816
696.4583333333334 -26.049860199200463 -27.645331629994164
696.9583333333334 -26.047899598798544 -27.64499104778652
697.4583333333334 -26.045910534038835 -27.64465897335825
697.9583333333334 -26.043949206743108 -27.64432419209228
698.4583333333334 -26.041975922809875 -27.643984002421625
698.9583333333334 -26.03997930397174 -27.643650483769193
699.4583333333334 -26.038011431257253 -27.643314477542354
699.9583333333334 -26.03600226167937 -27.642962254008893
700.4583333333334 -26.03400920257087 -27.642615991502957
700.9583333333334 -26.032005478240023 -27.642272051859337
701.4583333333334 -26.02999518295735 -27.641925541821987
701.9583333333334 -26.027994770735955 -27.641578852810778
702.4583333333334 -26.02595944588785 -27.641225372840395
702.9583333333334 -26.023941533183876 -27.64088294227878
703.4583333333334 -26.021919395311954 -27.640518845800692
703.9583333333334 -26.019888540034426 -27.64016233342797
704.4583333333334 -26.017864995808722 -27.639807175570414
704.9583333333334 -26.01580800305754 -27.639449820787625
705.4583333333334 -26.01378139856199 -27.63909527567886
705.9583333333334 -26.011715010728306 -27.63873394815214
706.4583333333334 -26.009673618672057 -27.638366488157207
706.9583333333334 -26.00763296230152 -27.638004272829264
707.4583333333334 -26.005566753212964 -27.63763829279355
707.9583333333334 -26.003505619886216 -27.637272211283793
708.4583333333334 -26.00143458455009 -27.63690106754181
708.9583333333334 -25.999375053364034 -27.636540838659375
709.4583333333334 -25.997304165554887 -27.636170528194825
709.9583333333334 -25.995221387536024 -27.635792281461576
710.4583333333334 -25.993145468168933 -27.635418529422147
710.9583333333334 -25.99107482075226 -27.635042024248836
711.4583333333334 -25.988996672205285 -27.63466815582321
711.9583333333334 -25.9868878155119 -27.63428881865968
712.4583333333334 -25.98479775902835 -27.633908096767307
712.9583333333334 -25.982716790773857 -27.63352762689496
713.4583333333334 -25.980634715095526 -27.633144417077077
713.9583333333334 -25.97853433920087 -27.632762282626416
714.4583333333334 -25.976442313122128 -27.63238413376395
714.9583333333334 -25.974338326716637 -27.631998084164135
715.4583333333334 -25.97223247868506 -27.631609795342825
715.9583333333334 -25.970135508762198 -27.631226066157744
716.4583333333334 -25.96802956361261 -27.630838128820802
716.9583333333334 -25.96591305997084 -27.630442620905225
717.4583333333334 -25.963808860692673 -27.63004682110858
717.9583333333334 -25.961704876332753 -27.629656941310465
718.4583333333334 -25.95957666650365 -27.629268163606113
718.9583333333334 -25.95747966786321 -27.628869536188358
719.4583333333334 -25.955375481978095 -27.628476575427563
719.9583333333334 -25.95323725122437 -27.628079947354127
720.4583333333334 -25.951136751090168 -27.627689058290713
720.9583333333334 -25.949002234599572 -27.627286280579277
721.4583333333334 -25.94689968325609 -27.626886969406343
721.9583333333334 -25.944773540344904 -27.626488855453317
722.4583333333334 -25.942666484118728 -27.62608453890058
722.9583333333334 -25.940539128960086 -27.625681246561374
723.4583333333334 -25.938425629454933 -27.62527588661242
723.9583333333334 -25.936301887930256 -27.624869186516566
724.4583333333334 -25.934203115023365 -27.62447020328739
724.9583333333334 -25.932072406008835 -27.624063932313142
725.4583333333334 -25.929953230447925 -27.62364792209121
725.9583333333334 -25.927824738626665 -27.623244633638894
726.4583333333334 -25.925714722660288 -27.62283359873311
726.9583333333334 -25.923596238853396 -27.622425549356034
727.4583333333334 -25.921489859759717 -27.622015047238403
727.9583333333334 -25.919386511591043 -27.62160000067276
728.4583333333334 -25.917249953025706 -27.621185386052222
728.9583333333334 -25.915140801440213 -27.620772100764718
729.4583333333334 -25.913003753901798 -27.620353963890146
729.9583333333334 -25.910911132246213 -27.61994085971501
730.4583333333334 -25.908815804377248 -27.619525035642027
730.9583333333334 -25.906694100058477 -27.619107562989708
731.4583333333334 -25.904589304584334 -27.61869459782851
731.9583333333334 -25.902506615955563 -27.618276138410383
732.4583333333334 -25.900392255042007 -27.617860168429935
732.9583333333334 -25.898293959201254 -27.61743521961906
733.4583333333334 -25.89618999769766 -27.6170168971373
733.9583333333334 -25.894100346286407 -27.61659215240392
734.4583333333334 -25.892012010626022 -27.616169742737178
734.9583333333334 -25.889916385825252 -27.615748215340762
735.4583333333334 -25.887820499487788 -27.61533073094405
735.9583333333334 -25.885756024587874 -27.614902761786446
736.4583333333334 -25.883663619533838 -27.61447423011617
736.9583333333334 -25.88156445864162 -27.614050350267295
737.4583333333334 -25.87946675560957 -27.61361964409064
737.9583333333334 -25.877391935795558 -27.613192581175625
738.4583333333334 -25.875316060861543 -27.612756009557863
738.9583333333334 -25.873221150950123 -27.612332355668592
739.4583333333334 -25.871124256438268 -27.611892712133326
739.9583333333334 -25.869041061607525 -27.61146748981166
740.4583333333334 -25.86692858549057 -27.611033677093424
740.9583333333334 -25.864858062649713 -27.610595806500623
741.4583333333334 -25.862759617385585 -27.610151880733774
741.9583333333334 -25.860669590602093 -27.609713227378627
742.4583333333334 -25.858588977825928 -27.60927777295434
742.9583333333334 -25.856488256959878 -27.608831954689155
743.4583333333334 -25.854398369504477 -27.60839554628173
743.9583333333334 -25.85230839650924 -27.607947573406776
744.4583333333334 -25.85020785212329 -27.607504662753538
744.9583333333334 -25.848120195301675 -27.607061183879743
745.4583333333334 -25.84602289577315 -27.606622938224753
745.9583333333334 -25.843925716425442 -27.606168707373882
746.4583333333334 -25.84183660241074 -27.60572944264325
746.9583333333334 -25.839757323046264 -27.605272488641596
747.4583333333334 -25.837651313294728 -27.60483009238421
747.9583333333334 -25.835565860287282 -27.604370892057798
748.4583333333334 -25.833462674104783 -27.60391449425905
748.9583333333334 -25.831380640430694 -27.60346128265082
749.4583333333334 -25.829288398670123 -27.603007755335103
749.9583333333333 -25.8271869363002 -27.602553729532126
750.4583333333334 -25.825111996716362 -27.60209635439133
750.9583333333334 -25.82300573689746 -27.601640271393286
751.4583333333333 -25.820914680182305 -27.601175664824233
751.9583333333334 -25.818826921694054 -27.600721970861215
752.4583333333334 -25.816753704302027 -27.60025803816177
752.9583333333333 -25.81465835737536 -27.599795378860566
753.4583333333334 -25.812564273054544 -27.599331733802252
753.9583333333334 -25.81049614646509 -27.59887600559378
754.4583333333333 -25.808401238567996 -27.598409376078994
754.9583333333334 -25.806306802759366 -27.597940137920702
755.4583333333334 -25.804224837692978 -27.597471513822885
755.9583333333333 -25.802138555868286 -27.59699921005805
756.4583333333334 -25.800029712274956 -27.596534550969068
756.9583333333334 -25.797975802329102 -27.59606476020968
757.4583333333333 -25.79586721027824 -27.595595782839197
757.9583333333334 -25.793791163730027 -27.595124802911677
758.4583333333334 -25.79169446368299 -27.594650984762406
758.9583333333333 -25.78962351573599 -27.594183087034697
759.4583333333334 -25.78753675432239 -27.593706319726415
759.9583333333334 -25.785454119945147 -27.59322698146987
760.4583333333333 -25.783382704009682 -27.59275384876622
760.9583333333334 -25.78130904155326 -27.592271283982882
761.4583333333334 -25.779209708316685 -27.59179474917252
761.9583333333333 -25.777158614365987 -27.5913194912906
762.4583333333334 -25.775075703753792 -27.590836676834833
762.9583333333334 -25.77299472264652 -27.590361442537045
763.4583333333333 -25.770915374469368 -27.589877272299756
763.9583333333334 -25.768847981364196 -27.58939084826942
764.4583333333334 -25.766775592670108 -27.588912418825334
764.9583333333333 -25.76470564305236 -27.588430802365124
765.4583333333334 -25.762644004171804 -27.587938924601243
765.9583333333334 -25.760573543120767 -27.587453148517746
766.4583333333333 -25.758506134063648 -27.586964888841713
766.9583333333334 -25.7564412799278 -27.586476899362246
767.4583333333334 -25.754356129494557 -27.585995464831107
767.9583333333333 -25.752314878558835 -27.585503815785785
768.4583333333334 -25.750245793454223 -27.58501016768717
768.9583333333334 -25.748179605670888 -27.584523093760893
769.4583333333333 -25.74612555865725 -27.58402595451465
769.9583333333334 -25.74405336651804 -27.583537808854395
770.4583333333334 -25.74201134094169 -27.58303720423075
770.9583333333333 -25.739963373864413 -27.58255337320863
771.4583333333334 -25.737902016467462 -27.582056747302232
771.9583333333334 -25.73584245975934 -27.581557134605696
772.4583333333333 -25.733818195691732 -27.581058228716216
772.9583333333334 -25.731743292190924 -27.580561092788237
773.4583333333334 -25.729710710019408 -27.580071489801554
773.9583333333333 -25.72766537858838 -27.57956715205441
774.4583333333334 -25.725620254567893 -27.57906773369831
774.9583333333334 -25.72359417581066 -27.578563551980512
775.4583333333333 -25.721539235174046 -27.578062888203718
775.9583333333334 -25.719519658461106 -27.577559728813213
776.4583333333334 -25.71746754812617 -27.577049786731862
776.9583333333333 -25.71543996080184 -27.57655511632038
777.4583333333334 -25.713414390689778 -27.57604757904256
777.9583333333334 -25.711385904166235 -27.575536075626648
778.4583333333333 -25.709356190654056 -27.575030652362408
778.9583333333334 -25.707331066321263 -27.574516516436628
779.4583333333334 -25.705288020886563 -27.57401294290188
779.9583333333333 -25.703271192390062 -27.573493777199268
780.4583333333334 -25.701246523106608 -27.57298387268409
780.9583333333334 -25.69923929746868 -27.572475240688306
781.4583333333333 -25.697214343734057 -27.571963806058886
781.9583333333334 -25.69520694134029 -27.571444201218647
782.4583333333334 -25.693196087676803 -27.570923368290977
782.9583333333333 -25.69118000594624 -27.570410860126678
783.4583333333334 -25.68917315472474 -27.569893416276756
783.9583333333334 -25.6871531680272 -27.569377741251042
784.4583333333333 -25.68515689864183 -27.568854967562384
784.9583333333334 -25.68315532763588 -27.568330486238505
785.4583333333334 -25.681149293056563 -27.567808562778616
785.9583333333333 -25.679146859837864 -27.567287748735186
786.4583333333334 -25.677132093812254 -27.56676596352515
786.9583333333334 -25.675146368611355 -27.56624147143166
787.4583333333333 -25.673150953970453 -27.565714235516054
787.9583333333334 -25.671139905235595 -27.56518966402163
788.4583333333334 -25.669152533604752 -27.564662320624137
788.9583333333333 -25.66716070677774 -27.56412550119682
789.4583333333334 -25.66516163914278 -27.563601733320393
789.9583333333334 -25.663189735336623 -27.56306017730301
790.4583333333333 -25.661200155944638 -27.562540396678102
790.9583333333334 -25.659202983671644 -27.562006399601735
791.4583333333334 -25.657222379857913 -27.56146729535682
791.9583333333333 -25.65523811611932 -27.560938802518802
792.4583333333334 -25.65326834527508 -27.56040478942429
792.9583333333334 -25.65127661650895 -27.559861313274485
793.4583333333333 -25.64930342796655 -27.559329465504256
793.9583333333334 -25.647342036528066 -27.55878922429478
794.4583333333334 -25.645354961819784 -27.558248855794197
794.9583333333333 -25.643392161254653 -27.55771089267978
795.4583333333334 -25.64141461859056 -27.5571724464912
795.9583333333334 -25.639443694971277 -27.556627494298517
796.4583333333333 -25.637493833605326 -27.556076988570837
796.9583333333334 -25.635507231615353 -27.555537287615582
797.4583333333334 -25.633558723813863 -27.55499487029414
797.9583333333333 -25.631592898236338 -27.554448338040736
798.4583333333334 -25.629621240424004 -27.55390179500097
798.9583333333334 -25.62765553862484 -27.553356023405016
799.4583333333333 -25.625707379304924 -27.552809822797816
799.9583333333334 -25.623745787064056 -27.552253658344583
800.4583333333334 -25.621781275065253 -27.55170366010009
800.9583333333333 -25.619841547661117 -27.551161946462237
801.4583333333334 -25.617882358951857 -27.550596966216
801.9583333333334 -25.615928828382977 -27.550049323510027
802.4583333333333 -25.613995456564275 -27.549501630392207
802.9583333333334 -25.61204318774211 -27.5489395894406
803.4583333333334 -25.610062037339624 -27.548375863386212
803.9583333333333 -25.608146369453596 -27.54782755570329
804.4583333333334 -25.606194389923694 -27.547274866659016
804.9583333333334 -25.60425013807555 -27.54671440174409
805.4583333333333 -25.602311130341718 -27.54614621628185
805.9583333333334 -25.600366907460156 -27.545586207115935
806.4583333333334 -25.59842912292303 -27.54502978051656
806.9583333333333 -25.596500860389458 -27.54446416203401
807.4583333333334 -25.594556723421725 -27.543902426185515
807.9583333333334 -25.59262492067893 -27.543337503052697
808.4583333333333 -25.590695437437745 -27.542768915530456
808.9583333333334 -25.58875860168904 -27.542213156157867
809.4583333333334 -25.58683251429919 -27.54163619559536
809.9583333333333 -25.58490314973777 -27.541062513373497
810.4583333333334 -25.582982922289666 -27.540502941538666
810.9583333333334 -25.581058700242643 -27.53993524699564
811.4583333333333 -25.57912694719448 -27.539357771009133
811.9583333333334 -25.577201972777747 -27.5387829747763
812.4583333333334 -25.575268521030004 -27.538213657540638
812.9583333333333 -25.573373314032068 -27.537647385181625
813.4583333333334 -25.57144925314697 -27.537077667477345
813.9583333333334 -25.569524032898187 -27.536494933677538
814.4583333333333 -25.56760159811308 -27.53592023982553
