FastTrWP/PhaseSpace/IAs/snIa_0.6_20_0.0_-0.1.csv
# %ECSV 0.9
# ---
# datatype:
# - {name: time-rel, datatype: float64}
# - {name: g, datatype: float64}
# - {name: i, datatype: float64}
# schema: astropy-2.0
time-rel g i
[from data line 1936]
954.4374999999999 -24.69369979446555 -27.119547165370026
954.9375 -24.691799231394643 -27.11844871376803
955.4375 -24.689877947116344 -27.117363282408363
955.9374999999999 -24.688000356122977 -27.11626706975805
956.4375 -24.68610058753206 -27.115178214531475
956.9375 -24.6842091877456 -27.114085081567872
957.4374999999999 -24.682298416572767 -27.112995921607023
957.9375 -24.680423357018757 -27.111903648668378
958.4375 -24.6785417663825 -27.110806738104483
958.9374999999999 -24.6766533914418 -27.109716278179118
959.4375 -24.674782833965565 -27.10862467249584
959.9375 -24.67292316862791 -27.107531404377433
960.4374999999999 -24.67099139610888 -27.10644047357986
960.9375 -24.669141845832137 -27.10534839869718
961.4375 -24.66727802078931 -27.10425481597077
961.9374999999999 -24.665379895173743 -27.103158771177043
962.4375 -24.663531145325347 -27.102065373726067
962.9375 -24.66166098571197 -27.10097750848838
963.4374999999999 -24.6598106013295 -27.099884754239444
963.9375 -24.657949482852853 -27.098793073551537
964.4375 -24.656093999572732 -27.09770018467993
964.9374999999999 -24.65421727802947 -27.096608928945468
965.4375 -24.65240596791322 -27.09552619122136
965.9375 -24.65053498516727 -27.094428724902777
966.4374999999999 -24.648668374496832 -27.09333644470593
966.9375 -24.646853755991316 -27.092246660871883
967.4375 -24.644997695240193 -27.09115037923608
967.9374999999999 -24.643164726730667 -27.09005092036314
968.4375 -24.64131836985716 -27.088963422871174
968.9375 -24.6394802343039 -27.0878697399456
969.4374999999999 -24.637642235834374 -27.08678039874833
969.9375 -24.635803858720667 -27.08567530831179
970.4375 -24.633957041707717 -27.084576845408158
970.9374999999999 -24.63212062748194 -27.08348586619582
971.4375 -24.630302691531707 -27.082388171601103
971.9375 -24.628438464472616 -27.081286207447775
972.4374999999999 -24.62659331443899 -27.080180767938252
972.9375 -24.624774610797356 -27.079082284872122
973.4375 -24.622948149429806 -27.077982903119224
973.9374999999999 -24.62111096092758 -27.076883881622905
974.4375 -24.619284129871374 -27.075779001245877
974.9375 -24.617455123340758 -27.07468309411357
975.4374999999999 -24.615622449384688 -27.073572340002098
975.9375 -24.61380143427907 -27.07246458798515
976.4375 -24.611980868474955 -27.07136023682132
976.9374999999999 -24.610152795897477 -27.07025746748618
977.4375 -24.60833317885006 -27.069147784342725
977.9375 -24.60652708063982 -27.06805258857708
978.4374999999999 -24.604710614698 -27.066940270963563
978.9375 -24.60286370805239 -27.065829071459437
979.4375 -24.601051945408265 -27.06472283567532
979.9374999999999 -24.599235286204006 -27.06361474520464
980.4375 -24.597428602481834 -27.062505952102
980.9375 -24.595639444829096 -27.061397898800333
981.4374999999999 -24.59381733613952 -27.060284392881456
981.9375 -24.59200943955873 -27.059176446859468
982.4375 -24.59019285812925 -27.05806551771317
982.9374999999999 -24.588378874337195 -27.056943687981438
983.4375 -24.586573772939282 -27.05584359259309
983.9375 -24.584790350012042 -27.054723878172222
984.4374999999999 -24.58298067281479 -27.053613095625035
984.9375 -24.581206489874337 -27.052494680368973
985.4375 -24.579408534539038 -27.05138908688393
985.9374999999999 -24.57760737435539 -27.050269543953178
986.4375 -24.575825428924816 -27.0491521188786
986.9375 -24.57403951070404 -27.048041560727153
987.4374999999999 -24.5722493675135 -27.046922734806632
987.9375 -24.57046728728113 -27.04581369938197
988.4375 -24.568693706608187 -27.044696281674053
988.9374999999999 -24.56691087299594 -27.043569432656476
989.4375 -24.565145581032976 -27.04245434531943
989.9375 -24.563376649204383 -27.04134286523172
990.4374999999999 -24.561583825708485 -27.040221626457416
990.9375 -24.55983821738897 -27.03909771306646
991.4375 -24.558068431543777 -27.03796796933677
991.9374999999999 -24.55631407046724 -27.03685971867749
992.4375 -24.554550733088597 -27.035744958332867
992.9375 -24.552798769271984 -27.034620779032757
993.4374999999999 -24.551005850701657 -27.033494476307464
993.9375 -24.54930772020678 -27.0323740009777
994.4375 -24.54753596616696 -27.031260257177752
994.9374999999999 -24.54579105388692 -27.030132989020913
995.4375 -24.544052325397686 -27.029014454668495
995.9375 -24.542316060810183 -27.027889421077333
996.4374999999999 -24.540581409759522 -27.026763203332813
996.9375 -24.53884754634528 -27.025644542465564
997.4375 -24.5371098545067 -27.024510646975877
997.9374999999999 -24.53539289567498 -27.02338605927375
998.4375 -24.533633403484124 -27.02226376710849
998.9375 -24.531922200334428 -27.021145302323916
999.4374999999999 -24.530235573437324 -27.0200217763335
999.9375 -24.528507348364027 -27.01889838395823
1000.4375 -24.526769668482228 -27.01777773513603
1000.9374999999999 -24.525082626883187 -27.01663741910956
1001.4375 -24.5233758349515 -27.015515642718487
1001.9375 -24.52169972134158 -27.01438915675268
1002.4374999999999 -24.52000408888486 -27.013260259281648
1002.9375 -24.51829543194643 -27.012133821313423
1003.4375 -24.516635927221518 -27.011022324490497
1003.9374999999999 -24.514934499956524 -27.00988749639254
1004.4375 -24.513262630898716 -27.008760050385273
1004.9375 -24.511589591097746 -27.00762390830054
1005.4374999999999 -24.509894632843583 -27.006499043019954
1005.9375 -24.508224535702908 -27.00537112243339
1006.4375 -24.506558576376122 -27.00423874637247
1006.9374999999999 -24.504893313079677 -27.003115240523925
1007.4375 -24.503211722962135 -27.001980750881366
1007.9375 -24.501559837307504 -27.000846821676006
1008.4374999999999 -24.499882431259827 -26.999724937400316
1008.9375 -24.498270834559612 -26.998579145609604
1009.4375 -24.496589275980018 -26.997457350120072
1009.9374999999999 -24.494949294302945 -26.99632211518692
1010.4375 -24.49331903612162 -26.99519458970105
1010.9375 -24.491667169160255 -26.994062422686294
1011.4375 -24.49001534874597 -26.9929274866525
1011.9375 -24.488423332458773 -26.991787108070746
1012.4375 -24.48675238101523 -26.990671082614206
1012.9375 -24.485131046947437 -26.989530408522175
1013.4375 -24.48349837909427 -26.98838495749181
1013.9375 -24.48188373571523 -26.98726087728206
1014.4375 -24.48024135958741 -26.986121126042764
1014.9375 -24.478645807028844 -26.98497819943498
1015.4375 -24.47703121814277 -26.98384845832323
1015.9375 -24.475409782983498 -26.982713953263335
1016.4375 -24.47381691507092 -26.98157245226905
1016.9375 -24.472208809317753 -26.980428556946805
1017.4375 -24.470596043281596 -26.979294931361977
1017.9375 -24.469023103120243 -26.978162556595002
1018.4375 -24.467414124912146 -26.977007498969492
1018.9375 -24.46583554456498 -26.975878494282327
1019.4375 -24.464251686577544 -26.97474084061117
1019.9375 -24.462659934908466 -26.973608266410945
1020.4375 -24.461097364323944 -26.972470437088496
1020.9375 -24.45953629345339 -26.971325328447797
1021.4375 -24.457950314229542 -26.970177932780217
1021.9375 -24.45640876945741 -26.969038772526147
1022.4375 -24.45481178007434 -26.967900143421137
1022.9375 -24.45329303833192 -26.966756610345048
1023.4375 -24.451714440056595 -26.965620510678214
1023.9375 -24.450176261557598 -26.964467276267232
1024.4375 -24.448642989359683 -26.96331794027214
1024.9375 -24.447085381035993 -26.962171455719357
1025.4375 -24.44554890966505 -26.96103888784711
1025.9375 -24.444031508765036 -26.95989313481215
1026.4375 -24.442512921633725 -26.95875095689519
1026.9375 -24.440966983093514 -26.957604061558964
1027.4375 -24.439464766588923 -26.956458894541292
1027.9375 -24.4379497020507 -26.955312554419134
1028.4375 -24.436446302818243 -26.954164224425703
1028.9375 -24.434938544730265 -26.953024538018195
1029.4375 -24.433416759480792 -26.951874725595072
1029.9375 -24.431918401356448 -26.950719912251348
1030.4375 -24.430459716181197 -26.94956961549119
1030.9375 -24.428964861174496 -26.94842879984582
1031.4375 -24.427456153053427 -26.947268749491656
1031.9375 -24.426008587953582 -26.946129852550627
1032.4375 -24.424541082065634 -26.94498544062455
1032.9375 -24.4230588618997 -26.94384397802836
1033.4375 -24.42159019409578 -26.94268120702393
1033.9375 -24.420143551196833 -26.94153461961799
1034.4375 -24.41869948084832 -26.940379800028023
1034.9375 -24.417245323089034 -26.939237277033897
1035.4375 -24.41581747786846 -26.938075237794457
1035.9375 -24.414378192736358 -26.936926563222062
1036.4375 -24.412937483852048 -26.935780657986736
1036.9375 -24.411503843620697 -26.934625102859187
1037.4375 -24.41009095141466 -26.933469360342976
1037.9375 -24.40868036656881 -26.93233046161728
1038.4375 -24.407279595278325 -26.931167483077523
1038.9375 -24.40585887622987 -26.9300234570759
1039.4375 -24.404463638526337 -26.92886407928263
1039.9375 -24.40306372458505 -26.92770906697698
1040.4375 -24.401668619620512 -26.926559611284375
1040.9375 -24.400313771360914 -26.92539865438738
1041.4375 -24.398891958930943 -26.924247902048563
1041.9375 -24.39754246910512 -26.92309088644687
1042.4375 -24.396163375421608 -26.92193296998788
1042.9375 -24.394801551563084 -26.920778011747792
1043.4375 -24.393471926119474 -26.91962209804748
1043.9375 -24.39210797358621 -26.918468598933835
1044.4375 -24.39076987911838 -26.917298722669404
1044.9375 -24.38944396938521 -26.916149947872285
1045.4375 -24.38806705682967 -26.91498337268598
1045.9375 -24.386766117856826 -26.913831670423562
1046.4375 -24.385429598040812 -26.912675667271827
1046.9375 -24.384097416387878 -26.91151909043179
1047.4375 -24.3827960987749 -26.910355854545397
1047.9375 -24.381474816930385 -26.90919719995013
1048.4375 -24.38016548529084 -26.908041215243657
1048.9375 -24.37884362442111 -26.906874926508017
1049.4375 -24.377591369636903 -26.90571019043599
1049.9375 -24.376281888777925 -26.90455022949117
1050.4375 -24.375002775025184 -26.90338934030855
1050.9375 -24.373732529275422 -26.902233309180893
1051.4375 -24.372430067015895 -26.90106371629268
1051.9375 -24.371195391744852 -26.89990262902993
1052.4375 -24.369913448996336 -26.89874058302484
1052.9375 -24.36866997376469 -26.897576544290057
1053.4375 -24.367411912283178 -26.89641483232062
1053.9375 -24.366164632554185 -26.895241580557936
1054.4375 -24.364900140642195 -26.894087344461024
1054.9375 -24.363684252671682 -26.89292277132235
1055.4375 -24.36245959116061 -26.8917560417831
1055.9375 -24.361221080291166 -26.890586335149855
1056.4375 -24.360005910813236 -26.889418123770046
1056.9375 -24.358777319655808 -26.888251524700454
1057.4375 -24.357625992802937 -26.887077869978697
1057.9375 -24.356423074074737 -26.88591442089489
1058.4375 -24.35515975937376 -26.884750608490734
1058.9375 -24.354005825559124 -26.88357728843483
1059.4375 -24.352786410682093 -26.88240779843675
1059.9375 -24.351644011872565 -26.88124668298224
1060.4375 -24.350490790264846 -26.880073245762098
1060.9375 -24.349293809488533 -26.87890886479696
1061.4375 -24.34814311893758 -26.87774200713385
1061.9375 -24.34698593100164 -26.876569880595916
1062.4375 -24.34585734014491 -26.875406607965566
1062.9375 -24.344679279593322 -26.87422608888525
1063.4375 -24.343587062908988 -26.87305469612585
1063.9375 -24.342422265207404 -26.871896826261363
1064.4375 -24.341324710977013 -26.87071367749464
1064.9375 -24.340189708633773 -26.869546694095874
1065.4375 -24.339139600018758 -26.86836781180816
1065.9375 -24.338017534452735 -26.8672052384662
1066.4375 -24.336884181574135 -26.866026699397914
1066.9375 -24.335847080864824 -26.864860564049977
1067.4375 -24.334769036674594 -26.86369213901424
1067.9375 -24.333688494062436 -26.86251610816211
1068.4375 -24.332607312916522 -26.861338461110527
1068.9375 -24.331539530784212 -26.86016947256349
1069.4375 -24.33051534076073 -26.85899341061284
1069.9375 -24.329444449055053 -26.857826221055618
1070.4375 -24.328412047643667 -26.85665122564464
1070.9375 -24.32739876222456 -26.855466962503776
1071.4375 -24.326373462442945 -26.854285280903824
1071.9375 -24.325333034594053 -26.853126129599545
1072.4375 -24.324322934533434 -26.851944157730095
1072.9375 -24.32333390110541 -26.850776618361788
1073.4375 -24.322337613865717 -26.84959540981245
1073.9375 -24.321385830601827 -26.84842181059968
1074.4375 -24.320370054652457 -26.84725489115458
1074.9375 -24.31942144086104 -26.84608244612193
1075.4375 -24.318425756051717 -26.844903610352794
1075.9375 -24.31748872678422 -26.843718832092712
1076.4375 -24.316544289828904 -26.842551076682504
1076.9375 -24.31560092776753 -26.84137540641555
1077.4375 -24.314635546114456 -26.8401929242778
1077.9375 -24.313719315968285 -26.839019496884337
1078.4375 -24.312814300995285 -26.837848624862364
1078.9375 -24.311909830712167 -26.83666700300895
1079.4375 -24.311015435667333 -26.83549724757738
1079.9375 -24.31011203373658 -26.834323651055684
1080.4375 -24.309214503652296 -26.83314836088533
1080.9375 -24.308334177839264 -26.831978186950746
1081.4375 -24.307490882553203 -26.830789494300817
1081.9375 -24.306638704269872 -26.829613609109618
1082.4375 -24.30579679704089 -26.828439180120817
1082.9375 -24.304974493648963 -26.827260557082884
1083.4375 -24.304172315037373 -26.826075410172283
1083.9375 -24.303383692166832 -26.82490538799929
1084.4375 -24.302549336481952 -26.82373298855403
1084.9375 -24.301809332832978 -26.82255385140788
1085.4375 -24.30106396046703 -26.821376614800833
1085.9375 -24.300357688228353 -26.820202678469546
1086.4375 -24.299619604903203 -26.819027748152322
1086.9375 -24.298919551930517 -26.81784964635667
1087.4375 -24.29821029761748 -26.816669446881072
1087.9375 -24.297515725274963 -26.815486479774265
1088.4375 -24.296830564769806 -26.814306431802226
1088.9375 -24.29616119131934 -26.81314240738821
1089.4375 -24.295500343620446 -26.811956197480548
1089.9375 -24.294820454772044 -26.81078301646356
1090.4375 -24.29420090631027 -26.809609180864577
1090.9375 -24.293599156667256 -26.80842649044617
1091.4375 -24.292974543774516 -26.807247475519024
1091.9375 -24.292373743212647 -26.806065621421453
1092.4375 -24.291786744564263 -26.804884331362622
1092.9375 -24.29118642784157 -26.803708249415706
1093.4375 -24.29060639352202 -26.80253242571128
1093.9375 -24.290041734653354 -26.801352964839342
1094.4375 -24.289458450429805 -26.800174180539017
1094.9375 -24.288884798959877 -26.798995090507397
1095.4375 -24.288362824213642 -26.797821692926863
1095.9375 -24.28779805448165 -26.79664491492682
1096.4375 -24.28727965788504 -26.795453845608094
1096.9375 -24.28672908536643 -26.79428232296406
1097.4375 -24.28620898780574 -26.793099764540067
1097.9375 -24.285687379126184 -26.79192130342221
1098.4375 -24.285184822356896 -26.79073896673792
1098.9375 -24.28469294774053 -26.789551454953326
1099.4375 -24.28414623047815 -26.788374046251697
1099.9375 -24.283660690060607 -26.787203316657067
1100.4375 -24.283188404543736 -26.786010533173904
1100.9375 -24.282682892591954 -26.784822112667122
1101.4375 -24.282183462622918 -26.783642944071623
1101.9375 -24.281685581904036 -26.782464239200383
1102.4375 -24.281214937016347 -26.781288559059746
1102.9375 -24.28075418393398 -26.780092002572008
1103.4375 -24.28025832173466 -26.778921015095342
1103.9375 -24.2797885776092 -26.777741426601402
1104.4375 -24.279303854265414 -26.776542679215247
1104.9375 -24.278828360604624 -26.77537514798611
1105.4375 -24.2783607655122 -26.774175398281205
1105.9375 -24.277884675158884 -26.77300293128949
1106.4375 -24.277406757629013 -26.771813577441282
1106.9375 -24.27694902771412 -26.77062601495908
1107.4375 -24.276472198270316 -26.769436766959327
1107.9375 -24.275981191787327 -26.76825105645576
1108.4375 -24.275490001281565 -26.767072862856228
1108.9375 -24.275055024370317 -26.76587342144458
1109.4375 -24.274562430543764 -26.764688523366452
1109.9375 -24.274046205370365 -26.763506530152345
1110.4375 -24.273604898517046 -26.76231828448392
1110.9375 -24.27313030656205 -26.761130199299142
1111.4375 -24.272621935486963 -26.759942897346185
1111.9375 -24.27214175250153 -26.758755204162327
1112.4375 -24.271647550095757 -26.757556239968373
1112.9375 -24.271133289330386 -26.75636443016407
1113.4375 -24.2706272943498 -26.755180362182593
