FastTrWP/PhaseSpace/IAs/snIa_0.4_25_1_0.0.csv
# %ECSV 0.9
# ---
# datatype:
# - {name: time-rel, datatype: float64}
# - {name: g, datatype: float64}
# - {name: i, datatype: float64}
# schema: astropy-2.0
time-rel g i
[from data line 2224]
1091.8958333333333 -25.404722268169063 -27.00440717675194
1092.3958333333333 -25.402713315623544 -27.00354449230285
1092.8958333333333 -25.40075362296497 -27.00266884187355
1093.3958333333333 -25.398766427064942 -27.00178821639725
1093.8958333333333 -25.39676835005156 -27.000915746597933
1094.3958333333333 -25.394794036986788 -27.00006091022526
1094.8958333333333 -25.392812568115723 -26.999196501823583
1095.3958333333333 -25.390836188455594 -26.998324459016516
1095.8958333333333 -25.388847992214142 -26.997464766779636
1096.3958333333333 -25.386834555455845 -26.99661143830688
1096.8958333333333 -25.384876386125185 -26.995756517198537
1097.3958333333333 -25.382895893615704 -26.994905013433574
1097.8958333333333 -25.38090835185774 -26.99404880737443
1098.3958333333333 -25.378932190505186 -26.99319557530725
1098.8958333333333 -25.376943246622726 -26.992345419801627
1099.3958333333333 -25.374973639791122 -26.991495735479933
1099.8958333333333 -25.372985571757425 -26.990653248658035
1100.3958333333333 -25.371015598772246 -26.98980684290327
1100.8958333333333 -25.369045115615606 -26.988961100467804
1101.3958333333333 -25.367043837306355 -26.988120115979402
1101.8958333333333 -25.36509613947219 -26.98728959213179
1102.3958333333333 -25.363085901051917 -26.986450855396626
1102.8958333333333 -25.36114402592178 -26.985621028938226
1103.3958333333333 -25.359158527092752 -26.98478401413314
1103.8958333333333 -25.35719633686036 -26.983958456218275
1104.3958333333333 -25.355210266302002 -26.983131201222662
1104.8958333333333 -25.35325884327904 -26.98230460323956
1105.3958333333333 -25.35126047513776 -26.98148007428458
1105.8958333333333 -25.349307915095935 -26.980660469784887
1106.3958333333333 -25.347351131528235 -26.97983440195636
1106.8958333333333 -25.345380408757933 -26.979019175137168
1107.3958333333333 -25.343411306946486 -26.978210422605354
1107.8958333333333 -25.341466617579034 -26.977388910001423
1108.3958333333333 -25.339474673405288 -26.97657596668118
1108.8958333333333 -25.337544999131328 -26.975771234277964
1109.3958333333333 -25.335562408378788 -26.974963316350635
1109.8958333333333 -25.333601094315448 -26.974162383837953
1110.3958333333333 -25.33163962390882 -26.973356906718916
1110.8958333333333 -25.32968150264628 -26.97256086385735
1111.3958333333333 -25.327729221738927 -26.97177112006913
1111.8958333333333 -25.325798667149662 -26.97097470556568
1112.3958333333333 -25.323826340167752 -26.9701719686431
1112.8958333333333 -25.321888763757467 -26.969385462009864
1113.3958333333333 -25.319935145954076 -26.96860318957606
1113.8958333333333 -25.317989477985144 -26.967814452127165
1114.3958333333333 -25.316057394807245 -26.967034486083513
1114.8958333333333 -25.314095736100978 -26.966254771328273
1115.3958333333333 -25.312157000567748 -26.965463654958327
1115.8958333333333 -25.310229861623 -26.96470398648176
1116.3958333333333 -25.308278875657866 -26.963920396429003
1116.8958333333333 -25.306343694136007 -26.963160274249486
1117.3958333333333 -25.304405734377514 -26.962384136749865
1117.8958333333333 -25.302482096627962 -26.96161833102054
1118.3958333333333 -25.300531317633563 -26.96086345268015
1118.8958333333333 -25.29861594416213 -26.96009406358803
1119.3958333333333 -25.296696918771637 -26.959341654540378
1119.8958333333333 -25.29477233604959 -26.958604247213373
1120.3958333333333 -25.292849269121646 -26.957850906395613
1120.8958333333333 -25.290929364771564 -26.95709682714356
1121.3958333333333 -25.28900220246797 -26.95636354272188
1121.8958333333333 -25.287107960526637 -26.95562172966322
1122.3958333333333 -25.28520015277953 -26.954893161792963
1122.8958333333333 -25.283279253757595 -26.954160260910257
1123.3958333333333 -25.281407990853012 -26.953436686588333
1123.8958333333333 -25.279504209773545 -26.952709478435786
1124.3958333333333 -25.277609128814056 -26.951993695452792
1124.8958333333333 -25.275704640416222 -26.9512688979071
1125.3958333333333 -25.27380569524538 -26.950561887801904
1125.8958333333333 -25.27193521553006 -26.949849588643033
1126.3958333333333 -25.27004551701671 -26.94913525694295
1126.8958333333333 -25.2681596586638 -26.94842006096046
1127.3958333333333 -25.26626864389791 -26.947722777807392
1127.8958333333333 -25.264393092372334 -26.947017828065892
1128.3958333333333 -25.262503806472672 -26.946320523255185
1128.8958333333333 -25.260627319877756 -26.945615660394164
1129.3958333333333 -25.25874942207183 -26.944922709668056
1129.8958333333333 -25.256899005214102 -26.94422834231547
1130.3958333333333 -25.255010443854474 -26.9435489418999
1130.8958333333333 -25.253133302542746 -26.94286781905738
1131.3958333333333 -25.251263505939594 -26.942163833173677
1131.8958333333333 -25.249385248253844 -26.941482143193443
1132.3958333333333 -25.247531945082716 -26.94080040676043
1132.8958333333333 -25.245673628557228 -26.94012773217898
1133.3958333333333 -25.24378468063082 -26.939453923615094
1133.8958333333333 -25.241933933468882 -26.938769489925285
1134.3958333333333 -25.240059704570655 -26.938092949674125
1134.8958333333333 -25.238208756638247 -26.93742487678402
1135.3958333333333 -25.236357779671778 -26.936746531995762
1135.8958333333333 -25.234499482710078 -26.93608746780148
1136.3958333333333 -25.23263214845251 -26.93542224071106
1136.8958333333333 -25.230774866170982 -26.934746273186224
1137.3958333333333 -25.22891426396032 -26.934082456607193
1137.8958333333333 -25.22706693331553 -26.933414835724644
1138.3958333333333 -25.225205008334356 -26.932759681958252
1138.8958333333333 -25.22336050677775 -26.932098552124035
1139.3958333333333 -25.221481560024102 -26.93143655983747
1139.8958333333333 -25.21964010688113 -26.9307708386431
1140.3958333333333 -25.217785480148205 -26.930110684062527
1140.8958333333333 -25.215916631213823 -26.92945617313441
1141.3958333333333 -25.214075357764536 -26.92880445654157
1141.8958333333333 -25.212195791169414 -26.92814485577754
1142.3958333333333 -25.210362688480885 -26.927491756145706
1142.8958333333333 -25.208498827541824 -26.926832497235388
1143.3958333333333 -25.206626768185618 -26.926177939175314
1143.8958333333333 -25.204795898058826 -26.92551734765541
1144.3958333333333 -25.202922886944698 -26.924875694252496
1144.8958333333333 -25.20106560507976 -26.924220235854392
1145.3958333333333 -25.19921809574943 -26.923566711490423
1145.8958333333333 -25.197356420698497 -26.92291810495197
1146.3958333333333 -25.195474483979062 -26.92225346570921
1146.8958333333333 -25.19362135666138 -26.921610251192792
1147.3958333333333 -25.191767349877814 -26.920954604523907
1147.8958333333333 -25.189922382655602 -26.920308464325874
1148.3958333333333 -25.188049721498476 -26.91965394834583
1148.8958333333333 -25.18617527989686 -26.919002966630927
1149.3958333333333 -25.184305168719142 -26.918346229644214
1149.8958333333333 -25.18241647612976 -26.917687401755927
1150.3958333333333 -25.18055574992838 -26.917036633227248
1150.8958333333333 -25.17869798373286 -26.916392839785736
1151.3958333333333 -25.17683937639729 -26.915732508219804
1151.8958333333333 -25.174939582434234 -26.915071478250656
1152.3958333333333 -25.173069366392575 -26.914426337680197
1152.8958333333333 -25.171198174329376 -26.91379073549292
1153.3958333333333 -25.169326458093387 -26.913134596883243
1153.8958333333333 -25.16747743470125 -26.912488527415235
1154.3958333333333 -25.16560916773344 -26.911844969134698
1154.8958333333333 -25.163726687488968 -26.91120396670093
1155.3958333333333 -25.16185613948506 -26.910551993596204
1155.8958333333333 -25.160017295150755 -26.909919742453923
1156.3958333333333 -25.158143868897987 -26.909282047384345
1156.8958333333333 -25.156290303725086 -26.908647572696893
1157.3958333333333 -25.154425026897794 -26.908020448355966
1157.8958333333333 -25.152590896286753 -26.907387131857217
1158.3958333333333 -25.15070551113974 -26.9067525375468
1158.8958333333333 -25.14886764552233 -26.906118950485038
1159.3958333333333 -25.14699151165999 -26.905507300992504
1159.8958333333333 -25.145143405198137 -26.904873410416993
1160.3958333333333 -25.14326802358065 -26.90423653372024
1160.8958333333333 -25.141426921236743 -26.903613122269828
1161.3958333333333 -25.139571747224366 -26.902991034986737
1161.8958333333333 -25.137719312891278 -26.902371275708425
1162.3958333333333 -25.135873789790885 -26.901762636167387
1162.8958333333333 -25.134014679983224 -26.90113463537028
1163.3958333333333 -25.132163428694675 -26.900510779522175
1163.8958333333333 -25.130308752381303 -26.89989189497496
1164.3958333333333 -25.128468165076413 -26.899281279921183
1164.8958333333333 -25.126598307864075 -26.89866375563268
1165.3958333333333 -25.124753517416224 -26.89804650125287
1165.8958333333333 -25.122914862486112 -26.897430254280565
1166.3958333333333 -25.12105848005584 -26.896818671766134
1166.8958333333333 -25.119211833533104 -26.896200460463934
1167.3958333333333 -25.11734472810027 -26.895590525162252
1167.8958333333333 -25.115476667185284 -26.89497241649142
1168.3958333333333 -25.113645961542453 -26.894368278000144
1168.8958333333333 -25.11178816668433 -26.893754927299934
1169.3958333333333 -25.109931547588733 -26.89314321026403
1169.8958333333333 -25.108091211362876 -26.892535056360046
1170.3958333333333 -25.10621790209092 -26.89192301418241
1170.8958333333333 -25.104384053195588 -26.891313573341872
1171.3958333333333 -25.102527349231 -26.890700908755562
1171.8958333333333 -25.10068235185555 -26.890095120972898
1172.3958333333333 -25.09880992994907 -26.88949211057639
1172.8958333333333 -25.09694209635255 -26.88888330498495
1173.3958333333333 -25.09508840814298 -26.8882665829809
1173.8958333333333 -25.093238115728855 -26.887653951945047
1174.3958333333333 -25.09138622668 -26.887050445235513
1174.8958333333333 -25.089541963471625 -26.886440803180946
1175.3958333333333 -25.087671832426892 -26.885831647334868
1175.8958333333333 -25.085779782601115 -26.885239035753003
1176.3958333333333 -25.083926967475662 -26.884610962032923
1176.8958333333333 -25.08207493368378 -26.88400057013179
1177.3958333333333 -25.0802072412866 -26.883392483303833
1177.8958333333333 -25.078340384601905 -26.882783303294925
1178.3958333333333 -25.076462850011673 -26.882187057528327
1178.8958333333333 -25.074608437186438 -26.881553521616773
1179.3958333333333 -25.072742484833284 -26.880949125756327
1179.8958333333333 -25.070872653311124 -26.880344511504127
1180.3958333333333 -25.068990014953826 -26.879722865624515
1180.8958333333333 -25.067129327925507 -26.879112470944825
1181.3958333333333 -25.065226333905933 -26.878495654775435
1181.8958333333333 -25.06335821857876 -26.87787823732862
1182.3958333333333 -25.061483094536182 -26.877256970891303
1182.8958333333333 -25.059594005776397 -26.876641292494394
1183.3958333333333 -25.057729874549494 -26.87603422561668
1183.8958333333333 -25.055835513650567 -26.875414421312954
1184.3958333333333 -25.053933065438216 -26.87478935574635
1184.8958333333333 -25.05203886644571 -26.87417546031243
1185.3958333333333 -25.050161863293326 -26.873544372745894
1185.8958333333333 -25.048271072312616 -26.87292714027231
1186.3958333333333 -25.046382071760828 -26.872312617992083
1186.8958333333333 -25.044477203603535 -26.871690188304456
1187.3958333333333 -25.042584833764366 -26.87106494592682
1187.8958333333333 -25.040698667293384 -26.87044772211756
1188.3958333333333 -25.038780794806442 -26.86982524723534
1188.8958333333333 -25.03689037048065 -26.869196349701667
1189.3958333333333 -25.035003183517063 -26.868582955756786
1189.8958333333333 -25.033098651459802 -26.867954415944023
1190.3958333333333 -25.031183216152545 -26.867336605641267
1190.8958333333333 -25.029272839024912 -26.86671585570008
1191.3958333333333 -25.0273530240747 -26.866104794079337
1191.8958333333333 -25.0254518485431 -26.865467681705155
1192.3958333333333 -25.02356646221876 -26.86485278652598
1192.8958333333333 -25.02164069739779 -26.864221561103378
1193.3958333333333 -25.019741026731626 -26.863613132147886
1193.8958333333333 -25.017854082323765 -26.86298229237414
1194.3958333333333 -25.0159260194277 -26.862353749256457
1194.8958333333333 -25.01400583004859 -26.861741607650167
1195.3958333333333 -25.01208001128243 -26.861115897901353
1195.8958333333333 -25.01017252066241 -26.860498033566405
1196.3958333333333 -25.00825899183273 -26.8598810070265
1196.8958333333333 -25.00635889594912 -26.85924945172447
1197.3958333333333 -25.004439880307846 -26.858636203038458
1197.8958333333333 -25.002539661198945 -26.858012483033512
1198.3958333333333 -25.000612302020112 -26.857386931360455
1198.8958333333333 -24.998708433022937 -26.85676103467639
1199.3958333333333 -24.996775021202218 -26.856142688541095
1199.8958333333333 -24.994843294047225 -26.855518304635474
1200.3958333333333 -24.992904133012427 -26.85489668158236
1200.8958333333333 -24.991007599777642 -26.854274787242144
1201.3958333333333 -24.98909753501605 -26.853652911925636
1201.8958333333333 -24.987198605910237 -26.853032618267033
1202.3958333333333 -24.98525741753526 -26.85241941063268
1202.8958333333333 -24.98331468800592 -26.851788127212384
1203.3958333333333 -24.981438237404507 -26.851170655614716
1203.8958333333333 -24.979496520924428 -26.85055438532625
1204.3958333333333 -24.97755331550976 -26.849920978350713
1204.8958333333333 -24.97563537593288 -26.849304790988228
1205.3958333333333 -24.973715755256755 -26.848681947027014
1205.8958333333333 -24.971785442329196 -26.848060864826543
1206.3958333333333 -24.96984142220391 -26.8474502808578
1206.8958333333333 -24.96794338318611 -26.846825956327525
1207.3958333333333 -24.966015539153148 -26.84619761607218
1207.8958333333333 -24.964092339826337 -26.845589742462383
1208.3958333333333 -24.962138956809135 -26.8449644774443
1208.8958333333333 -24.960228612076463 -26.844344599903366
1209.3958333333333 -24.958313735527724 -26.843727908259098
1209.8958333333333 -24.9563806604926 -26.843098326039918
1210.3958333333333 -24.95446246417389 -26.84248522882247
1210.8958333333333 -24.952528317289552 -26.841859926492226
1211.3958333333333 -24.95059134671045 -26.84124221057759
1211.8958333333333 -24.94868244852959 -26.840627011608813
1212.3958333333333 -24.94674087060306 -26.840005415694243
1212.8958333333333 -24.94481188898524 -26.83938556063707
1213.3958333333333 -24.94287579436579 -26.83877514894778
1213.8958333333333 -24.94095769217408 -26.838154928160108
1214.3958333333333 -24.939011556074288 -26.837540214620333
1214.8958333333333 -24.937128904080602 -26.836919162545257
1215.3958333333333 -24.935188654701538 -26.836290591582816
1215.8958333333333 -24.93324068231115 -26.835676233321337
1216.3958333333333 -24.93130166236778 -26.83506533697593
1216.8958333333333 -24.929397551016187 -26.834447456877175
1217.3958333333333 -24.927472302847114 -26.833834842890937
1217.8958333333333 -24.925546256284775 -26.833226438634078
1218.3958333333333 -24.923622892418372 -26.832598926144065
1218.8958333333333 -24.92169863907598 -26.83199205066299
1219.3958333333333 -24.919778650846887 -26.83136130501226
1219.8958333333333 -24.91783426017907 -26.830743230081286
1220.3958333333333 -24.91591696398336 -26.8301277748414
1220.8958333333333 -24.913981250322763 -26.82952652648289
1221.3958333333333 -24.91206369623803 -26.828902998344102
1221.8958333333333 -24.910129425594484 -26.828287526712018
1222.3958333333333 -24.9082160693304 -26.82767353247022
1222.8958333333333 -24.906260953649635 -26.8270599268533
1223.3958333333333 -24.904352137712674 -26.82644857784532
1223.8958333333333 -24.902419145018907 -26.82583009980529
1224.3958333333333 -24.900480372779743 -26.825218074544456
1224.8958333333333 -24.898576589117518 -26.824601227860065
1225.3958333333333 -24.896616309007022 -26.823983161778642
1225.8958333333333 -24.89467942502763 -26.823365368003557
1226.3958333333333 -24.892761731102446 -26.822759984966087
1226.8958333333333 -24.890816288317176 -26.822144332742177
1227.3958333333333 -24.888877121940247 -26.821527026822082
1227.8958333333333 -24.88696870256755 -26.820908679451755
1228.3958333333333 -24.885035239730545 -26.82030140123345
