FastTrWP/PhaseSpace/IAs/snIa_0.66_30.00_0.46_0.04.csv
# %ECSV 0.9
# ---
# datatype:
# - {name: time-rel, datatype: float64}
# - {name: g, datatype: float64}
# - {name: i, datatype: float64}
# schema: astropy-2.0
time-rel g i
-436.0 26.992354346391632 24.724235904246832
-435.5 26.98188571183239 24.716482116027038
-435.0 26.971497232753396 24.708771049457958
-434.5 26.961110139186783 24.701094113409443
-434.0 26.950809147529768 24.6934256873009
-433.5 26.940528234273067 24.68578202345767
-433.0 26.930366043034923 24.678178035563256
-432.5 26.920142084095676 24.670565625332284
-432.0 26.910066801116134 24.663014778530624
-431.5 26.89998981507436 24.655463620210046
-431.0 26.889968829629744 24.647942856128438
-430.5 26.87996700611523 24.64044952609237
-430.0 26.870033881350686 24.63297948629661
-429.5 26.860173242121206 24.625546416312034
-429.0 26.85036698933644 24.618132200104643
-428.5 26.840521138988688 24.610754248350865
-428.0 26.830833322447553 24.60337576039609
-427.5 26.82108009360904 24.596045585645587
-427.0 26.811457080526132 24.588719844782965
-426.5 26.80187045224805 24.581434284097632
-426.0 26.79230293420392 24.57419000107942
-425.5 26.782838041771644 24.566935908707418
-425.0 26.773379768513095 24.559746428673726
-424.5 26.763989297291605 24.552544047700692
-424.0 26.754613870074962 24.545411503757787
-423.5 26.74534358860069 24.538283838009693
-423.0 26.736002964139054 24.531166894788555
-422.5 26.726788311500364 24.52409187096685
-422.0 26.71756333907347 24.51704277910528
-421.5 26.708475928601068 24.510014318889954
-421.0 26.699353020043105 24.50301872893506
-420.5 26.69036264153885 24.496043538813225
-420.0 26.681373037719162 24.489088210945127
-419.5 26.672397813036298 24.482190163705077
-419.0 26.663526052776966 24.475263265505323
-418.5 26.654640623782832 24.46841242439914
-418.0 26.6458586101377 24.46157056825286
-417.5 26.63706571800327 24.45475527719427
-417.0 26.62828571707493 24.447950422992108
-416.5 26.61966308722237 24.44117813117089
-416.0 26.611021705124678 24.43444120437645
-415.5 26.60241623545971 24.427737010214315
-415.0 26.593844441002688 24.421036591109253
-414.5 26.585344770692924 24.414401061632816
-414.0 26.576930333722807 24.407761733590085
-413.5 26.568459995713933 24.401133984799696
-413.0 26.560070461087776 24.39454356599952
-412.5 26.551742520529494 24.387996384065474
-412.0 26.543468994567796 24.38146973335986
-411.5 26.53518891087288 24.37496319582562
-411.0 26.526970677992892 24.36846580735892
-410.5 26.51882564163033 24.362039139572463
-410.0 26.510725805906855 24.355597543381187
-409.5 26.5026176454365 24.349193979423642
-409.0 26.494564420952145 24.34280972693623
-408.5 26.48655937383719 24.33644830885632
-408.0 26.478583380369795 24.330133747076186
-407.5 26.47070774769762 24.323826638732967
-407.0 26.462795705696998 24.317529130489582
-406.5 26.454911966342586 24.31129621537668
-406.0 26.447122728114437 24.305069720673075
-405.5 26.439338112685782 24.29886226597199
-405.0 26.43167470424541 24.292698704127687
-404.5 26.423968222152045 24.28652207820135
-404.0 26.416296096729035 24.280384352964205
-403.5 26.408657813649917 24.274254427217443
-403.0 26.401026449897046 24.268122434604813
-402.5 26.393465149702543 24.262048768198866
-402.0 26.38591919982259 24.25595269158769
-401.5 26.37842063613992 24.24988993933551
-401.0 26.370912606986735 24.243825912655726
-400.5 26.363445101280174 24.237783205852743
-400.0 26.356049507163174 24.231745370637697
-399.5 26.348575039794436 24.2257490080016
-399.0 26.341236854732518 24.219751322727255
-398.5 26.33387958048776 24.21378137755013
-398.0 26.326547469823893 24.20781612751521
-397.5 26.319281246465888 24.201864621877647
-397.0 26.312015322253465 24.19592586272995
-396.5 26.304741918736404 24.190021894494667
-396.0 26.297514291984943 24.18412636227397
-395.5 26.29035422093269 24.17824032075092
-395.0 26.283151107820217 24.172380055137495
-394.5 26.276049671881758 24.166544262966482
-394.0 26.268956343882248 24.160720157134747
-393.5 26.261831550926487 24.154895040966476
-393.0 26.25479581446751 24.149091083609907
-392.5 26.247791562735912 24.14332446416821
-392.0 26.240747765404162 24.137562500706544
-391.5 26.23377852139035 24.131812432392113
-391.0 26.226853918428095 24.126080580825978
-390.5 26.21997168724802 24.12038597926438
-390.0 26.21303924119249 24.114683055560167
-389.5 26.20615002220297 24.10901477768096
-389.0 26.19927440252393 24.103358376013063
-388.5 26.192506750777675 24.097743589136464
-388.0 26.1857076130902 24.092115380363474
-387.5 26.17891388908232 24.086527268428547
-387.0 26.17217734173009 24.080937869326387
-386.5 26.165465355875167 24.075388646240743
-386.0 26.158828042759914 24.069838010108946
-385.5 26.15212063732176 24.06431718134123
-385.0 26.145440157605893 24.058812542222128
-384.5 26.138864299550555 24.05333107803502
-384.0 26.13228109214664 24.04785490036511
-383.5 26.125669213600546 24.042426550609225
-383.0 26.11917288941477 24.037001942594408
-382.5 26.112647099962047 24.031577951211073
-382.0 26.106144636123606 24.026191797006152
-381.5 26.09965283602343 24.02082220412209
-381.0 26.09322730415184 24.01545108891359
-380.5 26.086803274366748 24.010131030802746
-380.0 26.080372050555127 24.004807414454902
-379.5 26.0739993396489 23.999526334167648
-379.0 26.067653071934277 23.994249681772494
-378.5 26.06133370114553 23.98898330823327
-378.0 26.055033861150683 23.983755792456357
-377.5 26.048714482165867 23.978535895823192
-377.0 26.04249522120383 23.973359777162333
-376.5 26.036254474803222 23.968155496625975
-376.0 26.030058754172618 23.963012914401066
-375.5 26.023893884049354 23.95786918281274
-375.0 26.01771696594314 23.952744736848658
-374.5 26.01155713721861 23.94764095636457
-374.0 26.00543972758757 23.942557417164984
-373.5 25.99935696761373 23.937517137111925
-373.0 25.993279340339388 23.932472085751066
-372.5 25.987232398243478 23.927455625942507
-372.0 25.981194621815284 23.922452948943068
-371.5 25.97520809318989 23.91747770338415
-371.0 25.969233291443373 23.9125254907394
-370.5 25.96323956574604 23.90757136291452
-370.0 25.957332195740616 23.902654482505557
-369.5 25.95139562269217 23.89775442603858
-369.0 25.945496451128868 23.89287531934125
-368.5 25.93963736977933 23.888016121013933
-368.0 25.933780028953247 23.8831559900564
-367.5 25.927963634665034 23.87834760247681
-367.0 25.922151239364602 23.873544851068793
-366.5 25.916377208552944 23.86877798526685
-366.0 25.91063588687536 23.863998421912473
-365.5 25.904885778782184 23.859267746243233
-365.0 25.899152427421175 23.85453510655891
-364.5 25.893441813198038 23.84982161305471
-364.0 25.88776544430942 23.84514265201938
-363.5 25.882079300481458 23.840434106881556
-363.0 25.87642351679847 23.835767128933973
-362.5 25.870815487969242 23.831098038388767
-362.0 25.865166064811106 23.826447015518667
-361.5 25.859595187503217 23.821814587220466
-361.0 25.85402639050144 23.81718724539589
-360.5 25.84844205123009 23.812578065032724
-360.0 25.842877220754307 23.807971048878322
-359.5 25.83734940038488 23.80338232145293
-359.0 25.831855384940106 23.798802935203078
-358.5 25.826366525525273 23.79422778743258
-358.0 25.820892027025156 23.789681470458163
-357.5 25.81543693751081 23.785131915983115
-357.0 25.809983245075724 23.78060925380618
-356.5 25.804565390433932 23.77609137856941
-356.0 25.79917724599213 23.771586899988076
-355.5 25.793764952259828 23.767103082547298
-355.0 25.78838684801252 23.762611491320044
-354.5 25.78303352757922 23.758154867707546
-354.0 25.77765383326277 23.75369116333214
-353.5 25.77234418336605 23.74924822733986
-353.0 25.767023065886004 23.744839761361312
-352.5 25.761725828318593 23.740419675939343
-352.0 25.756458032963657 23.736015578080305
-351.5 25.751194300266565 23.731639077675148
-351.0 25.745937663376004 23.727244140565297
-350.5 25.740725186435533 23.7228791502697
-350.0 25.735467194180966 23.71855145788798
-349.5 25.73027674079061 23.714212677068844
-349.0 25.725105308724743 23.709890530768583
-348.5 25.719915825023136 23.705595040770994
-348.0 25.714789615165635 23.70128460758719
-347.5 25.709635859801768 23.697007452615605
-347.0 25.704471721986437 23.692737388489267
-346.5 25.699367432555377 23.688472858556608
-346.0 25.694282261070637 23.684235144210888
-345.5 25.6891818658349 23.68000157455208
-345.0 25.684107417873108 23.67579986876749
-344.5 25.67905510023392 23.671591285461886
-344.0 25.6740525132486 23.667409682578832
-343.5 25.668981635035987 23.66323196914013
-343.0 25.663996705446497 23.65907647141881
-342.5 25.65900269792419 23.654947677364028
-342.0 25.654030885987495 23.650806096251085
-341.5 25.649047024461943 23.646686724080233
-341.0 25.644097023946784 23.64258488344155
-340.5 25.63914917229816 23.638492327702096
-340.0 25.634235634592617 23.634422649564982
-339.5 25.629336734849105 23.630349415546608
-339.0 25.624402748231528 23.626310628344527
-338.5 25.61954586314545 23.62228098972272
-338.0 25.614666731296683 23.618262290509932
-337.5 25.609821287716166 23.61425867863022
-337.0 25.604970474056813 23.610263547585912
-336.5 25.600122677341368 23.60627007953607
-336.0 25.595319982905707 23.602313314967155
-335.5 25.590509609719998 23.598374486409558
-335.0 25.585759878611 23.594437144709875
-334.5 25.580968821424804 23.59051254232096
-334.0 25.576189763225816 23.586607022562415
-333.5 25.571439910551902 23.582717273465107
-333.0 25.56671971927404 23.578842227828176
-332.5 25.561987677625954 23.5749710612777
-332.0 25.55729875009531 23.57113125594081
-331.5 25.55257644516729 23.567284391872203
-331.0 25.54789742585031 23.563473393328213
-330.5 25.54321665950276 23.559659589374377
-330.0 25.538550247557687 23.555869423318903
-329.5 25.533896538377824 23.552090077876457
-329.0 25.52928085922829 23.548321404230638
-328.5 25.524645517970413 23.544571765636512
-328.0 25.52004626486366 23.54083781796769
-327.5 25.51543532086977 23.537108890273934
-327.0 25.510857538375056 23.53341250392092
-326.5 25.5062992939977 23.52970795117939
-326.0 25.50171802652813 23.526033696308126
-325.5 25.49719388125297 23.52236036510966
-325.0 25.492635011793627 23.518721078812487
-324.5 25.488117636216817 23.515068884923934
-324.0 25.48359355772231 23.511442984277615
-323.5 25.479116034517986 23.507838492113706
-323.0 25.474660252459106 23.504235619869394
-322.5 25.47012532688569 23.50064258598145
-322.0 25.465675271984807 23.49706674624677
-321.5 25.461234313430104 23.493502338808312
-321.0 25.456785833332276 23.489951145001434
-320.5 25.452345749267778 23.48639690580245
-320.0 25.44792961554508 23.482860755786504
-319.5 25.44355335881969 23.479341335178816
-319.0 25.439117193746487 23.475835573143684
-318.5 25.43476655678699 23.472327419411762
-318.0 25.43038140674488 23.468845571050544
-317.5 25.426010900209786 23.465369338715227
-317.0 25.42165158112056 23.461883845825934
-316.5 25.4173022361427 23.45844311567175
-316.0 25.41298841790002 23.454988866271176
-315.5 25.408680782477422 23.45155337028868
-315.0 25.404347846901768 23.44811923517328
-314.5 25.40005245371659 23.4447006599917
-314.0 25.39575327430792 23.4412915824673
-313.5 25.391493022919835 23.43789139751456
-313.0 25.387244240838307 23.43451362656345
-312.5 25.38297269657594 23.431139973034814
-312.0 25.37871711525866 23.427769180671
-311.5 25.374502677199786 23.42440761326751
-311.0 25.370276711616206 23.421059777465626
-310.5 25.366071544602576 23.41771903065368
-310.0 25.361825153558062 23.414389267712522
-309.5 25.35761452887489 23.411066332117095
-309.0 25.35344071465042 23.407755955346737
-308.5 25.34926335443606 23.404457554222347
-308.0 25.345083792897274 23.401175950190385
-307.5 25.340917820232605 23.397869471413422
-307.0 25.336769711301947 23.394610100091775
-306.5 25.332642148358985 23.391342914874237
-306.0 25.328538023425914 23.388076767319745
-305.5 25.324394085372074 23.384828651276305
-305.0 25.320290873560207 23.381590409332205
-304.5 25.31617083491796 23.378360292421135
-304.0 25.312056955215965 23.375130517018587
-303.5 25.3079969346555 23.37191960230144
-303.0 25.303943762123513 23.36872446960402
-302.5 25.29985880206641 23.365522978322343
-302.0 25.295775102601603 23.36231502367776
-301.5 25.29171735252975 23.359138792835733
-301.0 25.287683637204054 23.355969911805566
-300.5 25.28364512076955 23.35279945445915
-300.0 25.279618885779918 23.34963535790379
-299.5 25.275619812500175 23.34648866638578
-299.0 25.271619718444637 23.34334443754081
-298.5 25.267616183165753 23.340210026295473
-298.0 25.26359911766918 23.337089734754866
-297.5 25.259650519731093 23.333968917977522
-297.0 25.255643589097694 23.33084775283841
-296.5 25.25168385069902 23.327744878108096
-296.0 25.24770900636659 23.3246572733431
-295.5 25.243782958768918 23.321556074532207
-295.0 25.239814918745456 23.318481316311498
-294.5 25.235888037516617 23.315401274304204
-294.0 25.23195779613218 23.31232432775819
-293.5 25.228054557420478 23.309272020006606
-293.0 25.224149057045544 23.306207730178023
-292.5 25.22022434141014 23.30316458881226
-292.0 25.21632288517916 23.300123073937968
-291.5 25.212446623828434 23.29708291893737
-291.0 25.208567290526084 23.294063540326384
-290.5 25.204676461599007 23.291039316831146
-290.0 25.200824952419904 23.28803129775254
-289.5 25.19696526860741 23.28501889234557
-289.0 25.193095798237334 23.28200842539742
-288.5 25.189250207921987 23.279017211992127
-288.0 25.185405358774755 23.276032386872867
-287.5 25.181577781480918 23.27305042171269
-287.0 25.17776914732221 23.270080619538245
-286.5 25.173944480585774 23.267105064226662
-286.0 25.170137447900775 23.264140575335688
-285.5 25.16634052935677 23.261174954912924
-285.0 25.162538816612795 23.258220868885267
-284.5 25.158737083704033 23.25529105427534
-284.0 25.154958753373826 23.25235654174836
-283.5 25.151205278973684 23.24942216086921
-283.0 25.14743158087862 23.246504909525424
-282.5 25.14367194262141 23.24358643181739
-282.0 25.13994750659595 23.240679121627718
-281.5 25.136184119215997 23.237778887476814
-281.0 25.132494310729907 23.2348763109621
-280.5 25.128751064423444 23.2319958484659
-280.0 25.12500421810096 23.229103021871786
-279.5 25.121318102347317 23.22624103039996
-279.0 25.117619879909192 23.223374903871658
-278.5 25.113945217496397 23.22051759072377
-278.0 25.110227947645896 23.217657048044515
-277.5 25.106566059624484 23.21481112050208
-277.0 25.102881584763214 23.211983567188966
-276.5 25.099219957713345 23.209137154988614
-276.0 25.095562002388814 23.206310197698414
-275.5 25.091895818110782 23.203485507086896
-275.0 25.0882589013176 23.20067050759093
-274.5 25.084623290481886 23.197858906662113
-274.0 25.081013946798556 23.195065770538456
-273.5 25.077373935870874 23.19226792867649
-273.0 25.073749301075065 23.189471637024663
-272.5 25.070153360398585 23.186676715501513
-272.0 25.066554603235126 23.183903820425876
-271.5 25.06295577023979 23.181132307164173
-271.0 25.059376120119534 23.17835849185121
-270.5 25.055801336987198 23.17560176660864
-270.0 25.05219557457299 23.17284342243861
-269.5 25.048630937355437 23.170094637308797
-269.0 25.04504727114009 23.167345613039124
-268.5 25.041506785913704 23.164610051605315
-268.0 25.037962711906324 23.161874573702278
-267.5 25.03441402770608 23.159146360460028
-267.0 25.03083973616357 23.15642339121112
-266.5 25.027337320597564 23.153708014392773
-266.0 25.023795728297543 23.15098735476862
-265.5 25.020280771320223 23.14828479899814
-265.0 25.016788892676733 23.14558850108453
-264.5 25.01327778158721 23.14288676589117
-264.0 25.009744691373285 23.14019079583504
-263.5 25.00626878398899 23.137511869171973
-263.0 25.002753790099945 23.134827508023037
-262.5 24.99927089978278 23.132149347376924
-262.0 24.995776524096467 23.1294892465288
-261.5 24.992323229782293 23.12682296677481
-261.0 24.98885212687338 23.124149223632443
-260.5 24.985386591441877 23.121498317035467
-260.0 24.98193594015945 23.118843367019217
-259.5 24.978480333725066 23.1161985030233
-259.0 24.975009602726015 23.113555264572334
-258.5 24.971597648378964 23.11092100767874
-258.0 24.968148782941558 23.108291964908815
-257.5 24.964729487805094 23.10566321486689
-257.0 24.961296114514774 23.103039767607278
-256.5 24.957867373877626 23.100420443435983
-256.0 24.954463374276898 23.097809009336125
