FastTrWP/PhaseSpace/IAs/snIa_0.6_25_1_0.1.csv
# %ECSV 0.9
# ---
# datatype:
# - {name: time-rel, datatype: float64}
# - {name: g, datatype: float64}
# - {name: i, datatype: float64}
# schema: astropy-2.0
time-rel g i
[from data line 1671]
816.6666666666666 -25.096789653837767 -27.65535293472957
817.1666666666665 -25.094995399451456 -27.654864544596126
817.6666666666666 -25.093192522003793 -27.654367659385542
818.1666666666666 -25.09138821737707 -27.65386531614556
818.6666666666665 -25.089612586303605 -27.65337680550275
819.1666666666666 -25.087801046275075 -27.652877077518742
819.6666666666666 -25.085994882248137 -27.652376855709807
820.1666666666665 -25.084209568107173 -27.651883268941617
820.6666666666666 -25.082388865777496 -27.65137742159322
821.1666666666666 -25.080625675071676 -27.650880369097067
821.6666666666665 -25.07880408967267 -27.650381954418233
822.1666666666666 -25.076998423918553 -27.64987812464139
822.6666666666666 -25.075200686331748 -27.649376987555478
823.1666666666665 -25.07340603417832 -27.648873628466767
823.6666666666666 -25.07160847726015 -27.64836828320827
824.1666666666666 -25.069805377158573 -27.6478616418785
824.6666666666665 -25.067994787019856 -27.647351970215098
825.1666666666666 -25.066175026214047 -27.646841022639784
825.6666666666666 -25.064385376860983 -27.646337528452293
826.1666666666665 -25.06256076917 -27.645826060206065
826.6666666666666 -25.06076772749459 -27.64531181515295
827.1666666666666 -25.058933886042944 -27.644808051789184
827.6666666666665 -25.05714698794655 -27.64429193399352
828.1666666666666 -25.0553238134923 -27.643777157262676
828.6666666666666 -25.05351790245029 -27.643265343740183
829.1666666666665 -25.051706196128038 -27.64274622323267
829.6666666666666 -25.04989074788085 -27.642230029444654
830.1666666666666 -25.0480665240573 -27.6417215047093
830.6666666666665 -25.04625065608313 -27.641200823019282
831.1666666666666 -25.0444434295504 -27.640687345140634
831.6666666666666 -25.04263146493396 -27.640157721833223
832.1666666666665 -25.040823360699612 -27.63963589035039
832.6666666666666 -25.038977895370213 -27.63912091731003
833.1666666666666 -25.03718073087061 -27.638604458538612
833.6666666666665 -25.035365534138727 -27.63807749454977
834.1666666666666 -25.033540225561737 -27.63754991986349
834.6666666666666 -25.031698739593615 -27.637028926329663
835.1666666666665 -25.029897025249376 -27.63650100851933
835.6666666666666 -25.028056132569837 -27.635983126896534
836.1666666666666 -25.026215545947068 -27.635443239032746
836.6666666666665 -25.024402595346924 -27.634922888726056
837.1666666666666 -25.022578955882263 -27.634389821077395
837.6666666666666 -25.02075505759766 -27.633859939275233
838.1666666666665 -25.018923813097253 -27.633327997438144
838.6666666666666 -25.017105091415296 -27.632798026414033
839.1666666666666 -25.015280437333143 -27.632258197870073
839.6666666666665 -25.013473358744772 -27.631730375993474
840.1666666666666 -25.011599787106285 -27.631191642516274
840.6666666666666 -25.009774183514008 -27.630652867591337
841.1666666666665 -25.007940578481534 -27.630121450807565
841.6666666666666 -25.006107301314294 -27.62957978436055
842.1666666666666 -25.004273301538372 -27.629052500566296
842.6666666666665 -25.002409013277603 -27.628510115841006
843.1666666666666 -25.000595446067045 -27.6279619723951
843.6666666666666 -24.99875222924741 -27.62742670693453
844.1666666666665 -24.996908439792765 -27.62688517093233
844.6666666666666 -24.99506892622213 -27.6263482384415
845.1666666666666 -24.993199377426727 -27.625802091072835
845.6666666666665 -24.991373423736313 -27.62525036674605
846.1666666666666 -24.989513297358368 -27.624708546800754
846.6666666666666 -24.987684840679464 -27.62416359500779
847.1666666666665 -24.985816806903177 -27.62361308247502
847.6666666666666 -24.98398212951193 -27.62306264323147
848.1666666666666 -24.982129602948202 -27.62251097797181
848.6666666666665 -24.980293092961787 -27.6219686833368
849.1666666666666 -24.978449737469962 -27.621414496612324
849.6666666666666 -24.976568135670266 -27.620866296759775
850.1666666666665 -24.97472706035506 -27.6203097119405
850.6666666666666 -24.972879449193442 -27.61975838928457
851.1666666666666 -24.971000704196946 -27.619206239798338
851.6666666666665 -24.969133322546607 -27.618650404641365
852.1666666666666 -24.96727700173478 -27.6180931768225
852.6666666666666 -24.96541817760258 -27.617527968634704
853.1666666666665 -24.963552660593088 -27.61696613431174
853.6666666666666 -24.961688364857583 -27.61640976093927
854.1666666666666 -24.959826960732805 -27.61584412142279
854.6666666666665 -24.957933991840488 -27.615286314292028
855.1666666666666 -24.95606825664284 -27.614725795287264
855.6666666666666 -24.954172817298897 -27.61415564420062
856.1666666666665 -24.952304424874818 -27.613594123801658
856.6666666666666 -24.95042790031973 -27.613025422216637
857.1666666666666 -24.948558000408973 -27.612457506454994
857.6666666666665 -24.946669657086463 -27.611888043379516
858.1666666666666 -24.94478467401068 -27.611315447521875
858.6666666666666 -24.942908173806636 -27.61074404446508
859.1666666666665 -24.941019060858004 -27.610173830285532
859.6666666666666 -24.93912806659239 -27.609600220030327
860.1666666666666 -24.93724042488737 -27.60902276036976
860.6666666666665 -24.93536363427236 -27.608453454742552
861.1666666666666 -24.933446506276795 -27.607872953867645
861.6666666666666 -24.931577097452205 -27.607302908717237
862.1666666666665 -24.929683150773524 -27.6067218712141
862.6666666666666 -24.92777412362092 -27.606141954507642
863.1666666666666 -24.925881288632507 -27.605559752625375
863.6666666666665 -24.923995542698897 -27.604975737104382
864.1666666666666 -24.92209050690855 -27.604393646809548
864.6666666666666 -24.92017178638389 -27.60380858019072
865.1666666666665 -24.918303048014376 -27.603227733137736
865.6666666666666 -24.916417167236485 -27.60263926293792
866.1666666666666 -24.914504270220355 -27.60205919066086
866.6666666666665 -24.912594807535307 -27.60147354859273
867.1666666666666 -24.91070390067373 -27.600877323711654
867.6666666666666 -24.908784730726854 -27.60028998531325
868.1666666666665 -24.90688949137575 -27.599700742394248
868.6666666666666 -24.90498340798203 -27.599114134141118
869.1666666666666 -24.903110305061176 -27.59852107228831
869.6666666666665 -24.9011861729136 -27.597929349480317
870.1666666666666 -24.899261881713567 -27.597333126682948
870.6666666666666 -24.897385972221766 -27.596745426353195
871.1666666666665 -24.895458780441743 -27.59615056877232
871.6666666666666 -24.893567750197676 -27.595558272273305
872.1666666666666 -24.89165664686419 -27.59495798255143
872.6666666666665 -24.889768898060105 -27.594360055411613
873.1666666666666 -24.887866522347636 -27.593760572553954
873.6666666666666 -24.885919895755805 -27.593168480947664
874.1666666666665 -24.884019907433558 -27.592566195746812
874.6666666666666 -24.882124575844703 -27.59196765534774
875.1666666666666 -24.880213417741114 -27.59136294727435
875.6666666666665 -24.87831289668396 -27.590771610997585
876.1666666666666 -24.876397808853213 -27.590159521459974
876.6666666666666 -24.87450645726456 -27.589556292856543
877.1666666666665 -24.872591430061917 -27.58895238118164
877.6666666666666 -24.870681393085377 -27.58834706459558
878.1666666666666 -24.86879771986714 -27.587744572724233
878.6666666666665 -24.866884056133493 -27.58713988436962
879.1666666666666 -24.864974930982942 -27.58652980494324
879.6666666666666 -24.863073237599615 -27.585920704064463
880.1666666666665 -24.86114076443416 -27.585320853190932
880.6666666666666 -24.859278440197908 -27.584709636902613
881.1666666666666 -24.85734435685206 -27.584098436890088
881.6666666666665 -24.85547025549557 -27.58349428997276
882.1666666666666 -24.853572412960737 -27.58288206377692
882.6666666666666 -24.85164457878239 -27.5822677001048
883.1666666666665 -24.849746224916327 -27.581657989230916
883.6666666666666 -24.84785540149433 -27.581044095893432
884.1666666666666 -24.845973129080182 -27.580430525661484
884.6666666666665 -24.844082279988275 -27.57982516205031
885.1666666666666 -24.84217036304349 -27.579207596789892
885.6666666666666 -24.840267492842525 -27.57859143288455
886.1666666666665 -24.838362620393223 -27.577977972134242
886.6666666666666 -24.836466954061457 -27.577358878580593
887.1666666666666 -24.8346185748721 -27.576745794115723
887.6666666666665 -24.832718779899633 -27.57613136779819
888.1666666666666 -24.830834626977794 -27.575516294267807
888.6666666666666 -24.828952616876613 -27.574895424510288
889.1666666666665 -24.82706597935786 -27.574284859678766
889.6666666666666 -24.82514317200541 -27.573656187223527
890.1666666666666 -24.823289002944485 -27.57303373906406
890.6666666666665 -24.821378660577942 -27.57241026084849
891.1666666666666 -24.819513124687663 -27.571793518885563
891.6666666666666 -24.81761928471764 -27.571174701518753
892.1666666666665 -24.815738638355104 -27.570547794827075
892.6666666666666 -24.813851043779387 -27.569926813316027
893.1666666666666 -24.811965527582927 -27.56930617837653
893.6666666666665 -24.810065545863083 -27.568674175734543
894.1666666666666 -24.808188805580713 -27.56804578780978
894.6666666666666 -24.806281094931784 -27.567419034595638
895.1666666666665 -24.804416041450715 -27.566793955228075
895.6666666666666 -24.80252519226227 -27.566159249765082
896.1666666666666 -24.800615492541947 -27.565535771131856
896.6666666666665 -24.798752031120475 -27.56489966386253
897.1666666666666 -24.796872229527015 -27.56427115454087
897.6666666666666 -24.794987043612622 -27.563639584789268
898.1666666666665 -24.79307068430471 -27.563008662968848
898.6666666666666 -24.791221125227743 -27.562365312522953
899.1666666666666 -24.789334987741576 -27.56173223593166
899.6666666666665 -24.787441804309374 -27.56109209353374
900.1666666666666 -24.785531426279235 -27.560456875508976
900.6666666666666 -24.78366780656584 -27.559816829003548
901.1666666666665 -24.781771800678534 -27.559184971137874
901.6666666666666 -24.779910089197607 -27.55854706360006
902.1666666666666 -24.778006220062853 -27.557904593873385
902.6666666666665 -24.77615250399412 -27.557268252158515
903.1666666666666 -24.77426363817277 -27.556626150651887
903.6666666666666 -24.77237630360298 -27.55598120777364
904.1666666666665 -24.7704893342523 -27.55533743967569
904.6666666666666 -24.768617301469167 -27.554691379686453
905.1666666666666 -24.76676498646292 -27.554050052107545
905.6666666666665 -24.764885719159633 -27.553404405479714
906.1666666666666 -24.76296501816975 -27.55275788809829
906.6666666666666 -24.761133334638764 -27.55211001455741
907.1666666666665 -24.759245221635577 -27.551466659609474
907.6666666666666 -24.757374080443682 -27.550819092026508
908.1666666666666 -24.755490154713435 -27.55016214111901
908.6666666666665 -24.753633177334642 -27.549514498296404
909.1666666666666 -24.75175877538698 -27.548867791745046
909.6666666666666 -24.749879558466958 -27.548222441768697
910.1666666666665 -24.74800594212402 -27.54756122349743
910.6666666666666 -24.74614772073897 -27.546910685350497
911.1666666666666 -24.744266812024275 -27.546253234706924
911.6666666666665 -24.742426054972228 -27.54560303710553
912.1666666666666 -24.740575249305646 -27.54495138368343
912.6666666666666 -24.738684362226103 -27.54429892960271
913.1666666666665 -24.73682615462947 -27.543640329723065
913.6666666666666 -24.7349527033653 -27.54298140452014
914.1666666666666 -24.73310861449971 -27.542323762091815
914.6666666666665 -24.731255018146513 -27.541661981969252
915.1666666666666 -24.729412176869694 -27.541012048463006
915.6666666666666 -24.72753593620352 -27.540337802025757
916.1666666666665 -24.72569875397253 -27.53969340758905
916.6666666666666 -24.723835008584956 -27.53902477808524
917.1666666666666 -24.721985539502885 -27.538366701337992
917.6666666666665 -24.720150678724 -27.537695242675923
918.1666666666666 -24.71832062904283 -27.537044803204367
918.6666666666666 -24.71646839947841 -27.53637702625472
919.1666666666665 -24.714608306735958 -27.535711840910736
919.6666666666666 -24.712805808186936 -27.535052308167568
920.1666666666666 -24.7109621233145 -27.534380875954334
920.6666666666665 -24.709108157349363 -27.533718826901605
921.1666666666666 -24.707265685829253 -27.533057500162506
921.6666666666666 -24.705438603794263 -27.532381580954404
922.1666666666665 -24.70360940118862 -27.531716669234964
922.6666666666666 -24.70180142885662 -27.53104307097849
923.1666666666666 -24.699952484013078 -27.530379747268423
923.6666666666665 -24.6981454105897 -27.529706069256523
924.1666666666666 -24.69633160472856 -27.529037036422835
924.6666666666666 -24.69449537698622 -27.52836275109732
925.1666666666665 -24.692694826483006 -27.527697940884316
925.6666666666666 -24.69086765937768 -27.527028525003754
926.1666666666666 -24.689043488813326 -27.5263539127699
926.6666666666665 -24.68725517683395 -27.52567620063745
927.1666666666666 -24.685429126671586 -27.525005176441468
927.6666666666666 -24.683647896386056 -27.524333799067527
928.1666666666665 -24.68184418001096 -27.523660912900773
928.6666666666666 -24.68004586059228 -27.522981307454998
929.1666666666666 -24.67824395010811 -27.52230764993085
929.6666666666665 -24.676440596423667 -27.521632547451503
930.1666666666666 -24.674665806208083 -27.52095631342685
930.6666666666666 -24.672844146816843 -27.52027520747671
931.1666666666665 -24.67108033843004 -27.519593798496857
931.6666666666666 -24.66927887300764 -27.51890971966884
932.1666666666666 -24.66748712338728 -27.51823414395939
932.6666666666665 -24.66569896597463 -27.517558768962374
933.1666666666666 -24.663917037756832 -27.516871169480225
933.6666666666666 -24.66214814465657 -27.51619144119692
934.1666666666665 -24.66037510440886 -27.51550295507075
934.6666666666666 -24.658591227347383 -27.514823967131868
935.1666666666666 -24.656814226329146 -27.514133002113645
935.6666666666665 -24.655059546377007 -27.51345991973451
936.1666666666666 -24.653286657919587 -27.512772684289118
936.6666666666666 -24.651512838536313 -27.512078780472777
937.1666666666665 -24.649749453129594 -27.511396618584083
937.6666666666666 -24.648006816639377 -27.510710919298592
938.1666666666666 -24.64623406562875 -27.510013298068806
938.6666666666665 -24.644486597842867 -27.509329392124755
939.1666666666666 -24.642730021967893 -27.508642330557453
939.6666666666666 -24.640959386933936 -27.507956095659573
940.1666666666665 -24.639228580918232 -27.507258808480202
940.6666666666666 -24.637477772580954 -27.50656615305488
941.1666666666666 -24.63573219034465 -27.50587608362939
941.6666666666665 -24.633998840986994 -27.505181039756557
942.1666666666666 -24.63227511554853 -27.50448681997115
942.6666666666666 -24.630494577235442 -27.50378660216454
943.1666666666665 -24.62876631439926 -27.50309800605567
943.6666666666666 -24.627015969103255 -27.50239861102338
944.1666666666666 -24.625320157736596 -27.5017043824883
944.6666666666665 -24.623563173018077 -27.501001909254974
945.1666666666666 -24.621861203740224 -27.500310202269283
945.6666666666666 -24.620130174873687 -27.499608362337504
946.1666666666665 -24.618417969356518 -27.498905740286396
946.6666666666666 -24.616688857016115 -27.498206176214307
947.1666666666666 -24.614957719476 -27.497508462492213
947.6666666666665 -24.61322009523521 -27.496802427638443
948.1666666666666 -24.61152566017641 -27.49609671575036
948.6666666666666 -24.609807012489586 -27.495400179052524
949.1666666666665 -24.608103969101478 -27.494690665057973
949.6666666666666 -24.606387487878706 -27.493981800836366
950.1666666666666 -24.604674924169927 -27.49327190893871
950.6666666666665 -24.602954385919062 -27.49256744591022
951.1666666666666 -24.601285315011182 -27.491866217465322
951.6666666666666 -24.59956776446984 -27.491152354707214
952.1666666666665 -24.597887562413344 -27.490442547196253
952.6666666666666 -24.596186311634742 -27.48973340163172
953.1666666666666 -24.594487838875416 -27.489023369163515
953.6666666666665 -24.592792106907908 -27.488308962259342
954.1666666666666 -24.59111894452593 -27.48759852481222
954.6666666666666 -24.589436826981554 -27.486876428719285
955.1666666666665 -24.58775460489028 -27.486163852395833
955.6666666666666 -24.586072386996562 -27.485444160692648
