FastTrWP/PhaseSpace/IAs/snIa_0.41_30.00_0.72_0.12.csv
# %ECSV 0.9
# ---
# datatype:
# - {name: time-rel, datatype: float64}
# - {name: g, datatype: float64}
# - {name: i, datatype: float64}
# schema: astropy-2.0
time-rel g i
[from data line 1734]
1042.6041666666667 24.26367254529973 22.543749138541017
1043.1041666666667 24.26536163145093 22.54460500475506
1043.6041666666667 24.267049239824352 22.54546960297828
1044.1041666666667 24.268736665193103 22.546322380199758
1044.6041666666667 24.270449046148475 22.547180763376872
1045.1041666666667 24.272147778287003 22.548044300402864
1045.6041666666667 24.273820048227464 22.548909907951153
1046.1041666666667 24.27554022690807 22.549773645902718
1046.6041666666667 24.27724721908421 22.550637827318244
1047.1041666666667 24.27894905785986 22.551500189433238
1047.6041666666667 24.280643227764365 22.55236713928225
1048.1041666666667 24.28234292938344 22.55323604773721
1048.6041666666667 24.284072796211326 22.55411373067275
1049.1041666666667 24.285759464933726 22.55498318538606
1049.6041666666667 24.287473432576164 22.55584850029944
1050.1041666666667 24.28919644242766 22.55672028494478
1050.6041666666667 24.29090491585103 22.557591297951895
1051.1041666666667 24.292624365442443 22.55846357464688
1051.6041666666667 24.29433034050294 22.559338065723292
1052.1041666666667 24.296045189665403 22.560218808524684
1052.6041666666667 24.297774167216755 22.56109348103628
1053.1041666666667 24.299485962932362 22.561978923369
1053.6041666666667 24.301198937931293 22.562858001930994
1054.1041666666667 24.30291612833426 22.56374302846237
1054.6041666666667 24.30464902602022 22.564631409032785
1055.1041666666667 24.306381444826293 22.565507885285786
1055.6041666666667 24.308102538376424 22.566398587396606
1056.1041666666667 24.309816787828467 22.56728239181765
1056.6041666666667 24.31156370801493 22.568173344377946
1057.1041666666667 24.313296626648317 22.569060900086313
1057.6041666666667 24.315016311150572 22.569954739851525
1058.1041666666667 24.316749311054878 22.570841247825552
1058.6041666666667 24.318484352792588 22.57174573806885
1059.1041666666667 24.3202278755819 22.572632898585727
1059.6041666666667 24.32196200976795 22.57353240493901
1060.1041666666667 24.323706362014704 22.57443497429231
1060.6041666666667 24.325436951499896 22.57532967462676
1061.1041666666667 24.327182318399355 22.576222295157514
1061.6041666666667 24.328937469090075 22.57712843842285
1062.1041666666667 24.330668373395486 22.57804385694766
1062.6041666666667 24.33243035599016 22.578941145733257
1063.1041666666667 24.334159641091095 22.579851315436272
1063.6041666666667 24.335921572136886 22.580755919146917
1064.1041666666667 24.33765197632995 22.581670128331098
1064.6041666666667 24.339426735235456 22.582578605269976
1065.1041666666667 24.3411833776123 22.58348626501268
1065.6041666666667 24.34293424927865 22.584397603448195
1066.1041666666667 24.34469683266263 22.58531667521183
1066.6041666666667 24.34646120644701 22.586231616337372
1067.1041666666667 24.348211983762752 22.587147179127914
1067.6041666666667 24.3499930502726 22.588064704217775
1068.1041666666667 24.351742198162995 22.588992425175086
1068.6041666666667 24.35351302232377 22.589918370536452
1069.1041666666667 24.355296380302747 22.5908389184503
1069.6041666666667 24.35705875853681 22.591759565631317
1070.1041666666667 24.358811701673947 22.592691458694603
1070.6041666666667 24.360600377218283 22.59361906351141
1071.1041666666667 24.362373682054024 22.594545156661386
1071.6041666666667 24.364148149475945 22.595486074511278
1072.1041666666667 24.365932014021162 22.59640579453543
1072.6041666666667 24.367721484095277 22.59734422737187
1073.1041666666667 24.369492310761615 22.598289381622358
1073.6041666666667 24.371274271089792 22.59922101436844
1074.1041666666667 24.373062070189203 22.600154454278496
1074.6041666666667 24.374844721368582 22.60109517242464
1075.1041666666667 24.376628502294608 22.602034879408134
1075.6041666666667 24.378422772248722 22.602981773765507
1076.1041666666667 24.380207137128057 22.603929605645273
1076.6041666666667 24.382005449643266 22.604873729143225
1077.1041666666667 24.383783145211908 22.605814411326698
1077.6041666666667 24.385590628243538 22.60676209070827
1078.1041666666667 24.3873906504591 22.607722915147995
1078.6041666666667 24.38918278804067 22.608669207037583
1079.1041666666667 24.390986872678827 22.609615199964075
1079.6041666666667 24.39280223670464 22.61057450797118
1080.1041666666667 24.39458641188278 22.611522941187516
1080.6041666666667 24.396404697162744 22.61248421182713
1081.1041666666667 24.398204825419946 22.613443465460406
1081.6041666666667 24.400003439923672 22.61440331357287
1082.1041666666667 24.401831687306718 22.615369543682405
1082.6041666666667 24.403632360984258 22.616329666759746
1083.1041666666667 24.405452549552187 22.61729118054364
1083.6041666666667 24.407264169071944 22.618255581323776
1084.1041666666667 24.40906387394935 22.619219563955735
1084.6041666666667 24.410899954545165 22.620188685034577
1085.1041666666667 24.41270675008009 22.621157608090783
1085.6041666666667 24.41453536513825 22.622134577456087
1086.1041666666667 24.41636813126199 22.623099391654314
1086.6041666666667 24.418169281452116 22.624075705964497
1087.1041666666667 24.42002021958226 22.625050916346954
1087.6041666666667 24.421842431616838 22.626027316695794
1088.1041666666667 24.423684759867484 22.627005523270828
1088.6041666666667 24.42550272749606 22.627985356279275
1089.1041666666667 24.427343026568703 22.628960463228363
1089.6041666666667 24.42916491403956 22.629948658278018
1090.1041666666667 24.430999379681808 22.630936275861558
1090.6041666666667 24.432837759913873 22.631920008098106
1091.1041666666667 24.43469909998403 22.632906922456755
1091.6041666666667 24.436504049967652 22.633888239552846
1092.1041666666667 24.438373430502235 22.634876161194576
1092.6041666666667 24.44022201405552 22.63587357491003
1093.1041666666667 24.44204705730447 22.63685201942443
1093.6041666666667 24.4438974983545 22.637846661049675
1094.1041666666667 24.44575999049095 22.638841508044123
1094.6041666666667 24.44762500868313 22.639838217907208
1095.1041666666667 24.44946495081005 22.640836024423002
1095.6041666666667 24.451320258091627 22.6418309450389
1096.1041666666667 24.453180563492584 22.642825882535615
1096.6041666666667 24.455038981221577 22.643834748078117
1097.1041666666667 24.456899819913968 22.644828490488763
1097.6041666666667 24.458769208867608 22.645839373589453
1098.1041666666667 24.460638310120224 22.646843119012694
1098.6041666666667 24.46248927631157 22.64784528724264
1099.1041666666667 24.464375055866107 22.64885208430072
1099.6041666666667 24.466216526095643 22.649857778055285
1100.1041666666667 24.468099366333924 22.65087371321993
1100.6041666666667 24.469981226364496 22.651878197654398
1101.1041666666667 24.471838305468225 22.652899338163643
1101.6041666666667 24.473725284389776 22.65390968263196
1102.1041666666667 24.475605328957833 22.6549303423972
1102.6041666666667 24.477508117107366 22.655948968410748
1103.1041666666667 24.47938064122338 22.65697642619795
1103.6041666666667 24.4812556770666 22.658002466035793
1104.1041666666667 24.483147040690604 22.6590240623942
1104.6041666666667 24.485059863328882 22.660062666681533
1105.1041666666667 24.486949825306002 22.661102330792055
1105.6041666666667 24.488851444422536 22.662137802370673
1106.1041666666667 24.490765879148128 22.66318155059387
1106.6041666666667 24.492652328245658 22.66422381350865
1107.1041666666667 24.494567836306484 22.665264801062605
1107.6041666666667 24.496477362968587 22.666321617243888
1108.1041666666667 24.498387923172263 22.66736918078877
1108.6041666666667 24.500307633110534 22.668418054699195
1109.1041666666667 24.50221268815568 22.66947503537603
1109.6041666666667 24.504114660110115 22.670530035154044
1110.1041666666667 24.506047738103838 22.671584686355683
1110.6041666666667 24.507986557648657 22.67264557004467
1111.1041666666667 24.50989755125919 22.673714387195936
1111.6041666666667 24.51182062142451 22.67476952152702
1112.1041666666667 24.51373453623374 22.675835573636846
1112.6041666666667 24.515668973912096 22.67690141492617
1113.1041666666667 24.51759909642846 22.67796962828676
1113.6041666666667 24.51955111323226 22.679045887721003
1114.1041666666667 24.521473901776254 22.6801118163459
1114.6041666666667 24.523412161522597 22.68118559751023
1115.1041666666667 24.52536043138233 22.68225467928439
1115.6041666666667 24.527316126717725 22.683331620434206
1116.1041666666667 24.529243025521957 22.68440325656138
1116.6041666666667 24.5311978539509 22.685478509493898
1117.1041666666667 24.533122645400013 22.686554923475583
1117.6041666666667 24.535080592589352 22.687628311550103
1118.1041666666667 24.536999208442523 22.68870855782268
1118.6041666666667 24.538960883752097 22.68978370127328
1119.1041666666667 24.54092024791644 22.69086832588169
1119.6041666666667 24.542875092125655 22.691944748569664
1120.1041666666667 24.54481967073457 22.693027255178126
1120.6041666666667 24.546783802972072 22.69411138795846
1121.1041666666667 24.548729186875274 22.69518646391279
1121.6041666666667 24.550695853322573 22.696265616287896
1122.1041666666667 24.55266540405446 22.697350713710556
1122.6041666666667 24.554604564902185 22.698429495824087
1123.1041666666667 24.556561161531526 22.69950741214945
1123.6041666666667 24.558513626261945 22.70058805229912
1124.1041666666667 24.560490036084317 22.70166008659111
1124.6041666666667 24.56245130873427 22.702749772196356
1125.1041666666667 24.56441891223905 22.70381819807433
1125.6041666666667 24.56636852614907 22.704894042448636
1126.1041666666667 24.568342371863793 22.705976314807007
1126.6041666666667 24.570307861381167 22.707046621268315
1127.1041666666667 24.57227888676556 22.70812823901426
1127.6041666666667 24.57424748188884 22.709194214955815
1128.1041666666667 24.57621774724331 22.710270929272923
1128.6041666666667 24.578167973683755 22.711344527580426
1129.1041666666667 24.580142615891766 22.712413349346583
1129.6041666666667 24.582111431325416 22.71346905037056
1130.1041666666667 24.58407421845898 22.7145485247138
1130.6041666666667 24.58606169577176 22.715614627040914
1131.1041666666667 24.587991202726094 22.716678123357035
1131.6041666666667 24.589971061588113 22.71773914043921
1132.1041666666667 24.59195966461611 22.718801993415436
1132.6041666666667 24.593923290055724 22.71985253683221
1133.1041666666667 24.595883657909194 22.720913956666283
1133.6041666666667 24.59785988279431 22.721964619467464
1134.1041666666667 24.599841875683065 22.72302076295087
1134.6041666666667 24.601789438403646 22.72407133530814
1135.1041666666667 24.603760313440894 22.725131984415825
1135.6041666666667 24.60572890349855 22.726171569212667
1136.1041666666667 24.607700179674264 22.727223162372034
1136.6041666666667 24.60965686240842 22.72827261702539
1137.1041666666667 24.611648189625082 22.72931897195189
1137.6041666666667 24.61361897516059 22.730364684484258
1138.1041666666667 24.615585844174372 22.73142137700261
1138.6041666666667 24.617570018302363 22.732472512968
1139.1041666666667 24.619535007574505 22.733517238554054
1139.6041666666667 24.621531923521967 22.734566340422468
1140.1041666666667 24.623504602541246 22.735607601121476
1140.6041666666667 24.625492633553748 22.736655886412898
1141.1041666666667 24.62747528806801 22.737700644356707
1141.6041666666667 24.62944783176228 22.73874839728641
1142.1041666666667 24.63141772468631 22.739802361392524
1142.6041666666667 24.633420436494923 22.74085059220444
1143.1041666666667 24.635399795065723 22.74189318199054
1143.6041666666667 24.63739217682914 22.742939086167098
1144.1041666666667 24.63937624500737 22.74398689050495
1144.6041666666667 24.6413586173746 22.74503044178719
1145.1041666666667 24.643334802350797 22.74608434251991
1145.6041666666667 24.645328036624687 22.74711806573539
1146.1041666666667 24.647312888725992 22.748167593591532
1146.6041666666667 24.649318660867834 22.74921214134132
1147.1041666666667 24.651300650239513 22.75025144697256
1147.6041666666667 24.65330045585005 22.751296888332032
1148.1041666666667 24.655289188282623 22.752339281298003
1148.6041666666667 24.65729723068195 22.753384087828454
1149.1041666666667 24.65927293233761 22.754413932207683
1149.6041666666667 24.661263319078415 22.755456006076574
1150.1041666666667 24.663256040383835 22.756502663209325
1150.6041666666667 24.66527608290377 22.757543315579582
1151.1041666666667 24.667260708476046 22.758578061704448
1151.6041666666667 24.66926159793818 22.759618066684585
1152.1041666666667 24.67125336254351 22.760647764183155
1152.6041666666667 24.673256352124863 22.76168325660654
1153.1041666666667 24.675248511706336 22.762723302466966
1153.6041666666667 24.67724620414554 22.763759470088544
1154.1041666666667 24.67924760252363 22.76479116286899
1154.6041666666667 24.68125231499976 22.765819826231066
1155.1041666666667 24.68325970859774 22.766847905964763
1155.6041666666667 24.685241427896432 22.767889779021235
1156.1041666666667 24.687252260882158 22.768921729379713
1156.6041666666667 24.689279307881943 22.76995103048161
1157.1041666666667 24.691274500988698 22.770977748985363
1157.6041666666667 24.6932564962658 22.772003881953104
1158.1041666666667 24.695278338239405 22.773031322473717
1158.6041666666667 24.69729061011177 22.774059912088248
1159.1041666666667 24.69926749654337 22.775079128073973
1159.6041666666667 24.701293529046005 22.77610931002965
1160.1041666666667 24.70328687875325 22.777129931965433
1160.6041666666667 24.705278998928975 22.77815001089156
1161.1041666666667 24.707309452306376 22.77917182641971
1161.6041666666667 24.70930824941214 22.780188586126787
1162.1041666666667 24.711314689677927 22.781203726029364
1162.6041666666667 24.713328674424503 22.78222792369177
1163.1041666666667 24.715322222343552 22.7832406752102
1163.6041666666667 24.717338467104383 22.784245875806526
1164.1041666666667 24.719341823109424 22.78526268232984
1164.6041666666667 24.721320971423015 22.786279340189296
1165.1041666666667 24.723352924384542 22.787290295976423
1165.6041666666667 24.725366698918982 22.788294369643612
1166.1041666666667 24.72736824452508 22.78930923276055
1166.6041666666667 24.729370162402407 22.790309361894906
1167.1041666666667 24.731370870124092 22.79131135230039
1167.6041666666667 24.733393598536814 22.792318886384095
1168.1041666666667 24.735386059712855 22.793318655437723
1168.6041666666667 24.737407061155192 22.794319261939204
1169.1041666666667 24.7394086121945 22.795320655330276
1169.6041666666667 24.741413801010637 22.796311462641917
1170.1041666666667 24.7434385628614 22.797321403910207
1170.6041666666667 24.74544056162936 22.79830957248859
1171.1041666666667 24.7474398241868 22.799309457734687
1171.6041666666667 24.749458542607673 22.80030659946931
1172.1041666666667 24.751470168295945 22.801296476251206
1172.6041666666667 24.75348807552325 22.802291177973775
1173.1041666666667 24.7554829341226 22.80328110851653
1173.6041666666667 24.75750226689645 22.804264770155168
1174.1041666666667 24.75949608191013 22.80526349925255
1174.6041666666667 24.761529913778656 22.80624672193583
1175.1041666666667 24.763531493824257 22.80724346202749
1175.6041666666667 24.76555280893531 22.808223024608928
1176.1041666666667 24.767577566998554 22.809211169422923
1176.6041666666667 24.76956850477237 22.810191790264362
1177.1041666666667 24.771581762250072 22.811173761304243
1177.6041666666667 24.773607026204118 22.81215021604499
1178.1041666666667 24.775615514722617 22.813139913236608
1178.6041666666667 24.777620095413482 22.814126867312346
1179.1041666666667 24.77965278214375 22.815097915962887
1179.6041666666667 24.78164907986306 22.816076466724105
1180.1041666666667 24.783671482595736 22.817052539349802
1180.6041666666667 24.785693836556028 22.818033419407996
1181.1041666666667 24.78770210119404 22.819001814591182
1181.6041666666667 24.78971430644457 22.819972776539466
1182.1041666666667 24.791729832880232 22.820947918909926
1182.6041666666667 24.793771814497482 22.82192455850156
1183.1041666666667 24.79575911407291 22.822887323163915
1183.6041666666667 24.797785533559797 22.82385345548615
1184.1041666666667 24.799817390818106 22.824820510608717
