FastTrWP/PhaseSpace/IAs/snIa_0.35_30.00_1.07_0.16.csv
# %ECSV 0.9
# ---
# datatype:
# - {name: time-rel, datatype: float64}
# - {name: g, datatype: float64}
# - {name: i, datatype: float64}
# schema: astropy-2.0
time-rel g i
[from data line 287]
313.0416666666667 24.109052322801844 23.433276219535575
313.5416666666667 24.104621246128275 23.42954566684281
314.0416666666667 24.100209771776157 23.42580487242012
314.5416666666667 24.09581773887769 23.42209369902463
315.0416666666667 24.091455754351216 23.41839423705338
315.5416666666667 24.087115033691163 23.41470487550403
316.0416666666667 24.082767680201012 23.411031096273494
316.5416666666667 24.078459387747987 23.407359069215616
317.0416666666667 24.074154703664323 23.403711992557447
317.5416666666667 24.069885371316538 23.40007397628517
318.0416666666667 24.065618342008264 23.39644972009176
318.5416666666667 24.061373275671265 23.39283692053599
319.0416666666667 24.057130517123895 23.389228001739625
319.5416666666667 24.052928243022222 23.385640400682433
320.0416666666667 24.048738697697573 23.382070737962867
320.5416666666667 24.044549283375495 23.37850515452996
321.0416666666667 24.040391724704353 23.37493994608615
321.5416666666667 24.036244736155567 23.37139943993496
322.0416666666667 24.03211070541699 23.367860034435665
322.5416666666667 24.02800120706145 23.36435027424834
323.0416666666667 24.023899889296057 23.360848789957736
323.5416666666667 24.01981394837459 23.357336844108488
324.0416666666667 24.015731006588446 23.353850134546946
324.5416666666667 24.011684576379672 23.350366870600805
325.0416666666667 24.007654363668273 23.346910251723237
325.5416666666667 24.00361913680654 23.343437939739523
326.0416666666667 23.999608011066663 23.34000974201004
326.5416666666667 23.99561537836684 23.336555982580897
327.0416666666667 23.991639689405805 23.333132734260907
327.5416666666667 23.98766711169329 23.329716486619066
328.0416666666667 23.98371976457048 23.326309399062048
328.5416666666667 23.979771857933105 23.32291643612294
329.0416666666667 23.97583620714783 23.319534139186807
329.5416666666667 23.97192729100111 23.31616033551821
330.0416666666667 23.968022314599967 23.312780996359017
330.5416666666667 23.9641323180412 23.309426103104713
331.0416666666667 23.960277077281983 23.306080762503427
331.5416666666667 23.956401607291966 23.302739417393965
332.0416666666667 23.952555247430677 23.299409307132215
332.5416666666667 23.948695362686266 23.29608777649773
333.0416666666667 23.94488516046669 23.2927809367034
333.5416666666667 23.941081696323398 23.289465892632695
334.0416666666667 23.937276171076377 23.28618325660914
334.5416666666667 23.93347756454069 23.28289162100541
335.0416666666667 23.929704910138856 23.27960806988039
335.5416666666667 23.925944782180867 23.2763377906098
336.0416666666667 23.922195162293637 23.27308243319347
336.5416666666667 23.918460463514105 23.26983068174171
337.0416666666667 23.91472046492094 23.266587708757566
337.5416666666667 23.91099920677428 23.263353340637035
338.0416666666667 23.907298007623638 23.260116906686697
338.5416666666667 23.903605080211076 23.256907546418635
339.0416666666667 23.899931080996723 23.25370658342534
339.5416666666667 23.89625903993641 23.2505013976914
340.0416666666667 23.892623826455576 23.247319720437893
340.5416666666667 23.88896793044816 23.24413775258286
341.0416666666667 23.885342716824887 23.240976792822174
341.5416666666667 23.881728156054564 23.237815338650314
342.0416666666667 23.878121074873036 23.234659073739138
342.5416666666667 23.874545072027686 23.231520939624886
343.0416666666667 23.87094586739095 23.2283830963966
343.5416666666667 23.867381225039253 23.22527492618076
344.0416666666667 23.86382507590688 23.222149887621182
344.5416666666667 23.860280613734904 23.21903707639343
345.0416666666667 23.856755393644278 23.215942670332886
345.5416666666667 23.853223913698294 23.21285988441152
346.0416666666667 23.849724834734765 23.209773799780468
346.5416666666667 23.84621170197248 23.206711036878186
347.0416666666667 23.842729517372252 23.203636739416325
347.5416666666667 23.83925382761108 23.20057956671556
348.0416666666667 23.835778160499107 23.197533313983214
348.5416666666667 23.832328513099625 23.194488550369382
349.0416666666667 23.82888760221329 23.191447608048612
349.5416666666667 23.825442156414187 23.188434173359415
350.0416666666667 23.822021929022522 23.185413691353418
350.5416666666667 23.8185997920249 23.182402415613357
351.0416666666667 23.815208209271105 23.179398829431896
351.5416666666667 23.811800539001126 23.17641050980841
352.0416666666667 23.808410663769266 23.173419098808186
352.5416666666667 23.805043025950322 23.170440616478032
353.0416666666667 23.80165783010213 23.167471659135003
353.5416666666667 23.798309124588897 23.164494940315755
354.0416666666667 23.79496232163921 23.16153921551972
354.5416666666667 23.791636092493764 23.158584880535436
355.0416666666667 23.78830107608321 23.155643285791143
355.5416666666667 23.784984720047756 23.152704605593478
356.0416666666667 23.78167520474118 23.149774010481373
356.5416666666667 23.778378373817006 23.146845617147772
357.0416666666667 23.775088343737004 23.143932121065546
357.5416666666667 23.771791988119944 23.141024359678767
358.0416666666667 23.768518363481938 23.13811793396844
358.5416666666667 23.765255928651648 23.13522111293561
359.04166666666663 23.761986391445046 23.132332189078838
359.5416666666667 23.75874730919792 23.129444064213402
360.0416666666667 23.755506733827097 23.12656048815967
360.54166666666663 23.752278863701456 23.123699260372142
361.0416666666667 23.749053298859415 23.120821976541976
361.5416666666667 23.74582767967305 23.11796273444908
362.04166666666663 23.742630555894525 23.11510352436873
362.5416666666667 23.73943167607703 23.112261953431833
363.0416666666667 23.736237833767596 23.109421836133116
363.54166666666663 23.733054721599032 23.106567005769193
364.0416666666667 23.729862698691395 23.103752723877037
364.5416666666667 23.726708063190788 23.10093298615677
365.04166666666663 23.72353425211341 23.09811223238913
365.5416666666667 23.720391210731368 23.095289570588275
366.0416666666667 23.717242620921326 23.092482259706102
366.54166666666663 23.71409100559587 23.089686253932555
367.0416666666667 23.710970178146606 23.08688499738931
367.5416666666667 23.707843994089718 23.08408683095195
368.04166666666663 23.704716491560276 23.081308813502073
368.5416666666667 23.701619936516103 23.078519358113226
369.0416666666667 23.698527426552836 23.07573926639947
369.54166666666663 23.69541439537823 23.072980279928217
370.0416666666667 23.692328564837585 23.070211857184194
370.5416666666667 23.68925310721362 23.067455049864844
371.04166666666663 23.68616590501422 23.0647013557325
371.5416666666667 23.68312010562598 23.061954034749185
372.0416666666667 23.680054595798808 23.059211790192208
372.54166666666663 23.677006622434973 23.05648538158684
373.0416666666667 23.673976507937702 23.05374927440041
373.5416666666667 23.670932067406653 23.05102969451748
374.04166666666663 23.66791279355653 23.048310776191123
374.5416666666667 23.66489187993862 23.04560778406885
375.0416666666667 23.6618860615202 23.042902966522853
375.54166666666663 23.6588725211454 23.04020064933106
376.0416666666667 23.655874141677362 23.037511672197795
376.5416666666667 23.652892442050085 23.034817719318742
377.04166666666663 23.649913766532027 23.032144418460312
377.5416666666667 23.646940886471747 23.029460356931292
378.0416666666667 23.643983528371095 23.02678863649177
378.54166666666663 23.64100593490772 23.02412809350583
379.0416666666667 23.638061997289732 23.02146053028393
379.5416666666667 23.635106760579912 23.01881598758959
380.04166666666663 23.63218150255684 23.016164398735256
380.5416666666667 23.629245708900342 23.013520462613815
381.0416666666667 23.626319085025017 23.010885448525027
381.54166666666663 23.62339667587285 23.0082488399735
382.0416666666667 23.620482724926223 23.00561768123039
382.5416666666667 23.617573725695507 23.003001758858282
383.04166666666663 23.61468106323114 23.000374539834965
383.5416666666667 23.61179365370804 22.997773164605686
384.0416666666667 23.608906961092877 22.995159814812766
384.54166666666663 23.606020461157108 22.992552301093795
385.0416666666667 23.603156136645328 22.989959357272596
385.5416666666667 23.6002811695434 22.98736742313141
386.04166666666663 23.597429332090115 22.984779648847507
386.5416666666667 23.594565953810786 22.98218740964144
387.0416666666667 23.591714385214328 22.979619539719497
387.54166666666663 23.588880294311963 22.977038658186352
388.0416666666667 23.586040040743267 22.974471623831228
388.5416666666667 23.58321691079594 22.971905378697343
389.04166666666663 23.580393494681108 22.969344164025426
389.5416666666667 23.57757241795948 22.966789528544776
390.0416666666667 23.57476703943552 22.964240696469098
390.54166666666663 23.571957007267784 22.96169851594179
391.0416666666667 23.569165214476698 22.959154281692236
391.5416666666667 23.566360176358184 22.956616704613204
392.04166666666663 23.56357703726564 22.954081959354433
392.5416666666667 23.560794390840407 22.951551986533936
393.0416666666667 23.55801476816915 22.949022926521387
393.54166666666663 23.555248399723936 22.946505069390565
394.0416666666667 23.55247726835849 22.94399205508015
394.5416666666667 23.54972499793081 22.941475778467883
395.04166666666663 23.546969150484678 22.938977790411496
395.5416666666667 23.54423535924419 22.93647315406991
396.0416666666667 23.541475007300097 22.93397326547753
396.54166666666663 23.53873426323101 22.931472073923405
397.0416666666667 23.536002503175144 22.928985124891078
397.5416666666667 23.533271358786298 22.9265014153334
398.04166666666663 23.530560514962666 22.924013950744225
398.5416666666667 23.527840625976943 22.921540018316943
399.0416666666667 23.525131685066523 22.919059776883365
399.54166666666663 23.522416435208463 22.9165911595855
400.0416666666667 23.519719879296716 22.914129605997182
400.5416666666667 23.51703284685593 22.911661020634675
401.04166666666663 23.51433066618683 22.909200311949775
401.5416666666667 23.511646054443844 22.90674298878252
402.0416666666667 23.50895245828628 22.904296403315392
402.54166666666663 23.50627417946932 22.901837434914082
403.0416666666667 23.50360014210188 22.899382354123382
403.5416666666667 23.500913562669187 22.896930595518548
404.04166666666663 23.498222372588952 22.894488762944178
404.5416666666667 23.49553445654918 22.89203303851304
405.0416666666667 23.492870019776504 22.889580625881422
405.54166666666663 23.49018388630206 22.887137927085973
406.0416666666667 23.48750253890198 22.88469275769917
406.5416666666667 23.48483308093174 22.882245061451158
407.04166666666663 23.48215225467184 22.87981545279948
407.5416666666667 23.4794882271853 22.877362605011538
408.0416666666667 23.476805191408538 22.87493293460239
408.54166666666663 23.47414446722963 22.872496943049864
409.0416666666667 23.471490228949587 22.870062043941992
409.5416666666667 23.468827701491477 22.86763232700947
410.04166666666663 23.466168790623957 22.865207308756204
410.5416666666667 23.463520474746808 22.862776527249995
411.0416666666667 23.460871498974292 22.860359370390793
411.54166666666663 23.45822096027343 22.85793667498925
412.0416666666667 23.45558295953245 22.855532324592232
412.5416666666667 23.452949463202323 22.853124049853708
413.04166666666663 23.45032672400201 22.850723332377502
413.5416666666667 23.44769355305519 22.84831149018434
414.0416666666667 23.44507513744153 22.84591714096123
414.54166666666663 23.442463552287364 22.843533935054015
415.0416666666667 23.43985666413724 22.841142640953983
415.5416666666667 23.437264376156477 22.838754975925283
416.04166666666663 23.43466407564916 22.836376808676032
416.5416666666667 23.432084878312125 22.834011209361115
417.0416666666667 23.429496222721365 22.8316300487726
417.54166666666663 23.426927174352304 22.82927325929933
418.0416666666667 23.42435458440315 22.826925818001122
418.5416666666667 23.421802158363178 22.82455875852424
419.04166666666663 23.41925960921779 22.822228007399133
419.5416666666667 23.41671514123876 22.819890879158436
420.0416666666667 23.414184477540942 22.81754889844336
420.54166666666663 23.41164534076018 22.815231239309398
421.0416666666667 23.409133410106335 22.812909605072207
421.5416666666667 23.406636826522764 22.81059041395872
422.04166666666663 23.40413024204703 22.808287552114056
422.5416666666667 23.401640714214246 22.8059827424102
423.0416666666667 23.3991597820642 22.80369151432302
423.54166666666663 23.39669193141451 22.801407947964695
424.0416666666667 23.39423693801497 22.799129748519963
424.5416666666667 23.391785307292935 22.796863831988947
425.04166666666663 23.389344823171502 22.794591677204178
425.5416666666667 23.386914957431088 22.79233138725428
426.0416666666667 23.384496054973624 22.79009042249219
426.54166666666663 23.382086934644917 22.787851931632286
427.0416666666667 23.379692566874507 22.78560846875273
427.5416666666667 23.377315862902538 22.783386579905756
428.04166666666663 23.374935284635043 22.78117452494402
428.5416666666667 23.37256736292497 22.778968582615512
429.0416666666667 23.370212380446937 22.776769471495374
429.54166666666663 23.367885212575995 22.77457250627765
430.0416666666667 23.365547517259827 22.772400178913852
430.5416666666667 23.36324298372505 22.770221233275
431.04166666666663 23.360931752569716 22.768054188267076
431.5416666666667 23.358647869923693 22.76590128824148
432.0416666666667 23.356369849052854 22.76375324995051
432.54166666666663 23.354109250950078 22.76161880850552
433.0416666666667 23.3518538381866 22.75949221789764
433.5416666666667 23.349620384180838 22.757375685191864
434.04166666666663 23.347384329435606 22.755267157648568
434.5416666666667 23.345181494949358 22.753165220624506
435.0416666666667 23.34298354180351 22.75107360654118
435.54166666666663 23.340769470672175 22.74898628290542
436.0416666666667 23.338578504950025 22.746898401296463
436.5416666666667 23.33638613929776 22.74482361993433
437.04166666666663 23.334196823084095 22.742740142733865
437.5416666666667 23.33203286221121 22.740674462715475
438.0416666666667 23.329854608665013 22.73860369806075
438.54166666666663 23.32769209807495 22.736545917932105
439.0416666666667 23.325534988782977 22.734487554010766
439.5416666666667 23.323388316090785 22.732438249682147
440.04166666666663 23.32123522171104 22.73037863603797
440.5416666666667 23.319106127392107 22.728345618208856
441.0416666666667 23.316969107114453 22.726314511963214
441.54166666666663 23.314842994613056 22.724282950401005
442.0416666666667 23.312727067553794 22.72225498444302
442.5416666666667 23.310627102142316 22.720237189450422
443.04166666666663 23.308529121082056 22.71822299955835
443.5416666666667 23.306430067820358 22.716221692995884
444.0416666666667 23.304334658719196 22.714217972806136
444.54166666666663 23.302259133304442 22.712216586481603
445.0416666666667 23.300199298269778 22.710224302430717
445.5416666666667 23.298127672041513 22.708237066736356
446.04166666666663 23.29606960415596 22.70625734225737
446.5416666666667 23.29402372165131 22.704284217082854
447.0416666666667 23.291979489711167 22.702316212951477
447.54166666666663 23.289950559450986 22.700358152589043
448.0416666666667 23.287921936000945 22.698398453937934
448.5416666666667 23.285911165258216 22.696450338069383
449.04166666666663 23.28390144223732 22.694513119988642
449.5416666666667 23.281901211886012 22.69257441868279
450.0416666666667 23.279914388627194 22.690643803678377
450.54166666666663 23.277937493087897 22.688721385127337
451.0416666666667 23.275961914865995 22.68680261920133
451.5416666666667 23.27399962455776 22.684888247438533
452.04166666666663 23.272045407405223 22.682980175571373
452.5416666666667 23.270102902820014 22.68109101931232
453.0416666666667 23.268162216065434 22.679200887758533
453.54166666666663 23.266227807955495 22.677319185628313
454.0416666666667 23.26431498663365 22.675429814376635
454.5416666666667 23.262406287178358 22.673563480917338
455.04166666666663 23.260509443382084 22.671700955887154
455.5416666666667 23.258616790031592 22.669848245578322
456.0416666666667 23.256738609923957 22.6679842780236
456.54166666666663 23.254870161860012 22.666152443160343
