FastTrWP/PhaseSpace/IAs/snIa_0.70_30.00_-0.14_-0.01.csv
# %ECSV 0.9
# ---
# datatype:
# - {name: time-rel, datatype: float64}
# - {name: g, datatype: float64}
# - {name: i, datatype: float64}
# schema: astropy-2.0
time-rel g i
89.37499999999999 26.999102546612768 25.281696341988003
89.875 26.989541461403476 25.27183898128608
90.375 26.979995874471076 25.26199472611969
90.87499999999999 26.970529215821898 25.252156726767563
91.375 26.961103145257077 25.24240651730451
91.875 26.951677972035778 25.232654997933036
92.37499999999999 26.94227978695441 25.22294971729714
92.875 26.93292295049089 25.213307051922737
93.375 26.92362000395317 25.203665320909316
93.87499999999999 26.914359689769437 25.19408896138835
94.375 26.90506952590107 25.184506985387483
94.875 26.895897923396298 25.17502295214304
95.37499999999999 26.886670506254134 25.16553661755063
95.875 26.877520793792364 25.156066328759866
96.375 26.868401110861655 25.146668438479477
96.87499999999999 26.85929310640828 25.13730303535079
97.375 26.850320891825 25.12797422704424
97.875 26.841294670709537 25.118709871737682
98.37499999999999 26.83234425631817 25.109420227506313
98.875 26.823400572740216 25.100208130241136
99.375 26.81446695264952 25.091047935966834
99.87499999999999 26.805646000308645 25.08186341834957
100.375 26.796852677246264 25.072807365995452
100.875 26.788004140855723 25.06374155136082
101.37499999999999 26.77927278390363 25.054722451273523
101.875 26.770576026572602 25.045725973654772
102.375 26.761865879384374 25.036774722217736
102.87499999999999 26.75316400825207 25.02788171544661
103.375 26.744597210182587 25.018996742154734
103.875 26.73600768844687 25.010159734614547
104.37499999999999 26.727510093169787 25.001358243005484
104.875 26.7189313885301 24.99260360004112
105.375 26.71049240970545 24.98389275067703
105.875 26.702041588576883 24.97521392799949
106.375 26.69363765874282 24.966568749873183
106.875 26.68527342649155 24.957950023579404
107.375 26.676928145010447 24.94937810054507
107.875 26.668633646815586 24.94084836219085
108.375 26.660405572129136 24.93237473536171
108.875 26.65210514860233 24.92389567333834
109.375 26.643967452946058 24.91547841260185
109.875 26.6357859742263 24.907104831324524
110.375 26.62770533744363 24.89877226637389
110.875 26.619650229874644 24.890443511998676
111.375 26.61153801389245 24.882191546046542
111.875 26.60352415235659 24.873950035034458
112.375 26.59556892811629 24.86577420331889
112.875 26.587663778214356 24.85760701267371
113.375 26.579737053073682 24.84948817563651
113.875 26.571823387987422 24.841388681047597
114.375 26.564016374194168 24.833344246082703
114.875 26.55621005142128 24.82533185261282
115.375 26.548405090635736 24.81735943684032
115.875 26.540662622257173 24.80940325954414
116.375 26.532997251855093 24.801518417719038
116.875 26.525282414978662 24.793648782598567
117.375 26.517689781692354 24.785827181913014
117.875 26.510118087520404 24.778021887125664
118.375 26.50248674240811 24.77024496764291
118.875 26.49498287946717 24.762533438976057
119.375 26.48749812453675 24.754842304242665
119.875 26.480025809182163 24.747214078843044
120.375 26.472589935875654 24.739579062351016
120.875 26.465208924628705 24.731996224643943
121.375 26.45780573618071 24.724446319354865
121.875 26.45050342654027 24.716939631148122
122.375 26.443187109520252 24.7094634998782
122.875 26.435946013175982 24.70203387218799
123.375 26.428711675680937 24.69459242049188
123.875 26.42148591938509 24.687234007680246
124.375 26.414307811189495 24.679887168885223
124.875 26.407169942065785 24.67259802307914
125.375 26.400057163948038 24.66531410358035
125.875 26.3930118551177 24.658082417619273
126.375 26.385944597417673 24.650873997657715
126.875 26.378958359514066 24.643709162561986
127.375 26.371989791993265 24.636576006931506
127.875 26.36504734010936 24.629459240184946
128.375 26.35810045641204 24.62239091284455
128.875 26.351215104303414 24.615320911862057
129.375 26.344359966032513 24.608270902824856
129.875 26.337546550922344 24.601261023362202
130.375 26.330696396794764 24.59427200368152
130.875 26.323956214854466 24.587294221310998
131.375 26.31718768896606 24.5803335569437
131.875 26.310399307740965 24.57339644404657
132.375 26.303701763776317 24.566495943943885
132.875 26.29701050832923 24.5596066581127
133.375 26.290358530321434 24.55274145960609
133.875 26.283724969320936 24.545887466011614
134.375 26.277060005979763 24.539056886861374
134.875 26.27046738811113 24.532268248669542
135.375 26.26391251097833 24.5254840183378
135.875 26.257371793778095 24.518736282748776
136.375 26.25082562393565 24.51198917952352
136.875 26.24433660156705 24.505279610255826
137.375 26.237841106817097 24.498583386902155
137.875 26.231410737934077 24.491918865139972
138.375 26.224993312193035 24.48526306838948
138.875 26.218534408222006 24.47866364646101
139.375 26.212153549555296 24.472062056640453
139.875 26.205783529406098 24.465478272294632
140.375 26.199435521942654 24.458928324706903
140.875 26.193121817569256 24.45237852773908
141.375 26.186781637581134 24.44588892950394
141.875 26.180485937253458 24.43940920803714
142.375 26.17424357541447 24.432944189770765
142.875 26.167995608015765 24.42649132759838
143.375 26.16174110120951 24.420073578712046
143.875 26.15555250415307 24.413678076755332
144.375 26.14935706246994 24.40729485361664
144.875 26.14317648620424 24.400967650263468
145.375 26.137027219995616 24.39464253185726
145.875 26.130921308621996 24.388324371451322
146.375 26.124801893863527 24.382048289553232
146.875 26.118728902961834 24.375798178959943
147.375 26.112662023547554 24.369568154311146
147.875 26.10661061209808 24.36335244980096
148.375 26.10056489336157 24.357173608984155
148.875 26.094587482887853 24.35099097192535
149.375 26.088597831398815 24.344863853146727
149.875 26.08260034688701 24.338748916472138
150.375 26.076645524090438 24.332649516739934
150.875 26.070715573612496 24.32656176788226
151.375 26.064816467481435 24.320527564300072
151.875 26.05891902801185 24.31448687241762
152.375 26.053046364122437 24.308491317884915
152.875 26.047188847990835 24.302507057213884
153.375 26.041310401340493 24.296549080185503
153.875 26.035497303256562 24.29062017821341
154.375 26.029694677397885 24.28469777535627
154.875 26.023894968768797 24.27880726525912
155.375 26.01809660522058 24.272945988202004
155.875 26.012353083542603 24.26709871656839
156.375 26.00664121426146 24.26129048399618
156.875 26.000895221597563 24.25548301721541
157.375 25.995164426696775 24.249700541032947
157.875 25.989509535593935 24.243957445316564
158.375 25.98379491459567 24.238230033238935
158.875 25.978157486086776 24.232526171405205
159.375 25.972556347709684 24.22682126617946
159.875 25.966907792521386 24.22116050666844
160.375 25.96127208423416 24.215524635868782
160.875 25.955700569995006 24.20991635701087
161.375 25.950147542676536 24.204318479823907
161.875 25.944546855328134 24.198738397309363
162.375 25.939002803736855 24.193189929089677
162.875 25.933481278119167 24.187656389961944
163.375 25.927994970056155 24.182155166354256
163.875 25.922491307591635 24.17666941802181
164.375 25.91700663695374 24.171213500732392
164.875 25.91151736683765 24.16578177096074
165.375 25.906094642665277 24.1603542905335
165.875 25.900664304780182 24.15494956945058
166.375 25.895252588123657 24.149585358672788
166.875 25.8898356448976 24.14424766367501
167.375 25.88444170361502 24.1389055213212
167.875 25.879047776980574 24.133606444773548
168.375 25.873704501976373 24.128314541724105
168.875 25.868346918563454 24.123055248085574
169.375 25.862990887982676 24.117795017632563
169.87499999999997 25.85770745245599 24.11256582782352
170.375 25.85237623593293 24.107344994211736
170.875 25.84713645207968 24.102128434837653
171.37499999999997 25.84188049018642 24.096927763669783
171.875 25.836636310839502 24.09175137071607
172.375 25.83138888117468 24.08660084255895
172.87499999999997 25.826172115419727 24.081454682567724
173.375 25.82097875661312 24.076311822313514
173.875 25.8157816014927 24.07119853208513
174.37499999999997 25.810603471732783 24.06609827324509
174.875 25.805458998513014 24.06100665485136
175.375 25.800290186320755 24.055911749947455
175.87499999999997 25.795167103859274 24.050870175444416
176.375 25.790030621327766 24.045805210229748
176.875 25.784916296880404 24.04078970272874
177.37499999999997 25.77985012904602 24.035783270273573
177.875 25.7747878917154 24.03078251294596
178.375 25.76969326681812 24.025789873350043
178.87499999999997 25.76465502567534 24.020821991728823
179.375 25.759604164242585 24.01585775120718
179.875 25.75461084933847 24.010923669997254
180.37499999999997 25.749620680784048 24.00598862821134
180.875 25.74458606425508 24.001087391470108
181.375 25.73963114728384 23.996184655616975
181.87499999999997 25.734661265747626 23.991305111825945
182.375 25.729690850347 23.986431379831767
182.875 25.72474458012953 23.981592469331595
183.37499999999997 25.719813388302924 23.976759629109438
183.875 25.71487348604197 23.971939753671677
184.375 25.709972024487588 23.96713982487546
184.87499999999997 25.705075763958693 23.962332696269925
185.375 25.700166036139258 23.957552523415842
185.875 25.695304587173908 23.952784187894622
186.37499999999997 25.69043347745979 23.948048670952215
186.875 25.68554982123044 23.943320796141517
187.375 25.680755590226475 23.93860778338236
187.87499999999997 25.675928627003124 23.933899172317936
188.375 25.671091383258243 23.929218431285705
188.875 25.66629778921544 23.92453622052662
189.37499999999997 25.661483389445312 23.91987788882325
189.875 25.65669489550944 23.91524531060927
190.375 25.65193816183857 23.910608461870737
190.87499999999997 25.647143374172444 23.905983392256086
191.375 25.642387526411085 23.901392199137675
191.875 25.63763276328658 23.896825881459208
192.37499999999997 25.632887589933485 23.892246873917315
192.875 25.628174488596724 23.88769444988535
193.375 25.623478558538917 23.88316363751633
193.87499999999997 25.618744711870573 23.87862563303695
194.375 25.614058337905075 23.874119404826473
194.875 25.609356373663896 23.869633532389997
195.37499999999997 25.60470752750188 23.865151035897377
195.875 25.60003101000188 23.86067330745714
196.375 25.59537771903051 23.856225035031123
196.87499999999997 25.590731749975284 23.851786509973607
197.375 25.58605669945104 23.847374250527565
197.875 25.581444928130082 23.842950111834828
198.37499999999997 25.576821419710903 23.838569150657847
198.875 25.57218640195054 23.834201557455586
199.375 25.56759244419361 23.829832525510454
199.87499999999997 25.563023842181266 23.8254766080731
200.375 25.558397943259955 23.821147593909497
200.875 25.553829643495064 23.816819868896786
201.37499999999997 25.549274646294343 23.812516996072617
201.875 25.5447058142299 23.808242402354228
202.375 25.5401364020855 23.80396314393735
202.87499999999997 25.535592105120408 23.799702743111695
203.375 25.531085972092722 23.795457346380747
203.875 25.526527148432944 23.791219027643045
204.37499999999997 25.522040868617275 23.787001452522478
204.875 25.517519008553332 23.78281409289074
205.375 25.513014258195227 23.778607075672564
205.87499999999997 25.508522361125387 23.77443044501813
206.375 25.504013897016232 23.770278140488305
206.875 25.49954897341983 23.766114911642077
207.37499999999997 25.49505221430674 23.761990582192745
207.875 25.49058410769981 23.7578690218211
208.375 25.486132181234552 23.753764520782624
208.87499999999997 25.481661673115553 23.749686645472316
209.375 25.477250956558066 23.745609181523175
209.875 25.47280335409123 23.741548731645953
210.37499999999997 25.468407263348453 23.73749101128888
210.875 25.46397700942435 23.73345343798045
211.375 25.459540627715008 23.729444040596217
211.87499999999997 25.455127746734775 23.725426733196365
212.375 25.45074628124953 23.721413127171033
212.875 25.446360792445088 23.71742656920681
213.37499999999997 25.441996922591553 23.713450268174622
213.875 25.437618257405298 23.709486110780684
214.375 25.433273985798127 23.705533252914446
214.87499999999997 25.428926623196702 23.701592165196214
215.375 25.42458826873675 23.69763583824964
215.875 25.420250192236793 23.693735484368105
216.37499999999997 25.415946931776723 23.689823436016884
216.875 25.411631908659306 23.685930307565858
217.375 25.407320407168715 23.682048539483983
217.87499999999997 25.40299051912318 23.67816959031334
218.375 25.3987358868301 23.67430526279638
218.875 25.394424516376475 23.67045427464891
219.37499999999997 25.390185427409058 23.666612163168498
219.875 25.385906311244845 23.662775131512586
220.375 25.381661022104907 23.658953263822305
220.87499999999997 25.377388284900174 23.655150883562712
221.375 25.373180149342687 23.651350066372068
221.875 25.36892015071476 23.647546572842547
222.37499999999997 25.364705381047862 23.64376782474477
222.875 25.36050722024577 23.64001042010905
223.375 25.35629823864285 23.6362500002185
223.87499999999997 25.352072665876587 23.63248971169844
224.375 25.347882559497684 23.62875908289709
224.875 25.343692849307256 23.625025434868796
225.37499999999997 25.339537451872136 23.621295773698353
225.875 25.335359241174803 23.617600737667747
226.375 25.33121092685134 23.613893980512742
226.87499999999997 25.327042009662257 23.610200597029973
227.375 25.322889079574704 23.60651861392631
227.875 25.31876245173217 23.602841741732938
228.37499999999997 25.31459168405087 23.599177150614278
228.875 25.31049507388801 23.59552499442311
229.375 25.306362394402573 23.59187483835808
229.87499999999997 25.302255870749043 23.588236842573398
230.375 25.298121826790876 23.584620121222567
230.875 25.2940656009371 23.580996444825946
231.37499999999997 25.28994787174776 23.577383651517057
231.875 25.285866076290322 23.573781255560696
232.375 25.281789384127467 23.570191365576733
232.87499999999997 25.27773114150584 23.566616389569788
233.375 25.273671495634247 23.563033973568366
233.875 25.269625289371774 23.559469010384607
234.375 25.265587177598164 23.555907899493675
234.875 25.261522898001104 23.552354369728977
235.375 25.257452668815077 23.548813222497294
235.875 25.253483396264723 23.545275200917043
236.375 25.249453168298174 23.541751037577967
236.875 25.245449298109847 23.538237839368396
237.375 25.241418778376698 23.534726594386353
237.875 25.23744089661991 23.53122866568797
238.375 25.23345098621974 23.52772546383996
238.875 25.229439510312194 23.52425215214495
239.375 25.225452511182112 23.520775561916373
239.875 25.221486068394498 23.51730522084981
240.375 25.217535605918705 23.513822830583322
240.875 25.213592836554078 23.510377007101845
241.375 25.209641351761416 23.506929201306196
241.875 25.205694863685842 23.503487747427684
242.375 25.20174768958624 23.50005481063451
242.875 25.197801096134636 23.496632223125893
243.375 25.193873981011194 23.4932051941408
243.875 25.189950586372355 23.489800337446635
244.375 25.18604663951539 23.48639231693175
244.875 25.182140831017186 23.482992582733395
245.375 25.17823579895586 23.479611994754954
245.875 25.174306029837908 23.476224301665578
246.375 25.170452395826896 23.472847805516967
246.875 25.16653944695897 23.469491209804303
247.375 25.162674525238348 23.46613718008068
247.875 25.1587957615142 23.46277093065675
248.375 25.15495112906769 23.45941208331512
248.875 25.151091543432234 23.456067292400668
249.375 25.14722254410485 23.452729804729586
249.875 25.143394770413735 23.449412141427427
250.375 25.139556111499438 23.44608475825639
250.875 25.135702004049424 23.442774733050562
251.375 25.13187129094472 23.439472455169078
251.875 25.128072229920257 23.436164691937368
252.375 25.124259682888436 23.432871922963553
252.875 25.120448374189056 23.4295879726804
253.375 25.116648188765613 23.42633017211621
253.875 25.112869808669238 23.42304764700089
254.375 25.109055686380117 23.41978469189389
254.875 25.105295702653095 23.416540374782286
255.375 25.10152141926514 23.41328586815671
255.875 25.09777221211365 23.41004875472134
256.375 25.093999865561393 23.40681317477987
256.875 25.090248321966694 23.403599664057502
257.375 25.086496743961156 23.40036984979006
257.875 25.0827563924023 23.397166534585164
258.375 25.079010469980815 23.393957594267402
258.875 25.07528213516779 23.390751120413597
259.375 25.071564822335684 23.38756377178667
