FastTrWP/PhaseSpace/IAs/snIa_0.33_30.00_-0.22_-0.03.csv
# %ECSV 0.9
# ---
# datatype:
# - {name: time-rel, datatype: float64}
# - {name: g, datatype: float64}
# - {name: i, datatype: float64}
# schema: astropy-2.0
time-rel g i
[from data line 2139]
649.5 24.810323909017132 23.261153134531053
650.0 24.812163100630453 23.261621162370325
650.5 24.81396799591153 23.262088696178374
651.0 24.8157910412302 23.262538784867793
651.5 24.81761792870032 23.263009743349002
652.0 24.81943646275315 23.26346945643016
652.5 24.821275312494762 23.26393463382049
653.0 24.823100639953623 23.264403989306683
653.5 24.82490214540345 23.264864834603056
654.0 24.826745421841952 23.265335296101746
654.5 24.82859503934965 23.265799270632385
655.0 24.830413071878535 23.26626252017877
655.5 24.83225639477357 23.266743323653685
656.0 24.834082355986695 23.26719905582314
656.5 24.835930089596403 23.267668052651885
657.0 24.837765734253384 23.26814050215433
657.5 24.839553384194257 23.26862085300252
658.0 24.841416561224158 23.26908625629851
658.5 24.84325530961208 23.269557878845863
659.0 24.84510329975666 23.270025729540215
659.5 24.846919220156487 23.27050196464191
660.0 24.848764621332265 23.27097234909518
660.5 24.85059436574183 23.27145260960841
661.0 24.852450149384797 23.271933741901538
661.5 24.854291838014866 23.272403655500682
662.0 24.856118555964706 23.27287717914598
662.5 24.85794999711672 23.273354021454654
663.0 24.859785206292525 23.273830270421414
663.5 24.861652799660163 23.274300804621145
664.0 24.86348186818556 23.274779109402548
664.5 24.865316918144952 23.275258045375857
665.0 24.867184226999658 23.275747719129214
665.5 24.8690246682958 23.276218189679796
666.0 24.870844328327518 23.27671330054272
666.5 24.87272193379749 23.27718271787503
667.0 24.874557066547958 23.27765910567587
667.5 24.87638139139868 23.278149177126654
668.0 24.878236647757404 23.278624288044366
668.5 24.880068261293058 23.279119728314306
669.0 24.881936734438447 23.279594694407923
669.5 24.883756680357536 23.280076940976592
670.0 24.88560051677961 23.280563058516982
670.5 24.88745193892415 23.281056125254324
671.0 24.88930787688718 23.281538449844575
671.5 24.8911573196216 23.282028337052182
672.0 24.893008811564144 23.28251487945994
672.5 24.894839318436226 23.283003389728897
673.0 24.896706908119604 23.283485005224268
673.5 24.898533230719842 23.283967439987187
674.0 24.90036174307395 23.284467393613166
674.5 24.902222118865982 23.284954996547697
675.0 24.904079151751525 23.28544729540823
675.5 24.905914981637412 23.28593395188642
676.0 24.90775187438898 23.286421208588873
676.5 24.90961183863108 23.286930113609397
677.0 24.911465189917642 23.28741534569754
677.5 24.91328515704939 23.2879058035309
678.0 24.915136867610602 23.288400985890068
678.5 24.916965947767057 23.28889850188695
679.0 24.91882515891792 23.28939462517929
679.5 24.920683696233958 23.289879967159326
680.0 24.922542546679356 23.290379775915277
680.5 24.92437547587906 23.290878143037077
681.0 24.926229840079852 23.29137488424706
681.5 24.928068986016065 23.291870591634826
682.0 24.929933751736865 23.292380903502867
682.5 24.931798619832367 23.292877639179306
683.0 24.933628665012762 23.293378470122494
683.5 24.93549302380874 23.293878786106927
684.0 24.93733152258838 23.294371362445805
684.5 24.939175472308122 23.29487755263265
685.0 24.941054087511404 23.295373608901944
685.5 24.942896520908473 23.295886476865565
686.0 24.944743440055458 23.29639516831677
686.5 24.94660394098525 23.29690001804098
687.0 24.948448491484502 23.2974017278325
687.5 24.95029795751606 23.2979067008934
688.0 24.952147492090134 23.298412987199995
688.5 24.95400470987587 23.298913152806783
689.0 24.955859931227742 23.299430790381606
689.5 24.95771156667338 23.299934547704297
690.0 24.95956456405803 23.30043733185525
690.5 24.961414281496033 23.300951732918943
691.0 24.963270866279302 23.301464059444612
691.5 24.965110326851672 23.301967674136662
692.0 24.966973908548592 23.302477279345837
692.5 24.9688310094735 23.302993334336584
693.0 24.970688115105226 23.303505224758382
693.5 24.972541209400234 23.304019474870906
694.0 24.974394921803018 23.30454450347058
694.5 24.976248512868146 23.305037484286416
695.0 24.978099713678237 23.305545003206444
695.5 24.979955654124602 23.306070188992884
696.0 24.981807535019453 23.30659472647867
696.5 24.983646650225232 23.30709686036544
697.0 24.9855169429665 23.30761996353772
697.5 24.987348989803696 23.308133861188924
698.0 24.98920153269818 23.308662490262165
698.5 24.991048245508818 23.30917601775476
699.0 24.99290130554241 23.30969070871496
699.5 24.994753357577075 23.310216211354557
700.0 24.996585304066393 23.31072575435856
700.5 24.998455860959563 23.311252046623416
701.0 25.000281112314493 23.31176528654624
701.5 25.002117526870844 23.31229119640612
702.0 25.004007784808934 23.312811748050773
702.5 25.005838757858122 23.313320960670644
703.0 25.007669326238403 23.31384903593127
703.5 25.00949949164726 23.314375892702145
704.0 25.011370182816613 23.314898665678996
704.5 25.013205336692508 23.31540435287249
705.0 25.015057151235354 23.315951267646724
705.5 25.016870837856082 23.316464012029368
706.0 25.01872671524151 23.31699114604326
706.5 25.020571750494895 23.317515450404123
707.0 25.02240367382546 23.318045263115884
707.5 25.02424430948116 23.31856912428141
708.0 25.026059544925804 23.319095369086615
708.5 25.02791879850249 23.319634355145695
709.0 25.02973258471352 23.32014020981132
709.5 25.03158301198779 23.32066722707023
710.0 25.033409539612723 23.32120104587242
710.5 25.0352475623017 23.321726574801186
711.0 25.037063137809294 23.322255335230714
711.5 25.03891749601347 23.322795846943592
712.0 25.04072997170194 23.323309358386464
712.5 25.04254967146344 23.32384961868818
713.0 25.044394381921883 23.324374090604692
713.5 25.046253124082412 23.32489561024316
714.0 25.04806681016142 23.325437239965375
714.5 25.049903227748224 23.3259675516083
715.0 25.05173156762701 23.3264925681784
715.5 25.053555176310113 23.32702058694903
716.0 25.05538281196621 23.32754653490686
716.5 25.057184145221036 23.328095956706157
717.0 25.059041016765605 23.32862777121211
717.5 25.060867787597715 23.32915775863741
718.0 25.062698168338056 23.329687245617645
718.5 25.0644927177525 23.330217861533832
719.0 25.066321916536452 23.33076118003742
719.5 25.068160046463774 23.33128245987926
720.0 25.069974351477015 23.33182982967831
720.5 25.07180187879509 23.332363548573994
721.0 25.07360645232866 23.332897337294437
721.5 25.075452517309134 23.333440049679744
722.0 25.077243567028336 23.333974026057064
722.5 25.079056925812246 23.334511281634157
723.0 25.080871648097073 23.335048483813246
723.5 25.082702453311065 23.335600610714767
724.0 25.084504080741816 23.336129869798697
724.5 25.086338930277464 23.33667144179948
725.0 25.08815263752477 23.33722475132602
725.5 25.089959566172407 23.337757435918007
726.0 25.09174566389091 23.33829902868128
726.5 25.093581071799633 23.3388514280918
727.0 25.095378790011406 23.339395228762136
727.5 25.0971989050972 23.339946101602244
728.0 25.098995517731083 23.340487203814824
728.5 25.100801744330052 23.34102939083708
729.0 25.10259829904252 23.341579299689712
729.5 25.10440033085939 23.342119462272212
730.0 25.106220373859838 23.34266702722738
730.5 25.108044736546283 23.34322344448111
731.0 25.10982326657033 23.343776632605504
731.5 25.111625582158744 23.34432207022269
732.0 25.1134365651483 23.344874057993596
732.5 25.115226135938418 23.345430519551748
733.0 25.117033442041855 23.345995986087914
733.5 25.118847457527913 23.346541502990895
734.0 25.12061142521325 23.347109602542663
734.5 25.122410395273906 23.3476582896283
735.0 25.124218535328666 23.348208003921528
735.5 25.126017370259063 23.34878529314382
736.0 25.12781283407523 23.349331683053464
736.5 25.129597202417262 23.349906596393133
737.0 25.131408972934636 23.350469708147944
737.5 25.133171127197773 23.35101889537789
738.0 25.13497391302749 23.351587041623073
738.5 25.136758756133673 23.352154059995364
739.0 25.13852016410802 23.3527171857555
739.5 25.14033637323175 23.353285305725414
740.0 25.142113308310975 23.353853362266243
740.5 25.143899334002747 23.354433911395155
741.0 25.145668625119253 23.35500062891999
741.5 25.147456080411462 23.35556540764475
742.0 25.149247165005363 23.356141366016566
742.5 25.151020632183766 23.356708017897603
743.0 25.152799552290425 23.35728359573272
743.5 25.154563595616747 23.357861908170147
744.0 25.156373431807303 23.358435622246265
744.5 25.1581156250112 23.359008604053095
745.0 25.159879160964866 23.359576343075897
745.5 25.161639489575936 23.360163530543186
746.0 25.16345121661308 23.360739880476743
746.5 25.165213164314295 23.361317897210405
747.0 25.16695555788732 23.361900418238108
747.5 25.16871288621745 23.36248229009658
748.0 25.170501165592437 23.363052020541026
748.5 25.172261497140745 23.363649274578854
749.0 25.174022503431715 23.364230847819968
749.5 25.175791437180933 23.36480969162045
750.0 25.177540978986805 23.365405295448213
750.5 25.179290841135685 23.36599324167366
751.0 25.181067255879515 23.366565561846002
751.5 25.182812729809424 23.367153493961577
752.0 25.18456078402192 23.36774373693057
752.5 25.186335103679166 23.368344517427275
753.0 25.188077288954513 23.368926345292746
753.5 25.18981957872333 23.36951530947755
754.0 25.191558558281557 23.370121801910724
754.5 25.193320836490997 23.370711487661676
755.0 25.195072975707493 23.371291013540947
755.5 25.196819012064807 23.37188465847067
756.0 25.198541029545368 23.37248444875602
756.5 25.200292103274155 23.373092409019925
757.0 25.202038972281827 23.37369969820471
757.5 25.203787184472297 23.37428665687163
758.0 25.20550165276468 23.37487999814656
758.5 25.20723127167117 23.375482244836586
759.0 25.208972025932024 23.37608361096105
759.5 25.21070682667265 23.37667790854347
760.0 25.212448106321624 23.37727955407031
760.5 25.214171886439907 23.377891511017978
761.0 25.215897705717545 23.37849205837401
761.5 25.21763073559976 23.37910068780261
762.0 25.21936770642675 23.37971048165723
762.5 25.221035163077488 23.380316828258437
763.0 25.22278132832237 23.380926481713225
763.5 25.224507956949655 23.381534125392108
764.0 25.226247158493727 23.382142428789802
764.5 25.22795711979276 23.38274682562202
765.0 25.229658108085864 23.38336519375212
765.5 25.231403021503553 23.383981220528266
766.0 25.233121101577613 23.384591257836483
766.5 25.23480159511188 23.38520923244243
767.0 25.23652190306326 23.38582942991603
767.5 25.23823443200265 23.38644322111754
768.0 25.239960888792012 23.387068345989537
768.5 25.24165110541702 23.387685905699055
769.0 25.24336533354508 23.388305190915357
769.5 25.245063367252264 23.388921052160995
770.0 25.24673673110817 23.389536183915716
770.5 25.248442407848458 23.390162328940608
771.0 25.25016746172119 23.390790341005896
771.5 25.251857721994885 23.391408739088245
772.0 25.253557711107987 23.392033202077673
772.5 25.25524303067577 23.39266998719213
773.0 25.256917880518536 23.393297658265144
773.5 25.258640917205454 23.393924637936788
774.0 25.26029523322217 23.39456756802209
774.5 25.262006437223057 23.395188268815225
775.0 25.263678458997205 23.39581420977516
775.5 25.265351772598944 23.396465006067828
776.0 25.267037996656498 23.397090158660305
776.5 25.268735636832954 23.397724249580143
777.0 25.270410676235045 23.398364384190625
777.5 25.272070611443795 23.399003643465353
778.0 25.273769854999294 23.39964752046565
778.5 25.27541188031252 23.40028916053749
779.0 25.277079699165434 23.400922702361903
779.5 25.278770515057655 23.401564795850796
780.0 25.28041648126214 23.402218725174897
780.5 25.28208863158895 23.402865322005276
781.0 25.28372799220143 23.403515389759942
781.5 25.28540667349847 23.4041555671095
782.0 25.287059726867994 23.404804324672806
782.5 25.28872267125673 23.405451006535888
783.0 25.29037970670871 23.406087781509935
783.5 25.29201262861825 23.406751010933476
784.0 25.293680822010494 23.407402047974347
784.5 25.295336340411517 23.408066994999185
785.0 25.296971809653556 23.408702627493216
785.5 25.298625855352025 23.409361068512254
786.0 25.30026597030333 23.410021933292747
786.5 25.30189660036385 23.410675002873038
787.0 25.303551363381263 23.411331927574675
787.5 25.305185369269637 23.411992626028738
788.0 25.306810576819977 23.412658540991025
