FastTrWP/PhaseSpace/IAs/snIa_0.52_30.00_-0.18_-0.05.csv
# %ECSV 0.9
# ---
# datatype:
# - {name: time-rel, datatype: float64}
# - {name: g, datatype: float64}
# - {name: i, datatype: float64}
# schema: astropy-2.0
time-rel g i
-395.5 26.989471136943123 25.12559559613866
-395.0 26.971341848724432 25.116788142153283
-394.5 26.95340355226722 25.10801976201482
-394.0 26.935673411838753 25.099258141130086
-393.5 26.91809794083261 25.090568471221744
-393.0 26.90072091030352 25.08190353807679
-392.5 26.883510496667835 25.073256727324523
-392.0 26.866497725713323 25.064686893669244
-391.5 26.849581701455314 25.056102838367064
-391.0 26.832857034635698 25.04758374042432
-390.5 26.816330951867155 25.039106095079298
-390.0 26.799995795790895 25.030618560661857
-389.5 26.783775535491298 25.022208660911865
-389.0 26.76775623753558 25.01382271470423
-388.5 26.751823621656285 25.00544916067532
-388.0 26.73609189820526 24.99713857920431
-387.5 26.720492483761124 24.98886542194751
-387.0 26.705057298339483 24.980611660923202
-386.5 26.689739342545977 24.97237640067955
-386.0 26.67459203732387 24.964186163640743
-385.5 26.659567984544385 24.956068523000138
-385.0 26.644654042352663 24.94794480495111
-384.5 26.62992120820572 24.939877294136814
-384.0 26.615319522552593 24.931844714843017
-383.5 26.60081034319107 24.92381673787905
-383.0 26.58652966864465 24.91586596833628
-382.5 26.572287526008637 24.907929422077206
-382.0 26.55822126193658 24.90003193121074
-381.5 26.54421784836616 24.89216965292829
-381.0 26.53041935879836 24.884337403363887
-380.5 26.516635870060618 24.87655328341902
-380.0 26.503093816737877 24.86879735395884
-379.5 26.48960553401951 24.86105632986831
-379.0 26.476254627411414 24.85336967238339
-378.5 26.462953800328968 24.845710870157983
-378.0 26.449883832188696 24.838086457520618
-377.5 26.43681102541105 24.83049281723524
-377.0 26.42391737815553 24.82292355063163
-376.5 26.411102222229328 24.815433069998306
-376.0 26.39840542125128 24.807945517750063
-375.5 26.385856611507958 24.800486591755906
-375.0 26.37336464337452 24.793078922699028
-374.5 26.361009634149045 24.785698555284114
-374.0 26.348701392025458 24.77833973007325
-373.5 26.336510409400915 24.77102069700375
-373.0 26.32446223936467 24.763737734280433
-372.5 26.312510057074658 24.756476501495634
-372.0 26.300626206726804 24.749283400798674
-371.5 26.288799565245125 24.742087373383583
-371.0 26.277083041429876 24.734947486938054
-370.5 26.265485020618144 24.727840074253514
-370.0 26.254017205711996 24.720756719629136
-369.5 26.242586127909927 24.71366495214859
-369.0 26.231268201065326 24.706631455886125
-368.5 26.220041284810954 24.699616598717917
-368.0 26.208853073574065 24.69262203930335
-367.5 26.197726688736836 24.685647014665125
-367.0 26.186759749165706 24.67869319380744
-366.5 26.17575536332463 24.67175126792736
-366.0 26.1649361238906 24.6648456714074
-365.5 26.154127784249486 24.657950764414757
-365.0 26.143368342064445 24.651072626706476
-364.5 26.1327493227347 24.644232458667773
-364.0 26.12218217614282 24.63739895149623
-363.5 26.11163385766368 24.63059785607467
-363.0 26.1012123923464 24.623804880264572
-362.5 26.090846401677275 24.61705948757098
-362.0 26.080500152678322 24.61030975641453
-361.5 26.07024491476269 24.60359573147474
-361.0 26.06005325014642 24.59691544286956
-360.5 26.04992881277682 24.590236628542893
-360.0 26.03983066148522 24.58358026371716
-359.5 26.029822131601357 24.576981038716855
-359.0 26.019871220903333 24.57036619293046
-358.5 26.0099846350603 24.563791109021096
-358.0 26.000129261337882 24.55723231053777
-357.5 25.99030247216188 24.55070258785063
-357.0 25.980619842469487 24.544198863246635
-356.5 25.970935068022566 24.537707401949508
-356.0 25.961292345096012 24.531224361184798
-355.5 25.951718737586745 24.52480539432026
-355.0 25.94214752723554 24.518378448739423
-354.5 25.932686756453116 24.511978419867532
-354.0 25.923296418542712 24.50560430024415
-353.5 25.91391366758133 24.499266113120953
-353.0 25.90455991354559 24.492942110654738
-352.5 25.89527271643654 24.48664692767222
-352.0 25.886022293374435 24.48036800495489
-351.5 25.876815683502596 24.474104789117042
-351.0 25.867669425429554 24.467874059088878
-350.5 25.858565982691495 24.461660813899048
-350.0 25.84950090791374 24.455490790700523
-349.5 25.84048367962638 24.449326945382744
-349.0 25.831513542252903 24.443181919773394
-348.5 25.822524670160515 24.43705886674342
-348.0 25.813675950746827 24.430970023558643
-347.5 25.804763014371392 24.424923377577876
-347.0 25.795987573149745 24.41885269713672
-346.5 25.78717061101681 24.41284774056431
-346.0 25.778406037117655 24.406838661022068
-345.5 25.76971721653317 24.400855210060797
-345.0 25.76107381557963 24.39489820967001
-344.5 25.752453617581743 24.388972323753006
-344.0 25.74383138106002 24.383067743632488
-343.5 25.735270727354006 24.377193707461903
-343.0 25.726759986727853 24.37131615982596
-342.5 25.718254476686866 24.3654949092293
-342.0 25.709825131438734 24.359692310599538
-341.5 25.70138679766711 24.353884110240493
-341.0 25.69298347064857 24.34812698067434
-340.5 25.684626548289366 24.34236775825339
-340.0 25.67631564400902 24.33666387729233
-339.5 25.668036542787487 24.33096647313709
-339.0 25.65976544283426 24.325290988322603
-338.5 25.651532043713907 24.31963157455349
-338.0 25.643344911497664 24.314007332522696
-337.5 25.63516669684337 24.308410705879957
-337.0 25.627057935027832 24.302831322528213
-336.5 25.6189136824866 24.297270169515922
-336.0 25.6108329270749 24.29171432092324
-335.5 25.602792703498814 24.286206466437008
-335.0 25.594799069541217 24.28072319252559
-334.5 25.586777579730352 24.275253343567762
-334.0 25.57884104174082 24.26980814007576
-333.5 25.57086166913137 24.264376822324007
-333.0 25.56297123929461 24.2589687768351
-332.5 25.555117837032363 24.253590856124006
-332.0 25.54727078003918 24.24819408971162
-331.5 25.539500694500532 24.24283608171158
-331.0 25.531769750955707 24.23749187279428
-330.5 25.524015511718623 24.23215446606815
-330.0 25.51637261948992 24.22685925255745
-329.5 25.508690540403535 24.22155904301563
-329.0 25.501096522117077 24.21628186582854
-328.5 25.493527528235553 24.21101781779482
-328.0 25.4859749709779 24.205755489234384
-327.5 25.478457390924845 24.200510642070338
-327.0 25.47096350737881 24.195308386778038
-326.5 25.463501550611735 24.190102706458
-326.0 25.45610553153921 24.184919138370574
-325.5 25.448656752680627 24.179736602089278
-325.0 25.441353638997512 24.17459937723646
-324.5 25.43399207631699 24.16944563160094
-324.0 25.426684830281864 24.16432314711082
-323.5 25.419393001951065 24.15921214922374
-323.0 25.412145605502083 24.154130760066884
-322.5 25.404880248245437 24.149046861158602
-322.0 25.397688717046762 24.14398667265655
-321.5 25.390525319378337 24.138939319505013
-321.0 25.38335630170802 24.133913349303214
-320.5 25.376224123505025 24.128893518621254
-320.0 25.3691023361123 24.123901911900624
-319.5 25.362039124540306 24.11891727510326
-319.0 25.354966263495594 24.113949518380196
-318.5 25.347951290838047 24.109002627236507
-318.0 25.340911316019522 24.104052156147407
-317.5 25.333909592116733 24.099132635357726
-317.0 25.326946318357308 24.094241729751346
-316.5 25.31997762870104 24.08934136891192
-316.0 25.313033469104877 24.084480041690874
-315.5 25.306134473214833 24.079617418469926
-315.0 25.299257539919342 24.074788511158182
-314.5 25.292381042913668 24.069950763412614
-314.0 25.28553829541853 24.065137060746864
-313.5 25.278691583191268 24.060340756280972
-313.0 25.2718583911936 24.05557125486411
-312.5 25.265067874277594 24.050817655481012
-312.0 25.258269925304447 24.04607172745553
-311.5 25.251512125319277 24.041337575557876
-311.0 25.244778520413934 24.036612861192395
-310.5 25.238045305263825 24.031930248424935
-310.0 25.23130401491885 24.02724161811724
-309.5 25.224616616178782 24.02257063875286
-309.0 25.217949523841156 24.017925768826114
-308.5 25.21125096968067 24.01326409581113
-308.0 25.20461834657035 24.00865873540473
-307.5 25.197984071568143 24.004058543272066
-307.0 25.191347147323246 23.999456144529763
-306.5 25.184761837655778 23.99489002256412
-306.0 25.1781663628711 23.990314224386772
-305.5 25.171557331354993 23.985769676904482
-305.0 25.165012431779804 23.981249453169696
-304.5 25.158471565003417 23.976737619404513
-304.0 25.151920063330042 23.972240088705302
-303.5 25.145397148673624 23.967759700083747
-303.0 25.138853718625317 23.963278765455808
-302.5 25.132376578337375 23.958831862725532
-302.0 25.125863101223977 23.95438571351073
-301.5 25.119418981133705 23.949982737148233
-301.0 25.11293654967353 23.945568313559956
-300.5 25.106480635303225 23.941175297028195
-300.0 25.10005264441059 23.936807119933384
-299.5 25.093632383777194 23.93242802827047
-299.0 25.087182444767873 23.92809488370126
-298.5 25.080796461670634 23.923771758765234
-298.0 25.074388352126157 23.919446644222717
-297.5 25.06802577140231 23.91514641328935
-297.0 25.061599480300636 23.91085154010937
-296.5 25.055273305899664 23.906579264121884
-296.0 25.048915278905337 23.9023281458877
-295.5 25.042579192785443 23.898078983528087
-295.0 25.036266661077157 23.89384551506655
-294.5 25.029974181648345 23.889632451397993
-294.0 25.023696626772008 23.88541959524406
-293.5 25.017407375991453 23.881234407485255
-293.0 25.011152507820075 23.877066245600545
-292.5 25.004900106109524 23.8728887977347
-292.0 24.998698225412785 23.86873689085205
-291.5 24.99248450616436 23.86459275138329
-291.0 24.98629066383743 23.86047384966463
-290.5 24.980100590755182 23.856348502111793
-290.0 24.973942972064908 23.852240157989044
-289.5 24.96777087097624 23.84816057298156
-289.0 24.961639964818918 23.844067726911284
-288.5 24.955543116758157 23.83999230049437
-288.0 24.949410130883724 23.83594463048275
-287.5 24.943336777419944 23.831894125899098
-287.0 24.937258806825994 23.827852883537425
-286.5 24.931194755789004 23.82384069547774
-286.0 24.925128152015596 23.81982689205104
-285.5 24.919085110021864 23.81582345968216
-285.0 24.913064801866902 23.811836966741552
-284.5 24.90704916202303 23.807869821511915
-284.0 24.901080446103414 23.80388824281521
-283.5 24.895102454501767 23.79993109542142
-283.0 24.889145214942047 23.795989373327686
-282.5 24.883180700297856 23.792055925288818
-282.0 24.877246809300786 23.78812979365678
-281.5 24.871315245093264 23.78422169861085
-281.0 24.865410161678163 23.780315493278547
-280.5 24.859508391240276 23.77639942828004
-280.0 24.853638677299323 23.77252160730646
-279.5 24.84778386231797 23.76865769283792
-279.0 24.84191846616456 23.764794054963325
-278.5 24.83607950647231 23.760933081882527
-278.0 24.83023668870962 23.757094994174004
-277.5 24.824428029589498 23.7532586492065
-277.0 24.818643470590814 23.74943367365139
-276.5 24.812846222341665 23.74561906761268
-276.0 24.807066324291487 23.741822673613054
-275.5 24.8013061911221 23.738024536257036
-275.0 24.79555742235222 23.734235287408005
-274.5 24.789808242879495 23.73045086253442
-274.0 24.78409082326467 23.72667733508625
-273.5 24.7783963561716 23.72292060934371
-273.0 24.77269685709289 23.71918157303486
-272.5 24.767008787244443 23.715440294725894
-272.0 24.761337456755086 23.711704610004706
-271.5 24.755673155631204 23.70797784564727
-271.0 24.750021127939775 23.704247832066212
-270.5 24.744390831912884 23.70054002592061
-270.0 24.73874232456898 23.696854672468042
-269.5 24.73316007958696 23.693159325123947
-269.0 24.727556626156186 23.68948236327865
-268.5 24.721989316248397 23.6858034430337
-268.0 24.716417963085075 23.682150104724382
-267.5 24.710863868859864 23.678486863484096
-267.0 24.70529429779819 23.67484488977182
-266.5 24.699768711468543 23.671187308462155
-266.0 24.694262589150625 23.667553318357896
-265.5 24.68872809582496 23.663929859150308
-265.0 24.683240988855474 23.66031952942071
-264.5 24.677756210686614 23.65670057616459
-264.0 24.672291914428804 23.65310997646429
-263.5 24.666799314045793 23.649518924947625
-263.0 24.661370235107377 23.64593447290143
-262.5 24.655928570973135 23.64235211341489
-262.0 24.650488186126264 23.638778907131645
-261.5 24.64508850367578 23.635214573353952
-261.0 24.639689938185064 23.631660367912964
-260.5 24.63427677899169 23.628107400558527
-260.0 24.62889674505451 23.62457014652817
-259.5 24.623549042906596 23.62104155440438
-259.0 24.618183757123326 23.617515094690855
-258.5 24.612846653529733 23.613986117009283
-258.0 24.607526981066684 23.61050093374876
-257.5 24.60220205190524 23.606994166154003
-257.0 24.59689503945434 23.603498920549363
-256.5 24.59159709821373 23.600017862498394
-256.0 24.586312162684422 23.596529479306586
-255.5 24.581042863611202 23.593069031314464
-255.0 24.575798350636724 23.58960577408459
-254.5 24.57053328388275 23.58615725276482
-254.0 24.565312463271646 23.58271756941217
-253.5 24.560073555390115 23.579288282602775
-253.0 24.554876871737093 23.575846358764174
-252.5 24.549673634579406 23.572417504561066
-252.0 24.544490705525476 23.569013103559115
-251.5 24.539309883600204 23.565614928948598
-251.0 24.5341503387645 23.56221415648674
-250.5 24.52899639756285 23.55881777702772
-250.0 24.523847349645532 23.555436019696657
-249.5 24.518704422100473 23.552048708056684
-249.0 24.513583996910246 23.54868853238294
-248.5 24.508480412916 23.545323620287935
-248.0 24.50337768124195 23.541976620480007
-247.5 24.498290467753275 23.538621822610615
-247.0 24.493202325660906 23.535272201754847
-246.5 24.488152369403252 23.53194248537403
-246.0 24.483082656948643 23.528616438475744
-245.5 24.4780329050542 23.525288185381164
-245.0 24.472989873879026 23.521979950350506
-244.5 24.467975326992924 23.51865556072608
-244.0 24.46295350310194 23.515362380134093
-243.5 24.457939433704805 23.512079053234626
-243.0 24.452936201290683 23.508788391527162
-242.5 24.44796805439147 23.50549539199327
-242.0 24.442963979122005 23.502217307694973
-241.5 24.4380006094047 23.49895095201927
-241.0 24.433044923802395 23.49568521987301
-240.5 24.42810804439693 23.492422223182547
-240.0 24.423157855965513 23.489175057123465
-239.5 24.418246018965238 23.48591669614638
-239.0 24.413313900618313 23.48268265697364
-238.5 24.40840228522269 23.479446701259434
-238.0 24.403510387813792 23.4762155877157
-237.5 24.398605860229814 23.472993339475423
-237.0 24.39370784057552 23.469770985652726
-236.5 24.388857306716204 23.46655456666747
-236.0 24.38397638419683 23.463350051373148
-235.5 24.37912733887525 23.460152471826472
-235.0 24.37428864207073 23.456967623665214
-234.5 24.36944356245458 23.453769945066703
-234.0 24.36462272058079 23.450597988259368
-233.5 24.359786643177365 23.447405420685257
-233.0 24.354985192944426 23.444232798601817
-232.5 24.350173602563302 23.441074139941684
-232.0 24.34538701824488 23.437908187025247
-231.5 24.340596921756806 23.434743507916373
-231.0 24.33583084357268 23.431589394871075
-230.5 24.331039083007898 23.428442418591438
-230.0 24.326283651376936 23.42530414384938
-229.5 24.321512627130964 23.422171544937495
-229.0 24.31678419580939 23.41903723185752
-228.5 24.312051229892045 23.41590800973802
-228.0 24.307324600611913 23.41278272072268
-227.5 24.302601767553902 23.409668925317312
-227.0 24.297898549198425 23.40655780782162
-226.5 24.293186525421028 23.403452362391818
-226.0 24.28849819605551 23.400358583184754
-225.5 24.28380898684308 23.39724076894383
-225.0 24.279127303391164 23.39416024108047
-224.5 24.27445459299082 23.391059304931048
-224.0 24.269794936169266 23.38798079584976
-223.5 24.265124000200746 23.38489502502869
-223.0 24.260507528971157 23.381819616881465
-222.5 24.25585514253413 23.37875309408979
-222.0 24.251226145009586 23.37569658251983
-221.5 24.24662432153788 23.372630344971846
-221.0 24.241996644550387 23.36958393180908
-220.5 24.23737744853879 23.366533298657185
-220.0 24.232798757559078 23.36348865478596
-219.5 24.2282195242935 23.3604557543756
-219.0 24.223638422003408 23.357425010141625
-218.5 24.21906736919633 23.354399913959284
-218.0 24.214507262643817 23.351381005643116
-217.5 24.20996574249748 23.34835483900203
-217.0 24.20541842017212 23.34534503937746
-216.5 24.200878778172346 23.342354907111435
-216.0 24.196347717854863 23.339349807389304
-215.5 24.191842081783705 23.336346698841318
-215.0 24.18733564028448 23.333355529816124
