FastTrWP/PhaseSpace/IAs/snIa_0.30_30.00_-0.28_0.10.csv
# %ECSV 0.9
# ---
# datatype:
# - {name: time-rel, datatype: float64}
# - {name: g, datatype: float64}
# - {name: i, datatype: float64}
# schema: astropy-2.0
time-rel g i
216.16666666666666 26.97175468018745 25.53575283054547
216.66666666666666 26.943712017416075 25.52358897548249
217.16666666666663 26.91623574313564 25.511446456914847
217.66666666666666 26.889168602693736 25.49940089121605
218.16666666666666 26.86257774221124 25.487427948572368
218.66666666666663 26.836436952202853 25.475481267052274
219.16666666666666 26.81070166356795 25.46368013176158
219.66666666666666 26.78537006720415 25.451925860032695
220.16666666666663 26.76048455509484 25.44023665656099
220.66666666666666 26.73602356208578 25.42859485606849
221.16666666666666 26.71184785413946 25.417057404228913
221.66666666666663 26.688105587823348 25.40555239867861
222.16666666666666 26.66472427186803 25.394171045918558
222.66666666666666 26.641704422503878 25.382823730833625
223.16666666666663 26.618960838467075 25.371529857972845
223.66666666666666 26.596610326992778 25.360382915144246
224.16666666666666 26.574605984802613 25.349263766755126
224.66666666666663 26.552723435833435 25.33819561198417
225.16666666666666 26.531152099624205 25.327147182499207
225.66666666666666 26.509800741787025 25.316159192165344
226.16666666666663 26.48870881146742 25.30519162970007
226.66666666666666 26.467772711362272 25.294310102972307
227.16666666666666 26.447068985575285 25.283398224334526
227.66666666666663 26.42657397079919 25.27258498949613
228.16666666666666 26.40630628727852 25.261781534484335
228.66666666666666 26.386247117210036 25.25108416512252
229.16666666666666 26.366394257791022 25.240344135591286
229.66666666666666 26.346718112756186 25.229706299309566
230.16666666666666 26.327240876543392 25.2191019972434
230.66666666666666 26.307957949507458 25.208526021759603
231.16666666666666 26.288909403170297 25.19798740375552
231.66666666666666 26.27002264661693 25.18752813268554
232.16666666666666 26.251322483843005 25.177108993072075
232.66666666666666 26.23279929770043 25.166724359569436
233.16666666666666 26.214429421826534 25.156391643321854
233.66666666666666 26.19628131281681 25.14608522332557
234.16666666666666 26.178311379602984 25.135818336870088
234.66666666666666 26.160518710107667 25.125645042837835
235.16666666666666 26.14285997354814 25.11548557938692
235.66666666666666 26.125383790944134 25.105378114151176
236.16666666666666 26.108092054439073 25.095313585525645
236.66666666666666 26.09098535798859 25.08530247216608
237.16666666666666 26.074009502512876 25.075325533113848
237.66666666666666 26.057205987675133 25.065419890742437
238.16666666666666 26.040570630638584 25.05553997348845
238.66666666666666 26.02404351776056 25.045729012721125
239.16666666666666 26.007737803268256 25.035940486764282
239.66666666666666 25.991537545951495 25.026248612122927
240.16666666666666 25.9755158048284 25.01654597508288
240.66666666666666 25.959622989642476 25.006905415795877
241.16666666666666 25.943855360766435 24.997316266555032
241.66666666666666 25.92829806181816 24.987788955922067
242.16666666666666 25.912846858977833 24.97828187070867
242.66666666666666 25.89750647692886 24.968842739283623
243.16666666666666 25.882345879644355 24.95945308159532
243.66666666666666 25.86731832019958 24.95008949746227
244.16666666666666 25.8524275437733 24.940790590053055
244.66666666666666 25.837668111418857 24.931541282571175
245.16666666666666 25.82302830668931 24.92233812591582
245.66666666666666 25.808493679807082 24.913193150585514
246.16666666666666 25.794171306585206 24.904055499911593
246.66666666666666 25.779926149280136 24.894991506420734
247.16666666666666 25.765790822908556 24.885972922174858
247.66666666666666 25.75178965870152 24.8770142809687
248.16666666666666 25.73791879155881 24.868077520811866
248.66666666666666 25.724142794958023 24.85920192287976
249.16666666666666 25.71052742795775 24.850381623331987
249.66666666666666 25.697026899389414 24.841596779544176
250.16666666666666 25.683629966167175 24.832840202380172
250.66666666666666 25.670315642245424 24.824155607566105
251.16666666666666 25.657185282172076 24.815524634221916
251.66666666666666 25.64412594435348 24.806928465215165
252.16666666666666 25.631135572640254 24.798361956274967
252.66666666666666 25.61830441201975 24.789846552782976
253.16666666666666 25.60560127217056 24.78137476863235
253.66666666666666 25.592968548244734 24.7729818591632
254.16666666666666 25.580462315547017 24.76458908419779
254.66666666666666 25.5680540790228 24.756270885190148
255.16666666666666 25.555759154854897 24.747985659121664
255.66666666666666 25.54355899071585 24.73976106853157
256.1666666666667 25.531396166540006 24.731515948150864
256.6666666666667 25.519342416155464 24.723357237860913
257.1666666666667 25.5073045355509 24.7151851665556
257.6666666666667 25.49541721312071 24.707054161439792
258.1666666666667 25.483581627685524 24.698967686820428
258.6666666666667 25.471784586404326 24.690873061320858
259.1666666666667 25.46007830642989 24.682876996135978
259.6666666666667 25.448462485359702 24.674869923873697
260.1666666666667 25.436864976918613 24.666885036566203
260.6666666666667 25.425385165525228 24.65892030463346
261.1666666666667 25.413983191017643 24.651021783478647
261.6666666666667 25.402616417022777 24.64315636162757
262.1666666666667 25.391294170949344 24.635296861048054
262.6666666666667 25.38009991732297 24.627465360887886
263.1666666666667 25.36897102413448 24.619681511958795
263.6666666666667 25.357871630986935 24.61191419031769
264.1666666666667 25.34685773466009 24.60418110089741
264.6666666666667 25.33590383788821 24.59648464074303
265.1666666666667 25.32502350423767 24.588802929195296
265.6666666666667 25.31421886499058 24.58116790384795
266.1666666666667 25.30346745679166 24.57355135856179
266.6666666666667 25.292805194290175 24.565985440564233
267.1666666666667 25.2821702850834 24.558446426969283
267.6666666666667 25.271623662902716 24.55093010987534
268.1666666666667 25.261135062353087 24.543447971979553
268.6666666666667 25.250709507184617 24.535996009278822
269.1666666666667 25.240354190953692 24.528582856744173
269.6666666666667 25.230054376283093 24.521194613662274
270.1666666666667 25.219826153570008 24.51382581054107
270.6666666666667 25.20964298281973 24.506503186623338
271.1666666666667 25.199534048206825 24.499212344385963
271.6666666666667 25.189484735200583 24.491947613570787
272.1666666666667 25.17948883797299 24.484713769087175
272.6666666666667 25.169575310328494 24.47750902799886
273.1666666666667 25.15972007658723 24.470352359849528
273.6666666666667 25.149905863204527 24.463196587334668
274.1666666666667 25.140166305652794 24.456078214069056
274.6666666666667 25.130479952610262 24.449015189294734
275.1666666666667 25.120851803971856 24.441962488732326
275.6666666666667 25.111280146970113 24.43494564041632
276.1666666666667 25.10174987214835 24.427956500195474
276.6666666666667 25.09228603935273 24.420989510936217
277.1666666666667 25.082909232279395 24.414085986520803
277.6666666666667 25.073567357331342 24.407198448487627
278.1666666666667 25.06429631355242 24.400327963252025
278.6666666666667 25.0550474770861 24.393481264515913
279.1666666666667 25.04587177367985 24.386697030374307
279.6666666666667 25.03680693128265 24.37992940455761
280.1666666666667 25.027699073063154 24.373202639039754
280.6666666666667 25.01869914672943 24.36647198074882
281.1666666666667 25.00974776278412 24.359820167558013
281.6666666666667 25.000857341164966 24.353163856182846
282.1666666666667 24.99201438985928 24.34652908206153
282.6666666666667 24.983225840714447 24.339951196146576
283.1666666666667 24.974503240544557 24.33338193394821
283.6666666666667 24.965818225075807 24.32686362983103
284.1666666666667 24.957175907125343 24.320355127748417
284.6666666666667 24.94857187821825 24.31389376153655
285.1666666666667 24.94006029536169 24.30744787759036
285.6666666666667 24.93158190237689 24.30104228148528
286.1666666666667 24.92312920734349 24.2946669598376
286.6666666666667 24.914762143153073 24.288326484991952
287.1666666666667 24.906422955741874 24.282002888042587
287.6666666666667 24.898124475752578 24.275697860858898
288.1666666666667 24.88986337103197 24.269403503003684
288.6666666666667 24.881658454390138 24.263149117386043
289.1666666666667 24.873469677675363 24.256910799451017
289.6666666666667 24.86534828670643 24.250683663544628
290.1666666666667 24.85722150754288 24.244487980141184
290.6666666666667 24.849128488126503 24.23830979906555
291.1666666666667 24.841097081544813 24.232141995304133
291.6666666666667 24.833124632091565 24.22603601967729
292.1666666666667 24.82514811929565 24.21991680030224
292.6666666666667 24.81720894875548 24.213816062185213
293.1666666666667 24.809325157508827 24.207756456124315
293.6666666666667 24.80150478211116 24.20169746837132
294.1666666666667 24.793687870468236 24.195680201712236
294.6666666666667 24.785895814201805 24.18967075097349
295.1666666666667 24.77815664058412 24.183694459797028
295.6666666666667 24.770447945325536 24.177720507356064
296.1666666666667 24.76277899372409 24.171791153088343
296.6666666666667 24.755147370800977 24.16587145233095
297.1666666666667 24.74753884868852 24.159975639220804
297.6666666666667 24.73996021914906 24.154092969928037
298.1666666666667 24.73243700929173 24.148234104307278
298.6666666666667 24.72494073472822 24.142402413405307
299.1666666666667 24.717480516926493 24.136585092862486
299.6666666666667 24.710071615138883 24.130798902689964
300.1666666666667 24.702649920836066 24.12501458865198
300.6666666666667 24.69528658521621 24.11927526108855
301.1666666666667 24.68797853488093 24.11352292002231
301.6666666666667 24.68068871010867 24.10782160728763
302.1666666666667 24.673420032105756 24.10214023436437
302.6666666666667 24.666182285048123 24.096458509222245
303.1666666666667 24.65898387662873 24.09082923126833
303.6666666666667 24.651823107708005 24.085191588148483
304.1666666666667 24.64469748352624 24.079594808962224
304.6666666666667 24.63761485381613 24.074001467779148
305.1666666666667 24.630552892683006 24.068429899807626
305.6666666666667 24.623525038740578 24.062887339126572
306.1666666666667 24.616503797436575 24.057368200030172
306.6666666666667 24.609562096392427 24.051849172711748
307.1666666666667 24.602612813012833 24.046377819069804
307.6666666666667 24.59569261093592 24.040903993789854
308.1666666666667 24.58882550652828 24.03547765937033
308.6666666666667 24.58198995785642 24.030050781450566
309.1666666666667 24.575164403590897 24.02465249059528
309.6666666666667 24.568383954093463 24.019260915607788
310.1666666666667 24.561622776736257 24.013884579000447
310.6666666666667 24.554914923592893 24.008535351798848
311.1666666666667 24.548229432529673 24.00322254319927
311.6666666666667 24.54157208199481 23.997930116241562
312.1666666666667 24.534938075768316 23.992645898388922
312.6666666666667 24.528331904514587 23.98738815520764
313.1666666666667 24.521774409610053 23.982141678543076
313.6666666666667 24.515233655201452 23.97692167458002
314.1666666666667 24.50873963236964 23.971711516644714
314.6666666666667 24.502226787493523 23.966530433181127
315.1666666666667 24.495770399319955 23.961357985027544
315.6666666666667 24.489358632564247 23.956217323568808
316.1666666666667 24.482956547240384 23.9510872247739
316.6666666666667 24.47659664023757 23.945988648176208
317.1666666666667 24.47023819010207 23.940886864782172
317.6666666666667 24.46394126251124 23.935834412683178
318.1666666666667 24.457654146682692 23.930785175606935
318.6666666666667 24.451383485835763 23.925735779615046
319.1666666666667 24.44516667927365 23.920738441029155
319.6666666666667 24.438968030401902 23.915748233501052
320.1666666666667 24.432791140091243 23.910769693104896
320.6666666666667 24.42664302996958 23.905799125126418
321.1666666666667 24.42049748199882 23.900866181958136
321.6666666666667 24.4143975948344 23.89593962108284
322.1666666666667 24.40832248307197 23.89103058493651
322.6666666666667 24.402265919188743 23.886121976464658
323.1666666666667 24.39622851976503 23.881245226374173
323.6666666666667 24.390200610945136 23.876384409287216
324.1666666666667 24.384223503678413 23.871539886199066
324.6666666666667 24.37826442103482 23.86670305742887
325.1666666666667 24.372321936191376 23.861889973434636
325.6666666666667 24.36639422349002 23.857093851130003
326.1666666666667 24.360501540598722 23.852301606548973
326.6666666666667 24.354630501082916 23.847543732119973
327.1666666666667 24.348776731699804 23.842771957785285
327.6666666666667 24.342936591441024 23.838055159860595
328.1666666666667 24.33713398806767 23.833329262828148
328.6666666666667 24.331336713563758 23.828612218195218
329.1666666666667 24.32556979248821 23.823901321524378
329.6666666666667 24.319822177207833 23.81923594918601
330.1666666666667 24.314092539849046 23.81456305571664
330.6666666666667 24.308380221427566 23.80990648917935
331.1666666666667 24.30269440020819 23.80527564128197
331.6666666666667 24.29702219321849 23.80064605346781
332.1666666666667 24.291375249583368 23.796023796539245
332.6666666666667 24.285747654924666 23.791437182457358
333.1666666666667 24.280155098781336 23.786843559399166
333.6666666666667 24.274557796337533 23.782272146646022
334.1666666666667 24.268975805880004 23.77770706355188
334.6666666666667 24.263436771838002 23.773151064236462
335.1666666666667 24.25790418862875 23.768632118965588
335.6666666666667 24.252373277829005 23.76410606653016
336.1666666666667 24.24687694252111 23.7595864691058
336.6666666666667 24.241402096788658 23.755095641595144
337.1666666666667 24.23594209547732 23.750607198514547
337.6666666666667 24.230490162830122 23.74613999957241
338.1666666666667 24.225053792070575 23.741683374976056
338.6666666666667 24.219647563678514 23.737233283559064
339.1666666666667 24.214258107224033 23.732783667725933
339.6666666666667 24.208885739571038 23.72836408655079
340.1666666666667 24.203528513431266 23.723949176887178
340.6666666666667 24.198158382452736 23.71954841242564
341.1666666666667 24.192836222488108 23.71516582065095
341.6666666666667 24.187534118616533 23.710768382647544
342.1666666666667 24.18222914463845 23.706409563915333
342.6666666666667 24.17695465195881 23.702054932911505
343.1666666666667 24.17169914880394 23.697706454279356
343.6666666666667 24.16643769127952 23.69336272368717
344.1666666666667 24.161206692608733 23.689026149928715
344.6666666666667 24.155999932448303 23.684739135412926
345.1666666666667 24.150793905560896 23.68041946846138
345.6666666666667 24.145616645770215 23.676124951025553
346.1666666666667 24.14042787307318 23.671851899730925
346.6666666666667 24.135272596199748 23.66757765586123
347.1666666666667 24.130135593481086 23.663313474411787
347.6666666666667 24.12500364354232 23.65905939253657
348.1666666666667 24.119888373855346 23.654821449926224
348.6666666666667 24.114780553595946 23.65057470624778
349.1666666666667 24.10968873893871 23.64636582583158
349.6666666666667 24.104639665976645 23.642158877240405
350.1666666666667 24.099580645540414 23.63794562162923
350.6666666666667 24.09454191837395 23.633752452983035
351.1666666666667 24.08951824467998 23.629579409382796
351.6666666666667 24.084514789006967 23.62541611847559
352.1666666666667 24.07953223858734 23.62124407601275
352.6666666666667 24.07455052613479 23.617101882364192
353.1666666666667 24.06959943236319 23.61297809868593
353.6666666666667 24.064632632922503 23.608851503525763
354.1666666666667 24.059700695296517 23.604738865196914
354.6666666666667 24.05478361268959 23.60063196725474
355.1666666666667 24.049883208461598 23.59654216422428
355.6666666666667 24.044989036612783 23.592457157711877
356.1666666666667 24.040117889456237 23.588383445438076
356.6666666666667 24.035253457050093 23.584327833522067
357.16666666666663 24.030396847407715 23.580268702073532
357.6666666666667 24.025570123643327 23.576225519935498
358.1666666666667 24.020752819184857 23.572197910165503
358.66666666666663 24.015952297452472 23.568166559290184
359.1666666666667 24.011141944117114 23.5641668260022
359.6666666666667 24.006366773567205 23.56014508761795
