FastTrWP/PhaseSpace/IAs/snIa_0.51_30.00_0.24_-0.08.csv
# %ECSV 0.9
# ---
# datatype:
# - {name: time-rel, datatype: float64}
# - {name: g, datatype: float64}
# - {name: i, datatype: float64}
# schema: astropy-2.0
time-rel g i
[from data line 1012]
653.1875 23.164789519767286 22.461323341012314
653.6875 23.165528020250882 22.461052422880027
654.1875 23.16628980365076 22.460785386409164
654.6875 23.16704960079325 22.460517681043676
655.1875 23.167810629695346 22.460247569885073
655.6875 23.168576150434234 22.45999007695856
656.1875 23.16935338225796 22.459734121092907
656.6875 23.17012913663147 22.45946840010837
657.1875 23.170917358838963 22.45921874473452
657.6875 23.171707851867474 22.458958463506292
658.1875 23.172497386043254 22.458705597674072
658.6875 23.173294353338548 22.458452780380874
659.1875 23.174093308333298 22.458208408117898
659.6875 23.174907534964827 22.457960275987077
660.1875 23.175719477792352 22.457715997307815
660.6875 23.17654873240191 22.45748152382582
661.1875 23.177361389980277 22.457240487076934
661.6875 23.178207492415183 22.457000444497726
662.1875 23.179041569144196 22.45676165637267
662.6875 23.179890747572315 22.456529808673057
663.1875 23.18074418716959 22.456296922902638
663.6875 23.18159743123605 22.456075289417036
664.1875 23.182459515016497 22.455842445326514
664.6875 23.18334190223237 22.45561191754451
665.1875 23.184214228653445 22.455394002578856
665.6875 23.185098032609766 22.455164782834917
666.1875 23.18599309316326 22.454957283766426
666.6875 23.186887743743178 22.454733963083573
667.1875 23.187791403163764 22.454528211169077
667.6875 23.18869918708756 22.454308604739698
668.1875 23.189609145207967 22.45409300424854
668.6875 23.190530664560182 22.453882549792432
669.1875 23.19144540587553 22.453675809166608
669.6875 23.192377794642773 22.4534700220312
670.1875 23.193317675626265 22.45326683691395
670.6875 23.19424771945689 22.453063873050674
671.1875 23.195201226482514 22.452866862079812
671.6875 23.196144765381334 22.452675733189853
672.1875 23.197098443387954 22.452475268857167
672.6875 23.198053875424954 22.45228058694166
673.1875 23.19902579575906 22.452089168313293
673.6875 23.2000008109663 22.45189597964936
674.1875 23.20096574141566 22.45171245794346
674.6875 23.20195436355001 22.451531271284328
675.1875 23.202923269618676 22.45133925215232
675.6875 23.203913179751034 22.451165217747445
676.1875 23.204908600991715 22.450983923342744
676.6875 23.205906077152754 22.45080502962718
677.1875 23.206910469786695 22.450621645823915
677.6875 23.207912531736504 22.450450401727252
678.1875 23.208918582417137 22.450274279469816
678.6875 23.20993674569027 22.450109789141628
679.1875 23.21094454435734 22.449940493625895
679.6875 23.211976919278136 22.449772207968767
680.1875 23.21299287294442 22.449612799372893
680.6875 23.214028201969114 22.449455254998078
681.1875 23.21505403039073 22.449287436398407
681.6875 23.216079328952908 22.449130577684542
682.1875 23.217129646777508 22.448974547408902
682.6875 23.218164114990056 22.44881438410426
683.1875 23.21920849428247 22.448666200277884
683.6875 23.220264001056652 22.44851368232259
684.1875 23.221313841214286 22.448363679044242
684.6875 23.222379794113408 22.448212152064826
685.1875 23.223420636133977 22.448072638550723
685.6875 23.22449234239087 22.447926501482915
686.1875 23.22554801048341 22.447783161833968
686.6875 23.226615030374976 22.447645701729293
687.1875 23.227676500386707 22.447510143377414
687.6875 23.22874937051649 22.447372763906912
688.1875 23.229829622609543 22.44723502672564
688.6875 23.230908652516142 22.447107873169237
689.1875 23.231982403454786 22.446980389212982
689.6875 23.23305308224318 22.446851754491583
690.1875 23.234142342432822 22.44672513170859
690.6875 23.235223601408226 22.446598742645925
691.1875 23.236305661538083 22.446476666277132
691.6875 23.237389992185133 22.44635431766827
692.1875 23.238488810282956 22.446238414397595
692.6875 23.23957821153449 22.44612289423532
693.1875 23.24066900138659 22.44600093511633
693.6875 23.241763976628537 22.44588847369661
694.1875 23.242862515566696 22.44577869134954
694.6875 23.243955858830738 22.445670959443408
695.1875 23.24505347223034 22.445557662974032
