FastTrWP/PhaseSpace/IAs/snIa_0.56_30.00_-0.58_0.24.csv
# %ECSV 0.9
# ---
# datatype:
# - {name: time-rel, datatype: float64}
# - {name: g, datatype: float64}
# - {name: i, datatype: float64}
# schema: astropy-2.0
time-rel g i
[from data line 288]
344.2916666666667 25.019502643980896 23.13709901538019
344.7916666666667 25.01496251670368 23.1339931831057
345.2916666666667 25.010427077570235 23.13088103995378
345.7916666666667 25.005923374007644 23.12779310886384
346.2916666666667 25.00141660259893 23.124695673628896
346.7916666666667 24.99691851943535 23.12159595262779
347.2916666666667 24.992430149383562 23.11850726767355
347.7916666666667 24.98793740802828 23.1154108548651
348.2916666666667 24.98345906145497 23.112337179640498
348.7916666666667 24.97897146158823 23.109248745198357
349.2916666666667 24.9745515084808 23.106180373519525
349.7916666666667 24.970081927758415 23.103107348898053
350.2916666666667 24.965606293359315 23.10004367137796
350.7916666666667 24.96118798180727 23.096986246856286
351.2916666666667 24.956786519119305 23.093922927823385
351.7916666666667 24.9523521464846 23.09086991480999
352.2916666666667 24.947964225070393 23.0878152621472
352.7916666666667 24.943524602119417 23.084768354410123
353.2916666666667 24.939158985203985 23.08172781166437
353.7916666666667 24.934752586974458 23.078683754606956
354.2916666666667 24.93037504094727 23.075654577258874
354.7916666666667 24.926025379953565 23.072617343393638
355.2916666666667 24.921626364490244 23.06957792685398
355.7916666666667 24.917273347385624 23.06656434996617
356.2916666666667 24.912953485947295 23.06354427041493
356.7916666666667 24.90861672380513 23.060522230864557
357.2916666666667 24.904246525847658 23.057510262043152
357.7916666666667 24.89993268457468 23.054510580949138
358.2916666666667 24.89562645367069 23.051498101768914
358.7916666666667 24.891328508073318 23.048487599204968
359.2916666666667 24.887027313136528 23.04549773953326
359.7916666666667 24.882701985415835 23.042491898764883
360.2916666666667 24.878411033618043 23.039499726871504
360.7916666666667 24.87410759425121 23.036500195800286
361.29166666666663 24.869809742700056 23.03349802085603
361.7916666666667 24.865451999832295 23.03050478711168
362.2916666666667 24.8611134226592 23.027502326933966
362.79166666666663 24.85680927919013 23.024499532275406
363.2916666666667 24.852482800589417 23.02149694527536
363.7916666666667 24.848158525350957 23.018497404205345
364.29166666666663 24.84381980042113 23.015490916993258
364.7916666666667 24.83948622329773 23.012497563277176
365.2916666666667 24.83517683846633 23.00949071692854
365.79166666666663 24.830808623806973 23.00649316921268
366.2916666666667 24.826473399705034 23.00349292618382
366.7916666666667 24.822150653468267 23.00050458953806
367.29166666666663 24.81780896210634 22.99750873119235
367.7916666666667 24.81347999147543 22.994510259484233
368.2916666666667 24.80916670087317 22.991522052555045
368.79166666666663 24.804833234552675 22.988531150503626
369.2916666666667 24.800538852851922 22.985551143760272
369.7916666666667 24.796219304833564 22.982563001637818
370.29166666666663 24.791931835566476 22.979593796062844
370.7916666666667 24.787641539447183 22.976607315333414
371.2916666666667 24.783344960336443 22.973636772620516
371.79166666666663 24.779039555568517 22.97066715632612
372.2916666666667 24.77478486557724 22.967697871854682
372.7916666666667 24.77051027383399 22.964741086955303
373.29166666666663 24.766261448371086 22.961786886300676
373.7916666666667 24.762032564098316 22.9588313286203
374.2916666666667 24.757784073556465 22.955889661686864
374.79166666666663 24.75356764527977 22.952941736846576
375.2916666666667 24.749334739158382 22.950003390662733
375.7916666666667 24.745140768273117 22.947074639682835
376.29166666666663 24.740949834344022 22.944145460378063
376.7916666666667 24.73677528415982 22.941218336628584
377.2916666666667 24.73260835091679 22.93830696961889
377.79166666666663 24.728458529467844 22.935407922865814
378.2916666666667 24.724339627023696 22.932499348610627
378.7916666666667 24.720194407197017 22.929596927640024
379.29166666666663 24.716105398015976 22.926704659951298
379.7916666666667 24.712007433754234 22.92382056349374
380.2916666666667 24.707936872685554 22.9209578798708
380.79166666666663 24.70388009517813 22.918086240993212
381.2916666666667 24.699810080563935 22.915216601767746
381.7916666666667 24.69579242993454 22.912363388714525
382.29166666666663 24.691783889674394 22.909517383447536
382.7916666666667 24.687798966374412 22.906674910517868
383.2916666666667 24.683803682187072 22.903836603936426
383.79166666666663 24.679863313527402 22.901017035437295
384.2916666666667 24.67592136102905 22.898208083636746
384.7916666666667 24.672028251053252 22.89539886752548
385.29166666666663 24.668137258273227 22.892599662404916
385.7916666666667 24.664243120015776 22.889807550456712
386.2916666666667 24.66039584666758 22.88702832159401
386.79166666666663 24.656541122237684 22.884256312977996
387.2916666666667 24.652723728236342 22.88149469527732
387.7916666666667 24.648942877425924 22.878739144286328
388.29166666666663 24.645156857217323 22.875999360804208
388.7916666666667 24.641411484227554 22.873254848028605
389.2916666666667 24.637677208055155 22.87053782480422
389.79166666666663 24.633974214157487 22.867824919075193
390.2916666666667 24.630309069531474 22.865109668744793
390.7916666666667 24.62663444689356 22.862430007017103
391.29166666666663 24.622986843797246 22.859734397875087
391.7916666666667 24.61938379042355 22.85706874716025
392.2916666666667 24.61578607997149 22.85439705955095
392.79166666666663 24.6122131087412 22.85174872594048
393.2916666666667 24.60868849921587 22.849110021867208
393.7916666666667 24.605155880247786 22.846467371387533
394.29166666666663 24.601673000890152 22.843856461976856
394.7916666666667 24.598187681697183 22.841239408536566
395.2916666666667 24.5947615598244 22.838641540042453
395.79166666666663 24.591327843898732 22.836061650999
396.2916666666667 24.587964992261924 22.833485983146392
396.7916666666667 24.584597659173344 22.83091348340529
397.29166666666663 24.581255662531476 22.828361756140122
397.7916666666667 24.577928263842065 22.825818848668163
398.2916666666667 24.574599689691272 22.823276427467523
398.79166666666663 24.57130065231275 22.820731064607568
399.2916666666667 24.56800626448174 22.81819901609157
399.7916666666667 24.56467511402884 22.8156744001754
400.29166666666663 24.561413055133812 22.813153452604457
400.7916666666667 24.55814928052421 22.810631329871896
401.2916666666667 24.554902905105095 22.80811773666371
401.79166666666663 24.55163517840593 22.80561484968017
402.2916666666667 24.54840959058711 22.80311324881439
402.7916666666667 24.54515991598335 22.800617390446128
403.29166666666663 24.541928714077986 22.798127626443318
403.7916666666667 24.538729723855177 22.79563973988808
404.2916666666667 24.535541622788514 22.79315804608642
404.79166666666663 24.53234461070196 22.790681856933954
405.2916666666667 24.52918451995729 22.788214189565124
405.7916666666667 24.526001463841137 22.785758164468504
406.29166666666663 24.522853837761044 22.783293858926047
406.7916666666667 24.519733138374313 22.78084955336993
407.2916666666667 24.516588220453205 22.77840511561461
407.79166666666663 24.51347463621273 22.77596026461581
408.2916666666667 24.510368025657883 22.77353542937004
408.7916666666667 24.50728488629258 22.77110650947622
409.29166666666663 24.504203532371793 22.768683944180616
409.7916666666667 24.501149572219095 22.766268912033922
410.2916666666667 24.49811146535504 22.763866648501192
410.79166666666663 24.495055105838226 22.761469495033282
411.2916666666667 24.492044902710006 22.75907845225127
411.7916666666667 24.489033142042643 22.75669446686791
412.29166666666663 24.48603977408358 22.754298875511864
412.7916666666667 24.483055347142727 22.75193450905215
413.2916666666667 24.480083447361324 22.749559009466985
413.79166666666663 24.477137894420554 22.74721357064998
414.2916666666667 24.474185621032763 22.744855902955212
414.7916666666667 24.47127754254509 22.742503086096974
415.29166666666663 24.468347898939076 22.74016820720079
415.7916666666667 24.465467646803212 22.737841773975674
416.2916666666667 24.462582398277533 22.73551380440523
416.79166666666663 24.459709725494108 22.733193637073622
417.2916666666667 24.456863824264218 22.73088144697491
417.7916666666667 24.454031116178676 22.728582170982364
418.29166666666663 24.45119355802945 22.726285906757028
418.7916666666667 24.448395925723958 22.724004002669677
419.2916666666667 24.445614341241424 22.721727334403916
419.79166666666663 24.442819116760276 22.719446005389372
420.2916666666667 24.440074071447214 22.717182545616936
420.7916666666667 24.43733606011181 22.714922603562524
421.29166666666663 24.434617967457513 22.7126678171507
421.7916666666667 24.431892796567304 22.71043268039021
422.2916666666667 24.429215843065535 22.70818956668574
422.79166666666663 24.42651812192652 22.705967381629666
423.2916666666667 24.423876723274137 22.70375131418474
423.7916666666667 24.421235304197836 22.70153851425586
424.29166666666663 24.41860097782451 22.69933951780024
424.7916666666667 24.415996846714098 22.69714294271971
425.2916666666667 24.41340199740147 22.694957110816517
425.79166666666663 24.410837082979988 22.69278140985922
426.2916666666667 24.40826020444161 22.69060072550729
426.7916666666667 24.40570656171427 22.688447430746255
427.29166666666663 24.403186216776653 22.686292318091912
427.7916666666667 24.40068923355036 22.6841442971455
428.2916666666667 24.39819384914887 22.682003186582918
428.79166666666663 24.395710544045457 22.679875168724823
429.2916666666667 24.393264145473587 22.677756523584787
429.7916666666667 24.390830516091377 22.67564584012166
430.29166666666663 24.388407835955288 22.67354093516971
430.7916666666667 24.386018165252583 22.67145401256343
431.2916666666667 24.383623179815036 22.66935589988508
431.79166666666663 24.38125455333559 22.667286680054055
432.2916666666667 24.37892717161739 22.665210305951202
432.7916666666667 24.37659531289522 22.663146727645827
433.29166666666663 24.374282821772365 22.66109973031938
433.7916666666667 24.372001192343635 22.659051657248945
434.2916666666667 24.36973433219325 22.65702432646412
434.79166666666663 24.367474933606434 22.654997134219492
435.2916666666667 24.365231721658468 22.65298537225444
435.7916666666667 24.363006776071444 22.65096700761913
436.29166666666663 24.36080323224667 22.648962931466357
436.7916666666667 24.358582343874634 22.646959854397064
437.2916666666667 24.35639751489091 22.64496853402489
437.79166666666663 24.354221292049154 22.64298299042782
438.2916666666667 24.35206791017924 22.64098832570623
438.7916666666667 24.349893859334024 22.639021354532822
439.29166666666663 24.347768006686973 22.63705942697541
439.7916666666667 24.345626664876786 22.635096710436656
440.2916666666667 24.343526296941125 22.633143924319814
440.79166666666663 24.341426755129486 22.63119223541755
441.2916666666667 24.33933327852046 22.629246487117708
441.7916666666667 24.337261975459803 22.627320072395108
442.29166666666663 24.33520199937158 22.625386417175157
442.7916666666667 24.33314268521533 22.62346714944623
443.2916666666667 24.331095268229355 22.62154480958848
443.79166666666663 24.32907245336007 22.619630980434046
444.2916666666667 24.32706111175448 22.617728236695513
444.7916666666667 24.325046587196105 22.615833635339794
445.29166666666663 24.323057364886562 22.613940020548906
445.7916666666667 24.321096786116357 22.612057009110536
446.2916666666667 24.319108863007123 22.610176028810038
446.79166666666663 24.317164200438025 22.608298926087613
447.2916666666667 24.31522484859748 22.60642715054724
447.7916666666667 24.313301186419373 22.60456926307522
448.29166666666663 24.311372673191993 22.602719955808
448.7916666666667 24.309481464056365 22.600867059012746
449.2916666666667 24.30756473155317 22.59901746360346
449.79166666666663 24.305679675051962 22.597188661915524
450.2916666666667 24.303825303288885 22.59534934635922
450.7916666666667 24.301959986876895 22.593525526453423
451.29166666666663 24.3001139603072 22.591699025754558
451.7916666666667 24.29829029439009 22.589892968530858
452.2916666666667 24.296466592971534 22.588086499941035
452.79166666666663 24.294660892242106 22.586287534341007
453.2916666666667 24.29285197013629 22.5844876797747
453.7916666666667 24.291071440276255 22.582704184561923
454.29166666666663 24.289284824605268 22.58091983662125
454.7916666666667 24.287538260995465 22.579138077322888
455.2916666666667 24.2857844365667 22.577374152133025
455.79166666666663 24.284030330347516 22.5756012235836
456.2916666666667 24.282309228705074 22.573844244336605
456.7916666666667 24.28058853174639 22.572085212661545
457.29166666666663 24.278889328568546 22.570341377953618
457.7916666666667 24.277205095480646 22.568593850260545
458.2916666666667 24.275516958689764 22.566856174746135
458.79166666666663 24.273844704863503 22.565131372629835
459.2916666666667 24.27219119978235 22.563403369323453
459.7916666666667 24.270554723988468 22.561685784133324
460.29166666666663 24.2689128929621 22.559970153588772
460.7916666666667 24.2672979256784 22.55826560686661
461.2916666666667 24.265680309307083 22.55656225205081
461.79166666666663 24.264095323140097 22.55486599702117
462.2916666666667 24.26251314353624 22.553173946827904
462.7916666666667 24.260914381768124 22.55148923850697
463.29166666666663 24.259362726033842 22.549813218523735
463.7916666666667 24.257809078409444 22.54814104452486
464.2916666666667 24.256266481487792 22.546468155048167
464.79166666666663 24.25472510508022 22.54480768724713
465.2916666666667 24.253213912695664 22.543151232514163
465.7916666666667 24.251709471051317 22.541493922078235
466.29166666666663 24.250224271450026 22.539852948241577
466.7916666666667 24.248719381422358 22.538209034214844
467.2916666666667 24.24724806519519 22.536573553920213
467.79166666666663 24.24579716005075 22.534950414690403
468.2916666666667 24.24434541409491 22.533324226241533
468.7916666666667 24.242902473291764 22.5317086244311
469.29166666666663 24.2414860857402 22.53008897657015
469.7916666666667 24.240078945829325 22.528482536812025
470.2916666666667 24.23866328634756 22.52688827837522
470.79166666666663 24.237292685593793 22.5252900387933
471.2916666666667 24.235902476904045 22.523700317142676
471.7916666666667 24.23453998256356 22.5221142941799
472.29166666666663 24.2331659831807 22.520532267740805
472.7916666666667 24.231811050677177 22.51896577660569
473.2916666666667 24.230494845394688 22.517395425601844
473.79166666666663 24.229167514596533 22.515827989672236
474.2916666666667 24.227823416238728 22.514268060750865
474.7916666666667 24.226524784460963 22.512706961213006
475.29166666666663 24.225216303162995 22.51115694391702
475.7916666666667 24.22394303850986 22.509617600726514
476.2916666666667 24.2226512123333 22.508068512196534
476.79166666666663 24.221376670989827 22.506537084103808
477.2916666666667 24.22011483434989 22.505003097909512
477.7916666666667 24.218851437108995 22.50347440955921
478.29166666666663 24.217604364674727 22.50195862385621
478.7916666666667 24.216378115231358 22.5004360182172
479.2916666666667 24.21514852600314 22.498926113014676
479.79166666666663 24.213937477306295 22.497419396063876
480.2916666666667 24.21272542791961 22.495914523921794
480.7916666666667 24.21153639299359 22.49442296083795
481.29166666666663 24.210344329909063 22.492925776442114
481.7916666666667 24.209185431139883 22.491435736835275
482.2916666666667 24.208001338719207 22.489946087759588
482.79166666666663 24.206853842036608 22.488478681521784
483.2916666666667 24.205705193598334 22.48699825920067
483.7916666666667 24.204576148945847 22.485531649608017
484.29166666666663 24.20343870496388 22.484069753372747
484.7916666666667 24.202299857160106 22.482606742261186
485.2916666666667 24.201205767625787 22.481154544731506
485.79166666666663 24.200112801708443 22.47970392501843
486.2916666666667 24.199028006203168 22.47825138989287
486.7916666666667 24.197952018065195 22.476816838844478
487.29166666666663 24.196875864215563 22.475382819556707
