FastTrWP/PhaseSpace/IAs/snIa_0.44_30.00_0.35_-0.04.csv
# %ECSV 0.9
# ---
# datatype:
# - {name: time-rel, datatype: float64}
# - {name: g, datatype: float64}
# - {name: i, datatype: float64}
# schema: astropy-2.0
time-rel g i
[from data line 2394]
1370.875 25.48257530488808 23.275810973481764
1371.375 25.484466385744994 23.27645476617387
1371.875 25.48632179597692 23.277121120485823
1372.375 25.488192421151314 23.27778065149104
1372.875 25.490092303152313 23.27844060209795
1373.375 25.491968447518715 23.279092018295707
1373.875 25.49382582022733 23.27975913451553
1374.375 25.495682855576472 23.280422842933245
1374.875 25.4975906090715 23.28108135312644
1375.375 25.499436656666212 23.281738184061865
1375.875 25.50130007285506 23.28239956599825
1376.375 25.503187385484644 23.28307153950378
1376.875 25.50508069298307 23.28372360321197
1377.375 25.506923079493507 23.284378741300266
1377.875 25.508819373836324 23.285034450751027
1378.375 25.51064242819779 23.28568592729213
1378.875 25.512517284923426 23.286352089662895
1379.375 25.514406841479765 23.287003223938868
1379.875 25.51627532239526 23.287660111507904
1380.375 25.518143226954827 23.28831944482884
1380.875 25.520022579634105 23.288976007590204
1381.375 25.521846388958718 23.289621268626476
1381.875 25.52372065689926 23.290285411759953
1382.375 25.525596955875763 23.29092670420637
1382.875 25.52747259948142 23.291593075230715
1383.375 25.52935728983794 23.29224640849144
1383.875 25.531186127260874 23.29289810986678
1384.375 25.53305908397627 23.293547985225835
1384.875 25.5349237088711 23.294197365052526
1385.375 25.536784381199006 23.294847528136714
1385.875 25.53864634615872 23.295500626401065
1386.375 25.54052437899057 23.296153154044855
1386.875 25.54238036966062 23.29679981565121
1387.375 25.544252103009796 23.297457243093884
1387.875 25.54609715498095 23.29809692410617
1388.375 25.54795509909047 23.29875128860946
1388.875 25.54981620880163 23.299394602417102
1389.375 25.551707358060533 23.300039638368432
1389.875 25.55354705011416 23.300687718400624
1390.375 25.555434653387266 23.301335726048848
1390.875 25.55729167160417 23.301989765592694
1391.375 25.559143392169194 23.302632045319413
1391.875 25.560983506864257 23.30327374103373
1392.375 25.562884604753386 23.303918748929576
1392.875 25.56472495533123 23.30455883461458
1393.375 25.566584587676893 23.305204364429947
1393.875 25.56844830585358 23.305840225611902
1394.375 25.57033589406061 23.306497174681997
1394.875 25.572183009610114 23.307138840210616
1395.375 25.574020636612666 23.30776529829143
1395.875 25.57589680651986 23.308416186607293
1396.375 25.577755283392275 23.309050670451903
1396.875 25.57959623660052 23.309693197133555
1397.375 25.581461928408412 23.31032930702197
1397.875 25.583307445094256 23.310971597675902
1398.375 25.58516688714031 23.31161733648942
1398.875 25.587015561925202 23.312241353479543
1399.375 25.588892952512865 23.312898159361417
1399.875 25.59073718168191 23.313529254310676
1400.375 25.592585512110148 23.314176377843324
1400.875 25.59445016650862 23.31481132200389
1401.375 25.59627529170282 23.315451869238316
1401.875 25.598127959679744 23.316087960376727
1402.375 25.599981476482128 23.316729543605078
1402.875 25.60183920368798 23.317368895376735
1403.375 25.603680305513787 23.31800626104229
1403.875 25.605515541709064 23.318634298811393
1404.375 25.607353018046453 23.319283145825594
1404.875 25.60921008725328 23.319916947264705
1405.375 25.61107814864532 23.320553270906004
1405.875 25.612926314291904 23.32119074540421
1406.375 25.614751098224772 23.32183517597725
1406.875 25.616584822750145 23.32246958766578
1407.375 25.61841838238246 23.32311153499019
1407.875 25.62025971304469 23.32373791566158
1408.375 25.622081029919613 23.324372350433226
1408.875 25.623936369020903 23.325027436597367
1409.375 25.625741358170266 23.325661506707995
1409.875 25.627598470196922 23.3262880103937
1410.375 25.629429366891475 23.32692325412582
1410.875 25.631265577947183 23.327571625490393
1411.375 25.63310036540023 23.32820998224414
1411.875 25.63491770107904 23.32883884605807
1412.375 25.636723145455925 23.32948074518631
1412.875 25.638538157570267 23.330109489259087
1413.375 25.640376334199424 23.33075517850364
1413.875 25.642220613766856 23.331400929499488
