FastTrWP/PhaseSpace/IAs/snIa_0.57_30.00_-1.03_-0.05.csv
# %ECSV 0.9
# ---
# datatype:
# - {name: time-rel, datatype: float64}
# - {name: g, datatype: float64}
# - {name: i, datatype: float64}
# schema: astropy-2.0
time-rel g i
189.08333333333334 26.994963756787833 24.946513869244452
189.58333333333334 26.9768646645084 24.939025300555304
190.08333333333331 26.95895190790386 24.9315841678941
190.58333333333334 26.94121582386618 24.924130875427444
191.08333333333334 26.923718042905502 24.916744047352108
191.58333333333331 26.906437205331912 24.909365956030264
192.08333333333334 26.889303543551776 24.902050884934596
192.58333333333334 26.87229331253079 24.894724971807854
193.08333333333331 26.85556619224272 24.8874662988812
193.58333333333334 26.839017904393323 24.880246905463682
194.08333333333334 26.82254674687554 24.872987585584227
194.58333333333331 26.80632165409202 24.865806880648066
195.08333333333334 26.79026626932957 24.858646243612302
195.58333333333334 26.77428630442804 24.851525742215422
196.08333333333331 26.75852687861678 24.844427786148444
196.58333333333334 26.742892485268573 24.837344338021477
197.08333333333334 26.727376729697475 24.83026911066609
197.58333333333331 26.712058269657263 24.82328756796504
198.08333333333334 26.696811040590656 24.81629789073606
198.58333333333334 26.68173963459134 24.809336630353044
199.08333333333331 26.666825398068124 24.802395998722243
199.58333333333334 26.65199372033861 24.795498009644387
200.08333333333334 26.63728121884201 24.788598819153414
200.58333333333331 26.622701580736553 24.78173616165951
201.08333333333334 26.60829246172888 24.774919951447597
201.58333333333334 26.593925364134737 24.768124286500655
202.08333333333331 26.579723888994362 24.761347649437468
202.58333333333334 26.565557813545052 24.75459738994813
203.08333333333334 26.551564377065652 24.74787977527528
203.58333333333331 26.537672703488923 24.741184238626886
204.08333333333334 26.52386941336929 24.734504780040226
204.58333333333334 26.510152212314328 24.727857015733008
205.08333333333331 26.496590160667004 24.721207589436993
205.58333333333334 26.48310755386379 24.714645976618996
206.08333333333334 26.4697094709366 24.708058672801585
206.58333333333331 26.456442499423858 24.70152863391789
207.08333333333334 26.443161356258873 24.694982529230426
207.58333333333334 26.430028142156413 24.688494350897905
208.08333333333331 26.417009439033702 24.68202582456155
208.58333333333334 26.40414840290549 24.67558306728271
209.08333333333334 26.391354580344295 24.669143009583202
209.58333333333331 26.378657182990032 24.66274888187079
210.08333333333334 26.366132750835675 24.656373572217586
210.58333333333334 26.353649078889106 24.650024118527597
211.08333333333331 26.34126685122284 24.6436796501998
211.58333333333334 26.32907105995782 24.637369713335
212.08333333333334 26.316917406703165 24.63107797537111
212.58333333333331 26.304865787797112 24.62481293756383
213.08333333333334 26.292916551524897 24.618586106730337
213.58333333333334 26.281049759271404 24.612338427527764
214.08333333333331 26.26923716823532 24.60615589551242
214.58333333333334 26.257546408150322 24.599974913611334
215.08333333333334 26.245971127407234 24.593811307316024
215.58333333333331 26.234420769148596 24.587665166089558
216.08333333333334 26.222952448286406 24.581568717172054
216.58333333333334 26.211602120052934 24.575453742429335
217.08333333333331 26.200308183355048 24.569382371956646
217.58333333333334 26.18910203372616 24.563310474647974
218.08333333333334 26.178009430165915 24.557274008752263
218.58333333333331 26.16691626349369 24.551274937609588
219.08333333333334 26.15588284635455 24.545268605905967
219.58333333333334 26.144960111807862 24.53928962316097
220.08333333333331 26.1340916425141 24.533335501408715
220.58333333333334 26.123311203632543 24.527394722043677
221.08333333333334 26.1125716952567 24.521454515892096
221.58333333333331 26.101909471467835 24.515564578470944
222.08333333333334 26.09125188733831 24.509682352988087
222.58333333333334 26.080685575338904 24.503811278101722
223.08333333333331 26.070199639840645 24.497971432045066
223.58333333333334 26.05973897467137 24.492134057453555
224.08333333333334 26.04935693886076 24.486322943345286
224.58333333333331 26.039019077128636 24.48053731984062
225.08333333333334 26.028784727545037 24.47475585105538
225.58333333333334 26.018517146659953 24.46900469412478
226.08333333333331 26.00833645495713 24.46324735235194
226.58333333333334 25.998173984213526 24.457518151279306
227.08333333333334 25.98810213650946 24.45182457181875
227.58333333333331 25.97809968064692 24.44613379914466
228.08333333333334 25.96806379757909 24.440446387420458
228.58333333333334 25.958144352390775 24.43476927710929
229.08333333333331 25.948211774097658 24.429140386544116
229.58333333333334 25.938332015027147 24.423525191149196
230.08333333333334 25.92856331229571 24.41790703635261
230.58333333333331 25.91877375585947 24.412334875532874
231.08333333333334 25.909054530306 24.406729067317173
231.58333333333334 25.89933876247908 24.401177888965933
232.08333333333331 25.889667923582135 24.39564118309567
232.58333333333334 25.88002718178477 24.390107329363758
233.08333333333334 25.870470333332687 24.384581949112444
233.58333333333334 25.86089690385213 24.379089533425493
234.08333333333334 25.85138226261609 24.373591271615854
234.58333333333334 25.84191351212648 24.36812316356217
235.08333333333334 25.832465727056363 24.362676031769375
235.58333333333334 25.82305329347459 24.357230573798397
236.08333333333334 25.813668086923286 24.351809228674036
236.58333333333334 25.804305841534003 24.34638800371684
237.08333333333334 25.795007571885673 24.340987159090666
237.58333333333334 25.78571259250881 24.335603302341667
238.08333333333334 25.776485917668687 24.33022951502652
238.58333333333334 25.767260653607597 24.324868397404632
239.08333333333334 25.758062000277203 24.31954017688955
239.58333333333334 25.748876879759788 24.31422272908104
240.08333333333334 25.73972873013661 24.308905630904476
240.58333333333334 25.730621590967814 24.303604230331125
241.08333333333334 25.721540201637016 24.298310198438756
241.58333333333334 25.712486806632352 24.293040452466897
242.08333333333334 25.703450191421204 24.28777284635739
242.58333333333334 25.694483280880156 24.282540032148816
243.08333333333334 25.685443274041013 24.27729149358673
243.58333333333334 25.676485247400755 24.272064355104042
244.08333333333334 25.66757195422334 24.26686649651515
244.58333333333334 25.658658516443907 24.261659909072204
245.08333333333334 25.649766912887834 24.256478819356282
245.58333333333334 25.640895527608834 24.251308020811436
246.08333333333334 25.632084867438284 24.246147858133615
246.58333333333334 25.62326721252986 24.241029610232026
247.08333333333334 25.614519072098343 24.235902238944735
247.58333333333334 25.605761456591807 24.2307682915768
248.08333333333334 25.597076873603246 24.225668288780895
248.58333333333334 25.588423008443574 24.220570917149104
249.08333333333334 25.57976254931522 24.215503677334013
249.58333333333334 25.57117798410154 24.21043602919774
250.08333333333334 25.56258378992442 24.205395509499287
250.58333333333334 25.554067721043 24.200345121745706
251.08333333333334 25.54558022577085 24.195330902868374
251.58333333333334 25.537092181247488 24.190308558672626
252.08333333333334 25.528651713923555 24.185320930789224
252.58333333333334 25.52021556103764 24.18034850726694
253.08333333333334 25.511864865036515 24.175365564667825
253.58333333333334 25.503487157897844 24.17040158149367
254.08333333333334 25.49516474867307 24.165460428359463
254.58333333333334 25.486869277090634 24.16051960831172
255.08333333333334 25.47858602156086 24.15559295989778
255.58333333333334 25.470370729287776 24.15068354120407
256.0833333333333 25.46217283264709 24.145775033311295
256.5833333333333 25.45399289804639 24.140895614297865
257.0833333333333 25.445845604078578 24.1360226715845
257.5833333333333 25.437712963801367 24.13114466673315
258.0833333333333 25.429642882585426 24.126309942415702
258.5833333333333 25.42156334024733 24.121464468668794
259.0833333333333 25.41353876228339 24.116636531160438
259.5833333333333 25.40553510183708 24.11182451669889
260.0833333333333 25.397524272193156 24.10700929255013
260.5833333333333 25.389580800727927 24.102217130673754
261.0833333333333 25.38167363641381 24.097436961132836
261.5833333333333 25.373794866420173 24.092647208855627
262.0833333333333 25.365928856577916 24.087892477463964
262.5833333333333 25.358102273442377 24.083146746306916
263.0833333333333 25.350264171725673 24.078407626180407
263.5833333333333 25.342469707581596 24.073677833864615
264.0833333333333 25.3347002313703 24.068972216728316
264.5833333333333 25.326960329178675 24.064248057957226
265.0833333333333 25.319279822936927 24.059542931236997
265.5833333333333 25.311569022173078 24.05487074750518
266.0833333333333 25.30390354606236 24.050171991298445
266.5833333333333 25.29628702556661 24.045503769627867
267.0833333333333 25.28870662876036 24.040865642962732
267.5833333333333 25.281090858149366 24.03621796109625
268.0833333333333 25.273549024965224 24.031587498131586
268.5833333333333 25.266006817661616 24.026957100845717
269.0833333333333 25.258505901960152 24.02232757228356
269.5833333333333 25.25104869861928 24.017737889966387
270.0833333333333 25.243574465612557 24.0131516245902
270.5833333333333 25.23613378005667 24.008546250548672
271.0833333333333 25.22874263701603 24.003992935255614
271.5833333333333 25.221338752577086 23.99941939624683
272.0833333333333 25.21396548121694 23.99485779472524
272.5833333333333 25.20666469664579 23.990319587204052
273.0833333333333 25.199344291390776 23.985773238267125
273.5833333333333 25.192047071152402 23.981246700186464
274.0833333333333 25.184789194229573 23.976741142308335
274.5833333333333 25.177556236772322 23.972239717143818
275.0833333333333 25.17032280563337 23.967738203577355
275.5833333333333 25.163145140150416 23.963240856305443
276.0833333333333 25.155963202359324 23.958753806519088
276.5833333333333 25.148803209305584 23.954297209802142
277.0833333333333 25.141699721133513 23.949849332702566
277.5833333333333 25.134585747559377 23.945374220719703
278.0833333333333 25.1275012185641 23.940940058601868
278.5833333333333 25.120429692329466 23.93650484608953
279.0833333333333 25.1134040507948 23.932060736047976
279.5833333333333 25.106398416657314 23.927657877759636
280.0833333333333 25.099390693377792 23.92324466609175
280.5833333333333 25.092424450260875 23.91884756586925
281.0833333333333 25.085459677259433 23.914457797148906
281.5833333333333 25.07854555911717 23.910085033974173
282.0833333333333 25.07164899939392 23.90570423846644
282.5833333333333 25.064735548967136 23.90133592329743
283.0833333333333 25.057901860782042 23.89698753454175
283.5833333333333 25.0510536050022 23.892631643846624
284.0833333333333 25.04420987568342 23.88829608002352
284.5833333333333 25.037406196679328 23.883968281264703
285.0833333333333 25.03065309518721 23.879655161737674
285.5833333333333 25.023882756694206 23.87535733423451
286.0833333333333 25.0171377089727 23.871049045095056
286.5833333333333 25.010421813250435 23.866756883255412
287.0833333333333 25.003764777108138 23.86248088668538
287.5833333333333 24.997066908158992 23.858209712511623
288.0833333333333 24.99043507424584 23.853953129109485
288.5833333333333 24.98378083636804 23.84968944826072
289.0833333333333 24.97718702302788 23.84545319486037
289.5833333333333 24.97058874312412 23.84121654955044
290.0833333333333 24.964011845613477 23.836988856446585
290.5833333333333 24.957475895780703 23.832776456061318
291.0833333333333 24.950921212792206 23.828566658241428
291.5833333333333 24.944418880780326 23.824355642400654
292.0833333333333 24.93789357503108 23.82017813714935
292.5833333333333 24.931452147267258 23.815983089812182
293.0833333333333 24.92497436413484 23.811806322986495
293.5833333333333 24.918544736403533 23.807651082905004
294.0833333333333 24.912152588048876 23.803476449426867
294.5833333333333 24.90573453549566 23.799340366712425
295.0833333333333 24.89934164103483 23.795199076003456
295.5833333333333 24.8929599745251 23.791065140131362
296.0833333333333 24.886621765105915 23.786927696677562
296.5833333333333 24.88029150554736 23.782816218288467
297.0833333333333 24.87396226483142 23.77869380737306
297.5833333333333 24.867687046967035 23.774599000438954
298.0833333333333 24.8614072724352 23.770495055306466
298.5833333333333 24.855164903725054 23.766415328016258
299.0833333333333 24.848914084699096 23.762326939901605
299.5833333333333 24.842675905259043 23.75826219598678
300.0833333333333 24.83646082263679 23.754185868136748
300.5833333333333 24.830276604239195 23.75012769047491
301.0833333333333 24.824125244956065 23.74607816531848
301.5833333333333 24.817956220132125 23.742037017129874
302.0833333333333 24.811799296861317 23.738007792043287
302.5833333333333 24.805678273414923 23.733973147565134
303.0833333333333 24.79956369005944 23.729952414656207
303.5833333333333 24.79347526784865 23.725944860262835
304.0833333333333 24.787410980614894 23.721936120781756
304.5833333333333 24.781343678992876 23.717938548659774
305.0833333333333 24.775289868322623 23.713944923794763
305.5833333333333 24.76926086641432 23.709957486199336
306.0833333333333 24.763249370214723 23.705964972829328
306.5833333333333 24.757261790163348 23.702000330769653
307.0833333333333 24.751277514922325 23.698010987791026
307.5833333333333 24.745281877587487 23.69407064351619
308.0833333333333 24.73933484552463 23.690111752195286
308.5833333333333 24.733417018425776 23.686165703106624
309.0833333333333 24.727468604807697 23.682236349459803
309.5833333333333 24.72156431665934 23.678291770755653
310.0833333333333 24.715676505318722 23.67437599408774
310.5833333333333 24.709802389668575 23.67044780686074
311.0833333333333 24.703921479565235 23.666530762020667
311.5833333333333 24.698060137210952 23.66262594332417
312.0833333333333 24.692228565946664 23.65872136484616
312.5833333333333 24.68640652419772 23.654834403451922
313.0833333333333 24.680612267311798 23.650935284980438
313.5833333333333 24.674815608323986 23.6470504016728
314.0833333333333 24.66902448551925 23.643183524770382
314.5833333333333 24.66325727535866 23.63930827762337
315.0833333333333 24.657495395082133 23.63543648593901
315.5833333333333 24.651766367392575 23.6315815050355
316.0833333333333 24.64604554174969 23.62773192633512
316.5833333333333 24.64029751836513 23.623871201158302
317.0833333333333 24.63460235593033 23.620032742518386
317.5833333333333 24.628918557314673 23.616200490650403
318.0833333333333 24.623236595960915 23.612380903462707
318.5833333333333 24.61758385790298 23.608549790945883
319.0833333333333 24.611948324223366 23.604733057403507
319.5833333333333 24.606304111999243 23.600921638167208
320.0833333333333 24.600683059423176 23.59711154989894
320.5833333333333 24.59505513994026 23.59331520440408
321.0833333333333 24.58945870128032 23.589506493678485
321.5833333333333 24.58389799970853 23.585714812644945
322.0833333333333 24.578315575218458 23.5819400171681
322.5833333333333 24.572758941832895 23.578156812232386
323.0833333333333 24.567221886641004 23.57438194161803
323.5833333333333 24.561700103303057 23.57062510412682
324.0833333333333 24.55619390524255 23.56687629319498
324.5833333333333 24.550697531910846 23.56312704401119
325.0833333333333 24.54520292260538 23.559388260986932
325.5833333333333 24.539715721711808 23.555647197411865
326.0833333333333 24.5342763865809 23.55191898299806
326.5833333333333 24.528807350213068 23.548197157217018
327.0833333333333 24.52338047769583 23.544468096025355
327.5833333333333 24.517954340230823 23.540763670469623
328.0833333333333 24.512546289518685 23.5370515361887
328.5833333333333 24.507144425884285 23.53335037329559
329.0833333333333 24.50177010057963 23.52966059069622
329.5833333333333 24.496397287924875 23.52597194863356
330.0833333333333 24.491039610957074 23.52228896247064
330.5833333333333 24.485678157566007 23.518617953154042
331.0833333333333 24.4803526422915 23.514941146142935
331.5833333333333 24.475034856946078 23.511279634067638
332.0833333333333 24.469742070109955 23.507619611646547
