FastTrWP/PhaseSpace/IAs/snIa_0.68_30.00_-0.61_0.13.csv
# %ECSV 0.9
# ---
# datatype:
# - {name: time-rel, datatype: float64}
# - {name: g, datatype: float64}
# - {name: i, datatype: float64}
# schema: astropy-2.0
time-rel g i
[from data line 1427]
344.5 25.479681183060702 22.336755033337347
344.9999999999999 25.482073966020046 22.3374137235592
345.5 25.48447453454782 22.338067912829395
346.0 25.48685011719495 22.338725108830445
346.4999999999999 25.489267091264367 22.339392333093148
347.0 25.49165560199993 22.340053387234033
347.5 25.494034734035054 22.340717291082782
347.9999999999999 25.496432373891746 22.341384930528015
348.5 25.49882519097075 22.342052412339672
349.0 25.501214946828267 22.342712509390758
349.4999999999999 25.503604714960847 22.343383886561817
350.0 25.505974844402452 22.344049922374573
350.5 25.508374686055024 22.34472377741019
350.9999999999999 25.5107645590298 22.34539980866627
351.5 25.513133731889837 22.346073808249688
352.0 25.515524769272567 22.34674191665514
352.4999999999999 25.51790485123453 22.34741728885541
353.0 25.52029168174723 22.348095503762412
353.5 25.522648586100054 22.348766327737497
353.9999999999999 25.525068034106965 22.349445757673024
354.5 25.52743940538868 22.350124848673417
355.0 25.529789477413498 22.350807902762597
355.4999999999999 25.53219147479197 22.35148653396953
356.0 25.534531907874005 22.352166980612672
356.5 25.53693391086021 22.35284755323899
356.9999999999999 25.539272550932633 22.353532837537813
357.5 25.54165566703778 22.354215522204036
358.0 25.54400547751515 22.354903001090094
358.4999999999999 25.546389151928253 22.35558896733899
359.0 25.54873858165902 22.356285780610378
359.5 25.551115238526574 22.356965206701517
359.9999999999999 25.55343557653993 22.35765457981177
360.5 25.55579990577161 22.358347223142594
361.0 25.5581714205003 22.359035737684128
361.4999999999999 25.560503418434656 22.359728159687858
362.0 25.562878255489963 22.36041834685882
362.5 25.565203112349188 22.361117141812784
362.9999999999999 25.567549790193684 22.361811853232616
363.5 25.569881078923192 22.362503505272514
364.0 25.572218746491117 22.363202611801483
364.4999999999999 25.57454533332021 22.363895383049957
365.0 25.576869898755223 22.364587109727335
365.5 25.579209833162103 22.36529402476121
365.9999999999999 25.58153684651748 22.365991629288644
366.5 25.583857350127573 22.366694264178925
367.0 25.586174470083883 22.367391700068673
367.4999999999999 25.5884651403157 22.368096628329056
368.0 25.59079039995642 22.368796864649376
368.5 25.59310233322102 22.369499110898694
368.9999999999999 25.595402599730065 22.370202656709143
369.5 25.597702263945223 22.370912969529513
370.0 25.60001259874427 22.371612302702317
370.4999999999999 25.60228665337727 22.37232741082289
371.0 25.604609188587393 22.373029776049975
371.5 25.60688338628108 22.373742528699857
371.9999999999999 25.60914490906837 22.374457665856838
372.5 25.611429737190072 22.375163702631035
373.0 25.613690616295447 22.375876407601773
373.4999999999999 25.615983093575828 22.376588247870753
374.0 25.618248571547188 22.377300780796453
374.5 25.620494989014354 22.378022490810075
374.9999999999999 25.622803919887644 22.378731252080385
375.5 25.625033501381367 22.37945272956965
376.0 25.62729549736771 22.380170142972027
376.4999999999999 25.62957390447792 22.380892928986754
377.0 25.63179732033458 22.38160531902269
377.5 25.634059178227076 22.382332093176963
377.9999999999999 25.636270183495206 22.383051847095466
378.5 25.63856217501329 22.383778447652958
379.0 25.640769977537893 22.384503744554387
379.4999999999999 25.643004840606732 22.385231071966306
380.0 25.645231237682736 22.3859581251818
380.5 25.647485616585893 22.386684728976547
380.9999999999999 25.649715285101735 22.387411561496418
381.5 25.65192130322105 22.388147279975836
382.0 25.654152708407032 22.388878656605385
382.4999999999999 25.65634873180059 22.389606261162278
383.0 25.658570821422867 22.39035117988397
383.5 25.660777036146932 22.391081685613116
383.9999999999999 25.662980308201643 22.39181067981615
384.5 25.665182624165954 22.392556504638662
385.0 25.66739204722542 22.393287660729193
385.4999999999999 25.669584541748065 22.39401924129676
386.0 25.671783993088752 22.394769199037057
386.5 25.6739784086836 22.395508465925
386.9999999999999 25.67617466718459 22.396250717850453
387.5 25.678351800311706 22.39698932143351
388.0 25.680524660842913 22.397738623921924
388.4999999999999 25.68270157339854 22.398484911291135
389.0 25.684863963485213 22.39922539851304
389.5 25.68707236054358 22.399976240050368
389.9999999999999 25.689224259429793 22.400724551917968
390.5 25.69137460650793 22.401478343494258
391.0 25.693531179219995 22.40222323510464
391.4999999999999 25.69570732534824 22.40298051877967
392.0 25.697875511958692 22.403730311013078
392.5 25.700030073174247 22.404483290067155
392.9999999999999 25.7021808678112 22.405240635538878
393.5 25.70430905777723 22.405996326663995
394.0 25.706466979117934 22.40675667493481
394.4999999999999 25.70861667093704 22.40750673879746
395.0 25.710724237556356 22.408268777544716
395.5 25.712881654429204 22.4090263661925
395.9999999999999 25.714998429236033 22.40979191382468
396.5 25.717110180367744 22.410546768200767
397.0 25.719263010054014 22.41130757702665
397.4999999999999 25.72137754153601 22.41207356910776
398.0 25.723490695413904 22.41283878644505
398.5 25.725599695124455 22.41361201793143
398.9999999999999 25.727712912679856 22.41437339184786
399.5 25.72980610216114 22.41514481444701
400.0 25.731950103105163 22.415914683802534
400.4999999999999 25.734033410560414 22.41668983557719
401.0 25.736133423555106 22.417452815023935
401.5 25.73822580223396 22.418228278220905
401.9999999999999 25.740311509525572 22.419006924283288
402.5 25.74239849632789 22.41977453650336
403.0 25.744480354341214 22.420560779964802
403.4999999999999 25.74657936455189 22.421337745680233
404.0 25.748651869287208 22.42210284610615
404.5 25.750749005009336 22.422888146013467
404.9999999999999 25.752777441883197 22.42366721667892
405.5 25.75488683966904 22.424453507320038
406.0 25.756951706650987 22.42523461344149
406.4999999999999 25.75899831130277 22.426012090729408
407.0 25.76108170383787 22.42679631694925
407.5 25.763133368352264 22.427583483856477
407.9999999999999 25.76519774036261 22.42836980335655
408.5 25.767252028683313 22.429153249059798
409.0 25.76929614834189 22.429944245087576
409.4999999999999 25.771364071169454 22.43073489664285
410.0 25.773407329249594 22.431525409439594
410.5 25.775423210651592 22.432318701038355
410.9999999999999 25.77748299580219 22.433110831025243
411.5 25.779517243961415 22.433906711447335
412.0 25.78154426407282 22.43469898736183
412.4999999999999 25.783575024805252 22.435499610006527
413.0 25.785569756865556 22.43629651772657
413.5 25.78758891843208 22.43709121478188
413.9999999999999 25.789577073022638 22.437891587327616
414.5 25.791582205867222 22.43869089121647
415.0 25.793607461736322 22.439493048966614
415.4999999999999 25.7955672812643 22.44029810383017
416.0 25.797571951666704 22.441102323892842
416.5 25.79954254741885 22.44191270560266
416.9999999999999 25.801544616100212 22.442714964324864
417.5 25.80347515344389 22.4435177986471
418.0 25.805470289101304 22.444327480458114
418.4999999999999 25.807443677559455 22.4451380232421
419.0 25.809385773960784 22.445949651571397
419.5 25.81137097053828 22.4467616060496
419.9999999999999 25.813309612458845 22.447575704707603
420.5 25.815250602569996 22.44839734326743
421.0 25.817185333565963 22.44920763406897
421.4999999999999 25.819127274180325 22.45002130916899
422.0 25.82106436050447 22.45083988815098
422.5 25.822969049759973 22.451656298182513
422.9999999999999 25.824932524634644 22.452479526200733
423.5 25.826837360440532 22.453303855959543
424.0 25.8287443933958 22.454125609397128
424.4999999999999 25.830669276613367 22.45494837841229
425.0 25.832535880100966 22.455776009326623
425.5 25.834417868588687 22.456602735466582
425.9999999999999 25.836342246968186 22.457426575204952
426.5 25.838199782416318 22.458257453266302
427.0 25.840124896599246 22.459080215083475
427.4999999999999 25.84199760459329 22.45991711083644
428.0 25.843902648128427 22.46074180208
428.5 25.845763501736002 22.46158008964931
428.9999999999999 25.847631466814597 22.4624142631011
429.5 25.849482517388992 22.463252814707204
430.0 25.85133739034369 22.46408986090905
430.4999999999999 25.853190483904026 22.464926129976853
431.0 25.855055770885762 22.465763241605252
431.5 25.856890068051236 22.46660915069734
431.9999999999999 25.858714670766286 22.467439912055926
432.5 25.86052735912598 22.46828990877796
433.0 25.862385993233815 22.469132633264607
433.4999999999999 25.864231362935726 22.469974026712677
434.0 25.866019584216993 22.470826320215668
434.5 25.867837318228396 22.471669759045923
434.9999999999999 25.869673742037868 22.472516237599265
435.5 25.87143606220003 22.473367640186122
436.0 25.87327763012039 22.474214453017
436.4999999999999 25.875094725199425 22.47506676699402
437.0 25.87688970277279 22.475927078816355
437.5 25.878653807242173 22.476783138782395
437.9999999999999 25.880442402479837 22.477631421755696
438.5 25.882211003705958 22.478492043935105
439.0 25.883972155286045 22.479352424553745
439.4999999999999 25.885740202289984 22.480211588209585
440.0 25.887491824035326 22.481065833070307
440.5 25.88929312098295 22.48193387581629
440.9999999999999 25.89106436399776 22.482804756085653
441.5 25.89276574016228 22.483655928542458
442.0 25.89454148622858 22.48453009068338
442.4999999999999 25.896296959323138 22.485389580381362
443.0 25.898010857486284 22.48626166937278
443.5 25.899739510438373 22.487133510272884
443.9999999999999 25.90146543984728 22.488005423827065
444.5 25.903193895570055 22.488878330443175
445.0 25.904915166051783 22.489744004656565
445.4999999999999 25.906634781063744 22.490621243055003
446.0 25.908327858287606 22.491499338343665
446.5 25.9100777924275 22.492374997502914
446.9999999999999 25.911788518110694 22.4932468319413
447.5 25.913432717839136 22.494133031568833
448.0 25.915129186660778 22.495010242415855
448.4999999999999 25.916852265253873 22.495886243558424
449.0 25.918523597716604 22.496772044595005
449.5 25.920200232229178 22.497655512302842
449.9999999999999 25.921872353930336 22.498536430599735
450.5 25.92356987357416 22.4994265526311
451.0 25.925225211157205 22.500320946882955
451.4999999999999 25.926866872860508 22.501203847915527
452.0 25.92845213101757 22.502102299572776
452.5 25.93009961994788 22.50299367896037
452.9999999999999 25.931736459761964 22.503886180535737
453.5 25.933304088620645 22.504785460701928
454.0 25.934933487808184 22.505692400662483
454.4999999999999 25.936516850929454 22.506589750626873
455.0 25.938099374182087 22.507494701973233
455.5 25.93965696003667 22.508400399187337
455.9999999999999 25.941242221201083 22.50929946806504
456.5 25.942760356991407 22.51020910726478
457.0 25.944317472337268 22.511119355159046
457.4999999999999 25.945881260286107 22.51202824449953
458.0 25.947363925297154 22.512944867078197
458.5 25.948952753281432 22.513857081121508
458.9999999999999 25.950426383988997 22.5147737163624
459.5 25.951919609199656 22.515693710544127
460.0 25.953432756827244 22.516608124383257
460.4999999999999 25.95488654783878 22.517533479254226
461.0 25.956377859387235 22.518452403781932
461.5 25.957873838099413 22.51937593648888
461.9999999999999 25.959328940006326 22.52030164905318
462.5 25.960805702245487 22.521230087804437
463.0 25.962250874882365 22.522154797419766
463.4999999999999 25.96367705620773 22.523081644025652
464.0 25.965143611018753 22.52401211893944
464.5 25.966574482580256 22.52494596726015
464.9999999999999 25.968015951200773 22.525876917140945
465.5 25.96945160103653 22.526808997734328
466.0 25.97082948824928 22.527747098607
466.4999999999999 25.9722748992155 22.52868362677491
467.0 25.973656816672136 22.52962275185942
467.5 25.975087380655854 22.530562274837436
467.9999999999999 25.9764971564331 22.531497298061215
468.5 25.977868976547803 22.532438968357816
469.0 25.979236741621342 22.5333803136389
469.4999999999999 25.98065585868763 22.534326210330864
470.0 25.982033430684595 22.535274797109107
470.5 25.983416452992184 22.53622049611512
470.9999999999999 25.98479542693579 22.53716610895037
471.5 25.986153759402868 22.53810979725888
472.0 25.987514283631654 22.539061116296185
472.5 25.988877191734503 22.540002286869083
473.0 25.990268815801763 22.54095722433577
473.5 25.991616994393986 22.541909697757188
474.0 25.992974282419684 22.542858600637633
474.5 25.994342329464104 22.543814575954336
475.0 25.99567139964051 22.544768087911166
475.5 25.99703462357779 22.54572917592189
476.0 25.99839796069795 22.54668163598303
476.5 25.999731392005327 22.5476400370977
477.0 26.00106075083479 22.548599948424535
477.5 26.002383947008205 22.549552786759598
478.0 26.003732789526328 22.550515180755035
478.5 26.00508572048399 22.55147355419571
479.0 26.00641707775482 22.5524365843596
479.5 26.007788338969217 22.55339445351536
480.0 26.009139270312577 22.554360239348558
480.5 26.01047427734628 22.555317780272922
481.0 26.011796800912204 22.55627688354086
481.5 26.013160965353443 22.557244588578385
482.0 26.014506615425717 22.55821007795488
482.5 26.01581364894534 22.559169574881288
483.0 26.017209680534293 22.560138666191264
483.5 26.01850837451512 22.561110738124597
484.0 26.01989112735801 22.56206952667921
484.5 26.021230944995093 22.56303277158587
485.0 26.022563634875375 22.56400232894638
485.5 26.0239067471305 22.564970231454453
486.0 26.025242817715867 22.56593544452913
486.5 26.026598568474274 22.566910721748663
487.0 26.027994463585422 22.56786987628501
487.5 26.02930939301793 22.568840470024874
488.0 26.030729209353826 22.569808676751137
488.5 26.032105981559177 22.570776478047442
489.0 26.03347024417519 22.571756624470623
489.5 26.034826936140174 22.572717002942735
490.0 26.036192950541338 22.573685570891044
490.5 26.03759369705585 22.574666563965028
491.0 26.038952117074977 22.57562222919615
491.5 26.040342391430748 22.57659461521394
492.0 26.041707205963704 22.57757196628266
492.5 26.04309852745708 22.57855309947624
493.0 26.044430358356948 22.57952789876716
493.5 26.045788231924387 22.5804955884967
494.0 26.047146599422728 22.581487132200955
494.5 26.048487321326917 22.58245585977297
495.0 26.04980606446736 22.583440172490832
495.5 26.051156155915194 22.584418399252716
496.0 26.052508029942857 22.58540474919558
496.5 26.053820454320977 22.586381944516532
497.0 26.055153222484776 22.58736814631183
497.5 26.05647784797028 22.58835408467902
498.0 26.05780085017807 22.589334128543513
498.5 26.059111678765788 22.590323554229013
499.0 26.060466344999448 22.591311569662412
499.5 26.061754109179226 22.592297628736937
500.0 26.063047984175576 22.59328657474809
500.5 26.064399187301216 22.59428297085705
501.0 26.065673812440643 22.5952665671374
501.5 26.06697023273028 22.596269078712634
502.0 26.06829848774684 22.597254211657173
502.5 26.069590001875106 22.59825461924978
503.0 26.070917223719054 22.59924852173148
503.5 26.072192564381066 22.600242929742265
504.0 26.07348669046064 22.60124516626126
504.5 26.074775415711002 22.602237670396853
505.0 26.076047756122342 22.603241324060793
505.5 26.077358985017792 22.60423339131811
506.0 26.078617289838235 22.605235454950588
506.5 26.079941532616473 22.60623723228591
507.0 26.081186294157245 22.607235102667822
507.5 26.08251519281672 22.60824077014182
508.0 26.083778829944432 22.60924390360934
508.5 26.08508153497835 22.61024992876066
509.0 26.086359130262334 22.611247167204173
509.5 26.087660648419906 22.61225489158651
510.0 26.088929388386898 22.613259079515803
510.5 26.090236172741584 22.614265850790186
511.0 26.091481216598503 22.61527250858968
511.5 26.09278650496062 22.61628417669796
512.0 26.09404612274758 22.617297877113533
512.5 26.095348221858067 22.618298318651004
513.0 26.096635058495465 22.619308178046182
513.5 26.09789663647641 22.620316570298343
514.0 26.09919638191592 22.621328567368458
514.5 26.10048385777195 22.62234084642746
515.0 26.10178135597976 22.62335241100935
515.5 26.103094056637364 22.624362894158864
516.0 26.104341182310378 22.625381120651497
516.5 26.10566383468175 22.626388703727116
517.0 26.106957954963793 22.62740816302189
