FastTrWP/PhaseSpace/IAs/snIa_0.52_30.00_1.00_0.01.csv
# %ECSV 0.9
# ---
# datatype:
# - {name: time-rel, datatype: float64}
# - {name: g, datatype: float64}
# - {name: i, datatype: float64}
# schema: astropy-2.0
time-rel g i
[from data line 1076]
114.5 23.387877286882418 22.380069957467757
115.0 23.388718978662098 22.37990422605892
115.5 23.38958217309918 22.379740809200662
116.0 23.39044718379942 22.379566768048292
116.5 23.3912978101203 22.379404198901
117.0 23.39216425618192 22.379236864906446
117.5 23.39303670026397 22.37907006522796
118.0 23.393918084511096 22.378907793677296
118.5 23.394790724763432 22.378739939061706
119.0 23.39567766337644 22.378580227852403
119.5 23.396554667340563 22.3784251234269
120.0 23.397451175579803 22.37826998224433
120.5 23.398356175735916 22.37811876966038
121.0 23.399257249525434 22.37796120067091
121.5 23.400165720464237 22.377811049224434
122.0 23.40106121418456 22.377657475458214
122.5 23.401970436597384 22.377508650248295
123.0 23.40289945806607 22.377360661920207
123.5 23.4037986946008 22.37720915979283
124.0 23.404736908291003 22.377071498916248
124.5 23.40566465246706 22.37691891336533
125.0 23.406583277541174 22.37678056356937
125.5 23.407513239313037 22.376636617979834
126.0 23.408465707742018 22.37649862999797
126.5 23.40939738142772 22.376364366490304
127.0 23.41032959182742 22.37622598136089
127.5 23.411274048518163 22.376091901162063
128.0 23.412224259489992 22.37595828258343
128.5 23.413174798578677 22.375822703282576
129.0 23.414127635696218 22.37568993102191
129.5 23.415086822444053 22.375566462955618
130.0 23.416041539595472 22.37543927491753
130.5 23.417007131058433 22.37530794759692
131.0 23.417980292548144 22.375185376391794
131.5 23.418941102730315 22.37506323403945
132.0 23.41991013274377 22.374939942802094
132.5 23.420878468300668 22.374825142140658
133.0 23.42186588093106 22.37470220140429
133.5 23.422831026848097 22.374594515687356
134.0 23.423808911354623 22.374476903936802
134.5 23.42479527705864 22.37436803029602
135.0 23.42577551621577 22.37425228588076
135.5 23.426752422403126 22.374147047915276
136.0 23.427750503478304 22.374033801681456
136.5 23.428739100694433 22.373932671948502
137.0 23.429724976262705 22.373826756396355
137.5 23.430730156841094 22.373727245835966
138.0 23.431724241759206 22.37362885397554
138.5 23.43271811748055 22.373531325507198
139.0 23.433711056760508 22.373424957305016
139.5 23.434709698443193 22.373328801431697
140.0 23.43571848141238 22.373238532263144
140.5 23.43671351708689 22.373150664726438
141.0 23.437724739131927 22.37305725192496
141.5 23.438722431919405 22.372968158267014
142.0 23.43973439636565 22.372883694193533
142.5 23.440738660261943 22.372797539022923
143.0 23.44175595117841 22.372715123820875
143.5 23.442761064095322 22.372632792972738
144.0 23.443775684182842 22.37255216172221
144.5 23.44480311723823 22.372475276775127
145.0 23.44583229757709 22.372395206926253
145.5 23.446850605907503 22.37232199035234
146.0 23.447896136876647 22.372254081881657
146.5 23.448922432131102 22.372177577053417
147.0 23.449980904308628 22.372105015106204
147.5 23.45100684951168 22.372034506100658
148.0 23.452058770447266 22.371967206203685
148.5 23.453119044436704 22.371897454004802
149.0 23.45417113530088 22.371836397572082
149.5 23.4552324187732 22.371776801238145
150.0 23.45629538364229 22.371710730890154
150.5 23.457367250814706 22.371649864016977
151.0 23.458424148056395 22.37159047634117
151.5 23.459505908091877 22.371532594905954
152.0 23.46057550189343 22.371483360757708
152.5 23.461668214890228 22.371426788171732
153.0 23.46274072815757 22.371370690517157
153.5 23.46382836740827 22.37132408287112
154.0 23.464919638554353 22.371267970095367
154.5 23.46602445120086 22.37122320413704
155.0 23.46710723647694 22.371181850034255
155.5 23.46820806008724 22.37113412748554
156.0 23.469300111293933 22.37108841087515
156.5 23.47040704052107 22.3710448358961
157.0 23.47151158600843 22.37100598803722
157.5 23.472623694469327 22.37096811494584
158.0 23.47373982908239 22.370937695064
158.5 23.474853920850364 22.370902578651698
159.0 23.475973359661886 22.370868776622423
159.5 23.477097474245163 22.370831784687265
160.0 23.47821401132309 22.370797836012105
160.5 23.479335892940092 22.37077161769905
161.0 23.480470653316768 22.370746412130238
161.5 23.48159068118498 22.370723138151213
162.0 23.48272755612217 22.370696688196368
162.5 23.483863998098254 22.370677308784845
163.0 23.48499324378785 22.370652904988823
163.5 23.486142093493005 22.370634690166824
164.0 23.487274569755442 22.370624178963055
164.5 23.488421605597548 22.37060456111616
165.0 23.489576702295487 22.37058676923061
165.5 23.49070825312108 22.370581124958832
166.0 23.491861648441667 22.37056571375732
166.5 23.493007992604223 22.370554393506904
167.0 23.49415883929637 22.37054918508204
167.5 23.49531822966962 22.370544180136676
168.0 23.496476887672877 22.37053865622211
168.5 23.497628551913575 22.370532913268647
169.0 23.49878314997925 22.370537107218247
169.5 23.499935014348125 22.370533003665262
170.0 23.501100500231225 22.370538153240265
170.5 23.502275195525286 22.370542783792967
171.0 23.503438590675046 22.370557822805793
171.5 23.50461009418855 22.370560426521106
172.0 23.50576650906159 22.370571743170427
172.5 23.50694297529349 22.370578766860643
173.0 23.508108574668615 22.37059280796416
173.5 23.509278619770452 22.370606596450475
174.0 23.510456431758765 22.370622490277448
174.5 23.511625766254006 22.370641865282465
175.0 23.512801773090047 22.370662816976402
175.5 23.513958384140462 22.370680913374848
176.0 23.51513538781658 22.37070810672138
176.5 23.51632919374908 22.37072584892719
177.0 23.517503663662982 22.370755624353528
177.5 23.51866193772741 22.370777847138633
178.0 23.519856374603055 22.370806736641164
178.5 23.521021673029306 22.37083562613674
179.0 23.52220179335013 22.37087915674364
179.5 23.523378496993907 22.370909464630447
180.0 23.524554664991463 22.37094498318953
180.5 23.525745172382354 22.370987978651
181.0 23.526932586184955 22.371028159601885
181.5 23.528111573993655 22.371071285146606
182.0 23.529300490262752 22.371112303639144
182.5 23.5304979111869 22.37115601634827
183.0 23.5316971232106 22.37120737329346
183.5 23.532888509623966 22.37125163666184
184.0 23.53408012678793 22.37130522780586
184.5 23.535281334536215 22.37135896078806
185.0 23.536494660988353 22.371414855901264
185.5 23.53767333487823 22.371472604748853
186.0 23.538892384498116 22.371526312851838
186.5 23.540087149354967 22.37158507530339
187.0 23.54130727104068 22.371647777113562
187.5 23.54253447979935 22.37170939943031
188.0 23.54372977385864 22.371769314773058
188.5 23.54494864343217 22.37183654218397
189.0 23.54615978499096 22.371905697686124
189.5 23.547382822907185 22.3719725579638
190.0 23.548599122345827 22.37204979037561
190.5 23.549827086912174 22.372117840583208
190.9999999999999 23.551039602495187 22.372193717994733
191.5 23.552278906891594 22.372265603275526
192.0 23.553510149302525 22.372346551453887
192.4999999999999 23.554730961921756 22.372426403786342
193.0 23.555970038383236 22.372513799790433
193.5 23.55720361806785 22.372589093427653
193.9999999999999 23.558450248107043 22.372672934219267
194.5 23.55968052175744 22.372761254264205
195.0 23.560912352692828 22.37284593317041
195.4999999999999 23.56214692066001 22.37293607736671
196.0 23.56339507992379 22.373028854803735
196.5 23.56464505410612 22.37312607441614
196.9999999999999 23.56588465139099 22.37320806866817
197.5 23.567148877247533 22.37330913380989
198.0 23.568411779726794 22.373403931665052
198.4999999999999 23.569642495656144 22.373505950302516
199.0 23.57090540698924 22.373606833939498
199.5 23.572162370365596 22.373709863110854
199.9999999999999 23.573415499526295 22.373810944631735
200.5 23.574677355166187 22.373921708047384
201.0 23.575939212399938 22.374023440763526
201.4999999999999 23.57719933622601 22.374131664821753
202.0 23.57846429064328 22.374242628951663
202.5 23.579738128408472 22.374347157623777
202.9999999999999 23.581011382274305 22.374465685510863
203.5 23.582292133679225 22.374584426441253
204.0 23.58355650801123 22.374693683991993
204.4999999999999 23.58482753522341 22.374817812747025
205.0 23.58609834351727 22.374931406894
205.5 23.58738413564128 22.375056211303743
205.9999999999999 23.588661955677217 22.375181817320694
206.5 23.589944156841156 22.37529846946819
207.0 23.591228027052917 22.375419717142684
207.4999999999999 23.592506115855766 22.375560596045094
208.0 23.593802495795128 22.37568960754569
208.5 23.595089351082862 22.375818176575617
208.9999999999999 23.596381468868692 22.375940636088096
209.5 23.59767877212933 22.376078932382093
210.0 23.598957707099952 22.376213094265424
210.4999999999999 23.600266982373633 22.376350499992284
211.0 23.601573465555674 22.376492031539996
211.5 23.602861656336664 22.376632199703078
211.9999999999999 23.604162665700077 22.37676634497935
212.5 23.60546537567299 22.37690717524866
213.0 23.60676694122022 22.377051488078767
213.4999999999999 23.608074984613626 22.377205522934574
214.0 23.609384862069685 22.377345016961215
214.5 23.61069044803751 22.377495984486487
214.9999999999999 23.612006884658193 22.37764438855935
215.5 23.61332148497768 22.377802273940304
216.0 23.614649895095177 22.37794561130197
216.4999999999999 23.615952744884744 22.378100101804574
217.0 23.61727333788259 22.378264211956072
217.5 23.61859245170777 22.37841329899524
217.9999999999999 23.619918722299307 22.378580160462015
218.5 23.621248264625734 22.378741747234855
219.0 23.622566058786884 22.378902708170916
219.4999999999999 23.62391107286735 22.379063296451612
220.0 23.62524610616316 22.37923596897449
220.5 23.626565479763695 22.379408068195797
220.9999999999999 23.62791527971838 22.379571046609655
221.5 23.62924848570532 22.37974053175258
222.0 23.630580096177983 22.379921895801267
222.4999999999999 23.631934843164135 22.380092059361274
223.0 23.633274935365623 22.380279058877584
223.5 23.634629963730927 22.38044810717077
223.9999999999999 23.63598307206622 22.380629721977137
224.5 23.637330898621602 22.38081121768782
225.0 23.63868520253535 22.38099405733466
225.4999999999999 23.640027678912084 22.38118692224074
226.0 23.641396457262086 22.381373263331717
226.5 23.642756701972232 22.381554524334582
226.9999999999999 23.644123572542743 22.381748839880217
227.5 23.64547601102835 22.3819363369147
228.0 23.646847982887948 22.382129370716104
228.4999999999999 23.64821068075379 22.382328680520093
229.0 23.649595256534536 22.38253195173423
229.5 23.650964548336965 22.382721058753535
229.9999999999999 23.652329548890364 22.382928118067976
230.5 23.653711349552097 22.383120918363957
231.0 23.655077517106022 22.383330572040087
231.4999999999999 23.6564602745997 22.383527066219536
232.0 23.657866335958882 22.383736857246088
232.5 23.659241648156033 22.383940951986535
232.9999999999999 23.660629884584377 22.38415644001488
233.5 23.662007749440008 22.38435880495249
234.0 23.66339795471657 22.384575848990128
234.4999999999999 23.664800595221248 22.38478649423096
235.0 23.666189654657597 22.385004002959676
235.5 23.66759433331092 22.385217462277204
235.9999999999999 23.66898656636193 22.385438472862013
236.5 23.670387902115696 22.385660891532687
237.0 23.671784401532182 22.385878699913697
237.4999999999999 23.673200262384043 22.386103139799154
238.0 23.67460341916769 22.386326259056016
238.5 23.676010225793966 22.386551082509243
238.9999999999999 23.67741150129197 22.38677824528378
239.5 23.678830777741936 22.3870046912816
240.0 23.680240444469472 22.38723823765572
240.4999999999999 23.68166010191869 22.387460594204924
241.0 23.683072798385908 22.38768885600628
241.5 23.68448591859453 22.387932321081614
241.9999999999999 23.6859246304919 22.388167006746905
242.5 23.68733652690237 22.388395860124138
243.0 23.68875908696298 22.38863961173103
243.4999999999999 23.69018305491059 22.388885317460577
244.0 23.691612414311827 22.389125700954487
244.5 23.6930511569834 22.389360755921356
244.9999999999999 23.694477798648762 22.38960629716322
245.5 23.695915094429985 22.38985215095887
246.0 23.69734999990169 22.390100579146143
246.4999999999999 23.698781235303493 22.390345447706398
247.0 23.700221125788698 22.390593981322667
247.5 23.701660150391493 22.390843753695705
247.9999999999999 23.703104025245896 22.391101902603594
248.5 23.70455909806482 22.391356775490525
249.0 23.705995187097496 22.391599461584622
249.4999999999999 23.707442373676642 22.391859397401504
250.0 23.70888959524234 22.39212071179559
250.5 23.710350808287707 22.39238389781015
250.9999999999999 23.711789727213073 22.39263613799507
251.5 23.713250634909567 22.39289500679531
252.0 23.714707972077665 22.393159090990057
252.4999999999999 23.71616705816724 22.39342312353946
253.0 23.717633432177735 22.393688470938823
253.5 23.71908804715968 22.39395863811486
253.9999999999999 23.720556591094276 22.39422844572468
254.5 23.7220422999655 22.394495960542415
255.0 23.723521226586225 22.394770283176335
255.4999999999999 23.72499706511689 22.39504752319955
256.0 23.726460785930435 22.395329602555172
256.5 23.727955939636463 22.395608033933406
256.9999999999999 23.72943466240301 22.3958900206607
257.5 23.73091499891939 22.39616781576645
258.0 23.732425405861406 22.39644991473498
258.4999999999999 23.73391289539783 22.39673876983252
259.0 23.73541557427059 22.39702275229721
259.5 23.73692162144443 22.39730966824156
259.9999999999999 23.73842110831135 22.39760544173979
260.5 23.739921392120223 22.39789674460083
261.0 23.741428673289153 22.39818996245027
261.4999999999999 23.74294499537202 22.398488277176543
262.0 23.744454366175024 22.398793327979405
262.5 23.7459786080076 22.399084562193778
262.9999999999999 23.74748908861422 22.399384762008225
263.5 23.749012617017613 22.399696237736144
264.0 23.750535540554914 22.399992128394857
264.4999999999999 23.752059229560988 22.400296984194917
265.0 23.753585396827713 22.400606894611094
265.5 23.755114005372917 22.400913725581386
265.9999999999999 23.756642548404855 22.401226854727746
266.5 23.758174660175136 22.401534293653356
267.0 23.759716405584275 22.401849233946265
267.4999999999999 23.76124430533729 22.402160403870006
268.0 23.762792490594894 22.402479582200016
268.5 23.764335742410886 22.40279607181545
268.9999999999999 23.765852714770638 22.4031093471649
269.5 23.767404210729342 22.40343490582414
270.0 23.76894673029006 22.403751790499243
270.4999999999999 23.77051789187827 22.404074779617012
271.0 23.77205166017046 22.404395508375213
271.5 23.773605881111944 22.40471962351434
271.9999999999999 23.775155061338754 22.4050360449643
272.5 23.77669372342201 22.405375181394824
273.0 23.77824984691378 22.405694963728976
273.4999999999999 23.779813397117714 22.40602630770993
274.0 23.781371309253785 22.406357472498314
274.5 23.78292973261766 22.40668235153622
274.9999999999999 23.78447864112449 22.40701667748982
275.5 23.786043856977205 22.407346584305586
276.0 23.787598376119764 22.407681828736365
276.4999999999999 23.78916129713037 22.408022007589395
277.0 23.790717007864753 22.408352945556782
277.5 23.79228646869163 22.408693063887164
277.9999999999999 23.793845277004802 22.409028715347098
278.5 23.795403773619622 22.409367951342762
279.0 23.796977456181434 22.409709330643853
279.4999999999999 23.798535076772286 22.410044475336306
280.0 23.80011362775873 22.4103896372479
280.5 23.801667108295774 22.41073160336824
280.9999999999999 23.80322771818999 22.411068483033997
281.5 23.804797922593185 22.411410774764313
282.0 23.806378503432075 22.4117537493183
282.4999999999999 23.807938816423757 22.412109108498612
283.0 23.80949565049333 22.412445156821597
283.5 23.811070413169105 22.41278939003283
283.9999999999999 23.8126359956231 22.41313675161575
284.5 23.814207507331066 22.41348272310185
285.0 23.815768697650984 22.41383353205293
285.4999999999999 23.81733779047973 22.414179007204588
286.0 23.818898838162575 22.414535604098347
286.5 23.820463316608613 22.414888076642583
286.9999999999999 23.822028576724744 22.415229341070155
287.5 23.823597600290682 22.415580193165802
288.0 23.82515787784641 22.41593656316588
288.4999999999999 23.826721626572137 22.41628120173732
289.0 23.828281786447185 22.416633450457507
289.5 23.82985158887029 22.416984029708324
