FastTrWP/PhaseSpace/IAs/snIa_0.6_20_1_0.1.csv
# %ECSV 0.9
# ---
# datatype:
# - {name: time-rel, datatype: float64}
# - {name: g, datatype: float64}
# - {name: i, datatype: float64}
# schema: astropy-2.0
time-rel g i
[from data line 2775]
1373.6458333333333 -22.635476965770458 -26.4070667352265
1374.1458333333333 -22.63526610939461 -26.406039724466325
1374.6458333333333 -22.63499166129016 -26.40499407714653
1375.1458333333333 -22.63494949313126 -26.403959681459284
1375.6458333333333 -22.63461688711367 -26.402916490534672
1376.1458333333333 -22.634442933038287 -26.401881440099814
1376.6458333333333 -22.634280102114186 -26.400855704093882
1377.1458333333333 -22.634112291566268 -26.399816853526417
1377.6458333333333 -22.633919859573602 -26.398797818157902
1378.1458333333333 -22.633734207030805 -26.39776033467055
1378.6458333333333 -22.633538630651216 -26.39673976244804
1379.1458333333333 -22.633474772679048 -26.39570926272188
1379.6458333333333 -22.63326259359807 -26.39467675342142
1380.1458333333333 -22.633051980678474 -26.39365669977419
1380.6458333333333 -22.632935247535386 -26.3926445408015
1381.1458333333333 -22.63270643427653 -26.391611836745614
1381.6458333333333 -22.632518404735865 -26.390592472608553
1382.1458333333333 -22.63236344190725 -26.389554905401624
1382.6458333333333 -22.63225456624155 -26.3885581886742
1383.1458333333333 -22.632168974170213 -26.38752603353371
1383.6458333333333 -22.631935087758485 -26.386522739466226
1384.1458333333333 -22.631887109218752 -26.38550818838661
1384.6458333333333 -22.63170530550322 -26.384494694974215
1385.1458333333333 -22.631645735999975 -26.383470065813306
1385.6458333333333 -22.63142333936189 -26.382467607131474
1386.1458333333333 -22.631354561120098 -26.381451584249234
1386.6458333333333 -22.631202179224044 -26.380454229877984
1387.1458333333333 -22.631028667672417 -26.379438307516484
1387.6458333333333 -22.630939918985877 -26.378438592579087
1388.1458333333333 -22.63083926419685 -26.377433370950385
1388.6458333333333 -22.630790626914433 -26.376430850872843
1389.1458333333333 -22.63062207928568 -26.37543926850028
1389.6458333333333 -22.63056765453093 -26.37442812974021
1390.1458333333333 -22.630478325505315 -26.373433576094243
1390.6458333333333 -22.63034815526247 -26.37244917213959
1391.1458333333333 -22.63035551591612 -26.371455004172507
1391.6458333333333 -22.630339368789024 -26.370466248622186
1392.1458333333333 -22.630161193668428 -26.369476920474405
1392.6458333333333 -22.630213888234767 -26.36848142730266
1393.1458333333333 -22.63014865629379 -26.367508097593266
1393.6458333333333 -22.630061569494664 -26.366520198836348
1394.1458333333333 -22.63009193008804 -26.365553629747946
1394.6458333333333 -22.630037037153855 -26.36457145935382
1395.1458333333333 -22.63009665450123 -26.363585178283753
1395.6458333333333 -22.630049058201752 -26.362609449064628
1396.1458333333333 -22.630027602829294 -26.36162341878684
1396.6458333333333 -22.63007188703852 -26.36067336394553
1397.1458333333333 -22.630092106393338 -26.359699195145684
1397.6458333333333 -22.63004355059286 -26.35871780180199
1398.1458333333333 -22.63009220554233 -26.357757282111066
1398.6458333333333 -22.63004942131626 -26.35680389753281
1399.1458333333333 -22.630069652827274 -26.35582978686674
1399.6458333333333 -22.630128521164416 -26.354864027365576
1400.1458333333333 -22.630167852636532 -26.35391690330115
1400.6458333333333 -22.63013691495399 -26.352946272090282
1401.1458333333333 -22.630247189044223 -26.351992269108884
1401.6458333333333 -22.630323500564252 -26.35103755819995
1402.1458333333333 -22.630276693208575 -26.35008037623632
1402.6458333333333 -22.630353845970355 -26.349139066261355
1403.1458333333333 -22.6304370684009 -26.348178060724695
1403.6458333333333 -22.63048117165158 -26.347227089679407
1404.1458333333333 -22.63052574560259 -26.34628044321444
1404.6458333333333 -22.63058134958331 -26.345335616232205
1405.1458333333333 -22.630692885880116 -26.344387704723935
1405.6458333333333 -22.63073221615537 -26.343439999523106
1406.1458333333333 -22.630694385828924 -26.342500881651173
1406.6458333333333 -22.630888597834073 -26.34155854482083
1407.1458333333333 -22.63090612190265 -26.340623390013143
1407.6458333333333 -22.630957517674414 -26.339686940066223
1408.1458333333333 -22.631046956111412 -26.338746176371096
1408.6458333333333 -22.631056709223778 -26.337809358168812
1409.1458333333333 -22.631166567083856 -26.3368742507405
1409.6458333333333 -22.631208741426192 -26.335936164893692
1410.1458333333333 -22.63136266073139 -26.33499558599443
1410.6458333333333 -22.63142377955219 -26.33407205114988
1411.1458333333333 -22.63148703484591 -26.333140456501738
1411.6458333333333 -22.631570131689696 -26.33220643945279
1412.1458333333333 -22.63167484732019 -26.331286171983276
1412.6458333333333 -22.6316812075371 -26.330345038280306
1413.1458333333333 -22.631768116916938 -26.329418468187228
1413.6458333333333 -22.63182182053881 -26.328498088958504
1414.1458333333333 -22.63185092795563 -26.327562849698886
1414.6458333333333 -22.632027807825427 -26.32665429746296
1415.1458333333333 -22.63196452562891 -26.32572347012149
1415.6458333333333 -22.632119652250303 -26.324799367940944
1416.1458333333333 -22.632130253919435 -26.323878186624448
1416.6458333333333 -22.632214963537827 -26.322964665042644
1417.1458333333333 -22.63221794485977 -26.322026230836506
1417.6458333333333 -22.632338583650164 -26.321110313415318
1418.1458333333333 -22.632360763642705 -26.320193334271966
1418.6458333333333 -22.63236125098082 -26.31927413224229
1419.1458333333333 -22.632429929854233 -26.31835685759722
1419.6458333333333 -22.632514960057613 -26.317436503540108
1420.1458333333333 -22.632569606954643 -26.316534956477767
1420.6458333333333 -22.632591275430265 -26.31561349043862
1421.1458333333333 -22.632616198799905 -26.31469623906375
1421.6458333333333 -22.632645537964184 -26.313784597855594
1422.1458333333333 -22.632626029322083 -26.31285762819866
1422.6458333333333 -22.632719473316584 -26.31195425591732
1423.1458333333333 -22.632710518878856 -26.311047395187206
1423.6458333333333 -22.6327305947527 -26.31011763397375
1424.1458333333333 -22.632739239879083 -26.30921072400428
1424.6458333333333 -22.632660576843804 -26.308297317967423
1425.1458333333333 -22.63279530572284 -26.307387484888025
1425.6458333333333 -22.632705316553775 -26.306475155059612
