FastTrWP/PhaseSpace/IAs/snIa_0.56_30.00_-1.12_-0.12.csv
# %ECSV 0.9
# ---
# datatype:
# - {name: time-rel, datatype: float64}
# - {name: g, datatype: float64}
# - {name: i, datatype: float64}
# schema: astropy-2.0
time-rel g i
[from data line 577]
478.2083333333333 23.23592882307125 22.78669633344819
478.70833333333326 23.234640464130408 22.784950132854288
479.2083333333333 23.2333680838517 22.783197189422197
479.7083333333333 23.232103628866927 22.78146353604184
480.20833333333326 23.230854042359258 22.779728721035237
480.7083333333333 23.229601316465406 22.777997474733375
481.2083333333333 23.22838242788327 22.776271802265946
481.70833333333326 23.227158975830704 22.774556204270354
482.2083333333333 23.22595538656962 22.77283928323945
482.7083333333333 23.224758313303898 22.771128276766323
483.20833333333326 23.223573365250402 22.769426450522893
483.7083333333333 23.22240050250254 22.767730634595054
484.2083333333333 23.221239922722813 22.76603383848533
484.70833333333326 23.220075359519967 22.764350484314548
485.2083333333333 23.21893655189907 22.762670976439246
485.7083333333333 23.217809069205927 22.76098873290171
486.20833333333326 23.21667776385641 22.759324426714915
486.7083333333333 23.215585709190396 22.757655694537043
487.2083333333333 23.214492995212446 22.755999274378937
487.70833333333326 23.213400846129602 22.75434374845028
488.2083333333333 23.212329397805863 22.752690209260244
488.7083333333333 23.211266658878166 22.75105171652756
489.2083333333333 23.21021710991897 22.749410539456342
489.7083333333333 23.209172950840955 22.747779572673007
490.2083333333333 23.208147129091323 22.746148302582498
490.7083333333333 23.207134014872018 22.744523344432174
491.2083333333333 23.20612808904356 22.742899826256803
491.7083333333333 23.20512782980061 22.741293167010017
492.2083333333333 23.20414817890938 22.73968998654674
492.7083333333333 23.20317593495671 22.738085811257562
493.2083333333333 23.202212735644537 22.73647843697311
493.7083333333333 23.20126674372865 22.73489983338068
494.2083333333333 23.200324840425427 22.733314056091302
494.7083333333333 23.199401938758054 22.731721753734867
495.2083333333333 23.198493667330112 22.730151149258813
495.7083333333333 23.197593110238287 22.728575851855677
496.2083333333333 23.19669761284604 22.727009276353694
496.7083333333333 23.195815036198816 22.72545131387023
497.2083333333333 23.194948627411822 22.723906255582953
497.7083333333333 23.19409749118583 22.722344467551395
498.2083333333333 23.193242343669933 22.720807326958287
498.7083333333333 23.192418878626995 22.719263623346624
499.2083333333333 23.191590489695667 22.71773536110073
499.7083333333333 23.1907848500979 22.71620308495583
500.2083333333333 23.18999256467063 22.714670127919486
500.7083333333333 23.189203628201135 22.71316596702313
501.2083333333333 23.188436852252757 22.711648163933397
501.7083333333333 23.187671029226635 22.71012876686269
502.2083333333333 23.186915541559742 22.7086361151633
502.7083333333333 23.186188738634495 22.707127534306444
503.2083333333333 23.185451508380662 22.705642976438472
503.7083333333333 23.18474144739415 22.704158435528214
504.2083333333333 23.184035393126333 22.702664634367757
504.7083333333333 23.183350354336653 22.701191476338156
505.2083333333333 23.182677084594843 22.69971953933233
505.7083333333333 23.182009756348776 22.698245929549262
506.2083333333333 23.18134749225729 22.696792534698407
506.7083333333333 23.1807107394919 22.69534085886168
507.2083333333333 23.180077159501792 22.693885825824147
507.7083333333333 23.179466374000285 22.692429266535868
508.2083333333333 23.17886124363536 22.690994352447923
508.7083333333333 23.17826150410726 22.68955983762835
509.2083333333333 23.177682340053444 22.68812977551274
509.7083333333333 23.177120336341524 22.686694595805854
510.2083333333333 23.176560470068246 22.685278845540708
510.7083333333333 23.176016348776614 22.683860999966914
511.2083333333333 23.175492375935395 22.682457182219036
511.7083333333333 23.174972671290472 22.68103984986577
512.2083333333334 23.174466277577302 22.6796361998356
512.7083333333334 23.173995711362508 22.67823079861818
513.2083333333334 23.173499737294957 22.676838961952054
513.7083333333334 23.17304316798499 22.675454521799857
514.2083333333334 23.172593344702683 22.674072009177856
514.7083333333334 23.172157479110904 22.67268694915259
515.2083333333334 23.17171593414581 22.67130431810501
515.7083333333334 23.17130852589238 22.66992770570639
516.2083333333334 23.17090993808938 22.668565266606212
516.7083333333334 23.170520266527618 22.66720627548392
517.2083333333334 23.170137358172425 22.66584956929399
517.7083333333334 23.16977572585739 22.664488586961546
518.2083333333334 23.169425305883372 22.663130539530364
518.7083333333334 23.169089838535065 22.661795187401882
519.2083333333334 23.168752478528024 22.66045278383322
519.7083333333334 23.168436102449373 22.659116609933164
520.2083333333334 23.16812104519905 22.657783720963813
520.7083333333334 23.167824171779998 22.656450091034863
521.2083333333334 23.167543076953734 22.655131670950826
521.7083333333334 23.167275115892142 22.653808729578223
522.2083333333334 23.167007132689335 22.652492846374855
522.7083333333334 23.16675619431035 22.65118375379788
523.2083333333334 23.166495088866654 22.649878279664616
523.7083333333334 23.166276309404594 22.648575960873643
524.2083333333334 23.1660591784619 22.647275414886614
524.7083333333334 23.16583978283065 22.645987210129533
525.2083333333334 23.165650223305178 22.64469533736673
525.7083333333334 23.165457395902216 22.643413869906123
526.2083333333334 23.165267291798042 22.642127554389223
526.7083333333334 23.16510689764393 22.640854253662972
527.2083333333334 23.16494837750507 22.639587892895126
527.7083333333334 23.164792671426238 22.638312302520525
528.2083333333334 23.164660205072334 22.6370538205894
528.7083333333334 23.164521739283007 22.6357975270764
529.2083333333334 23.1643949292668 22.634534200631286
529.7083333333334 23.164286072163694 22.633289903692475
530.2083333333334 23.164183333716654 22.63204733322486
530.7083333333334 23.16408635110088 22.63080347072355
531.2083333333334 23.164003534166525 22.629567526201665
531.7083333333334 23.163920802657078 22.628328587122226
532.2083333333334 23.163855841706823 22.627101396805173
532.7083333333334 23.163796159722416 22.625873402483165
533.2083333333334 23.163747774152114 22.62466119893739
533.7083333333334 23.16371585413109 22.62344231700608
534.2083333333334 23.16368040169804 22.622236236417557
534.7083333333334 23.163653113255744 22.621027405740577
535.2083333333334 23.163635491461534 22.61982138149825
535.7083333333334 23.16363089359022 22.618631124402192
536.2083333333334 23.16363653086515 22.617440821968056
536.7083333333334 23.16364288402464 22.616245709886776
537.2083333333334 23.163644647667457 22.615057940068176
537.7083333333334 23.163672887526122 22.613877648978338
538.2083333333334 23.163695624835658 22.612703722531933
538.7083333333334 23.163739413156744 22.611524359213217
539.2083333333334 23.163777502834584 22.610361154189327
539.7083333333334 23.16384235993668 22.609195765917022
540.2083333333334 23.163904706301057 22.60803737337966
540.7083333333334 23.1639691734722 22.60688447541085
541.2083333333334 23.164041427808414 22.605731918870617
541.7083333333334 23.164125379165036 22.60458553653503
542.2083333333334 23.1642155140841 22.603437434981487
542.7083333333334 23.16429822022464 22.60230897832862
543.2083333333334 23.164410095905843 22.601175178786
543.7083333333334 23.164520947640497 22.60003163400503
544.2083333333334 23.16463279571217 22.598912861216117
544.7083333333334 23.16474861081329 22.59779713476542
545.2083333333334 23.1648777351693 22.596678507780826
545.7083333333334 23.1650169610305 22.595562681483926
546.2083333333334 23.165155331814805 22.594456874897098
546.7083333333334 23.165301606311797 22.593347282536214
547.2083333333334 23.165453091997364 22.592246734009574
547.7083333333334 23.165611821673675 22.591151388185455
548.2083333333334 23.165792303467594 22.59005995666878
548.7083333333334 23.165976157681854 22.588966023916342
549.2083333333334 23.16618970483253 22.587893943963447
549.7083333333334 23.166393212270084 22.58680876120716
550.2083333333334 23.166632898722966 22.585734756815995
550.7083333333334 23.166860685749096 22.58465788876869
551.2083333333334 23.167113221393855 22.58357908800275
551.7083333333334 23.167384152983313 22.58252712565689
552.2083333333334 23.16766230559098 22.5814615575015
552.7083333333334 23.167947189219078 22.580401029975434
553.2083333333334 23.168247250839986 22.57934468868389
553.7083333333334 23.168564817764604 22.578292775147887
554.2083333333334 23.168884527597505 22.577253645584044
554.7083333333334 23.16920924857412 22.576212363354
555.2083333333334 23.169560076870994 22.575175295230807
555.7083333333334 23.169911324702063 22.5741349026878
556.2083333333334 23.170278957319773 22.573101364686604
556.7083333333334 23.170652453323456 22.572079485350333
557.2083333333334 23.171048466545603 22.57104751555122
557.7083333333334 23.17143503387584 22.570031091514796
558.2083333333334 23.171831388052517 22.569018728823327
558.7083333333334 23.17224870976395 22.568004625161777
559.2083333333334 23.17266352298081 22.567001838713754
559.7083333333334 23.173096938027143 22.565981477160413
560.2083333333334 23.173528085927813 22.564985770117122
560.7083333333334 23.17397494014529 22.563986034144037
561.2083333333334 23.174434403167943 22.563000143858535
561.7083333333334 23.17489036254222 22.562000666247116
562.2083333333334 23.17537198305237 22.561029580726498
562.7083333333334 23.175840492024385 22.56003346714667
563.2083333333334 23.176331173692503 22.559065003961653
563.7083333333334 23.176820454480627 22.558086998472024
564.2083333333334 23.177318451360694 22.557107418413118
564.7083333333334 23.177817220567704 22.55615041735734
565.2083333333334 23.17832808921346 22.555181975247272
565.7083333333334 23.178847104744328 22.5542174231055
566.2083333333334 23.179374458497225 22.55325986495383
566.7083333333334 23.179895381648052 22.55230765162583
567.2083333333334 23.18042599008784 22.551356746055472
567.7083333333334 23.180980020990155 22.550419235126036
568.2083333333334 23.18151982715241 22.549475212820816
568.7083333333334 23.182058611521406 22.548529013373823
569.2083333333334 23.182617419926682 22.547598831724898
569.7083333333334 23.183174752773215 22.546669651211655
570.2083333333334 23.183734434495186 22.545748284742167
570.7083333333334 23.18429718085482 22.54482177965379
571.2083333333334 23.184868081023534 22.543897580394358
571.7083333333334 23.18544673966665 22.54298819648848
572.2083333333334 23.18601318636789 22.54207329113143
572.7083333333334 23.186602395990796 22.541157292616447
573.2083333333334 23.187181004085943 22.540256919523515
573.7083333333334 23.187763639074337 22.539350906740413
574.2083333333334 23.18834938689102 22.53846092286542
574.7083333333334 23.188932543838064 22.5375601912755
575.2083333333334 23.189525567550305 22.53667241047214
575.7083333333334 23.190123995298528 22.535781453073934
576.2083333333334 23.19072748601377 22.534900875458447
576.7083333333334 23.19130633372415 22.53402082560899
577.2083333333334 23.191899084628865 22.533154494096518
577.7083333333334 23.192494451197017 22.532268838184567
578.2083333333334 23.19308943076411 22.531400606216
578.7083333333334 23.19369278315639 22.530542980333372
579.2083333333334 23.194285794864275 22.52968083385881
579.7083333333334 23.194885466052053 22.528826393492878
580.2083333333334 23.195473111842357 22.527970558316404
580.7083333333334 23.196077036976 22.527116842953532
581.2083333333334 23.1966692958557 22.526268938913248
581.7083333333334 23.197249610258584 22.52542753184551
582.2083333333334 23.197838395520336 22.52457832385285
582.7083333333334 23.198449453232012 22.52375327788824
583.2083333333334 23.199034653284954 22.52291890125132
583.7083333333334 23.199617345353328 22.522093574742293
584.2083333333334 23.20019102473462 22.521268951161886
584.7083333333334 23.20078688332699 22.52043636248153
585.2083333333334 23.201365153725053 22.51962662361764
585.7083333333334 23.201950018255207 22.518807837735643
586.2083333333334 23.202536213119394 22.517997658237434
586.7083333333334 23.203131772488554 22.517185101753224
587.2083333333334 23.203725159126236 22.5163835755532
587.7083333333334 23.204320339276485 22.515581111311555
588.2083333333334 23.204919578799178 22.514781314100606
588.7083333333334 23.205514705129097 22.51398711969339
589.2083333333334 23.20612891296826 22.513192098634953
589.7083333333334 23.206743610217792 22.51239993513293
590.2083333333334 23.20735470702276 22.511615368529828
590.7083333333334 23.207968785446145 22.51083128656859
591.2083333333334 23.208589856501305 22.51005685836015
591.7083333333334 23.209213416262028 22.509276000494317
592.2083333333334 23.209841352641103 22.50848888725457
592.7083333333334 23.210461560131982 22.50772838458323
593.2083333333334 23.211097576682956 22.506963471549657
593.7083333333334 23.21172355015007 22.506195766341307
594.2083333333334 23.21236311840196 22.505437156406384
594.7083333333334 23.213000235419226 22.50467616033561
595.2083333333334 23.213646966777198 22.503922413067492
595.7083333333334 23.214310384091036 22.5031722332956
596.2083333333334 23.214941768932917 22.50241838088451
596.7083333333334 23.215613020251865 22.501673959510555
597.2083333333334 23.216258447656145 22.50093811998299
597.7083333333334 23.216920368159148 22.500197425678536
598.2083333333334 23.21757701473122 22.499461559622382
598.7083333333334 23.21823675588221 22.49872853639865
599.2083333333334 23.218914746769194 22.498005375360407
599.7083333333334 23.219595792104233 22.497272645171698
600.2083333333334 23.22026165510494 22.496554425189128
600.7083333333334 23.220944148281024 22.4958376399303
601.2083333333334 23.221622475153648 22.49511742933707
601.7083333333334 23.22230496395292 22.494414542689697
602.2083333333334 23.223002055433746 22.49370242303636
602.7083333333334 23.223689336318234 22.492996113270713
603.2083333333334 23.224388793110904 22.492291855942533
603.7083333333334 23.225074882680943 22.491596183077416
604.2083333333334 23.225792201058766 22.490909187980833
604.7083333333334 23.22647988417581 22.4902165348999
605.2083333333334 23.227207725047947 22.489526024631008
605.7083333333334 23.22791393160802 22.48883759728475
606.2083333333334 23.22862887430311 22.488163464126934
606.7083333333334 23.22934371096875 22.4874878216783
607.2083333333334 23.230060089042222 22.486806296606545
607.7083333333334 23.230784598834134 22.486136071097754
608.2083333333334 23.23151240696415 22.485475499163385
608.7083333333334 23.23224171354651 22.4848106822383
609.2083333333334 23.23298405749172 22.48414790838188
609.7083333333334 23.233722714170394 22.48349493732093
610.2083333333334 23.234459527664633 22.48283881944272
610.7083333333334 23.235203906185294 22.48219284895104
611.2083333333334 23.235964580431727 22.48154467112102
611.7083333333334 23.236710207499595 22.480907161040285
612.2083333333334 23.237461011671602 22.480264224667955
612.7083333333334 23.238219509524818 22.479630497173222
613.2083333333334 23.238984452311215 22.478992029012787
613.7083333333334 23.23974940025375 22.478367480134494
614.2083333333334 23.240526993186123 22.477746279935587
614.7083333333334 23.241302741017655 22.47712696819673
615.2083333333334 23.242063730074236 22.476509711810174
615.7083333333334 23.242845895860412 22.475896632899435
616.2083333333334 23.243629711075734 22.475282190779474
616.7083333333334 23.244425553535024 22.474677974941777
617.2083333333334 23.24520249792485 22.47406464814755
617.7083333333334 23.245999223116144 22.473471555126274
618.2083333333334 23.24680390651419 22.47287987616624
618.7083333333334 23.247599474769835 22.47228431219301
619.2083333333334 23.248400137650812 22.47169160549752
619.7083333333334 23.24920444664846 22.471112629363446
620.2083333333334 23.25001765994868 22.470536146730037
620.7083333333334 23.250834793551917 22.469958367831175
621.2083333333334 23.251648663888002 22.469378281444143
621.7083333333334 23.2524671808373 22.468813174777353
