FastTrWP/PhaseSpace/IAs/snIa_0.51_30.00_-1.68_0.05.csv
# %ECSV 0.9
# ---
# datatype:
# - {name: time-rel, datatype: float64}
# - {name: g, datatype: float64}
# - {name: i, datatype: float64}
# schema: astropy-2.0
time-rel g i
[from data line 1775]
566.0 25.73058471624982 22.954904730605342
566.5 25.7331809348188 22.955859595294612
567.0 25.735744078391924 22.956830579348985
567.5 25.738281074989043 22.9577892371675
568.0 25.740823313221238 22.958735931070354
568.5 25.743383318749416 22.95970297303642
569.0 25.745944240538037 22.960667806466727
569.5 25.748475973644602 22.9616353702372
570.0 25.751026740495277 22.962594738217426
570.5 25.753536292595804 22.963552813590287
571.0 25.75609766272773 22.96451711225569
571.5 25.75863730818166 22.965480372288695
572.0 25.761188474176233 22.966441057521074
572.5 25.76370001022746 22.967413636814285
573.0 25.7662137443117 22.968372687842024
573.5 25.768733609443405 22.969340448264894
574.0 25.77127212370359 22.970304461838648
574.5 25.77380930065166 22.97126114721031
575.0 25.776338667185797 22.972223902376786
575.5 25.77885373487584 22.97318962335483
576.0 25.7813712977196 22.974158589240368
576.5 25.783886638623553 22.975123834200623
577.0 25.786360505686975 22.976087282049935
577.5 25.788894671431173 22.97705867200849
578.0 25.791398601900873 22.978017547229147
578.5 25.79390312585582 22.97899352782974
579.0 25.796439110668494 22.979951777483283
579.5 25.798936330088175 22.98092120757721
580.0 25.801419054324327 22.98187920017004
580.5 25.803909128367643 22.9828491221496
581.0 25.80640915694721 22.98381549372264
581.5 25.808884802558648 22.98478228591459
582.0 25.811371349174177 22.985756203925543
582.5 25.813879187570464 22.986712871390527
583.0 25.816349822626286 22.987677583158742
583.5 25.818844560837487 22.988644666511476
584.0 25.82128602161028 22.989614159998645
584.5 25.82379998151549 22.99058527259398
585.0 25.82625845522603 22.991554344460596
585.5 25.828704653513025 22.99252275663516
586.0 25.83119574034928 22.99348646774346
586.5 25.833633607469597 22.994457026062854
587.0 25.836070559425387 22.99543149495575
587.5 25.83851580142346 22.9963903939657
588.0 25.840997897222493 22.99736694946042
588.5 25.84343731684141 22.99832816850879
589.0 25.84592123926161 22.999300703455265
589.5 25.848316467633296 23.0002679698979
590.0 25.850750861603093 23.001236308230986
590.5 25.85318969723361 23.002202350173793
591.0 25.855582492667523 23.00317786216005
591.5 25.85800653981911 23.004149294892258
592.0 25.860432359058706 23.005120390134685
592.5 25.862862745574283 23.006090164375376
593.0 25.86532442775887 23.007068629557455
593.5 25.867687237654238 23.00801889226991
594.0 25.870116106604076 23.009001058380186
594.5 25.87249866585454 23.00996661232332
595.0 25.87488016069152 23.010950844666212
595.5 25.87732060420332 23.011919099159897
596.0 25.879651473641147 23.012890608903668
596.5 25.882060015994387 23.013862299554717
597.0 25.88442153717741 23.014839208517607
597.5 25.88682098805193 23.0158045904907
598.0 25.889163421339177 23.01678439107174
598.5 25.891536332503403 23.017749132894668
599.0 25.893893442116877 23.01872532586943
599.5 25.896269827390896 23.019703359594267
600.0 25.898621321009227 23.02067714280584
600.5 25.900963127717247 23.02165518360557
601.0 25.90329536749307 23.022626587886073
601.5 25.905617617004847 23.023605424124398
602.0 25.907988370628843 23.024580167921354
602.5 25.91024295156486 23.025554408137324
603.0 25.91261887980734 23.02653035204987
603.5 25.91489920705191 23.02750201463762
604.0 25.917218667617096 23.02848870786544
604.5 25.91955421351155 23.02945373351108
605.0 25.921841338027715 23.030435278504612
605.5 25.92415615927614 23.031413311135367
606.0 25.926440712006546 23.03239894886699
606.5 25.928675857515113 23.033365980793953
607.0 25.9309650420986 23.03434494789333
607.5 25.93327011373471 23.03532502326363
608.0 25.93552576909221 23.036302336542253
608.5 25.93779812470578 23.03728165135133
609.0 25.94006475347191 23.038262579962726
609.5 25.94227030000863 23.039248204517456
610.0 25.94453993565378 23.040223098417858
610.5 25.946801541789142 23.041200916370276
611.0 25.94905683236384 23.042188240114307
611.5 25.951232677606875 23.043162706640917
612.0 25.95351950290603 23.044151585167022
612.5 25.955718919517707 23.04512286261435
613.0 25.957964275870665 23.046111825180333
613.5 25.960162234044084 23.047090427980716
614.0 25.962370514873598 23.048069612545206
614.5 25.96453441384559 23.04905079608706
615.0 25.966757164854577 23.050042241245777
615.5 25.968955319331556 23.051021064157055
616.0 25.971152057377775 23.05200604316748
616.5 25.97331397282219 23.052984490687574
617.0 25.97550363665972 23.053976370186867
617.5 25.977639746123696 23.054953155947228
618.0 25.97984833302068 23.05593321513427
618.5 25.982015816744337 23.056929249804952
619.0 25.984100917210597 23.057910849366525
619.5 25.986286041868137 23.058889319565097
620.0 25.988450918853037 23.059875395395597
620.5 25.990558472228166 23.060858010446744
621.0 25.99265229787058 23.061846613931483
621.5 25.994797058598383 23.062830106305707
622.0 25.99689546789104 23.063824266630114
622.5 25.998998485623783 23.06480353637994
623.0 26.001096195196265 23.065791594304017
623.5 26.003211052523994 23.066773102462008
624.0 26.005298842468477 23.06776686040569
624.5 26.007353957050086 23.068755124680965
625.0 26.009415235620565 23.069739743324472
625.5 26.011496293906365 23.070731318112465
626.0 26.013549612591493 23.07171659424883
626.5 26.01560659715142 23.072705087460527
627.0 26.01760185032191 23.07370031551652
627.5 26.019665766904573 23.074684463522814
628.0 26.02170766812612 23.075673365313143
628.5 26.02367616155588 23.076658480889925
629.0 26.02573450019331 23.077650159184756
629.5 26.02773255604594 23.078636307689315
630.0 26.02973577085445 23.079628999532208
630.5 26.031703965777595 23.080607878043743
631.0 26.033686676909987 23.081606985418176
631.5 26.0356381379216 23.082589977423105
632.0 26.0375829561145 23.08358461459669
632.5 26.0395493563297 23.0845826532371
633.0 26.04149219465128 23.08556582705598
633.5 26.043422268168985 23.086556668805596
634.0 26.045385537341712 23.08755644500378
634.5 26.047263065358038 23.088536307829727
635.0 26.049197803118265 23.089529519017464
635.5 26.05104635971513 23.090525490413306
636.0 26.05295612859741 23.09151465135718
636.5 26.05482489583807 23.09250233764477
637.0 26.05667981004374 23.09349762403918
637.5 26.058591330370824 23.09448388878314
638.0 26.060442826818566 23.095484944880504
638.5 26.062275977915 23.096470858633303
639.0 26.064111959976472 23.097472482615814
639.5 26.065902843402235 23.098463040201107
640.0 26.067735840332293 23.099455500455747
640.5 26.069532068539665 23.100449934196
641.0 26.071327067210916 23.10144344337111
641.5 26.07312262958505 23.102439264025378
642.0 26.074875111284538 23.103424852723094
642.5 26.07662009525532 23.104424897942945
643.0 26.078386752402718 23.105409515327278
643.5 26.080126130698456 23.106411583730203
644.0 26.081894409933213 23.107410253210688
644.5 26.083576740874296 23.10840422532142
645.0 26.08531950050243 23.109394140669053
645.5 26.08701746221337 23.110393642945386
646.0 26.08873202960854 23.111387683883496
646.5 26.09038482064216 23.11238631855035
647.0 26.0920574852748 23.113372184759786
647.5 26.093744291272337 23.114374191824076
648.0 26.09540925756471 23.115378496215733
648.5 26.09703434192309 23.116384301338606
649.0 26.09867493931361 23.117368298439036
649.5 26.100312793358952 23.118361400502984
650.0 26.101976091117738 23.119357476854926
650.5 26.103524416074894 23.120362052556192
651.0 26.105145716867895 23.121354096650304
651.5 26.106760236989693 23.122358164849985
652.0 26.108333421989045 23.123352953647796
652.5 26.109918814760682 23.124359131956215
653.0 26.11145477642008 23.12535451447448
653.5 26.11301903460746 23.12635983946912
654.0 26.114559250303948 23.127349826439172
654.5 26.116072983793863 23.128354801222265
655.0 26.117603811890366 23.129348910892958
655.5 26.11907927904833 23.130348845246303
656.0 26.120618926842106 23.13135711815614
656.5 26.12211591655388 23.1323542281603
657.0 26.123555147225474 23.133352623304354
657.5 26.125030277049976 23.13435448391153
658.0 26.126458884460824 23.13535155855476
658.5 26.12791001989814 23.136345799610233
659.0 26.12936115377192 23.137360023471942
659.5 26.130781658730267 23.138363136535816
660.0 26.132181865696722 23.139368068210423
660.5 26.13356741146912 23.14036117214148
661.0 26.13493290268768 23.141360322001574
661.5 26.136349146834092 23.142365662671935
662.0 26.137683976316687 23.143365763951724
662.5 26.139027360885265 23.144373776291655
663.0 26.140362175847677 23.145370730069708
663.5 26.141696330078055 23.146377877564955
664.0 26.142946328074046 23.14737460501627
664.5 26.144308002282468 23.14838295467956
665.0 26.145593237887958 23.149380450646667
665.5 26.1468612610139 23.150381395624006
666.0 26.148151319581736 23.151386876475218
666.5 26.1493787408266 23.152393747211764
667.0 26.150628096291815 23.153390017283535
667.5 26.151826020934262 23.15439062127464
668.0 26.153061524382224 23.155399037477054
668.5 26.154246638889305 23.156400165821132
669.0 26.15537351331445 23.157404932656526
669.5 26.15656920900722 23.15840933579593
670.0 26.15775435720334 23.159415714041618
670.5 26.158911304218147 23.16042210054317
671.0 26.160000781166875 23.161420991724356
671.5 26.161131459729834 23.16242748361486
672.0 26.16219639219063 23.16343264703317
672.5 26.163296398475882 23.164437055840637
673.0 26.164374354292747 23.16544435454155
673.5 26.165452616073182 23.16643931881653
674.0 26.16649702920084 23.167451838549265
674.5 26.167524436612048 23.168456886135942
675.0 26.168520062949906 23.169450168041696
675.5 26.169518001262844 23.170462763201847
676.0 26.170513280072292 23.171461388957727
676.5 26.171497065028863 23.172463874860007
677.0 26.172458588414035 23.173479190040148
677.5 26.173417245429157 23.174480081371534
678.0 26.1743243619604 23.17548002174702
678.5 26.175220847532643 23.17648054389359
679.0 26.176127982775206 23.17748002058629
679.5 26.17702282335212 23.1784854041986
680.0 26.177863212236744 23.179486868037607
680.5 26.178683200056348 23.180501141102713
681.0 26.179498493859292 23.18149598852523
681.5 26.180275966262236 23.182505939814252
682.0 26.181026986749366 23.18350577750817
682.5 26.18177056244815 23.18451688581063
683.0 26.182443330574912 23.18552499284244
683.5 26.183137548393923 23.186525810496917
684.0 26.183764335597143 23.187521600823914
684.5 26.18443794721201 23.188531473206204
685.0 26.185062652045605 23.189537401794844
685.5 26.185633505305695 23.190542188003214
686.0 26.186185017162778 23.191550159433998
686.5 26.186747530225603 23.192550143835877
687.0 26.187246907034968 23.19355394973977
687.5 26.187756366929186 23.19455188118852
688.0 26.18825971363478 23.195562916605653
688.5 26.188708888721962 23.196552866656297
689.0 26.189195542022624 23.197562983304007
689.5 26.189574474731852 23.19856830306564
690.0 26.189975097151205 23.199574798737114
690.5 26.19039833468716 23.200576206339747
691.0 26.19075336848923 23.20158243291985
691.5 26.191158348826082 23.202580795475484
692.0 26.19151949001356 23.203588200405456
692.5 26.191847738561638 23.2045974128417
693.0 26.192188527061752 23.205591808623097
693.5 26.1924821443878 23.206607787658584
694.0 26.192817881604427 23.207603293755344
694.5 26.19307749879131 23.208604985691007
695.0 26.193365370835735 23.209613942960488
695.5 26.19362108098262 23.21062062164046
696.0 26.19387730595311 23.21162567804532
696.5 26.19416090150048 23.21263017830871
697.0 26.194366934811306 23.213637624833154
697.5 26.194612637807467 23.214641863607696
698.0 26.194874593655847 23.2156492628679
698.5 26.19505837492149 23.216652237379463
699.0 26.195256688411924 23.21765536003848
699.5 26.195444515366408 23.218659873507015
700.0 26.19563292645835 23.21966851880925
700.5 26.19581834471529 23.22067966851276
701.0 26.196022489556334 23.22167676555494
701.5 26.196199607098784 23.22268692034822
702.0 26.196393167104908 23.22369023444267
702.5 26.196534855301095 23.224690261435683
703.0 26.196754502962996 23.22570265986661
703.5 26.196966727084572 23.226709872485223
704.0 26.19711809319128 23.227711598462328
704.5 26.197291277246222 23.22872332318302
705.0 26.19744706871802 23.229729810952207
705.5 26.197626894136995 23.23074143402138
706.0 26.197811905629365 23.23174233672942
706.5 26.197996549202777 23.232748482437575
707.0 26.198163347525668 23.233751791432926
707.5 26.19838639229154 23.234753372308276
708.0 26.198566213724245 23.235779984248815
708.5 26.198744403516137 23.236781619571953
709.0 26.198958888172754 23.237783436365056
709.5 26.19911524934079 23.23879735470073
710.0 26.19935627137427 23.239802811676867
710.5 26.19956469456175 23.24081313250518
711.0 26.19980038240952 23.241811577120153
711.5 26.20002451398863 23.242828678751074
712.0 26.20030905898566 23.24383798708051
712.5 26.200581176615707 23.24484225742459
713.0 26.200772487196918 23.245853403254337
713.5 26.201074671230717 23.246856862674615
714.0 26.20132372966459 23.247858478330574
714.5 26.201604837752317 23.248886423009438
715.0 26.20191589491113 23.249883812602988
715.5 26.202216553098264 23.250903554533856
716.0 26.202587963274016 23.25191291476895
716.5 26.202846676904137 23.25291631325776
717.0 26.203203464509677 23.25393077232168
717.5 26.203445690303198 23.254944051287474
718.0 26.203756326390998 23.255940749301427
718.5 26.2039935514661 23.256967314568172
719.0 26.204273030636863 23.257972246769643
719.5 26.20450863158137 23.25898211794143
720.0 26.20477211596416 23.259990731574636
720.5 26.204973307169624 23.261003354941817
721.0 26.205234019545628 23.262018387643412
721.5 26.205467977445558 23.2630286915346
722.0 26.205649397141116 23.264033995105247
722.5 26.2058942078826 23.26505791096381
723.0 26.206078611133425 23.2660584171548
723.5 26.206239838517916 23.267079995398653
724.0 26.20651527745425 23.268084157129895
724.5 26.206683808887657 23.269099140723316
725.0 26.206886125745346 23.27010473565703
725.5 26.207076444575268 23.271117821979168
726.0 26.207283417336257 23.272126899241222
726.5 26.207484589150674 23.273153092661623
727.0 26.207606160365433 23.274158008797755
727.5 26.207820310459002 23.275167190131477
728.0 26.20802523598151 23.276174298735548
728.5 26.208176761998466 23.277195181493372
729.0 26.20835355658176 23.278212163506456
729.5 26.208547219846277 23.27922787077208
730.0 26.208701953440322 23.280235884255074
730.5 26.20889419592202 23.281240845467565
731.0 26.209102111489926 23.282257833358898
731.5 26.209262154901054 23.28328197712626
732.0 26.20950775985343 23.284289970362973
732.5 26.20965418856485 23.28530452652547
733.0 26.209864356933235 23.286311799918344
733.5 26.210067610314685 23.287322646105295
734.0 26.21028756910676 23.288342946351822
734.5 26.210421900272944 23.28935579872825
735.0 26.210665589844165 23.290358771479337
735.5 26.210902876787085 23.291381233594223
736.0 26.21111332689013 23.292400243446266
736.5 26.211344627568316 23.293414720998182
737.0 26.211578513320525 23.294428421234517
737.5 26.211831518074945 23.29543658420824
738.0 26.21204737778053 23.29644974032685
738.5 26.212330172375932 23.297477404284702
739.0 26.21261856627561 23.298482240540977
739.5 26.21289373520865 23.29949725130906
740.0 26.213141857373596 23.30049961633245
740.5 26.21345001898735 23.301515440668183
741.0 26.213748755873794 23.302530724760228
741.5 26.21407698135398 23.303555147582927
742.0 26.21436289377593 23.30457291334655
742.5 26.21469689216046 23.305583934166037
743.0 26.215073214507782 23.306594243515804
743.5 26.215411750476243 23.307613613093746
744.0 26.215763792118704 23.308629858893664
744.5 26.216192870560647 23.309639808769337
745.0 26.216550396804546 23.310646597167363
745.5 26.21697271895563 23.311670692252065
746.0 26.217402285249733 23.312684165137725
746.5 26.217825433755678 23.31370645057492
747.0 26.218295149569478 23.314714663944205
747.5 26.218747858700095 23.315736471205113
748.0 26.219242844110873 23.31674533324673
748.5 26.2197109077505 23.317757939601208
749.0 26.220246421576224 23.318777152716205
749.5 26.22083480072615 23.319794471277554
750.0 26.221334367877663 23.32080760622345
750.5 26.22190464963163 23.321819030595513
