FastTrWP/PhaseSpace/IAs/snIa_0.41_30.00_0.92_0.24.csv
# %ECSV 0.9
# ---
# datatype:
# - {name: time-rel, datatype: float64}
# - {name: g, datatype: float64}
# - {name: i, datatype: float64}
# schema: astropy-2.0
time-rel g i
[from data line 363]
-222.5 24.11105794059184 22.940654448876078
-222.0 24.107910187793415 22.937928181259174
-221.5 24.10478445010963 22.935209323649307
-221.00000000000006 24.101661217572946 22.932501694336082
-220.5 24.098546019659388 22.92979020987541
-220.0 24.09543460064107 22.927083814632233
-219.50000000000006 24.092349309241396 22.924390652037417
-219.0 24.08925822309446 22.921704229236774
-218.5 24.08617507644677 22.91901941782011
-218.00000000000006 24.08309524569139 22.916337429332106
-217.5 24.08000992454599 22.91365824356297
-217.0 24.076963251645157 22.91098574429372
-216.50000000000006 24.073908209286664 22.908324692570588
-216.0 24.07085912893724 22.90566818227704
-215.5 24.067819331631735 22.90301818005332
-215.00000000000006 24.064793170598815 22.90036272630398
-214.5 24.061770463013197 22.897721689754388
-214.0 24.058754476103136 22.895078414430934
-213.50000000000006 24.055737637766864 22.892449184798945
-213.0 24.05274298031545 22.889819253871153
-212.5 24.049741734755116 22.887194935582155
-212.00000000000006 24.046758510754778 22.88457099769692
-211.5 24.043775730729017 22.881958273692895
-211.0 24.0407977175964 22.87934727974024
-210.50000000000006 24.037835832350574 22.876745578921152
-210.0 24.03486620888051 22.87414338522094
-209.5 24.031929474464093 22.871551737969398
-209.00000000000006 24.028970441255066 22.868951602725964
-208.5 24.026040146102897 22.86636963717036
-208.0 24.023089066656212 22.863785231720865
-207.50000000000006 24.02016199234233 22.861212158437358
-207.0 24.017251000025936 22.85863689907583
-206.5 24.014337188894505 22.856059251942746
-206.00000000000006 24.011425390252544 22.853499611587438
-205.5 24.00852486601365 22.850949321689427
-205.0 24.005628283972968 22.84839238244028
-204.50000000000006 24.00274753803423 22.845836931282633
-204.0 23.99984749568468 22.84329356771775
-203.5 23.996978023295803 22.840750506263767
-203.00000000000006 23.9941041253976 22.83821392829306
-202.5 23.991246791094024 22.835667608542295
-202.0 23.988388127318295 22.833144678164842
-201.50000000000006 23.985540486991606 22.83062059880232
-201.0 23.98269360659519 22.828094516863892
-200.5 23.979850143114717 22.825575845102556
-200.00000000000006 23.977020581034765 22.823065393043933
-199.5 23.97418673531569 22.82054946260423
-199.0 23.971383429339376 22.81804841409022
-198.50000000000006 23.968545187013067 22.81554521299659
-198.0 23.96573532347533 22.81304662064866
-197.5 23.96292319318671 22.8105490074312
-197.00000000000006 23.960138414154137 22.8080652306432
-196.5 23.957336929377306 22.805568539376978
-196.0 23.954553189898718 22.803087284102247
-195.50000000000006 23.95177002478109 22.80060994040624
-195.0 23.948989036154757 22.79814160810297
-194.5 23.946216090279606 22.795662881726095
-194.00000000000006 23.94345524910564 22.793197076924926
-193.5 23.940686374279238 22.790729238064046
-193.0 23.93793020331522 22.788272181385008
-192.50000000000006 23.93517908360492 22.785810674445045
-192.0 23.93243017687842 22.783364068395482
-191.5 23.929695717502 22.780906184054345
-191.00000000000006 23.92696540447975 22.778453113784124
-190.5 23.924228618200654 22.77601882661076
-190.0 23.921499840122486 22.773576321790685
-189.50000000000006 23.918756434795988 22.771140307510123
-189.0 23.916046960475832 22.768697165007854
-188.5 23.913325517068856 22.766250329951596
-188.00000000000006 23.910591633978232 22.763813236533103
-187.5 23.907855742739272 22.7613709186434
-187.0 23.90513860731071 22.758937871032664
-186.50000000000006 23.902406674982245 22.7565010232726
-186.0 23.89969409616423 22.75406946092414
-185.5 23.89697327979833 22.751631728588517
-185.00000000000006 23.894251896544993 22.749199347963224
-184.5 23.891521178936582 22.74677505984666
-184.0 23.888836183875398 22.744353496928337
-183.50000000000006 23.886119467753776 22.74192587729136
-183.0 23.883413457949917 22.73950369762618
-182.5 23.88070237167951 22.737088922729683
-182.00000000000006 23.87800780606128 22.734676031769556
-181.5 23.8753215022211 22.732252997610004
-181.0 23.872624643191756 22.729847424033018
-180.50000000000006 23.869933285712147 22.727439243858527
-180.0 23.867243003911668 22.725040418854533
-179.5 23.864569295522582 22.72262937914479
-179.00000000000006 23.861898343136016 22.720237271616092
-178.5 23.8592252831601 22.717850009300783
-178.0 23.85656742919064 22.71545207871298
-177.50000000000006 23.853921738335654 22.713072262384642
-177.0 23.85126660075577 22.710685713978023
-176.5 23.848618514712815 22.70831833705554
-176.00000000000006 23.845991480191696 22.705937263732746
-175.5 23.843357753890434 22.703567236067883
-175.0 23.840725453372063 22.70120618567582
-174.50000000000006 23.838101142014317 22.698846988291372
-174.0 23.83550535644167 22.69649304483513
-173.5 23.83290586639149 22.694142762923576
-173.00000000000006 23.830302296295606 22.691801456990838
-172.5 23.827718800209787 22.689460180361717
-172.0 23.82514471902679 22.687125942805473
-171.50000000000006 23.822560540038225 22.68480026550359
-171.0 23.819998508349762 22.68247271070322
-170.5 23.817451832213624 22.680166787880786
-170.00000000000006 23.814902360009462 22.67785389875901
-169.5 23.81236808664859 22.67554240952473
-169.0 23.80985074697672 22.673251427727998
-168.50000000000006 23.80732264424868 22.670949282507486
-168.0 23.804827814652327 22.668668403662764
-167.5 23.802324243643753 22.66638061959272
-167.00000000000006 23.799842675429538 22.66412280659125
-166.5 23.79736284487784 22.661852251410558
-166.0 23.794893981275962 22.659587986000314
-165.50000000000006 23.792436018465043 22.65733738902682
-165.0 23.789994801283967 22.655091520883055
-164.5 23.78755706085714 22.652859820276305
-164.00000000000006 23.785138262003144 22.65062825391925
-163.5 23.78273225039642 22.64840115231863
-163.0 23.78031678543925 22.64618885459816
-162.50000000000006 23.777944539711612 22.64397662698336
-162.0 23.77555785488115 22.64177317612267
-161.5 23.77318226502598 22.639579201640593
-161.00000000000006 23.770832378916662 22.63739563485951
-160.5 23.768486284964098 22.635218004048227
-160.0 23.766159406241492 22.63304573886185
-159.50000000000006 23.763851352582076 22.630890385710337
-159.0 23.761537674243183 22.628744869730255
-158.5 23.759252942366356 22.626594267194026
-158.00000000000006 23.7569736566714 22.624450889852547
-157.5 23.754706300109014 22.622325801938246
-157.0 23.752463300487783 22.62020686790084
-156.50000000000006 23.750227230539224 22.618097190331895
-156.0 23.74799306169792 22.61599403850083
-155.5 23.745763147722236 22.61389503182631
-155.00000000000006 23.74354693711116 22.611801324798936
-154.5 23.741336925374622 22.609708735863396
-154.0 23.739139023630646 22.607614501119222
-153.50000000000006 23.73693637890708 22.605529195534917
-153.0 23.734743314233825 22.603459598974567
-152.5 23.732539354894516 22.601386120397674
-152.00000000000006 23.730366735383292 22.599311151449612
-151.5 23.7281972216162 22.597243043456636
-151.0 23.726024853228537 22.595187346206828
-150.50000000000006 23.723863605489683 22.593130459456823
-150.0 23.721709949990704 22.5910826205533
-149.5 23.719565742093174 22.58903473629788
-149.00000000000006 23.7174207005306 22.58699164243071
-148.5 23.715288273015616 22.584950765764198
-148.0 23.713158513524707 22.58292895141299
-147.50000000000006 23.711053288579432 22.580888556470313
-147.0 23.708936797934793 22.578873450513825
-146.5 23.70682491082404 22.576851897123515
-146.00000000000006 23.704741626534656 22.574839157927133
-145.5 23.70265937854008 22.57283575389237
-145.0 23.700560406111215 22.570832824923013
-144.50000000000006 23.69849127450546 22.56883478965245
-144.0 23.696423800748214 22.566849180168948
-143.5 23.69436947341855 22.564865286313758
-143.00000000000006 23.69233762529216 22.56287068479113
-142.5 23.690285827059093 22.560902608541365
-142.0 23.68824066785138 22.558935139079868
-141.50000000000006 23.686220258021947 22.556980205539624
-141.0 23.684203241607026 22.55501265756046
-140.5 23.682196141289317 22.553060621284203
-140.00000000000006 23.680194253367368 22.55111707426948
-139.5 23.6781881606096 22.54918007116271
-139.0 23.676229842277216 22.547241226598764
-138.50000000000006 23.674245361585143 22.54531005886637
-138.0 23.672280047639326 22.543379456693224
-137.5 23.6703413000916 22.541463476499914
-137.00000000000006 23.668379890015206 22.53955837303865
-136.5 23.66645975860596 22.53765349554027
-136.0 23.66451831754699 22.535750683303757
-135.50000000000006 23.662605690902744 22.53386286593159
-135.0 23.660687945281055 22.53197340842064
-134.5 23.65878888394747 22.530091549183553
-134.00000000000006 23.656895474232225 22.52821721200209
-133.5 23.655008441766753 22.52634596758479
-133.0 23.65314094578238 22.524484909133268
-132.50000000000006 23.651291303050876 22.522635712301504
-132.0 23.649420094042842 22.520784459346075
-131.5 23.64758077287314 22.51894202302902
-131.00000000000006 23.64575419751892 22.51709999261005
-130.5 23.64393071174828 22.515269544050103
-130.0 23.64211780306151 22.513442258681053
-129.50000000000006 23.640307719642664 22.511632548637674
-129.0 23.638511437071585 22.509827522950093
-128.5 23.636725772352367 22.5080153388477
-128.00000000000006 23.63496401888408 22.506218004267883
-127.5 23.633192850024667 22.50442695843958
-127.0 23.631448227389967 22.502644715189902
-126.50000000000006 23.629705125555503 22.50086315160531
-126.0 23.62797329138651 22.49909669473819
-125.5 23.62625489496335 22.497338085191497
-125.00000000000006 23.624542801600544 22.49558084772014
-124.5 23.622843531794988 22.493830118639227
-124.0 23.62115872260178 22.492086928827927
-123.50000000000006 23.61947524343483 22.49035312879191
-123.0 23.61780840262679 22.4886265576339
-122.5 23.6161521149276 22.4869034012656
-122.00000000000006 23.614500493017925 22.48518568339943
-121.5 23.612863496538697 22.483477517225584
-121.0 23.61123229087842 22.481774699172984
-120.50000000000006 23.609607647826056 22.48007438261624
-120.0 23.60799916197633 22.47837829310225
-119.5 23.606373908913323 22.476688848364567
-119.00000000000006 23.60478925154481 22.475004392496942
-118.5 23.603191677311138 22.473329727859372
-118.0 23.601603545294108 22.47165218129762
-117.50000000000006 23.600030162520667 22.469991734131597
-117.0 23.598462987921582 22.468324239074363
-116.5 23.596916345868465 22.466668158748003
-116.00000000000006 23.59533967171529 22.465010765263504
-115.5 23.593801146569888 22.46336611758327
-115.0 23.592274037400127 22.46172080458079
-114.50000000000006 23.590742743475673 22.460085161197778
-114.0 23.589221044674108 22.458460069218425
-113.5 23.587693273953096 22.456836210298103
-113.00000000000006 23.5861856052529 22.455209202925502
-112.5 23.584699968809062 22.453598279771995
-112.0 23.583194435084636 22.451987798790025
-111.50000000000006 23.5817165388324 22.45038161871049
-111.0 23.580252978256304 22.44878820347516
-110.5 23.578777331770617 22.447182498644715
-110.00000000000006 23.577316102458433 22.445604274297676
-109.5 23.57587442942279 22.444018678240205
-109.0 23.574415342119593 22.442435865573778
-108.50000000000006 23.572990536549526 22.440860751540008
-108.0 23.571554690559147 22.43929276097385
-107.5 23.57013856470462 22.43773324500986
-107.00000000000006 23.568717385302946 22.436173876330084
-106.5 23.567320318864923 22.434619045196328
-106.0 23.565916388382494 22.433074963382996
-105.50000000000006 23.564532433830653 22.43152305942328
-105.0 23.563155613510702 22.429989280850897
-104.5 23.56178060902517 22.428458902395572
-104.00000000000006 23.560408364932137 22.42692343280862
-103.5 23.55905229395692 22.425403460072882
-103.0 23.557711278146417 22.423887588534228
-102.50000000000006 23.556357139532818 22.42237830322061
-102.0 23.555020459468764 22.42086317305043
-101.5 23.55369462336354 22.41935950540354
-101.00000000000006 23.55238943119663 22.417863735958
-100.5 23.551071515454055 22.416364894192103
-100.0 23.549765163350166 22.41488832958154
-99.50000000000006 23.548463273499543 22.413400329882023
-99.0 23.54717611703113 22.411926155209365
-98.5 23.545894557253785 22.41045651663019
-98.00000000000006 23.544626935274728 22.408982966232884
-97.5 23.543350893981124 22.407517758553503
-97.0 23.542100040607853 22.406066625773672
-96.50000000000006 23.540843153321624 22.404605271916882
-96.0 23.539601265918403 22.40315961928691
-95.5 23.538374861431652 22.401719250380538
-95.00000000000006 23.53715617758592 22.400281933020352
-94.5 23.535927589549075 22.398844209354657
-94.0 23.53471868887004 22.397417767762665
-93.5 23.533518622476546 22.395994012763136
-93.0 23.53231218573788 22.394575877830704
-92.5 23.531140170837 22.393165089327482
-92.0 23.529957738965066 22.391756901222916
-91.5 23.52878326884771 22.39035207303157
-91.0 23.527608634855998 22.388954947955497
-90.5 23.526449654795766 22.387562696317357
-90.0 23.525313441750136 22.386162177831807
-89.5 23.52417148736402 22.384784467099898
-89.0 23.523041592449587 22.383409216021356
-88.5 23.52190348810977 22.382038844995286
-88.0 23.520794666233876 22.380660670647256
-87.5 23.519678034376767 22.37929623418131
-87.0 23.518574210351186 22.37793462303422
-86.5 23.51746283872378 22.376582137984844
-86.0 23.516384725732923 22.37521859865346
-85.5 23.5152951180503 22.373870108243622
-85.0 23.51421813457022 22.37252227748359
-84.5 23.513132596094486 22.37118994272761
-84.0 23.51207167875383 22.369853107880186
-83.5 23.51101276220821 22.368526824944738
-83.0 23.50995275665745 22.367190025808515
-82.5 23.50890309212645 22.365872362473098
-82.0 23.50788077967064 22.36455736385977
-81.5 23.506834908129623 22.363233796852686
-81.0 23.505819678396875 22.361926738361046
-80.5 23.504790070249413 22.360616801690504
-80.0 23.50376934786137 22.359312235086556
-79.5 23.502765497914485 22.358021971196024
-79.0 23.50176518417452 22.35672579311421
-78.5 23.500769441965552 22.355433665249723
-78.0 23.49977930635387 22.35414888247284
-77.5 23.498809694329225 22.352867539756417
-77.0 23.497834943621683 22.351597870585145
-76.5 23.496858150723938 22.350322589468227
-76.0 23.495902325240113 22.349056793428034
-75.5 23.49494806548166 22.34779091505559
-75.0 23.494011730083137 22.346536186141364
-74.5 23.49306173020452 22.34527494586168
-74.0 23.492137342412285 22.344025198816592
-73.5 23.491206186166565 22.342788896063862
-73.0 23.490294973201763 22.341544955539895
-72.5 23.489376004612936 22.34030843539449
-72.0 23.488472704112073 22.33906963812322
-71.5 23.48757622460463 22.337843230612584
-71.0 23.486687923224103 22.336621087499292
-70.5 23.485801754562754 22.335402040215456
-70.0 23.48492967399825 22.334177848691922
-69.5 23.48406437386593 22.332971881479292
-69.0 23.48319666253652 22.331767355275186
-68.5 23.482340464133177 22.330567288698525
-68.0 23.481497111235143 22.329360213236203
-67.5 23.480650156677573 22.328163787206492
-67.0 23.479828855735505 22.326985573595156
-66.5 23.47898941655396 22.32579696124575
-66.0 23.478173694848774 22.324616098061362
-65.5 23.47735998383176 22.32344148789272
-65.0 23.476551708794624 22.3222714961495
-64.5 23.47576098473722 22.32109966046846
-64.0 23.474965615277448 22.319940375815722
-63.5 23.474186836024423 22.318781805569444
-63.0 23.47340172335108 22.317627745392556
-62.5 23.47263757324732 22.316472914029596
-62.0 23.471886376223456 22.315327470456214
-61.5 23.47111636247849 22.314187849803268
-61.0 23.470378164925897 22.313050328998404
-60.5 23.46963680841256 22.311925496303296
-60.0 23.46890757718812 22.310791646251115
-59.5 23.468176236721305 22.30966780755889
-59.0 23.467458146032982 22.308544784154346
-58.5 23.46675303368533 22.307439267725144
-58.0 23.466058912205217 22.30632538672857
-57.5 23.465351943569324 22.305220578337032
-57.0 23.464665959707624 22.304118993900573
-56.5 23.463994820204125 22.303022464073425
-56.0 23.46331935457609 22.30193009352313
-55.5 23.46264471204019 22.300844736165836
-55.0 23.461997762367197 22.29976195044502
-54.5 23.46134404389078 22.298679440769924
-54.0 23.460701101107865 22.29759932727136
