FastTrWP/PhaseSpace/IAs/snIa_0.61_30.00_-0.12_-0.13.csv
# %ECSV 0.9
# ---
# datatype:
# - {name: time-rel, datatype: float64}
# - {name: g, datatype: float64}
# - {name: i, datatype: float64}
# schema: astropy-2.0
time-rel g i
[from data line 705]
-71.5 23.34703100227817 22.60696842941953
-71.0 23.345889023502217 22.605556222839127
-70.50000000000006 23.344742190790363 22.604166771464314
-70.0 23.343608569826365 22.60277012397888
-69.5 23.342495612362736 22.601383008709682
-69.00000000000006 23.34136876613052 22.60000558299358
-68.5 23.340258267022413 22.598622060804928
-68.0 23.339154141918115 22.597248904013508
-67.50000000000006 23.338058154265884 22.595876370061415
-67.0 23.336972727906137 22.594505240268482
-66.5 23.335899542250118 22.59314370665519
-66.00000000000006 23.334832119166006 22.591781754800287
-65.5 23.333763709157015 22.590430305964034
-65.0 23.332712081408467 22.589079795108656
-64.50000000000006 23.331659546905858 22.587737270499673
-64.0 23.330628977448832 22.586385320381133
-63.5 23.329600884616873 22.585048229654213
-63.00000000000006 23.328574217609447 22.583711978310458
-62.5 23.327559942052204 22.582383001207482
-62.0 23.326551176021724 22.581051648264076
-61.50000000000006 23.32554613199094 22.579734521644323
-61.0 23.32456899846124 22.578413283116564
-60.5 23.323585874625362 22.577100512168204
-60.00000000000006 23.3226134494523 22.57579849679552
-59.5 23.321651336197426 22.57449107436348
-59.0 23.320693942789013 22.573190732443933
-58.50000000000006 23.31974586318532 22.571887686696506
-58.0 23.318805658254988 22.57059608042794
-57.5 23.317880902192346 22.56930321661941
-57.00000000000006 23.316952167972467 22.568025491368076
-56.5 23.316021887134468 22.56674869565043
-56.0 23.315125335993862 22.56546449223856
-55.50000000000006 23.314227179072322 22.564198453930594
-55.0 23.31332736346622 22.562923124366172
-54.5 23.312454910129226 22.561658940504753
-54.00000000000006 23.311584619811146 22.560404193008566
-53.5 23.31071477918178 22.55914769856328
-53.0 23.309853246249695 22.55789888197166
-52.50000000000006 23.309005862315026 22.556641531502045
-52.0 23.3081598280191 22.55540978522623
-51.5 23.30732379304156 22.554172385614528
-51.00000000000006 23.306513670767664 22.552931444019137
-50.5 23.30569534239824 22.55169947430561
-50.0 23.3048814107068 22.550466958820934
-49.50000000000006 23.30408113109278 22.549253826517692
-49.0 23.303294289180553 22.54803447139818
-48.5 23.302517639465634 22.546812988760067
-48.0 23.30174233467546 22.545605522235746
-47.5 23.300982851743072 22.544404854959133
-47.0 23.30023072102312 22.54319641101008
-46.5 23.299478641369152 22.54200524140719
-46.0 23.298743605357764 22.5408072827498
-45.5 23.298009075187075 22.53962288674842
-45.0 23.29728392426444 22.53843300944932
-44.5 23.296575469948483 22.53726027952215
-44.0 23.295875674372965 22.536068525586085
-43.5 23.29517543620672 22.534909394592383
-43.0 23.29450138828725 22.53373643894247
-42.5 23.293811253772088 22.532563598436724
-42.0 23.29314787055548 22.53141420200571
-41.5 23.29248979511322 22.530256458369564
-41.0 23.291834115331106 22.529102924028145
-40.5 23.291182988595487 22.527950367348055
-40.0 23.290560875377317 22.526809501385053
-39.5 23.289940861518513 22.525672408618632
-39.0 23.28931432335199 22.524538245211872
-38.5 23.288705498647857 22.52340626474037
-38.0 23.288110554980264 22.52227657207493
-37.5 23.28752655866385 22.521157449058258
-37.0 23.28694321123728 22.5200398468861
-36.5 23.286370984391773 22.51893260024954
-36.0 23.285813531899734 22.51781577215865
-35.5 23.285256958946686 22.516706490936667
-35.0 23.284715978494607 22.515608228243686
-34.5 23.2841800663314 22.514503052631966
-34.0 23.283662508391096 22.513414798644828
-33.5 23.28314084659159 22.512334045168974
-33.0 23.282630994907333 22.511242368254962
-32.5 23.282133753911776 22.510161170622254
-32.0 23.281651640191736 22.509077196548297
-31.5 23.281168495564202 22.508010618851348
-31.0 23.280692786859433 22.506935154116093
-30.5 23.280242538497617 22.5058743012859
-30.0 23.279789462473722 22.504809978644648
-29.5 23.279346686274067 22.503753281553468
-29.0 23.27891488481456 22.502694855921206
-28.5 23.278502821192784 22.501650603138962
-28.0 23.278081672441616 22.50059707983549
-27.5 23.27767653643489 22.499555440955653
-27.0 23.27727546260933 22.49851230977238
-26.5 23.27689442740636 22.49747904976482
-26.0 23.276518091750035 22.49644691669575
-25.5 23.276143938292037 22.495416604723083
-25.0 23.27579522180787 22.494392436057716
-24.5 23.275435048347113 22.49336593396471
-24.0 23.275080283293278 22.492350834567517
-23.5 23.27475767991414 22.49133440875642
-23.0 23.274425761396817 22.490319603829995
-22.5 23.274113081036248 22.48931914540309
-22.0 23.273793119209827 22.488316258525355
-21.5 23.273502109726167 22.48731755101914
-21.0 23.273206418488463 22.486320472557097
-20.5 23.27291562486279 22.485331033531256
-20.0 23.272636955357967 22.484335905601416
-19.5 23.27237221573715 22.4833596494525
-19.0 23.272110778764144 22.48236924850319
-18.5 23.271859107052933 22.481392768661756
-18.0 23.27161010583172 22.480421360093807
-17.5 23.271375652140925 22.4794567542791
-17.0 23.27112694497992 22.478482145204044
-16.5 23.27092255892562 22.477522805179753
-16.0 23.270695518592646 22.476553690731848
-15.5 23.270499267681966 22.47560244717587
-15.0 23.270289998052593 22.474649979105017
-14.5 23.270093649598937 22.473700921263212
-14.0 23.269894403773122 22.472757699805506
-13.5 23.26971441560435 22.471812186294017
-13.0 23.269558730792493 22.47086966250376
-12.5 23.2693848381331 22.469936673798124
-12.0 23.269233705502053 22.468999211005922
-11.5 23.26908620427534 22.468069259139128
-11.0 23.268947479467265 22.46714814589849
-10.5 23.26880126963284 22.4662223799127
-10.0 23.268678840848946 22.465307080017354
-9.5 23.26855086183061 22.464393553290655
-9.0 23.268429724201965 22.46348575247591
-8.5 23.268318680854534 22.46257087864128
-8.0 23.268219393312926 22.461669663392332
-7.5 23.268125275523566 22.460769085946758
-7.0 23.268022973270885 22.459878684137003
-6.5 23.26795274004002 22.458974518198684
-6.0 23.2678677128467 22.458086308850348
-5.5 23.267811346551476 22.457196393031836
-5.0 23.26774334232798 22.456319237702786
-4.5 23.2676804362126 22.455438277968966
-4.0 23.26762047029173 22.45455251474986
-3.5 23.26758093656521 22.453683215312637
-3.0 23.267534522049665 22.4528108522091
-2.5 23.267509107357238 22.451950062917124
-2.0 23.26747338313917 22.45108343692977
-1.5 23.26744878876206 22.45022507330322
-1.0 23.26743067962337 22.449369125809483
-0.5 23.26742888625577 22.44851331941406
0.0 23.267412132245365 22.44766581461308
0.5 23.267418114920282 22.446814990894982
1.0 23.2674224966555 22.445969766873493
1.5 23.26743476980319 22.4451345813352
2.0 23.2674501447111 22.44429421371212
2.5 23.26746353979727 22.443458826727166
3.0 23.267495737063303 22.44262544568288
3.5 23.26752938406233 22.441808423231482
4.0 23.267575265757774 22.440978116863924
4.5 23.26761225547593 22.44016007713268
5.0 23.26765996910988 22.43934014386124
5.5 23.26771352550545 22.43852977172905
6.0 23.267765904232935 22.437723270923676
6.5 23.267840257411038 22.43690377161123
7.0 23.2679288700293 22.436110745565855
7.5 23.268014788259617 22.435307661826954
8.0 23.268120218687297 22.434512510787417
8.5 23.268236749062872 22.43371518112658
9.0 23.268349762606757 22.432931377647986
9.5 23.268482208525256 22.432140061205928
10.0 23.26861643861219 22.43135706199764
10.5 23.268760286900854 22.430577808556556
11.0 23.26891336403763 22.42979624047205
11.5 23.269080651958923 22.429025402779935
12.0 23.26924385044713 22.42825587548704
12.5 23.269424680267726 22.427486507419957
13.0 23.26960718774574 22.426722849863623
13.5 23.269809749851653 22.42596253835695
14.0 23.270001974645844 22.425204378693312
14.5 23.270216394075234 22.42445116408917
15.0 23.27044176982799 22.42369896708173
15.5 23.270660493557575 22.42294909296838
16.0 23.27088965928005 22.42220954300558
16.5 23.271139231661483 22.421463772697088
17.0 23.271374595926563 22.420730857813922
17.5 23.27163806265743 22.41999210708461
18.0 23.271891689991122 22.419257201033954
18.5 23.272161060190335 22.418531184337724
19.0 23.27243601737162 22.4178091298469
19.5 23.27271832085046 22.417079420891675
20.0 23.272996583225257 22.41635919681892
20.5 23.27329744500303 22.415638601022007
21.0 23.273586914159115 22.41492764500095
21.5 23.27389042049696 22.414218420957674
22.0 23.27419676203406 22.413512511208843
22.5 23.27452510080723 22.412803761749977
23.0 23.274836393069805 22.41210033566512
23.5 23.275157996405188 22.411399809841566
24.0 23.275487614569414 22.410707511571026
24.5 23.27582093218055 22.410010026224366
25.0 23.276163474587147 22.409323101752584
25.5 23.27651145057848 22.408637122332806
26.0 23.27685452010987 22.40794743786292
26.5 23.277212286965554 22.407266663101453
27.0 23.277563400642627 22.40658871088423
27.5 23.277927484203403 22.405908684554625
28.0 23.278302281239085 22.405235416133582
28.5 23.278673577949533 22.404567213909022
29.0 23.279045744795546 22.40389741295015
29.5 23.279421357729507 22.40322950204488
30.0 23.279804651668773 22.402566786669915
30.5 23.280197524216405 22.401902742669805
31.0 23.28057326820371 22.401257117977117
31.5 23.280967908062493 22.400595904257905
32.0 23.281364147006425 22.399942810562482
32.5 23.28176691750421 22.399297411455485
33.0 23.28216421558395 22.398648537636245
33.5 23.28256798375376 22.39800713345779
34.0 23.282963313396856 22.397364424837182
34.5 23.28337302634242 22.396725459910094
35.0 23.28378003337237 22.396089983176562
35.5 23.284200083923334 22.39545812540731
36.0 23.284604941173257 22.394831724303707
36.5 23.2850243703265 22.394201309418584
37.0 23.285449046003585 22.39358122712207
37.5 23.28586344129932 22.392951642931752
38.0 23.286280973764235 22.392334770361828
38.5 23.286709090385038 22.391717037375336
39.0 23.287134452232078 22.391106111527503
39.5 23.287562247613085 22.39048950973496
40.0 23.287983520229 22.38988174999719
40.5 23.28840915241374 22.38927486318692
41.0 23.288832419240983 22.388669316991752
41.5 23.28926187115343 22.38807009148047
42.0 23.289684312259574 22.387459591251453
42.5 23.29012342436328 22.38686661960566
43.0 23.29053609135042 22.386269404703985
43.5 23.290973833449794 22.38567810526935
44.0 23.291405694073664 22.38508711385846
44.5 23.291824124507063 22.384498839009012
45.0 23.292262354895257 22.383915212293545
45.5 23.292696353153683 22.383332289091612
46.0 23.29313418416827 22.3827504974185
46.5 23.293578091484825 22.382168708834833
47.0 23.294024309811356 22.381590484429708
47.5 23.294478648529772 22.38102138087799
48.0 23.29491729315003 22.380452769314118
48.5 23.295382160922976 22.3798811888101
49.0 23.295825626454768 22.37931739327484
49.5 23.29629435693224 22.378748381477568
50.0 23.29675526602864 22.378185382307798
50.5 23.297224944535845 22.37762747679049
51.0 23.2976965267742 22.377073514136615
51.5 23.29816986670455 22.376520986752908
52.0 23.298656902924073 22.37596569754151
52.5 23.299142566172772 22.37541498900997
53.0 23.299614946210717 22.374868394263046
53.5 23.300093729317275 22.37432114773849
54.0 23.300578130580693 22.37378094873914
54.5 23.301087098445812 22.373244253205954
55.0 23.301578310711815 22.372706407558965
55.5 23.30207968573289 22.372171742296917
56.0 23.302590970992064 22.37164320158985
56.5 23.303096542506122 22.371109695632164
57.0 23.30359829988549 22.370575495262383
57.5 23.304112507129915 22.370058263063587
58.0 23.304627103174337 22.369536653019523
58.5 23.305144962452925 22.369016292288492
59.0 23.30567948942852 22.368504286564267
59.5 23.306194889608097 22.367979907999917
60.0 23.306721719862797 22.367480143765835
60.5 23.307269440804227 22.366967520359804
61.0 23.307804588543547 22.366451473585283
61.5 23.308329527034118 22.36595713202622
62.0 23.308890238498083 22.36545628800849
62.5 23.30943196304515 22.364955593998573
63.0 23.309991275683362 22.36445581191386
63.5 23.310549723583122 22.363965927184996
64.0 23.31110395191172 22.363472257137257
64.5 23.31165495149882 22.362983630513867
65.0 23.312228438210994 22.362495762220135
65.5 23.312796167474467 22.362016794396563
66.0 23.313358921329286 22.36153291020785
66.5 23.313936040566816 22.361062993153666
67.0 23.314522766361208 22.360584240017705
67.5 23.315107486864974 22.360108480447153
68.0 23.31568180766829 22.359635331312244
68.5 23.316287583500408 22.359172531216075
69.0 23.31686720072623 22.358707226843805
69.5 23.317469462247253 22.3582362976287
70.0 23.318068983749267 22.357789644662244
70.5 23.318665795167995 22.357325301981042
71.0 23.319284112255716 22.35687212272273
71.5 23.319896949189935 22.356415491986713
72.0 23.320509527299098 22.355969597261726
72.5 23.32113937145246 22.35553452981354
73.0 23.321744641849904 22.355084578078298
73.5 23.322377815202312 22.35464550175373
74.0 23.323008167518502 22.35421607984872
74.5 23.323644805350156 22.353777128795393
75.0 23.324278095338716 22.353343138989572
75.5 23.324926511180966 22.352916206144688
76.0 23.32556678955887 22.352489331574926
76.5 23.326214442850656 22.35206155527682
77.0 23.326870031691286 22.351638437124596
77.5 23.327531343223527 22.351223495467735
78.0 23.328179138510738 22.350813067806044
78.5 23.328848297601997 22.3504033277964
79.0 23.329510538069314 22.34998640713274
79.5 23.33018560634696 22.34958462015272
80.0 23.330863320905898 22.349178541690982
80.5 23.33154355744277 22.348785737960817
81.0 23.332227963862596 22.34838859250548
81.5 23.332915602889447 22.347989258614337
82.0 23.333603611702316 22.347599606553462
82.5 23.334305176238246 22.3472101462012
83.0 23.334996915782735 22.346818920049092
83.5 23.3356953956935 22.34644112122993
84.0 23.336405280472746 22.346058301394294
84.5 23.33710358475246 22.34567626372983
85.0 23.33782434993461 22.345300660933738
85.5 23.33855147368199 22.344925102096283
86.0 23.33927257920857 22.344554995983138
86.5 23.339997348295874 22.344184218281775
87.0 23.340723447651275 22.343819942236692
87.5 23.341453993855723 22.34345280581481
88.0 23.342200895258948 22.343087633349988
88.5 23.342930527027764 22.342724675767137
89.0 23.343680168024967 22.342373845382276
89.5 23.344424690201684 22.342023538386215
90.0 23.34517845061406 22.341666069914762
90.5 23.345935315888433 22.341318138161668
91.0 23.346696413871214 22.340970167695623
91.5 23.34746151851135 22.340622550640084
92.0 23.34822653949963 22.34028692447723
92.5 23.349001872629486 22.339944015383907
93.0 23.349774454096345 22.339603535034556
93.5 23.35056001647328 22.33927548635936
94.0 23.351338151617664 22.338948005767985
94.5 23.352135808177145 22.338615697404766
95.0 23.35292141860394 22.33828827691921
95.5 23.353722707073885 22.337958440784366
96.0 23.354522262340197 22.33764277156112
96.5 23.355321578071532 22.33732802786353
97.0 23.35612734324429 22.337004163688057
97.5 23.35693154301733 22.33669063760938
98.0 23.35776293350581 22.33638318247548
98.5 23.358576671775154 22.3360752045863
99.0 23.359400227740707 22.33577079161445
99.5 23.36022361577545 22.33546553861826
100.0 23.361061479177433 22.335167443912944
100.5 23.361893104158973 22.33486770681384
101.0 23.36273275110321 22.33457179092536
101.5 23.363577901198482 22.33428191047888
102.0 23.364433211718758 22.333990516920196
102.5 23.365282091412226 22.33369434972083
103.0 23.3661351418424 22.333414593088925
103.5 23.3669974710001 22.333128014236856
104.0 23.36786470044999 22.332850140193404
104.5 23.36873033268009 22.332565839542067
105.0 23.369609987232064 22.33230529725086
105.5 23.370484556023285 22.332025363811212
106.0 23.371379418939636 22.33175809514645
106.5 23.37225229687986 22.331489419613813
107.0 23.37313946616527 22.331231130148428
107.5 23.37403961775465 22.330962846163946
108.0 23.374927784805514 22.330712498636544
108.5 23.37583089499429 22.330449685972262
109.0 23.376741556644895 22.330205659464994
109.5 23.37766339888177 22.329953052448364
110.0 23.37858017236571 22.32970782826576
110.5 23.379487980377522 22.32946288360842
111.0 23.38042147623744 22.32921398823061
111.5 23.381345990874603 22.32898008496628
112.0 23.38228775276651 22.328740041552525
112.5 23.383219112547007 22.328509205282337
113.0 23.38415378653242 22.328280341823422
113.5 23.38510587753502 22.328055547785223
