FastTrWP/PhaseSpace/IAs/snIa_0.57_30.00_-0.37_-0.13.csv
# %ECSV 0.9
# ---
# datatype:
# - {name: time-rel, datatype: float64}
# - {name: g, datatype: float64}
# - {name: i, datatype: float64}
# schema: astropy-2.0
time-rel g i
[from data line 2302]
1293.1458333333333 25.652706608193828 23.15858730492513
1293.6458333333333 25.652884767309985 23.15971687295322
1294.1458333333333 25.6531067297821 23.160868592161968
1294.6458333333333 25.653244283563144 23.161995418862666
1295.1458333333333 25.65338262519144 23.163138598026837
1295.6458333333333 25.65356041476675 23.164292364514587
1296.1458333333333 25.653665333760024 23.16542201558521
1296.6458333333333 25.65375631603938 23.166574186204222
1297.1458333333333 25.65383597560754 23.16771405313393
1297.6458333333333 25.653877633160732 23.168856102526686
1298.1458333333333 25.653895841549495 23.170017345525892
1298.6458333333333 25.653920979254792 23.171155999855625
1299.1458333333333 25.65391696308531 23.172297298270756
1299.6458333333333 25.653898775513717 23.173442482081093
1300.1458333333333 25.653819425520528 23.174586266512733
1300.6458333333333 25.653722771464572 23.175732266595542
1301.1458333333333 25.653612939358727 23.17689638708797
1301.6458333333333 25.653454713513746 23.17802198334466
1302.1458333333333 25.653244581034794 23.179190382631095
1302.6458333333333 25.652995762875037 23.18033018921206
1303.1458333333333 25.652714878630594 23.18148092380753
1303.6458333333333 25.652441925079987 23.182630652083063
1304.1458333333333 25.652082144501694 23.183776701430418
1304.6458333333333 25.65172754384411 23.18493369180276
1305.1458333333333 25.651342312358526 23.18609071592312
1305.6458333333333 25.650901796627213 23.187236098992855
1306.1458333333333 25.650490003989006 23.18838939700126
1306.6458333333333 25.65001191463297 23.18954065521153
1307.1458333333333 25.649510268366527 23.190687131717446
1307.6458333333333 25.648963096417848 23.191848681784872
1308.1458333333333 25.64842374991857 23.193001259347703
1308.6458333333333 25.647839827217016 23.194146501527122
1309.1458333333333 25.64722241089935 23.195310621820916
1309.6458333333333 25.64660556929537 23.196469617129864
1310.1458333333333 25.645952880927872 23.197623734022002
1310.6458333333333 25.645306443665334 23.198786799701253
1311.1458333333333 25.64461086130967 23.19993493582914
1311.6458333333333 25.64388895861914 23.201085454886474
1312.1458333333333 25.64315972577853 23.20225093419561
1312.6458333333333 25.6424255037292 23.20341181039911
1313.1458333333333 25.64166071530872 23.204568583528008
1313.6458333333333 25.640908604804796 23.205727404994924
1314.1458333333333 25.640104408711505 23.206886287772022
1314.6458333333333 25.639305928751188 23.20804063324974
1315.1458333333333 25.63847970518589 23.209203698893997
1315.6458333333333 25.637668068703512 23.210363548023047
1316.1458333333333 25.636794207914967 23.21153146480363
1316.6458333333333 25.635928811633974 23.212694791188646
1317.1458333333333 25.635055342338376 23.213853822420077
1317.6458333333333 25.634193185359642 23.215010442404637
1318.1458333333333 25.633317275000774 23.216187089616223
1318.6458333333333 25.632388549142266 23.217346790898578
1319.1458333333333 25.631500239140625 23.21851586067808
1319.6458333333333 25.630600532429337 23.21966895629549
1320.1458333333333 25.629697616666533 23.22085186464436
1320.6458333333333 25.628762148049663 23.221998309847148
1321.1458333333333 25.627829535562782 23.22316761708404
1321.6458333333333 25.626912544026194 23.22433582596309
1322.1458333333333 25.62599594450724 23.22550071344415
1322.6458333333333 25.625031166701294 23.22666858567116
1323.1458333333333 25.624108374572188 23.227837187508328
1323.6458333333333 25.623196023046507 23.229007625758676
1324.1458333333333 25.622222074155015 23.230178733923772
1324.6458333333333 25.62129493459528 23.231341171226248
1325.1458333333333 25.62034619426064 23.232513628596536
1325.6458333333333 25.619452071648354 23.233679249060767
1326.1458333333333 25.61848217156983 23.234846960046376
1326.6458333333333 25.61756955561487 23.23602010509965
1327.1458333333333 25.616661885799218 23.237203051546366
1327.6458333333333 25.61576546430457 23.238364791426118
1328.1458333333333 25.61482450483342 23.239541021707982
1328.6458333333333 25.613943794049096 23.240707907909048
1329.1458333333333 25.61304104950733 23.241883540644576
1329.6458333333333 25.612170898511728 23.24305510458664
1330.1458333333333 25.6113004603808 23.244237322332438
1330.6458333333333 25.610409437810073 23.245401406171457
1331.1458333333333 25.609552937972012 23.246578520491777
1331.6458333333333 25.608720204195112 23.247751937182052
1332.1458333333333 25.60789869331504 23.248927475195977
1332.6458333333333 25.607088404723292 23.25010426007914
1333.1458333333333 25.606235477528593 23.251272558291642
1333.6458333333333 25.605458681794534 23.252454966729772
1334.1458333333333 25.604696288862367 23.253634727565835
1334.6458333333333 25.60392400748027 23.25480848863817
1335.1458333333333 25.603153039739762 23.255971827016957
1335.6458333333333 25.60244444193372 23.257155208505402
1336.1458333333333 25.601745068195978 23.258331719705588
1336.6458333333333 25.601030795711818 23.25951319724219
1337.1458333333333 25.600350049229572 23.260690387547168
1337.6458333333333 25.599680898740772 23.261881362599762
1338.1458333333333 25.599031916369025 23.26305121630154
1338.6458333333333 25.598315737587516 23.26423281789714
1339.1458333333333 25.597645052510032 23.26541801830762
1339.6458333333333 25.59690040237396 23.266608711686278
1340.1458333333333 25.596161299197163 23.26778255192235
1340.6458333333333 25.595434814928844 23.268970695382684
1341.1458333333333 25.59471559611293 23.270153351473798
1341.6458333333333 25.593989367171396 23.271331583436776
1342.1458333333333 25.59322483768989 23.272508510811004
1342.6458333333333 25.592493951969743 23.273694676632765
1343.1458333333333 25.591716760447444 23.274875504488985
1343.6458333333333 25.590916578332145 23.276060208613604
1344.1458333333333 25.590171321991278 23.277254861764945
1344.6458333333333 25.589410505332832 23.27842908109906
1345.1458333333333 25.588628195233724 23.27962934536447
1345.6458333333333 25.58784611165404 23.280810538134638
1346.1458333333333 25.587036096207388 23.28200724887602
1346.6458333333333 25.586237445295353 23.28319633690681
1347.1458333333333 25.585455175313424 23.284377562150542
1347.6458333333333 25.58465388967479 23.285570890414444
1348.1458333333333 25.583854476831036 23.286752514875015
1348.6458333333333 25.58308531951194 23.2879428391953
1349.1458333333333 25.58229713706622 23.28914031321397
1349.6458333333333 25.58149073690801 23.290325121942146
1350.1458333333333 25.580692138233495 23.29151599873351
1350.6458333333333 25.579894394272582 23.292707851578534
1351.1458333333333 25.579142569254337 23.293893866723177
1351.6458333333333 25.57832117384897 23.29508619871671
1352.1458333333333 25.577575885437838 23.29627328319125
1352.6458333333333 25.576765414559304 23.29747338243243
1353.1458333333333 25.57599772202988 23.298672477983512
1353.6458333333333 25.575229012213452 23.299863203223815
1354.1458333333333 25.574476413477477 23.301050223477628
1354.6458333333333 25.573699047519916 23.302249636494192
1355.1458333333333 25.572960712864155 23.303447394054302
1355.6458333333333 25.572199889340695 23.304647131258598
1356.1458333333333 25.571479575121643 23.305831761090396
1356.6458333333333 25.570755557203 23.307035488479446
1357.1458333333333 25.570050825051823 23.308231607791143
1357.6458333333333 25.5693050600486 23.309424137462535
1358.1458333333333 25.568590580426424 23.310627075912073
1358.6458333333333 25.567895423884252 23.311834980158068
1359.1458333333333 25.567234258927716 23.31301753397893
1359.6458333333333 25.566553069911745 23.314212894661544
1360.1458333333333 25.565879549100732 23.315418163288403
1360.6458333333333 25.565255846740747 23.316615033564283
1361.1458333333333 25.56459785821252 23.317817076810805
1361.6458333333333 25.563964971760793 23.31901339214195
1362.1458333333333 25.563335225947434 23.320217440676846
1362.6458333333333 25.562750108260445 23.32141403287548
1363.1458333333333 25.562178453587325 23.322619054312625
1363.6458333333333 25.561573742371824 23.32381840670883
1364.1458333333333 25.561024388748102 23.325005060846216
1364.6458333333333 25.56051257076217 23.326206339233856
1365.1458333333333 25.559959106990636 23.327414377924654
1365.6458333333333 25.55946667218452 23.32861574254895
1366.1458333333333 25.558974597598866 23.329815354508433
1366.6458333333333 25.55849016433564 23.331013118659058
1367.1458333333333 25.558029494122053 23.33222086772547
1367.6458333333333 25.557577223740644 23.333420724015408
1368.1458333333333 25.557175976987207 23.334631485051275
1368.6458333333333 25.556732534961544 23.335819210052865
1369.1458333333333 25.556374021891806 23.33703554472326
1369.6458333333333 25.556026028516147 23.338233625915613
1370.1458333333333 25.55567006146912 23.339439216986385
1370.6458333333333 25.555337301626018 23.340629026140398
1371.1458333333333 25.555057924563094 23.341851043572206
1371.6458333333333 25.554779441253707 23.34305025628599
1372.1458333333333 25.55449952637689 23.34425150681097
1372.6458333333333 25.554271950012254 23.34545343998674
1373.1458333333333 25.554050927521956 23.346660342482714
1373.6458333333333 25.55388248152353 23.34786856710348
1374.1458333333333 25.5537321712766 23.349060818273077
1374.6458333333333 25.553573048382475 23.35027090891872
1375.1458333333333 25.553491032527095 23.351472700869383
1375.6458333333333 25.553388530674617 23.352680513022356
1376.1458333333333 25.55330120039265 23.353881055730604
1376.6458333333333 25.55325130835213 23.35509304565548
1377.1458333333333 25.553144036741653 23.356298572916764
1377.6458333333333 25.553126209367278 23.35750584086862
1378.1458333333333 25.553045127709023 23.358714044385493
1378.6458333333333 25.553071067791176 23.35991231897362
1379.1458333333333 25.553065727372672 23.36112768543441
1379.6458333333333 25.553053090193668 23.36233287105447
1380.1458333333333 25.55308500522647 23.363547017056227
1380.6458333333333 25.55310474907643 23.364748860259365
1381.1458333333333 25.553155053387975 23.365964299462156
1381.6458333333333 25.55318040088604 23.36717198973114
1382.1458333333333 25.553251666204545 23.36839820637442
1382.6458333333333 25.55334064863958 23.369591434501803
1383.1458333333333 25.55342775333954 23.370806868418562
1383.6458333333333 25.553546840362642 23.372016619617305
1384.1458333333333 25.553662561971812 23.37323207623576
1384.6458333333333 25.553776671911304 23.374434343201838
1385.1458333333333 25.553975990876832 23.375645050248156
1385.6458333333333 25.554112313641472 23.37686800736096
1386.1458333333333 25.5542835195089 23.37807788240527
1386.6458333333333 25.554464745841805 23.37929485863587
1387.1458333333333 25.55466492834087 23.380506198793952
1387.6458333333333 25.55484783747344 23.381720231155025
1388.1458333333333 25.55508259321741 23.382930721778187
1388.6458333333333 25.555344037282048 23.384151582266245
1389.1458333333333 25.555609150474076 23.385355782949645
1389.6458333333333 25.555830674087122 23.38657431048686
1390.1458333333333 25.556123961434736 23.387788965335194
1390.6458333333333 25.556420922710398 23.38900305519838
1391.1458333333333 25.55675048608322 23.39021646513492
1391.6458333333333 25.557048905663592 23.391431872974753
1392.1458333333333 25.557385149803483 23.392645019569155
1392.6458333333333 25.557726059414666 23.393870763333
1393.1458333333333 25.55807423298756 23.39508389463486
1393.6458333333333 25.558443604373164 23.3962942167277
1394.1458333333333 25.55883421934589 23.39751196542974
1394.6458333333333 25.559265700617303 23.398714375595016
1395.1458333333333 25.559667922679456 23.399945684072208
1395.6458333333333 25.560101256491098 23.401148637353685
1396.1458333333333 25.56050361140974 23.402385245030413
1396.6458333333333 25.561004175279432 23.40359875239799
1397.1458333333333 25.561454847726353 23.404808262433534
1397.6458333333333 25.56192220992676 23.40601689234639
1398.1458333333333 25.56242549528575 23.407237134736043
1398.6458333333333 25.562953614826554 23.408455450120517
1399.1458333333333 25.563485954240086 23.409675167322376
1399.6458333333333 25.56401044429229 23.41089112750643
1400.1458333333333 25.564529627694238 23.41210313010798
1400.6458333333333 25.565121776423467 23.413314402126915
1401.1458333333333 25.56569111224075 23.414535868977055
1401.6458333333333 25.566280517803676 23.41574690182992
1402.1458333333333 25.56690723119965 23.41696602226269
1402.6458333333333 25.567506507553176 23.41818432204112
1403.1458333333333 25.568161848033128 23.419396782353573
1403.6458333333333 25.568805302442826 23.42062129237
1404.1458333333333 25.569472407742285 23.421818399429814
1404.6458333333333 25.57014314472176 23.42304822413007
1405.1458333333333 25.570844872429788 23.424269813107507
1405.6458333333333 25.571552664980224 23.42547409153078
1406.1458333333333 25.57226815706322 23.42669927648039
1406.6458333333333 25.573016318190156 23.427907907255133
1407.1458333333333 25.57376458823738 23.42912286537772
1407.6458333333333 25.57454546035981 23.430336468466745
1408.1458333333333 25.575290110828067 23.43154898471549
1408.6458333333333 25.576114118949338 23.43276658657048
1409.1458333333333 25.57688826302748 23.43398512458451
1409.6458333333333 25.57769823058249 23.435187890395973
1410.1458333333333 25.578537418365034 23.436418882725135
1410.6458333333333 25.579411613577975 23.43762408371648
1411.1458333333333 25.58028595952857 23.43883539516859
1411.6458333333333 25.58117269980312 23.44004482495958
1412.1458333333333 25.58205674521538 23.441263165392247
1412.6458333333333 25.582972949800652 23.44247174283886
1413.1458333333333 25.583888754205077 23.44368010846978
1413.6458333333333 25.584835172794357 23.444896751533236
1414.1458333333333 25.585819461120543 23.446110088103914
1414.6458333333333 25.586793786905147 23.44731452621966
1415.1458333333333 25.587778327574043 23.448528320081806
1415.6458333333333 25.588779014746194 23.449734510847545
1416.1458333333333 25.58980805913734 23.45095183546611
