FastTrWP/PhaseSpace/IAs/snIa_0.58_30.00_0.56_0.04.csv
# %ECSV 0.9
# ---
# datatype:
# - {name: time-rel, datatype: float64}
# - {name: g, datatype: float64}
# - {name: i, datatype: float64}
# schema: astropy-2.0
time-rel g i
-427.5 26.99474912947441 25.032175255961718
-427.0 26.982730096640427 25.02311624566485
-426.5 26.97074698160902 25.01407520216427
-426.0 26.958877736320424 25.005061243658314
-425.5 26.94710891865178 24.996150845882603
-425.0 26.935276984740195 24.987241283574775
-424.5 26.923614408495354 24.978357555811712
-424.0 26.912020169714378 24.969541427723335
-423.5 26.900442563080468 24.9607335340082
-423.0 26.888992479640095 24.9519885014826
-422.5 26.87754997786975 24.94328193421286
-422.0 26.866280222396238 24.93463272478721
-421.5 26.854984194067125 24.92599125401085
-421.0 26.84380679270477 24.917413378615095
-420.5 26.832700581722435 24.9088360421323
-420.0 26.821597092385225 24.900369767402204
-419.5 26.810655473367703 24.8918600475126
-419.0 26.799652541827918 24.883418497684286
-418.5 26.78884411047494 24.87506187141413
-418.0 26.7779992895929 24.86670503593097
-417.5 26.7673653815294 24.858386053402626
-417.0 26.756711286018028 24.85010466213101
-416.5 26.746091608795975 24.841868727872406
-416.0 26.735535786500016 24.83361596938877
-415.5 26.724936552971204 24.82541734875207
-415.0 26.71445320583324 24.817230515366838
-414.5 26.70404135284327 24.809098745805294
-414.0 26.693550973996683 24.80096627511861
-413.5 26.683201088439972 24.792849452321015
-413.0 26.67287118832998 24.784769375471033
-412.5 26.662540872770176 24.77669141135528
-412.0 26.652306510069206 24.768643967278496
-411.5 26.6420547350987 24.76062540060986
-411.0 26.63190536339301 24.752631826373005
-410.5 26.621775362184252 24.744645622837538
-410.0 26.611696653428783 24.73672642859902
-409.5 26.601631736958673 24.728783631481846
-409.0 26.591640812952107 24.72089024506897
-408.5 26.58161337313025 24.71301995407245
-408.0 26.571727730636425 24.70519060137017
-407.5 26.561872267366653 24.697374020576206
-407.0 26.551976150214166 24.68955774188189
-406.5 26.542174819744627 24.681803177234478
-406.0 26.532412491985035 24.67405404624774
-405.5 26.522738608225595 24.666345267524438
-405.0 26.513054410733137 24.658642620148676
-404.5 26.503457947018006 24.650984796236802
-404.0 26.493863116156614 24.64333554490406
-403.5 26.484273661646203 24.635750224512062
-403.0 26.47478825107374 24.628147143610338
-402.5 26.465353270426757 24.620585289674143
-402.0 26.45592380642391 24.61306571183451
-401.5 26.446512935324606 24.605544262879057
-401.0 26.43723022131685 24.59807233822342
-400.5 26.42790960029734 24.590634358761854
-400.0 26.41869770059426 24.583202153216284
-399.5 26.409503703362375 24.57580325252394
-399.0 26.400340338396106 24.568430207646557
-398.5 26.391184288518595 24.56107950397261
-398.0 26.38212000429366 24.553748413780365
-397.5 26.373092205051897 24.54646890150353
-397.0 26.364119013284537 24.539185189922733
-396.5 26.355120578722318 24.53196205697165
-396.0 26.34621212511287 24.524739680904617
-395.5 26.337367331212977 24.51756866969022
-395.0 26.328565377880597 24.510415721102092
-394.5 26.319806033693315 24.503291920619134
-394.0 26.31102312685139 24.496192668963353
-393.5 26.302350306821335 24.489106042569453
-393.0 26.293673000007733 24.482058997821486
-392.5 26.28505031071559 24.475017760489234
-392.0 26.27649545610565 24.468049425032234
-391.5 26.26800301379943 24.461067711610593
-391.0 26.2594294745174 24.45412665365248
-390.5 26.251049155233993 24.447220390224224
-390.0 26.242621893581667 24.44034525649883
-389.5 26.23425419273871 24.43347787586042
-389.0 26.225944431331772 24.426627195031998
-388.5 26.217591714607597 24.419853660418465
-388.0 26.209410494425036 24.413068346164227
-387.5 26.20117390408513 24.406321727786096
-387.0 26.19304136514898 24.399585724415047
-386.5 26.18485418610957 24.392890519064192
-386.0 26.176800925753586 24.386218218340264
-385.5 26.168736600970583 24.379582007125585
-385.0 26.160742579722204 24.372951635738
-384.5 26.152775583755158 24.366376838718658
-384.0 26.14482125502107 24.3598199924292
-383.5 26.136928654522883 24.35326605562265
-383.0 26.129069246253746 24.34675147882419
-382.5 26.121276497596003 24.34027365446516
-382.0 26.11350865809626 24.333827594148318
-381.5 26.105781442122932 24.32740196059698
-381.0 26.098051688094404 24.32099219443227
-380.5 26.09042318672163 24.31461250104766
-380.0 26.08277078994064 24.308251022973128
-379.5 26.075195366508087 24.301938837012305
-379.0 26.06768421703546 24.295635611664352
-378.5 26.060137442118645 24.289350986051062
-378.0 26.052639874078277 24.283079040507005
-377.5 26.0451810767348 24.2768225439902
-377.0 26.037754445434487 24.270581836344164
-376.5 26.030358994871342 24.26435887273432
-376.0 26.022977325302424 24.258131178962692
-375.5 26.015641117033375 24.251937500585008
-375.0 26.008326862805408 24.245754329483447
-374.5 26.000991455854745 24.239597139514586
-374.0 25.993749436479007 24.23345359357441
-373.5 25.986502119374606 24.227311287080614
-373.0 25.979280940853037 24.221199055931343
-372.5 25.972106845311586 24.215083311981452
-372.0 25.964938849587785 24.20902007410799
-371.5 25.95782625691319 24.202956342392415
-371.0 25.950692877780853 24.196897756847413
-370.5 25.943633104596348 24.190870315037817
-370.0 25.93659518352179 24.184861226666197
-369.5 25.92957835429583 24.178853374748257
-369.0 25.922590561338815 24.172877315989076
-368.5 25.915628295443472 24.166921152991815
-368.0 25.90867670165195 24.160971867530886
-367.5 25.901757826815025 24.15506645903989
-367.0 25.894850346793895 24.149155193383223
-366.5 25.88799076327378 24.143264952689147
-366.0 25.881130919928516 24.13739379238596
-365.5 25.874320163062727 24.13152931644902
-365.0 25.867524250323584 24.125718875278004
-364.5 25.860725133793675 24.119901275428155
-364.0 25.854028800492692 24.11410442473226
-363.5 25.84726360717235 24.10833575332856
-363.0 25.840537890220517 24.102590270301665
-362.5 25.833921415736462 24.096867266003144
-362.0 25.827261674603044 24.0911297777862
-361.5 25.820606508246446 24.085449437190192
-361.0 25.814022922616722 24.079758187111217
-360.5 25.807430903036174 24.074114595548753
-360.0 25.800884724195903 24.06847877535737
-359.5 25.79436491973365 24.06286958886051
-359.0 25.787874331900728 24.05725332515351
-358.5 25.781370365367028 24.05170029791619
-358.0 25.774882362540744 24.046146561472227
-357.5 25.7684537288238 24.040595281111802
-357.0 25.762013670362695 24.035103450835415
-356.5 25.755654632861514 24.029613879052736
-356.0 25.74930351490661 24.02413769302445
-355.5 25.74289421858069 24.018683545064047
-355.0 25.736583402785666 24.01325313709494
-354.5 25.73028520730968 24.007835963068253
-354.0 25.723979593114738 24.00244512892371
-353.5 25.717707577419155 23.99708708030314
-353.0 25.711501308846945 23.99174305440046
-352.5 25.705250064437703 23.986416334517816
-352.0 25.69906595424682 23.981112624248006
-351.5 25.69288699158013 23.975839088331302
-351.0 25.6867619198851 23.970565638903153
-350.5 25.68058931622062 23.965323402533365
-350.0 25.674485382871385 23.960098025348607
-349.5 25.668373883342973 23.954889838975888
-349.0 25.662282176990345 23.949722178589013
-348.5 25.656248117748085 23.944573477309365
-348.0 25.65022425565095 23.939423472908764
-347.5 25.644196179516307 23.934313608985498
-347.0 25.63822799651487 23.929233863705676
-346.5 25.632242008491946 23.924148799695327
-346.0 25.62628583174115 23.919118395093047
-345.5 25.620353525147625 23.914078644768036
-345.0 25.614436733722897 23.90909021550497
-344.5 25.608563849962927 23.904089599380477
-344.0 25.60267181129936 23.89912664331849
-343.5 25.596811477397292 23.894172259705016
-343.0 25.590993309581272 23.889277677023127
-342.5 25.58517130213298 23.884363682740236
-342.0 25.579339383825086 23.87949652485677
-341.5 25.573606602864558 23.874636519956987
-341.0 25.56782309536429 23.869790260835813
-340.5 25.562073831229426 23.864966748552774
-340.0 25.556365332096767 23.86015269829288
-339.5 25.550688354085235 23.855352307809707
-339.0 25.54501096174555 23.85056929863515
-338.5 25.539303851372956 23.84579467084556
-338.0 25.533688293993258 23.841030510518518
-337.5 25.528047173818575 23.836284619204147
-337.0 25.52242521116261 23.83155026680807
-336.5 25.516837326609135 23.826819745246496
-336.0 25.511248400369343 23.822105864056184
-335.5 25.505685028979002 23.817408524016855
-335.0 25.500170641413717 23.81271917850298
-334.5 25.494617460157777 23.808060920021138
-334.0 25.489093396644904 23.80338462005429
-333.5 25.48360907679321 23.79873738944071
-333.0 25.47813785036898 23.79409979409505
-332.5 25.472696683644394 23.789478529355502
-332.0 25.467247037440963 23.784898936888737
-331.5 25.4617946161016 23.780283812758682
-331.0 25.456373948484714 23.775699426255727
-330.5 25.45097588146046 23.771154426657382
-330.0 25.445587156223194 23.76658872808698
-329.5 25.440216988912702 23.76206456043939
-329.0 25.434880068081004 23.757526744146862
-328.5 25.429527266848872 23.753036250105662
-328.0 25.424205255094172 23.748524524007045
-327.5 25.4189156507503 23.744052845315142
-327.0 25.41362080711691 23.73958130544561
-326.5 25.408334951663317 23.735131059625132
-326.0 25.403051939803944 23.730699431288187
-325.5 25.397847139569805 23.726269829194614
-325.0 25.39259784459455 23.721862890936553
-324.5 25.38738217196635 23.71747630540507
-324.0 25.382151446703816 23.713098915450708
-323.5 25.376965818092224 23.7087285843058
-323.0 25.37180164570475 23.704375874068187
-322.5 25.36664788059046 23.70004632583667
-322.0 25.361467613377485 23.69571625866188
-321.5 25.35636050397953 23.691432939250724
-321.0 25.351193976539967 23.68713250896306
-320.5 25.346096401849913 23.682849300610343
-320.0 25.341010653679948 23.678589821638386
-319.5 25.335919463432802 23.674340800333674
-319.0 25.33084073949087 23.67012380679896
-318.5 25.325802297800838 23.66591414766453
-318.0 25.320733661670456 23.661702488020957
-317.5 25.315701284385103 23.657518578553486
-317.0 25.310695706344738 23.653348249421867
-316.5 25.305679823735833 23.649198353239896
-316.0 25.30068846860853 23.64506016795594
-315.5 25.295709265572697 23.64094279976902
-315.0 25.29074369068651 23.6368363858183
-314.5 25.285782151611436 23.632733227588282
-314.0 25.28082866574906 23.628645979601316
-313.5 25.275879561892182 23.624585397509513
-313.0 25.27095475216442 23.620564578652818
-312.5 25.266084613903818 23.61651086864486
-312.0 25.261158866355082 23.612494058748492
-311.5 25.256257152284462 23.60849616899476
-311.0 25.251380258589975 23.60450916403707
-310.5 25.246543282868203 23.600555089854854
-310.0 25.241676054675214 23.596602392071524
-309.5 25.236823578418743 23.59265432363108
-309.0 25.23199685384813 23.588733161199556
-308.5 25.227177200065686 23.58483332962747
-308.0 25.22238626457256 23.580939328185252
-307.5 25.217573851780646 23.57707021877379
-307.0 25.212780487127198 23.573213789428145
-306.5 25.20801295437352 23.569360989899
-306.0 25.203234870749384 23.565552025939706
-305.5 25.198498751750485 23.56173808561963
-305.0 25.193739059449545 23.557937701479055
-304.5 25.18904201807896 23.554154001343093
-304.0 25.184279810215678 23.550390174092136
-303.5 25.17955774078823 23.546650220750067
-303.0 25.174888266922203 23.542914833461623
-302.5 25.170184391081506 23.53919454945728
-302.0 25.165496570641057 23.535481774322562
-301.5 25.160821833821654 23.531801957476027
-301.0 25.156149963021896 23.528112322330855
-300.5 25.151512031801783 23.524452913644186
-300.0 25.146862127883498 23.520793550583573
-299.5 25.1422373439462 23.51714657619035
-299.0 25.1376332180838 23.5135188504711
-298.5 25.133053257484967 23.50989233075735
-298.0 25.12844417022461 23.506300071431955
-297.5 25.12385543706589 23.502700912448418
-297.0 25.119279006383238 23.4991160360447
-296.5 25.11474634642759 23.49554846390319
-296.0 25.110150586519936 23.49199366424855
-295.5 25.10563125488437 23.48843484137323
-295.0 25.101114142383878 23.48490748378652
-294.5 25.09660380684835 23.481384381254088
-294.0 25.092076796293146 23.47786951578737
-293.5 25.087579545819693 23.47437243230121
-293.0 25.08308470154718 23.470873418713442
-292.5 25.078593124195855 23.467412003014857
-292.0 25.07415047982656 23.46393272445994
-291.5 25.06969289495661 23.460489037112673
-291.0 25.0652341584172 23.45703324059855
-290.5 25.06077287533673 23.45359805794365
-290.0 25.05636874377825 23.45017128993471
-289.5 25.051947263655684 23.44674194786237
-289.0 25.04752574212055 23.443352862627023
-288.5 25.043100345518422 23.439955398016167
-288.0 25.03871839284908 23.43656105300787
-287.5 25.034356988836485 23.4331897421372
-287.0 25.029962224313365 23.429835507692125
-286.5 25.02558944735043 23.42648071844011
-286.0 25.021245391264966 23.423119906670564
-285.5 25.0168756463697 23.419794003694218
-285.0 25.012568179431412 23.41645789203295
-284.5 25.008200661608015 23.413154467459847
-284.0 25.003909744993198 23.409846904740796
-283.5 24.99959574511084 23.40655428886043
-283.0 24.99529176070603 23.40325550752755
-282.5 24.990984608626093 23.39997884644505
-282.0 24.98668746780701 23.396708773215316
-281.5 24.982452972315446 23.393449945544447
-281.0 24.97817446697853 23.39020205696807
-280.5 24.973912939072665 23.38693990304296
-280.0 24.969666302261256 23.383701459635276
-279.5 24.965416548069392 23.38048731818642
-279.0 24.961184787744244 23.37727045619173
-278.5 24.956961264887827 23.374063653602143
-278.0 24.952746821474605 23.370849933537823
-277.5 24.948525037882064 23.367661475500448
-277.0 24.944288622113454 23.364482251203835
-276.5 24.940119712676562 23.361300029413037
-276.0 24.93594386955534 23.35812877442649
-275.5 24.931736448436137 23.354965344895724
-275.0 24.927586194813838 23.351812261438
-274.5 24.923426677713934 23.348677755570645
-274.0 24.91926665251667 23.345542239940773
-273.5 24.915130424669233 23.34241604554248
-273.0 24.91097198250032 23.33928497739628
-272.5 24.90683491327463 23.336169325126768
-272.0 24.9027366720565 23.33307081175455
-271.5 24.898619022498654 23.329971085273918
-271.0 24.894506570796167 23.32688760198033
-270.5 24.890426378745744 23.323791754423358
-270.0 24.88629867778311 23.320723385981683
-269.5 24.88224113340205 23.317654936316817
-269.0 24.878139982948944 23.314592043896592
-268.5 24.874069668217746 23.31153088192819
-268.0 24.870013728278956 23.30848526151791
-267.5 24.865968373260145 23.305444149335017
-267.0 24.861919952832558 23.302405202819344
-266.5 24.85786548227373 23.29938197888353
-266.0 24.853834124426236 23.296365390784572
-265.5 24.849792524239756 23.29335391583735
-265.0 24.84578449628652 23.290332697188482
-264.5 24.8417770540302 23.287337911113845
-264.0 24.837760792963163 23.28434537368754
-263.5 24.83377775526109 23.281359818009733
-263.0 24.829791807049233 23.27839225955088
-262.5 24.825788796992605 23.275426265162547
-262.0 24.821830738082117 23.272465216868188
-261.5 24.817875876671188 23.269512947015674
-261.0 24.813902729972803 23.26656895792109
-260.5 24.809979208264224 23.263629452378506
-260.0 24.806020129189555 23.26069517236006
-259.5 24.80208880072666 23.25777146305893
-259.0 24.798162571037977 23.254855362947406
-258.5 24.794259378442526 23.251952515795704
-258.0 24.790349460340828 23.24905221144761
-257.5 24.786432582755253 23.24615447118817
-257.0 24.782535991630994 23.243263958214587
-256.5 24.77866148423647 23.24038054241452
-256.0 24.774788075379174 23.237511011730533
-255.5 24.770886693021843 23.23464765613448
-255.0 24.767016465696035 23.23178223661565
-254.5 24.763173329882598 23.228926140499603
-254.0 24.759313695830162 23.226078247779224
-253.5 24.755455641293903 23.22324202247343
-253.0 24.75160758680726 23.220404297646034
-252.5 24.7477950064555 23.217581340388627
-252.0 24.74398058828666 23.21476069080621
-251.5 24.74014992501886 23.211937595931094
-251.0 24.736344960051227 23.209140774072257
-250.5 24.732535885151748 23.20632897531518
-250.0 24.728717134950667 23.203529735336616
-249.5 24.7249168781563 23.200751207810583
-249.0 24.72115049324014 23.19796387207649
-248.5 24.71737644854973 23.195182418147716
-248.0 24.71358965062223 23.192415555057284
-247.5 24.709834354920215 23.189644129383275
-247.0 24.7060598735853 23.186890841453398
