FastTrWP/PhaseSpace/IAs/snIa_0.44_30.00_0.35_-0.04.csv
# %ECSV 0.9
# ---
# datatype:
# - {name: time-rel, datatype: float64}
# - {name: g, datatype: float64}
# - {name: i, datatype: float64}
# schema: astropy-2.0
time-rel g i
[from data line 2139]
653.0 25.016812759803063 23.100762195056582
653.5 25.018737478743837 23.101553032254415
654.0 25.02068954538991 23.102343186938008
654.5 25.022582820271886 23.103125975442932
655.0 25.024532739642893 23.103917476441275
655.5 25.026456515764398 23.104708385938608
656.0 25.028358237831824 23.105487247550197
656.5 25.03026740154678 23.10626496124574
657.0 25.032194397352168 23.107044643341737
657.5 25.034093733588335 23.107823062179477
658.0 25.03598829345764 23.108599607175027
658.5 25.037884557677703 23.109369789058572
659.0 25.03977767584342 23.110141469175037
659.5 25.04168129705603 23.110900177205167
660.0 25.043543964709805 23.111655310292253
660.5 25.04543052524017 23.11241197354654
661.0 25.047308264710413 23.113180801295474
661.5 25.049180821631825 23.113936722295886
662.0 25.051047257899977 23.114689427284837
662.5 25.05289579254601 23.115446253353284
663.0 25.054760563415776 23.11617881303388
663.5 25.056607313320814 23.116926853361555
664.0 25.058451262596215 23.11767742376231
664.5 25.060301135864577 23.11840424868006
665.0 25.0621684196631 23.119151563011297
665.5 25.064008389772763 23.119886670916877
666.0 25.065854289600406 23.12062827274388
666.5 25.067655907729176 23.12136599620421
667.0 25.06949937356193 23.122085039367548
667.5 25.071329183396067 23.122818798842253
668.0 25.073186624644404 23.123549941623548
668.5 25.074979798718203 23.124263175437214
669.0 25.07680957181025 23.124993562975803
669.5 25.07864383475257 23.125714444045585
670.0 25.080450762378913 23.12643371663661
670.5 25.082260833160905 23.127151478853108
671.0 25.08406145402075 23.127873978040792
671.5 25.085886513912055 23.128590112779086
672.0 25.08769493259541 23.12930558005323
672.5 25.08950794771945 23.130016073901825
673.0 25.09129342085049 23.130723582389933
673.5 25.09309459982683 23.131442875777108
674.0 25.094908087046633 23.132150070575044
674.5 25.09670200609886 23.132852185526627
675.0 25.098492975247094 23.133562269001583
675.5 25.100302444502717 23.13426974269788
676.0 25.102084095284646 23.134971839840965
676.5 25.103886187344706 23.13567734197266
677.0 25.105688807469484 23.136383332387936
677.5 25.107487602971474 23.13708364348353
678.0 25.10926130322901 23.13777212531695
678.5 25.111065076971784 23.138486105047804
679.0 25.112843533819422 23.13918629612326
679.5 25.114641368239077 23.139879727346955
680.0 25.11642725942131 23.140581760457664
680.5 25.118208664346668 23.1412737163477
681.0 25.119990220537325 23.141963915877856
681.5 25.12178694499376 23.14266991476066
682.0 25.1235739676794 23.143374653189372
682.5 25.125372746804825 23.14406095312279
683.0 25.127165188173016 23.14476276767559
683.5 25.12894514271629 23.145452309617
684.0 25.13074799895663 23.146150705770232
684.5 25.132528172624873 23.146834922523915
685.0 25.134323721064842 23.147536204246034
685.5 25.13611048215552 23.148228655898855
686.0 25.137888201991526 23.148932584312437
686.5 25.13970023097673 23.14962976761239
687.0 25.141499934418064 23.150309837016813
687.5 25.143297190890497 23.151014658724787
688.0 25.145095601432466 23.151704842677134
688.5 25.146882246877045 23.15240301539252
689.0 25.148689099032254 23.153100244279912
689.5 25.150506054519294 23.15379921826212
690.0 25.152302746050243 23.154493513009125
690.5 25.154109203559262 23.15518537438002
691.0 25.155933988509123 23.15588362138712
691.5 25.157739451684673 23.156567405242008
692.0 25.159519811888917 23.157277732062873
692.5 25.161306648646825 23.157954786566975
693.0 25.163090327819027 23.158656406205008
693.5 25.16486957815441 23.159337981657636
694.0 25.166713038438758 23.16002152096145
694.5 25.16849614540181 23.160714358304464
695.0 25.1702909227473 23.16139772926764
695.5 25.172066096030893 23.162072044985575
696.0 25.173834111447803 23.162763273810278
696.5 25.175626800305327 23.163436536124365
697.0 25.17738693244056 23.164130392889895
697.5 25.17918547846012 23.16479622179006
698.0 25.18095613353825 23.165470227921542
698.5 25.18274320156271 23.166155566356057
699.0 25.184517840370976 23.166835262930366
699.5 25.186303728625514 23.167502965783207
700.0 25.18805638332692 23.168180996121194
700.5 25.18983139047276 23.168850893131967
701.0 25.19160704481883 23.169528818700126
701.5 25.193395335581563 23.17018826740817
702.0 25.195158130480465 23.170869708190303
702.5 25.19691429761823 23.171535631463655
703.0 25.19868377918289 23.172205686556403
703.5 25.200475266639593 23.172869924212023
704.0 25.20222466508734 23.17354087273989
704.5 25.204006566122878 23.1742033397161
705.0 25.205737485519823 23.174872450468346
705.5 25.207481865884684 23.175542800987156
706.0 25.209266506535343 23.17620352789514
706.5 25.21107343065868 23.17686366897709
707.0 25.21280374053003 23.177532531714334
707.5 25.214586688981807 23.178204139469504
708.0 25.21633893541201 23.178864390982305
708.5 25.218080450134757 23.179521235907103
709.0 25.21987009811539 23.180192038715898
709.5 25.221628267543615 23.180845134245807
710.0 25.223377715180412 23.181510612872135
710.5 25.225144298567134 23.18217888309298
711.0 25.22689058173051 23.18283964914618
711.5 25.22871203925543 23.18350367974515
712.0 25.230448772126593 23.18415742234653
712.5 25.232205373225828 23.18482722366823
713.0 25.233986296652308 23.18547789673719
713.5 25.235742664985988 23.186153990800356
714.0 25.237504516714566 23.18680619742022
714.5 25.239306597092703 23.18746807578123
715.0 25.241053109628236 23.188138568472155
715.5 25.24282299864439 23.18879202093017
716.0 25.244610430061876 23.189453111293457
716.5 25.246363519504513 23.19011993677165
717.0 25.248167131986182 23.19077867914231
717.5 25.249957583583836 23.19144688833555
718.0 25.25171076259766 23.19211355405512
718.5 25.25352240981544 23.19277792139925
719.0 25.255292615578163 23.193426782515406
719.5 25.25704984365506 23.194103175560183
720.0 25.258858220826347 23.19476512973904
720.5 25.26062615465513 23.195437537652445
721.0 25.26242829614375 23.19610223701059
721.5 25.26423073499113 23.19675778173987
722.0 25.26603145255126 23.197436743704184
722.5 25.267847150807583 23.198095916734324
723.0 25.269617098577903 23.1987659252585
723.5 25.27142811447899 23.199444332977084
724.0 25.27325168962031 23.20011074262944
724.5 25.275035203364006 23.20078571606013
725.0 25.276861852494687 23.201448020993848
725.5 25.278669536536675 23.202118235759606
726.0 25.280501983617274 23.20279980852758
726.5 25.282307368168297 23.20346628023525
727.0 25.28409247956073 23.20414321101166
727.5 25.285944910649363 23.20481973983807
728.0 25.28774675933885 23.205477866124905
728.5 25.289579307234412 23.2061535851164
729.0 25.291398153109444 23.206839469977922
729.5 25.293219081770786 23.207496320280857
730.0 25.29505214808549 23.20817375291933
730.5 25.296872199600003 23.208847082852074
731.0 25.298709409722157 23.209523368047154
731.5 25.300521477235144 23.2101962858192
732.0 25.30234825936636 23.210869604993807
732.5 25.304175414530366 23.211544930127936
733.0 25.30601148856862 23.212207882061605
733.5 25.307830287582895 23.212887977169487
734.0 25.30966778404298 23.21356811603497
734.5 25.31151425085411 23.214236450952
735.0 25.313314216312776 23.214907675884614
735.5 25.315165167144112 23.215586821488724
736.0 25.31700978505433 23.216250623824944
736.5 25.318835619633525 23.21693293684076
737.0 25.320678809854883 23.217601253152456
737.5 25.32250823524926 23.21828278354133
738.0 25.3243643217278 23.21894888439867
738.5 25.32622025082453 23.219624167569812
739.0 25.32807428577508 23.220295850239726
739.5 25.329912475906582 23.220975744693156
740.0 25.331742135764376 23.221652046286238
740.5 25.33360630489969 23.22232097677706
741.0 25.335423062522572 23.222988800230763
741.5 25.33725084739696 23.223663711788713
742.0 25.339123207280373 23.22434449665053
742.5 25.340954720708737 23.22501094180822
743.0 25.342822432381592 23.22568214977583
743.5 25.344675015578538 23.22636556226088
744.0 25.346519480723103 23.22703986586051
744.5 25.348336451204364 23.227710520993202
745.0 25.350219397245436 23.228377350007175
745.5 25.352070790005396 23.229058776053265
746.0 25.35388764017997 23.229733506062132
746.5 25.355793307454718 23.23039704787339
747.0 25.35762694566692 23.231077047932693
747.5 25.359456218125878 23.231744479636337
748.0 25.36132503504756 23.232428269233594
748.5 25.363188130440513 23.233099574291742
749.0 25.365045073454453 23.23376552975761
749.5 25.366909898326103 23.234436862251986
750.0 25.368779797987266 23.235098369848846
750.5 25.370589462048457 23.23577578058557
751.0 25.372459834923724 23.236448688835818
751.5 25.3743317205156 23.23712545627263
752.0 25.376187800020343 23.237791584813404
752.5 25.378024276875646 23.23846549364411
753.0 25.379907058947296 23.239123624548146
753.5 25.38175499555047 23.23980647043303
754.0 25.383602063286514 23.24047225890018
754.5 25.38544318876614 23.24114824639811
755.0 25.387347649183138 23.241825576505775
755.5 25.389181943530602 23.242485776340523
756.0 25.39107155857616 23.24314896788274
756.5 25.392905274066013 23.243831076392347
757.0 25.394761279815214 23.244497445356508
757.5 25.396637500737075 23.24515849788898
758.0 25.398481814964903 23.245835774471885
758.5 25.40033523958566 23.246495332774316
759.0 25.402201320049866 23.24716956727284
759.5 25.404042451982143 23.247837470090285
760.0 25.405881548466702 23.24851074027416
760.5 25.4077703005726 23.24916901175255
761.0 25.40965562999037 23.249839986615804
761.5 25.411504070007442 23.250497315421292
762.0 25.413346786602283 23.251178996979377
762.5 25.415227340063844 23.25184084390009
763.0 25.41710223808895 23.25250689066056
763.5 25.418944376554737 23.253181810617
764.0 25.420804898322693 23.253834994336515
764.5 25.42267416471667 23.254511664870904
765.0 25.42455462708122 23.25517683581426
765.5 25.426417638227562 23.25584067238019
766.0 25.428289834185982 23.256506426654564
766.5 25.430159498477583 23.257182658541403
767.0 25.432033418286125 23.257853440492088
767.5 25.43388492337727 23.25852018384343
768.0 25.435745072866382 23.259174805456905
768.5 25.437633244404445 23.259844426512657
769.0 25.439506933082715 23.260504007951614
769.5 25.441382368626225 23.261185005807206
770.0 25.443230530457946 23.26184731823401
770.5 25.44512269340195 23.262519649228327
771.0 25.446981167570687 23.263181461348942
771.5 25.448851056315817 23.263841500208162
772.0 25.450723309991332 23.264513613822547
772.5 25.452626175591217 23.265174679037784
773.0 25.454500877752714 23.265839584463
773.5 25.456349291022853 23.266510774082878
774.0 25.45821078247566 23.267161526937954
774.5 25.460098628670206 23.26783091807723
775.0 25.461968779807616 23.268511278959956
775.5 25.463826135137456 23.269169498242313
776.0 25.46572116581244 23.269833537513254
776.5 25.46758564384771 23.270500535451912
777.0 25.46947245688851 23.271167875713665
777.5 25.4713487349586 23.271827268535986
778.0 25.47321746944991 23.272488245883657
778.5 25.47509141019727 23.27315020323997
779.0 25.476964545958154 23.273808816911348
779.5 25.478833580771077 23.274472717416494
780.0 25.480711672908377 23.27514018269493
780.5 25.482582588927713 23.275791251792064
781.0 25.48446247938383 23.27645953970976
781.5 25.48633844543195 23.277112396217564
782.0 25.488201557939 23.277781342961887
782.5 25.49006838935326 23.27843580519547
783.0 25.49196356522056 23.2791161185895
783.5 25.49381992842931 23.279761586705607
784.0 25.49569909140409 23.280422652015464
784.5 25.497558866797107 23.281092482388534
785.0 25.499443940755285 23.281751073802415
785.5 25.501340590821783 23.28240672310747
786.0 25.503171572131453 23.283062379782876
786.5 25.505086012159722 23.283720939784555
787.0 25.506915023089856 23.28437645112862
787.5 25.50877533742093 23.28503712773906
788.0 25.510668366150693 23.28569563397505
788.5 25.512544933062564 23.286350874058414
789.0 25.51440982097808 23.28700025259121
789.5 25.516304009893243 23.28765558796391
790.0 25.518138677268304 23.28831530138776
790.5 25.520017868168203 23.288967542158595
791.0 25.521873220973717 23.289631034291276
791.5 25.523755668911217 23.290289293087213
792.0 25.52562168572758 23.29093581253216
792.5 25.527457255028082 23.291595425220102
793.0 25.5293340651531 23.292249854449626
793.5 25.53119596105683 23.29289924011521
794.0 25.53308401655088 23.29354879351655
794.5 25.53495372636082 23.294201226720865
795.0 25.536828971440585 23.294863568255494
795.5 25.5386380881469 23.29550096166118
796.0 25.540493354947607 23.29615730528703
796.5 25.542363494269868 23.296800061488966
797.0 25.544246587354337 23.29744782898665
797.5 25.546110758008748 23.298105234900657
798.0 25.54796823242553 23.29875023952043
798.5 25.54983604838604 23.299402097785133
799.0 25.551691953072904 23.300037814706794
799.5 25.553562716085068 23.300686820405264
800.0 25.555425490538063 23.30132972491695
800.5 25.557303499989878 23.301983038787554
801.0 25.55912844772811 23.30263243025762
801.5 25.560993804861944 23.303272590777894
802.0 25.56287204016645 23.303908378584403
802.5 25.5647165858462 23.304559310767754
803.0 25.566598277517105 23.305201217053146
803.5 25.568458367241092 23.305835205521078
804.0 25.57030231889751 23.306482070258625
804.5 25.57217146230595 23.307132005490402
805.0 25.574032426626086 23.30777385148982
805.5 25.575846448126306 23.308415739756605
806.0 25.577760944355227 23.30904558542946
806.5 25.579594074964742 23.30969475343953
807.0 25.58143518953123 23.310343329006784
807.5 25.583311873421607 23.310967964831526
808.0 25.585157205064366 23.31161590981266
808.5 25.587010607721798 23.312256365039
809.0 25.588865673711332 23.312892579158486
809.5 25.59075421810484 23.313534747012582
810.0 25.592581695457927 23.314172718370184
810.5 25.594475264492704 23.314811971046453
811.0 25.596302405327933 23.315450102913825
811.5 25.59811112103796 23.316092668248174
812.0 25.599955119574254 23.316734324550477
812.5 25.60182716926586 23.31736847940953
813.0 25.603686774747313 23.31799886594142
813.5 25.60551893804838 23.318631929865973
814.0 25.607405157654828 23.31928465712769
814.5 25.609222105424703 23.3199126752136
815.0 25.611034131165344 23.32056447711625
815.5 25.612886556011173 23.32119339876163
816.0 25.614742909599663 23.3218367947213
816.5 25.616600419206364 23.322464452108417
817.0 25.618399493710903 23.323103678069835
817.5 25.62025457330232 23.32373836056876
818.0 25.622104885866868 23.324368137383633
818.5 25.62393233742613 23.325016811650233
819.0 25.62576867300737 23.32565622744213
819.5 25.62760176256894 23.32629442919195
820.0 25.629421925668872 23.3269203041624
820.5 25.631251560541173 23.32756463009318
821.0 25.63307487051616 23.32820707649101
821.5 25.63491941661581 23.32883159080456
822.0 25.6367198786368 23.3294864985904
822.5 25.63857708970154 23.330115377625265
823.0 25.640391494157228 23.33075206080959
823.5 25.642218219889948 23.331390817989064
