FastTrWP/PhaseSpace/IAs/snIa_0.55_30.00_-0.21_0.10.csv
# %ECSV 0.9
# ---
# datatype:
# - {name: time-rel, datatype: float64}
# - {name: g, datatype: float64}
# - {name: i, datatype: float64}
# schema: astropy-2.0
time-rel g i
[from data line 337]
335.8125 24.645309820809942 23.20013625731786
336.3125 24.64097222395686 23.19720567566348
336.8125 24.63662772388789 23.194276671846687
337.3125 24.632308485758962 23.191345229968974
337.8125 24.62795822621314 23.188420231095073
338.3125 24.623643578609343 23.185498437772118
338.8125 24.61931662582115 23.182586952978127
339.3125 24.61500638083689 23.179670551509123
339.8125 24.61071752923376 23.17676637396145
340.3125 24.606432530385813 23.173859520279457
340.8125 24.602150825584236 23.170959536137445
341.3125 24.59785958368808 23.16806756557286
341.8125 24.593600833294055 23.165180125612284
342.3125 24.58933051005846 23.162297143571912
342.8125 24.585086252616804 23.15942557672072
343.3125 24.580818100261027 23.156539868614928
343.8125 24.576596306639512 23.15366400197838
344.3125 24.572373752562523 23.150801150007723
344.8125 24.568148222200715 23.1479379748242
345.3125 24.56391405877387 23.145074653211285
345.8125 24.559719721103228 23.14223177172735
346.3125 24.555495295777213 23.13937349856517
346.8125 24.551310641161912 23.13652487343407
347.3125 24.54712978259007 23.13368381667321
347.8125 24.542954437007054 23.130841035442135
348.3125 24.538768633938673 23.128011490478578
348.8125 24.53458916410969 23.12516267401838
349.3125 24.53042497316046 23.12233480598509
349.8125 24.52627665835747 23.119519573471734
350.3125 24.522144748550772 23.116705006046104
350.8125 24.51797692622612 23.113881632035827
351.3125 24.513837710731007 23.111067220745312
351.8125 24.50972282484996 23.108255474489678
352.3125 24.50560928367453 23.105451710562512
352.8125 24.501473850589143 23.10264821248864
353.3125 24.49739338270637 23.099843368164304
353.8125 24.493258671385764 23.097066103064506
354.3125 24.489161402973938 23.094270855742653
354.8125 24.485080971623145 23.09148091308216
355.3125 24.481017559597444 23.08869388596706
355.8125 24.47692922195766 23.085913550273318
356.3125 24.472841693374633 23.083137958696575
356.8125 24.468783504086588 23.080358167760355
357.3125 24.46472386766672 23.07759662059308
357.8125 24.460674366790528 23.07481315295224
358.3125 24.45662686941671 23.072057505243908
358.8125 24.452596853877402 23.069292207205837
359.3125 24.44856773007097 23.066553628895402
359.8125 24.444524316504005 23.063794125521497
360.3125 24.44051253946912 23.061040027345552
360.8125 24.436512969109742 23.058295262137477
361.31249999999994 24.432487211765984 23.055554548191143
361.8125 24.428475531936293 23.052807672217245
362.3125 24.424455950694473 23.05006257087164
362.81249999999994 24.420433382570774 23.047316019939114
363.3125 24.416409539312998 23.04457689002088
363.8125 24.412366555385567 23.041833020814394
364.31249999999994 24.40832965649601 23.03907578220691
364.8125 24.404278997802233 23.036331044147754
365.3125 24.400242883511623 23.03358885288531
365.81249999999994 24.396177192945068 23.030846457835565
366.3125 24.392136475350142 23.028083142487525
366.8125 24.388076264506907 23.025345730166258
367.31249999999994 24.384032844164473 23.022604751478184
367.8125 24.379978634894954 23.019859889326074
368.3125 24.375920149232705 23.01711110668657
368.81249999999994 24.371889082138296 23.014380086066666
369.3125 24.367829773760626 23.01163527350857
369.8125 24.36376860158991 23.00891067568699
370.31249999999994 24.359728014578366 23.00617667835326
370.8125 24.355697202405548 23.003437875392798
371.3125 24.35167373525659 23.00071626330996
371.81249999999994 24.347634490683674 22.997988903593914
372.3125 24.34360432605331 22.995268709490766
372.8125 24.339589670954478 22.992552030825752
373.31249999999994 24.335585143822325 22.989827500232273
373.8125 24.33155994492278 22.987121027652144
374.3125 24.32756273720087 22.984408697662904
374.81249999999994 24.32358396172701 22.9817158926965
375.3125 24.31960369379646 22.979013543322125
375.8125 24.315626860942846 22.976310106110805
376.31249999999994 24.31165510921771 22.973612390993434
376.8125 24.30771779214933 22.970927550228993
377.3125 24.303759087040863 22.968243594466845
377.81249999999994 24.29983341625851 22.96557506176206
378.3125 24.29590332295673 22.96289706944713
378.8125 24.291985314918016 22.960233150833812
379.31249999999994 24.28810238737455 22.957566383907164
379.8125 24.284212192451555 22.954922027455297
380.3125 24.28033264836938 22.952261838719558
380.81249999999994 24.276486141907142 22.949620711726038
381.3125 24.27263915495047 22.946980063104956
381.8125 24.268811274123173 22.944348526338104
382.31249999999994 24.264989560012587 22.94172101228202
382.8125 24.261163271853317 22.939104354608297
383.3125 24.257389372653254 22.936495065225593
383.81249999999994 24.253617249083234 22.933884872356757
384.3125 24.249858015420592 22.931282235099925
384.8125 24.246123944396455 22.928696653254853
385.31249999999994 24.242388515871703 22.926112981296715
385.8125 24.238694083439697 22.92353147870289
386.3125 24.234997093356885 22.920970524817726
386.81249999999994 24.23133356607341 22.91839844159965
387.3125 24.227677649250534 22.915849944245675
387.8125 24.22405237892521 22.913301716605442
388.31249999999994 24.220412065367462 22.910758516454326
388.8125 24.21682502502925 22.90822909665795
389.3125 24.21326216131037 22.905710015056265
389.81249999999994 24.20969180462899 22.903202117298996
390.3125 24.206156321191163 22.90069740241593
390.8125 24.202639721613224 22.898203531242277
391.31249999999994 24.199126766572174 22.89570318514849
391.8125 24.195674516066536 22.893236334554373
392.3125 24.192210978771207 22.890768508886264
392.81249999999994 24.1887673517623 22.888309766250764
393.3125 24.185365506875385 22.885863185511223
393.8125 24.181956147142593 22.88341637402106
394.31249999999994 24.17859514439663 22.8809792142868
394.8125 24.175276731017927 22.878559704297665
395.3125 24.171931099471557 22.876158643338268
395.81249999999994 24.16864728339716 22.873750930824258
396.3125 24.165374093993876 22.871361072898925
396.8125 24.162121459907947 22.868983747312562
397.31249999999994 24.15888822335851 22.866608958948525
397.8125 24.155690472559268 22.864249940958064
398.3125 24.152498294001955 22.861894167158727
398.81249999999994 24.149344481805283 22.859559893426106
399.3125 24.14619168037575 22.857216623533382
399.8125 24.143047652233626 22.854888145537263
400.31249999999994 24.13991612947623 22.852557853597265
400.8125 24.136788688736036 22.85024076988571
401.3125 24.133671131730807 22.847914118210394
401.81249999999994 24.130572444683725 22.845611220054316
402.3125 24.127473073362694 22.84329242226097
402.8125 24.12438417469559 22.84098564440928
403.31249999999994 24.121290725092894 22.838692871599907
403.8125 24.118232741603723 22.836391623130382
404.3125 24.115168384726733 22.83409816473458
404.81249999999994 24.112109013393983 22.83182126993954
405.3125 24.1090833570885 22.829541476094928
405.8125 24.106051881052256 22.82726259636594
406.31249999999994 24.103035407883663 22.82500709573722
406.8125 24.10002139013189 22.82273616356832
407.3125 24.097032181647513 22.820470823045053
407.81249999999994 24.094045791324852 22.81822233131626
408.3125 24.091063144666748 22.815976274944557
408.8125 24.08809638008371 22.813730291428325
409.31249999999994 24.085155937916856 22.81150175654405
409.8125 24.082209857783322 22.809266302538088
410.3125 24.079274972393318 22.807040625217052
410.81249999999994 24.076364290600722 22.804823327229478
411.3125 24.07345385003608 22.802613053693236
411.8125 24.070559160315653 22.800398531330664
412.31249999999994 24.06769505545942 22.79819987723396
412.8125 24.06482052451734 22.796007335112193
413.3125 24.06196359700024 22.793818393828857
413.81249999999994 24.05910539980286 22.791631273188923
414.3125 24.056286321347947 22.789452407144218
414.8125 24.05347482650032 22.787288252182655
415.31249999999994 24.050671062705096 22.785113344843488
415.8125 24.047874775388898 22.782969639900127
416.3125 24.045109006382344 22.780817182661686
416.81249999999994 24.04232667850256 22.77866958766235
417.3125 24.039573902240203 22.776526460793267
417.8125 24.036860215354658 22.77440143472992
418.31249999999994 24.034130416974996 22.772276635355645
418.8125 24.03142618942635 22.77015759591157
419.3125 24.028733280160694 22.76804525829061
419.81249999999994 24.026054499095025 22.765935314476277
420.3125 24.023396249879735 22.763839861685128
420.8125 24.02074001121866 22.76174927223441
421.31249999999994 24.01810236279584 22.75967104814626
421.8125 24.015492072549456 22.757590747077337
422.3125 24.012883541637557 22.755515161534987
422.81249999999994 24.010279293220297 22.753448089310673
423.3125 24.00771152213391 22.751397538854654
423.8125 24.005150393080985 22.749347582066296
424.31249999999994 24.002609231676317 22.747299607714698
424.8125 24.000078231951075 22.745274070989062
425.3125 23.99757286041678 22.74325025277284
425.81249999999994 23.99506446372805 22.741222545353594
426.3125 23.99259401582342 22.739218710231732
426.8125 23.99013197638695 22.73720730394508
427.31249999999994 23.98768405488356 22.735208838501492
427.8125 23.98523891831095 22.733220304798397
428.3125 23.98282141347783 22.731237351714654
428.81249999999994 23.98042747778266 22.72926786441615
429.3125 23.978055563462387 22.72729379362559
429.8125 23.975682739457326 22.7253395870588
430.31249999999994 23.97333421115682 22.72338567611196
430.8125 23.970988550972805 22.721449369480943
431.3125 23.968689752159978 22.719507534389642
431.81249999999994 23.966376792827372 22.71757882817841
432.3125 23.964087659876974 22.715665105635505
432.8125 23.961829755714852 22.713743334870323
433.31249999999994 23.95958637534429 22.711842621447637
433.8125 23.957362285025265 22.709950518383582
434.3125 23.955152158272117 22.70805242708072
434.81249999999994 23.95295184626425 22.706177171263043
435.3125 23.950783656655865 22.70430839132484
435.8125 23.948612485502085 22.70244026232113
436.31249999999994 23.946475512635807 22.70058203695518
436.8125 23.9443511517119 22.698729175437755
437.3125 23.94223145003818 22.696896438768967
437.81249999999994 23.940107995874026 22.695053288366505
438.3125 23.938007375995646 22.69322711171165
438.8125 23.935924533478783 22.691393094698572
439.31249999999994 23.933845659029423 22.689570360131633
439.8125 23.931797471655116 22.68775051010725
440.3125 23.929738736790746 22.685952526950445
440.81249999999994 23.927703201118682 22.684145450235103
441.3125 23.925679297855027 22.68234896764146
441.8125 23.923659169233908 22.680550092846246
442.31249999999994 23.921664928093946 22.67876981395319
442.8125 23.91967281039195 22.676987128616723
443.3125 23.9176910695194 22.675212802584657
443.81249999999994 23.91572761033459 22.673448261265847
444.3125 23.9137675155963 22.671688522279787
444.8125 23.9118272408157 22.669934298322005
445.31249999999994 23.909902829080067 22.668179776331936
445.8125 23.907980901843892 22.666436078294048
446.3125 23.906071620199864 22.664692259644426
446.81249999999994 23.90416149883712 22.662966231896576
447.3125 23.902286533995657 22.661239047295755
447.8125 23.900411380141446 22.6595108162131
448.31249999999994 23.89856564102118 22.657798383027078
448.8125 23.89670117210594 22.656092025148546
449.3125 23.894863921481118 22.654386083402045
449.81249999999994 23.893040523937916 22.65268733516536
450.3125 23.891220343778443 22.650993051986763
450.8125 23.889432224421107 22.64930797866373
451.31249999999994 23.887629998957284 22.647624635255852
451.8125 23.885849075170764 22.645947763403676
452.3125 23.88407746514423 22.644279327373017
452.81249999999994 23.88230184974121 22.642612589705905
453.3125 23.88056575460422 22.640953305429747
453.8125 23.878821580082988 22.639298683402277
454.31249999999994 23.87710291365748 22.637646526978656
454.8125 23.875386999964835 22.636006741989792
455.3125 23.873694954967128 22.634370632656445
455.81249999999994 23.87201075675391 22.632739203186816
456.3125 23.870314552302105 22.631118846810054
456.8125 23.86865705796959 22.629494045946927
457.31249999999994 23.86700242635937 22.627882465932373
457.8125 23.865356626680992 22.626270548738457
458.3125 23.863709055770464 22.624662526863318
458.81249999999994 23.862086980154157 22.623068895073896
459.3125 23.860480769661137 22.621475682024204
459.8125 23.858889882338392 22.619886650683316
460.31249999999994 23.85727797993393 22.618305037163754
460.8125 23.85570081864782 22.616723717836514
461.3125 23.854147239905426 22.6151594901031
461.81249999999994 23.852589109413678 22.61359412753955
462.3125 23.85105440376195 22.6120289826201
462.8125 23.84952470893221 22.610478075880604
463.31249999999994 23.84798993043015 22.60893733374076
463.8125 23.84646621039809 22.607384134394216
464.3125 23.844976918151524 22.605851685371565
464.81249999999994 23.843495523933576 22.60431427192101
465.3125 23.84201504893739 22.602792838065653
465.8125 23.840546718362205 22.601266087238425
466.31249999999994 23.839092089098063 22.59974786247827
466.8125 23.837634629959403 22.59823695421604
467.3125 23.83620224610818 22.596723774916654
467.81249999999994 23.834784614476042 22.59523251764421
468.3125 23.83336685733577 22.593740375316152
468.8125 23.83197024889315 22.592243453219048
469.31249999999994 23.830582410067535 22.590758334461412
469.8125 23.829214342485926 22.589278985361048
470.3125 23.827831510465817 22.587808892876957
470.81249999999994 23.826492576691706 22.58634058592587
471.3125 23.825136880691016 22.584875142377538
471.8125 23.823802526585034 22.583417205941693
472.31249999999994 23.822480522903106 22.581966599958353
472.8125 23.82116676378447 22.580517053195514
473.3125 23.81986710261693 22.579073833080283
473.81249999999994 23.818571387361416 22.577628909215214
474.3125 23.817288738835792 22.576206212253403
474.8125 23.816010008238916 22.574778715842996
475.31249999999994 23.814739112904263 22.573352666182913
475.8125 23.813494709200484 22.571927670857896
476.3125 23.812244422643193 22.570520315052743
476.81249999999994 23.8109962019012 22.569105230154364
477.3125 23.80977349731321 22.567697566408746
477.8125 23.808557500540214 22.56629363851147
478.31249999999994 23.80734826334864 22.564895248079594
478.8125 23.806134607236483 22.563508773703134
479.3125 23.80495163917576 22.562120572666906
479.81249999999994 23.803760706974508 22.560735093454994
480.3125 23.80258960485414 22.559351811768636
480.8125 23.801428082630494 22.55797991718651
481.31249999999994 23.800278322183253 22.556611671685104
481.8125 23.799132468475385 22.555251820815265
482.3125 23.797983823268716 22.55388451326105
482.81249999999994 23.79686144672306 22.5525306954192
483.3125 23.79574480563546 22.55117891504559
483.8125 23.794640308736103 22.549832259376018
484.31249999999994 23.793530703692433 22.548490012344644
484.8125 23.79244948344676 22.54715262000824
485.3125 23.79136506148621 22.545821122393797
485.81249999999994 23.790289675730723 22.54449346556232
486.3125 23.78924163243074 22.54317175043136
486.8125 23.788182341663106 22.54185117182311
487.31249999999994 23.78713791288775 22.540542157633702
487.8125 23.78610632744303 22.539230276387833
488.3125 23.78507599510865 22.537914503246487
488.8125 23.784067515311715 22.53662795078447
489.3125 23.78305967320037 22.53532372012861
489.8125 23.782080264184017 22.534037791192585
490.3125 23.78108018809447 22.532750671090447
490.8125 23.78011019090753 22.53146836495198
491.3125 23.77914853019366 22.530186419925947
491.8125 23.778182924002586 22.528911899845248
492.3125 23.77724626450956 22.527643300031848
492.8125 23.776299438288447 22.526385073070188
493.3125 23.775372139612415 22.525120345388004
493.8125 23.774454746577838 22.523874567746223
494.3125 23.77355271414534 22.522620110859318
494.8125 23.77265555331745 22.521378510589976
495.3125 23.77175828612458 22.520132391115375
495.8125 23.77087772297964 22.51889703845106
496.3125 23.770011060139957 22.517666329879265
496.8125 23.769155043585116 22.516445477216376
497.3125 23.768296755446684 22.515224698273762
497.8125 23.767462511537282 22.513996904240777
498.3125 23.766632016312833 22.512790056954618
498.8125 23.765813594195592 22.511571537246795
