FastTrWP/PhaseSpace/IAs/snIa_0.47_30.00_-0.38_0.08.csv
# %ECSV 0.9
# ---
# datatype:
# - {name: time-rel, datatype: float64}
# - {name: g, datatype: float64}
# - {name: i, datatype: float64}
# schema: astropy-2.0
time-rel g i
[from data line 1156]
783.4166666666666 23.738309218875557 22.33000524408739
783.9166666666665 23.73979989204377 22.330214593562058
784.4166666666666 23.741318045588194 22.330422605218164
784.9166666666666 23.74280501721032 22.33063636667774
785.4166666666665 23.744332514634458 22.33084273478022
785.9166666666666 23.745847712621533 22.33105970307062
786.4166666666666 23.74738161997393 22.331278248897945
786.9166666666665 23.748900941205683 22.331493672573004
787.4166666666666 23.750426355690266 22.33170975456552
787.9166666666666 23.751969410882957 22.331936168291712
788.4166666666665 23.753485655400773 22.33215791522932
788.9166666666666 23.7550327271703 22.332385172787607
789.4166666666666 23.75655683539645 22.332604254269107
789.9166666666665 23.758106650402347 22.3328461679302
790.4166666666666 23.759650702764922 22.333069836139448
790.9166666666666 23.761200700252708 22.333300444048593
791.4166666666665 23.762748212742043 22.333531150363612
791.9166666666666 23.764300053675633 22.333770231007676
792.4166666666666 23.76585532332094 22.334000616514803
792.9166666666665 23.767412948411895 22.334242571456755
793.4166666666666 23.768970455981552 22.334481209531802
793.9166666666666 23.770525587999096 22.33473369337101
794.4166666666665 23.772098184305946 22.3349691547618
794.9166666666666 23.77366021686963 22.33521660663241
795.4166666666666 23.77523376880841 22.335459353245227
795.9166666666665 23.776809429824635 22.335711376351036
796.4166666666666 23.778371617131775 22.33596406521642
796.9166666666666 23.779955724018723 22.336213384118437
797.4166666666665 23.781546443737902 22.336467533967568
797.9166666666666 23.783123012904753 22.336727162419216
798.4166666666666 23.784710673741067 22.336981656644177
798.9166666666665 23.78630875281376 22.33723871389755
799.4166666666666 23.787894718828447 22.33749774765782
799.9166666666666 23.78949195552996 22.337758830323704
800.4166666666665 23.79107879042401 22.338031753629757
800.9166666666666 23.79269504359094 22.33829809550275
801.4166666666666 23.79431193693437 22.338562039400742
801.9166666666665 23.79592816860846 22.338832531447984
802.4166666666666 23.79755152069621 22.339102880811076
802.9166666666666 23.79915884049887 22.339381154720538
803.4166666666665 23.800785578411347 22.33965598855582
803.9166666666666 23.802437654640766 22.339937161576135
804.4166666666666 23.80408498977737 22.340210953983444
804.9166666666665 23.80572945383326 22.340498157891314
805.4166666666666 23.807373531552663 22.340781543066065
805.9166666666666 23.809030975673178 22.341064813243193
806.4166666666665 23.810683964082784 22.34135098843567
806.9166666666666 23.8123473836755 22.34164315214016
807.4166666666666 23.814004640561354 22.34193546956537
807.9166666666665 23.815684137018994 22.342226399961437
808.4166666666666 23.817365155740156 22.342528378614368
808.9166666666666 23.819037467792107 22.342816498156953
809.4166666666665 23.820716482966972 22.343118465253397
809.9166666666666 23.822416736046222 22.343413255676104
810.4166666666666 23.82410056266555 22.3437200800867
810.9166666666665 23.825780100766217 22.344026733787246
811.4166666666666 23.82747911602102 22.344329011134963
811.9166666666666 23.829178350705995 22.34463544821282
812.4166666666665 23.83088557356126 22.34494712389553
812.9166666666666 23.832581121645845 22.345260727744247
813.4166666666666 23.83429623848716 22.345571041691322
813.9166666666665 23.835995495745358 22.34588795174261
814.4166666666666 23.83770529170867 22.346201793531257
814.9166666666666 23.83943904630638 22.346523880194805
815.4166666666665 23.84114901730743 22.346835441979053
815.9166666666666 23.842883137566695 22.34716330214159
816.4166666666666 23.844593941228425 22.34749050183178
816.9166666666665 23.84632320657836 22.347815726486093
817.4166666666666 23.848052567196444 22.348146229981005
817.9166666666666 23.849787701440803 22.348473040026743
818.4166666666665 23.8515194084067 22.348807554697668
818.9166666666666 23.853254327595334 22.349138567610304
819.4166666666666 23.854999394535685 22.349474217222266
819.9166666666665 23.85674681412976 22.34981124497451
820.4166666666666 23.858470789444528 22.350145709201414
820.9166666666666 23.860221736957264 22.35049224786917
821.4166666666665 23.861964220038377 22.350826434123118
821.9166666666666 23.863697644907155 22.351176142533646
822.4166666666666 23.8654410856344 22.35151961356198
822.9166666666665 23.867179276813857 22.351863211198513
823.4166666666666 23.868941958908643 22.35221424450505
823.9166666666666 23.8707003119795 22.35256844568111
824.4166666666665 23.87244480348396 22.352926819229232
824.9166666666666 23.87419773305684 22.353271413869397
825.4166666666666 23.875929851846614 22.353630053580144
825.9166666666665 23.87768303467376 22.35398142379408
826.4166666666666 23.87943729382481 22.35434493422556
826.9166666666666 23.881184271871575 22.3547026244692
827.4166666666665 23.882938663331544 22.35507164729734
827.9166666666666 23.884695754685126 22.355433794853525
828.4166666666666 23.886439269189662 22.355793022093398
828.9166666666665 23.888183504835983 22.35616460891007
829.4166666666666 23.88993959199293 22.356536144105327
829.9166666666666 23.891691873808448 22.356907546998855
830.4166666666665 23.89344206734051 22.357283234895124
830.9166666666666 23.895204637195384 22.35765315352848
831.4166666666666 23.896940175018074 22.35803475275622
831.9166666666665 23.898697440200948 22.358408565958413
832.4166666666666 23.900438665650245 22.35878643268158
832.9166666666666 23.902179904798274 22.359171737114
833.4166666666665 23.903911573920823 22.359554442338432
833.9166666666666 23.905662170504133 22.35994033867954
834.4166666666666 23.907401961553916 22.360323486385155
834.9166666666665 23.909143034225266 22.36071227034554
835.4166666666666 23.910888223845838 22.36109897607884
835.9166666666666 23.91262618914721 22.361495874445417
836.4166666666665 23.91435957602718 22.361886213949646
836.9166666666666 23.91611792367588 22.362279988102927
837.4166666666666 23.917859515932072 22.3626746727609
837.9166666666665 23.919610294796676 22.36307718408407
838.4166666666666 23.92136293362457 22.36348092629266
838.9166666666666 23.923114674724566 22.363879876716585
839.4166666666665 23.924871587732977 22.36428822925294
839.9166666666666 23.926619355713186 22.364690191558722
840.4166666666666 23.92837083702244 22.36510083939313
840.9166666666665 23.930121791711784 22.365513317635163
841.4166666666666 23.93188484948807 22.365927578756377
841.9166666666666 23.93362908622307 22.366341519927243
842.4166666666665 23.935407294398587 22.366758163494357
842.9166666666666 23.93716068511511 22.367175379905262
843.4166666666666 23.938927287620594 22.36759731486053
843.9166666666665 23.940682997881773 22.368015755917202
844.4166666666666 23.94244839765814 22.368441673047037
844.9166666666666 23.9442210032645 22.368862190905126
845.4166666666665 23.945972995524553 22.369287308684175
845.9166666666666 23.947746191632213 22.369724813161547
846.4166666666666 23.949515574761957 22.37015353531894
846.9166666666665 23.95127821794015 22.370591239006934
847.4166666666666 23.95304786524422 22.371026956620685
847.9166666666666 23.954810197369877 22.37145902712198
848.4166666666665 23.95658649412337 22.371896319858568
848.9166666666666 23.95835308685133 22.372339812117737
849.4166666666666 23.96014122187532 22.372786140032304
849.9166666666665 23.961910053385843 22.3732223664949
850.4166666666666 23.96366294817293 22.373667569349767
850.9166666666666 23.965459329722126 22.374116926178335
851.4166666666665 23.96722591544629 22.374567729896
851.9166666666666 23.969005627079266 22.375016591211505
852.4166666666666 23.970781635028175 22.37547041480058
852.9166666666665 23.97256059389314 22.37592086771805
853.4166666666666 23.974331009808765 22.376384560118083
853.9166666666666 23.976127618211102 22.376835900897348
854.4166666666665 23.97789757213541 22.377301905919
854.9166666666666 23.97968546215422 22.377756139227447
855.4166666666666 23.981453474757277 22.378220188925514
855.9166666666665 23.983241689246398 22.378687375907752
856.4166666666666 23.985016114405223 22.379157578502934
856.9166666666666 23.9867944907016 22.379618190091723
857.4166666666665 23.988580487111825 22.38008998126189
857.9166666666666 23.990361211017923 22.380563610579117
858.4166666666666 23.992152410838422 22.38104111363149
858.9166666666665 23.99393306088534 22.381509058891893
859.4166666666666 23.995712536829483 22.381990763421097
859.9166666666666 23.997499034727234 22.38246727874737
860.4166666666665 23.99929318478339 22.382946078478625
860.9166666666666 24.00105863792666 22.38342645230317
861.4166666666666 24.002852813601784 22.383907381183093
861.9166666666665 24.00462744909843 22.3844013261498
862.4166666666666 24.006417863099237 22.38488015026737
862.9166666666666 24.008210060391463 22.385374401602558
863.4166666666665 24.00998739737321 22.385861201812453
863.9166666666666 24.01177245647559 22.38635893823336
864.4166666666666 24.01356427952461 22.38685084959892
864.9166666666665 24.015356124032238 22.38734198101696
865.4166666666666 24.01712052814977 22.387842982054032
865.9166666666666 24.018909570061993 22.388337562285546
866.4166666666665 24.020704076808475 22.388838237651477
866.9166666666666 24.02247522140644 22.389341406290608
867.4166666666666 24.024264333148324 22.38984382396606
867.9166666666665 24.0260520540956 22.3903476134724
868.4166666666666 24.02782271198906 22.390853697191524
868.9166666666666 24.029607935116534 22.391354572091885
869.4166666666665 24.03140380111656 22.391870450934924
869.9166666666666 24.033184417349226 22.39238386718755
870.4166666666666 24.03495391666157 22.39288958326966
870.9166666666665 24.03673933214744 22.393409833595157
871.4166666666666 24.038534516292177 22.393929545402894
871.9166666666666 24.04031251900797 22.394437464947487
872.4166666666665 24.042092065491232 22.39496145274873
872.9166666666666 24.04387747367554 22.395484986278333
873.4166666666666 24.045659952185044 22.39601157827022
873.9166666666665 24.047445763393405 22.39653141777126
874.4166666666666 24.049216593675396 22.39706222315206
874.9166666666666 24.05100227915369 22.397593048845785
875.4166666666665 24.052792256214882 22.398123840603894
875.9166666666666 24.054578969754154 22.398655515465418
876.4166666666666 24.056343797189466 22.399193022439672
876.9166666666665 24.05812973173688 22.39972766211409
877.4166666666666 24.05990875201425 22.400268152980477
877.9166666666666 24.061695149750918 22.400816254161438
878.4166666666665 24.06349013057927 22.401357488482063
878.9166666666666 24.065263432126926 22.401903416969354
879.4166666666666 24.067048296116177 22.40244448313137
879.9166666666665 24.06883137852399 22.402990879466124
880.4166666666666 24.070618212031235 22.40354088161808
880.9166666666666 24.07239118674989 22.40409088789915
881.4166666666665 24.074178641511676 22.40465150812813
881.9166666666666 24.075961412896383 22.40520398862403
882.4166666666666 24.077750559018657 22.405763752921565
882.9166666666665 24.079523929562022 22.406318823106538
883.4166666666666 24.081306722155716 22.406883202500826
883.9166666666666 24.08310458585477 22.40744523776421
884.4166666666665 24.08488817375313 22.408012767897
884.9166666666666 24.086680352830147 22.408575175578413
885.4166666666666 24.088455826023733 22.409139193652972
885.9166666666665 24.090244955956788 22.409713445780174
886.4166666666666 24.092015239615524 22.410281241479918
886.9166666666666 24.09379981726479 22.410858063190744
887.4166666666665 24.095591583389417 22.41143083559795
887.9166666666666 24.097375743657356 22.41200932759439
888.4166666666666 24.099162500856718 22.412584797362033
888.9166666666665 24.100936258475567 22.41316693454673
889.4166666666666 24.10274436349258 22.413755586327394
889.9166666666666 24.104515889053324 22.414333237920452
890.4166666666665 24.106308812725818 22.41492374179119
890.9166666666666 24.10809817638293 22.415512371600023
891.4166666666666 24.10988121770101 22.416101681349815
891.9166666666665 24.111675909560667 22.416690203700295
892.4166666666666 24.11346263819963 22.417275229400598
892.9166666666666 24.115255535522337 22.417870917044638
893.4166666666665 24.11702779217204 22.418474659075045
893.9166666666666 24.118816782234962 22.41907188914204
894.4166666666666 24.120620458403007 22.419666081127176
894.9166666666665 24.122406652268616 22.420268970061375
895.4166666666666 24.12419063456702 22.420873695448194
895.9166666666666 24.125986655323572 22.421479419116658
896.4166666666665 24.127775272710302 22.42208451223553
896.9166666666666 24.129566441516648 22.422683545270125
897.4166666666666 24.13136168345712 22.423303056328177
897.9166666666665 24.13314664461722 22.423914356885952
898.4166666666666 24.134939422602027 22.42452186358261
898.9166666666666 24.136744444293136 22.425138766458197
899.4166666666665 24.138545483997447 22.425759543060735
899.9166666666666 24.140335899688075 22.426373701209556
900.4166666666666 24.142118478668827 22.42699824957044
900.9166666666665 24.143930501298314 22.427615489999113
901.4166666666666 24.14570961111132 22.428239973935913
901.9166666666666 24.147514994363025 22.428864841932032
902.4166666666665 24.149315732218867 22.429484135285186
902.9166666666666 24.1511096778163 22.430117886580536
903.4166666666666 24.15290397569395 22.430745411442107
903.9166666666665 24.15470086582797 22.431373940450335
904.4166666666666 24.156498637651246 22.432015251514777
904.9166666666666 24.15828328320131 22.43264521645977
905.4166666666665 24.160104657643927 22.433281599479624
905.9166666666666 24.161913456089334 22.433918158490226
906.4166666666666 24.16369202929317 22.434560590768143
906.9166666666665 24.165498898658463 22.435206599105257
907.4166666666666 24.1673053475188 22.435845440402055
907.9166666666666 24.16909557363296 22.436496345071202
908.4166666666665 24.170909193369706 22.437136149520715
908.9166666666666 24.172696532391495 22.437786151138024
909.4166666666666 24.174503169975758 22.438435313136033
909.9166666666665 24.176298405786145 22.439095135025028
910.4166666666666 24.178097544376715 22.43974098150229
910.9166666666666 24.17988902092439 22.440405942672243
911.4166666666665 24.181705416312433 22.44106318419703
911.9166666666666 24.183504398362125 22.441725031078143
912.4166666666666 24.185294124314872 22.442386992067306
912.9166666666665 24.187097041485615 22.443046270522593
913.4166666666666 24.18890514009846 22.44371289905419
913.9166666666666 24.19070166700285 22.444389824388153
914.4166666666665 24.192504203809563 22.445048234908505
914.9166666666666 24.194294220331006 22.445723958869365
915.4166666666666 24.196100701695634 22.44639640373284
915.9166666666665 24.197911237466897 22.447071391228395
916.4166666666666 24.199696102672732 22.447748422701792
916.9166666666666 24.20149675313814 22.44843021803142
917.4166666666665 24.20328860131184 22.44911028833027
917.9166666666666 24.20510465874355 22.44979067371089
918.4166666666666 24.206910157226893 22.45048293055799
918.9166666666665 24.208692682498697 22.451172180694073
919.4166666666666 24.210522454908364 22.451856021955336
919.9166666666666 24.212309849785147 22.45253967988992
920.4166666666665 24.214116192418903 22.45323631393434
920.9166666666666 24.215915080169083 22.45393290660308
921.4166666666666 24.217717592447773 22.454623794294022
921.9166666666665 24.219529318145195 22.455319213326582
922.4166666666666 24.221343473386057 22.45601960680244
922.9166666666666 24.223136455919896 22.456717643173107
923.4166666666665 24.224937546777102 22.457425058308225
923.9166666666666 24.226759898962186 22.458134346911393
924.4166666666666 24.228552015191546 22.45884163903881
924.9166666666665 24.230339258397535 22.459548930156842
925.4166666666666 24.232163022805395 22.460258706459427
925.9166666666666 24.23398132358651 22.460964972912155
926.4166666666665 24.2357737164874 22.461681375397173
926.9166666666666 24.237572549677182 22.46240784671201
927.4166666666666 24.239395196424077 22.46311566691872
