FastTrWP/PhaseSpace/IAs/snIa_0.64_30.00_-0.79_0.19.csv
# %ECSV 0.9
# ---
# datatype:
# - {name: time-rel, datatype: float64}
# - {name: g, datatype: float64}
# - {name: i, datatype: float64}
# schema: astropy-2.0
time-rel g i
[from data line 288]
346.2916666666667 25.341151808758827 23.03111873934641
346.7916666666667 25.33681819802176 23.02804357127028
347.2916666666667 25.332475506360677 23.0249752372919
347.7916666666667 25.328145335194954 23.021908073644592
348.2916666666667 25.323812508604536 23.018839889932398
348.7916666666667 25.31943967034983 23.01577960779554
349.2916666666667 25.315115126745965 23.012709351594797
349.7916666666667 25.310756149802778 23.009655582874096
350.2916666666667 25.30641762507249 23.00659078581042
350.7916666666667 25.302083123955295 23.003534829730334
351.2916666666667 25.29777790301493 23.00047082827065
351.7916666666667 25.293422126858857 22.99741413898348
352.2916666666667 25.289117920903543 22.994371579489048
352.7916666666667 25.28479163419302 22.99132354216074
353.2916666666667 25.280474184649403 22.988273487500944
353.7916666666667 25.27617099715354 22.985234777392893
354.2916666666667 25.271881059282073 22.982193688540708
354.7916666666667 25.267562700574118 22.97915496353987
355.2916666666667 25.263284551272783 22.97611318846519
355.7916666666667 25.258992821504837 22.973097231852527
356.2916666666667 25.25472370925369 22.970057994081042
356.7916666666667 25.250459503547642 22.967043266756217
357.2916666666667 25.246209565541943 22.964029332760596
357.7916666666667 25.241979874818263 22.961015350402263
358.2916666666667 25.237721158260747 22.958007439171762
358.7916666666667 25.23350009499428 22.955003747944414
359.2916666666667 25.229294821032383 22.95201723717694
359.7916666666667 25.225088210745923 22.949013673908926
360.2916666666667 25.22091874386106 22.946037965094078
360.7916666666667 25.216725354017292 22.943053814401168
361.29166666666663 25.212568920104697 22.940064978986786
361.7916666666667 25.208421933585235 22.937118119583467
362.2916666666667 25.20428068444559 22.934149200297078
362.79166666666663 25.200151899877476 22.931187973881254
363.2916666666667 25.196058701571005 22.928231723680263
363.7916666666667 25.191952817272796 22.925300247265405
364.29166666666663 25.187850888930534 22.92235844805361
364.7916666666667 25.18380117962503 22.91943411638496
365.2916666666667 25.179740552711248 22.916506700821575
365.79166666666663 25.175723834211734 22.913597343243897
366.2916666666667 25.17171826386622 22.910683148803873
366.7916666666667 25.167697390342283 22.90779074425158
367.29166666666663 25.163738492031634 22.90490465156172
367.7916666666667 25.15976936429755 22.90200714501328
368.2916666666667 25.155811363306775 22.899132052277203
368.79166666666663 25.151879634369763 22.896268361247767
369.2916666666667 25.147985956876294 22.893410902837612
369.7916666666667 25.14408174773351 22.890556471140076
370.29166666666663 25.140218406570725 22.887710301792662
370.7916666666667 25.136377803447093 22.88488124945074
371.2916666666667 25.13252807208049 22.88205457755065
371.79166666666663 25.12871557770804 22.879238658928166
372.2916666666667 25.124932166989858 22.87643614246924
372.7916666666667 25.121153742523155 22.87363439346331
373.29166666666663 25.11741494003976 22.870848354207688
373.7916666666667 25.113681390040917 22.86807396282449
374.2916666666667 25.109980971597324 22.865311711598928
374.79166666666663 25.106276368575987 22.86254249618284
375.2916666666667 25.10262659732183 22.859795598537854
375.7916666666667 25.09897965089494 22.857062051035516
376.29166666666663 25.095348924933255 22.854326152601647
376.7916666666667 25.091746910043533 22.85160975367644
377.2916666666667 25.088183240389583 22.84889920043255
377.79166666666663 25.084637087936645 22.846200948627875
378.2916666666667 25.081117046997395 22.84351725138346
378.7916666666667 25.077604254615483 22.840831982840555
379.29166666666663 25.074124700973293 22.83817780519502
379.7916666666667 25.070666244742178 22.835519077767646
380.2916666666667 25.067247745679918 22.832885222217847
380.79166666666663 25.063832964718713 22.830239323962918
381.2916666666667 25.060442584189925 22.827619812422363
381.7916666666667 25.057104344843296 22.825008382634174
382.29166666666663 25.053764454885382 22.822420652549646
382.7916666666667 25.05041774260322 22.819818140218345
383.2916666666667 25.04711993876109 22.81721704240688
383.79166666666663 25.043796724848825 22.81463490422412
384.2916666666667 25.04049788569416 22.812066734468125
384.7916666666667 25.037217485045396 22.809483556539828
385.29166666666663 25.033921745961845 22.80691215522321
385.7916666666667 25.030654151691145 22.804347113397505
386.2916666666667 25.027363871849243 22.801778307547863
386.79166666666663 25.02411489971091 22.799226395538632
387.2916666666667 25.02088216929677 22.796676948921345
387.7916666666667 25.01764887450915 22.794123130668396
388.29166666666663 25.014429298748837 22.791583760742334
388.7916666666667 25.01118591924044 22.78905303544978
389.2916666666667 25.007998590417436 22.786525974236863
389.79166666666663 25.00478275850632 22.783992128925405
390.2916666666667 25.00161929401523 22.78148051052131
390.7916666666667 24.99845989658518 22.778968682612458
391.29166666666663 24.995293324938782 22.77645808605614
391.7916666666667 24.99215578005224 22.77396390234255
392.2916666666667 24.989006791101826 22.77146688013332
392.79166666666663 24.985875035638813 22.76897630694723
393.2916666666667 24.982770707670795 22.76648655217571
393.7916666666667 24.979665845223835 22.764006570771596
394.29166666666663 24.97657200339073 22.761544787488923
394.7916666666667 24.973486410584425 22.759073913967214
395.2916666666667 24.970419812063813 22.756618491504405
395.79166666666663 24.967356026873407 22.7541653361888
396.2916666666667 24.9643270127371 22.751722292597847
396.7916666666667 24.961325442782936 22.749283270050963
397.29166666666663 24.958288872193883 22.746841133312394
397.7916666666667 24.95528381292113 22.744420425722183
398.2916666666667 24.95230606202061 22.741995529538155
398.79166666666663 24.949326143038057 22.739587650927664
399.2916666666667 24.946341828194328 22.73717933538553
399.7916666666667 24.94339773215691 22.73478025474911
400.29166666666663 24.940465194095363 22.732382518491217
400.7916666666667 24.937552008054343 22.72999931701788
401.2916666666667 24.934644882023377 22.727620506044282
401.79166666666663 24.931752665018738 22.72524456023342
402.2916666666667 24.92885908897116 22.722882863944484
402.7916666666667 24.926000277365652 22.72052248079502
403.29166666666663 24.92313686045728 22.718169541690504
403.7916666666667 24.920306336901863 22.71582374774585
404.2916666666667 24.917478129430172 22.713484658355206
404.79166666666663 24.914668181177365 22.71114986116716
405.2916666666667 24.911878170553614 22.708835959332397
405.7916666666667 24.909106695760784 22.706512089346166
406.29166666666663 24.906345334607533 22.70420404891016
406.7916666666667 24.903587618515086 22.701901855880735
407.2916666666667 24.900837858233782 22.699615392675856
407.79166666666663 24.898137841198515 22.69732601628057
408.2916666666667 24.895417630591275 22.695044412426864
408.7916666666667 24.89272358751426 22.69276936385704
409.29166666666663 24.89006378818878 22.690509037983855
409.7916666666667 24.887412801052086 22.688259931941587
410.2916666666667 24.884773994639502 22.68600451902546
410.79166666666663 24.882138884397705 22.683764818411817
411.2916666666667 24.87950857345161 22.681533338204826
411.7916666666667 24.876929583374476 22.679308851407214
412.29166666666663 24.874352259037384 22.677089417388938
412.7916666666667 24.87177254046155 22.67487466374221
413.2916666666667 24.86923144488567 22.672681671159012
413.79166666666663 24.86669649124117 22.670482044685713
414.2916666666667 24.8641837239774 22.668296857027958
414.7916666666667 24.861675451857735 22.66611601180355
415.29166666666663 24.859210039919432 22.66395725908362
415.7916666666667 24.856748032294046 22.661787759544325
416.2916666666667 24.85429366338837 22.65963499181521
416.79166666666663 24.851852632005635 22.65748196971763
417.2916666666667 24.849444411462628 22.65534526869995
417.7916666666667 24.84704671573163 22.65322327666145
418.29166666666663 24.844673110788595 22.65109743405279
418.7916666666667 24.84232669617019 22.648988982854995
419.2916666666667 24.839961184870624 22.646882128658294
419.79166666666663 24.8376519300432 22.644787370524565
420.2916666666667 24.835335814725287 22.64269575337968
420.7916666666667 24.83305200972947 22.640613061257856
421.29166666666663 24.830766460213898 22.638545463394408
421.7916666666667 24.82849790780037 22.636486703583124
422.2916666666667 24.82625060908174 22.6344269726614
422.79166666666663 24.824023482750505 22.63237582190615
423.2916666666667 24.821771698621138 22.63033289342311
423.7916666666667 24.819578546518763 22.628299068690787
424.29166666666663 24.817356325100405 22.626264364354665
424.7916666666667 24.815178955608012 22.624238582067747
425.2916666666667 24.81299705664171 22.62222091463391
425.79166666666663 24.810846958040628 22.6202090930755
426.2916666666667 24.808680242036342 22.618192721607087
426.7916666666667 24.806525211220457 22.616196719570986
427.29166666666663 24.80439136359351 22.614196941381337
427.7916666666667 24.802229900644733 22.612211962166956
428.2916666666667 24.80016619900531 22.610223331455256
428.79166666666663 24.798060354685603 22.608249937077606
429.2916666666667 24.795955612059636 22.60628073273544
429.7916666666667 24.79390166942379 22.604317219300093
430.29166666666663 24.791827301482993 22.60235037808627
430.7916666666667 24.78977064008799 22.60039778805187
431.2916666666667 24.78773794655368 22.59845063200561
431.79166666666663 24.78569943072951 22.596511638103127
432.2916666666667 24.78369287683452 22.59457738693525
432.7916666666667 24.78167466355267 22.592649142225607
433.29166666666663 24.779686447278003 22.590717861249544
433.7916666666667 24.777697155998418 22.588807392718827
434.2916666666667 24.775724650661534 22.586895700298072
434.79166666666663 24.7737586694575 22.584993548518028
435.2916666666667 24.771804903338204 22.583085375127855
435.7916666666667 24.76985657976227 22.581188880217688
436.29166666666663 24.767933840212528 22.57930147567044
436.7916666666667 24.76601649476635 22.577420203876322
437.2916666666667 24.76411387377226 22.57554027262455
437.79166666666663 24.762227737602775 22.573668633998892
438.2916666666667 24.760339860599345 22.571814189550654
438.7916666666667 24.758460550949017 22.56994777850555
439.29166666666663 24.75658513622202 22.56809199539112
439.7916666666667 24.754747269981365 22.56623643973355
440.2916666666667 24.752919044100345 22.564397348831207
440.79166666666663 24.751072566486645 22.562562591213258
441.2916666666667 24.749254633051493 22.560725134820608
441.7916666666667 24.747449785400182 22.55890596004169
442.29166666666663 24.745653658105354 22.557084048572943
442.7916666666667 24.743876540414213 22.5552641951354
443.2916666666667 24.742096114054426 22.553459028338327
443.79166666666663 24.74033437248748 22.551658373525015
444.2916666666667 24.738560438674458 22.549851675960937
444.7916666666667 24.73684131231124 22.548057222426113
445.29166666666663 24.735112381718082 22.546276171691755
445.7916666666667 24.7333955799267 22.544492756721244
446.2916666666667 24.731674527882696 22.542714365991277
446.79166666666663 24.72997380372285 22.54094481798239
447.2916666666667 24.72828696731849 22.5391780949497
447.7916666666667 24.726624567418128 22.537419612013274
448.29166666666663 24.7249326216585 22.535662620083222
448.7916666666667 24.723295149350292 22.533915537301
449.2916666666667 24.721639084837367 22.532165492568673
449.79166666666663 24.72001935891575 22.5304318466528
450.2916666666667 24.71837370257321 22.528699233344724
450.7916666666667 24.71678434411706 22.52696577257298
451.29166666666663 24.715164383399486 22.525248260068487
451.7916666666667 24.713579468748645 22.523530499916436
452.2916666666667 24.711996144013987 22.521814155943126
452.79166666666663 24.71040998826595 22.520111273588434
453.2916666666667 24.70884005645409 22.51840745085127
453.7916666666667 24.707311097768386 22.516717186104366
454.29166666666663 24.705758818272166 22.515020026166397
454.7916666666667 24.704238673922518 22.51333536743935
455.2916666666667 24.70270462669243 22.51164890396165
455.79166666666663 24.701229977196316 22.509981551868975
456.2916666666667 24.699714062737364 22.50830518127578
456.7916666666667 24.698214667604095 22.50664518483031
457.29166666666663 24.69674197930136 22.504983235042886
457.7916666666667 24.695282062879663 22.503330602855193
458.2916666666667 24.69380126872246 22.50167658533215
458.79166666666663 24.692379893632186 22.500031486431244
459.2916666666667 24.690948021269627 22.49839598932144
459.7916666666667 24.68949371350426 22.496760024310465
460.29166666666663 24.68810207611393 22.495130415647395
460.7916666666667 24.68668005860257 22.49350442093673
461.2916666666667 24.68528914090916 22.491893914645026
461.79166666666663 24.683899190290973 22.49027390088713
462.2916666666667 24.68251500229846 22.488663099248846
462.7916666666667 24.681163583998433 22.487064455922127
463.29166666666663 24.679781474695275 22.48546027651053
463.7916666666667 24.678431545472815 22.483853738052172
464.2916666666667 24.677087554297316 22.48227193518018
464.79166666666663 24.675753532197415 22.48068378534503
465.2916666666667 24.674422201114194 22.47909223013953
465.7916666666667 24.673100969464436 22.477514508251012
466.29166666666663 24.671796610325206 22.475946403361423
466.7916666666667 24.67050224646591 22.474371965586933
467.2916666666667 24.66920563954595 22.472806005576654
467.79166666666663 24.667920316741405 22.471247548243646
468.2916666666667 24.66664079992279 22.469696322580145
468.7916666666667 24.66536619762468 22.468141223853326
469.29166666666663 24.664116480349914 22.466594302094457
469.7916666666667 24.66285835088875 22.46504784422145
470.2916666666667 24.661633650907604 22.46351083102671
470.79166666666663 24.66040697533094 22.46197376506013
471.2916666666667 24.659182538410075 22.460454354230478
471.7916666666667 24.657959836832717 22.458927163275085
472.29166666666663 24.65675468372232 22.457410780457113
472.7916666666667 24.655568628508124 22.455890969891712
473.2916666666667 24.654371266372337 22.454378677640552
473.79166666666663 24.65319470824213 22.45287277699415
474.2916666666667 24.652036125316748 22.451376894647133
474.7916666666667 24.6508542076771 22.449874154497174
475.29166666666663 24.64970689098417 22.448372569871488
475.7916666666667 24.6485670032505 22.44689515523058
476.2916666666667 24.647435930233726 22.445402564014035
476.79166666666663 24.646311572123103 22.443926145937706
477.2916666666667 24.645196057404284 22.44244343296903
477.7916666666667 24.644089433919675 22.44098343829801
478.29166666666663 24.64298213823159 22.439510826465998
478.7916666666667 24.641895773876726 22.43805261554016
479.2916666666667 24.64081104675374 22.43659316310552
479.79166666666663 24.639749564165175 22.435138967048335
480.2916666666667 24.638677777808912 22.433688646885216
480.7916666666667 24.63764733053192 22.432240358970827
481.29166666666663 24.63658151778756 22.43079964367299
481.7916666666667 24.63554898546571 22.42936857665803
482.2916666666667 24.63451735007999 22.42793881864135
482.79166666666663 24.633484665060543 22.426510491022245
483.2916666666667 24.63248502352777 22.425082464283683
483.7916666666667 24.63149062323721 22.42366963014488
484.29166666666663 24.63050322204929 22.42225726575657
484.7916666666667 24.629528409344566 22.420844490934023
485.2916666666667 24.62853780653706 22.41944016566377
485.79166666666663 24.627584413347062 22.41803718874494
486.2916666666667 24.62662464432303 22.416640531119654
486.7916666666667 24.625680892536476 22.415252400083304
487.29166666666663 24.624736676336777 22.413860150630626
487.7916666666667 24.623811793515415 22.412474243762524
488.2916666666667 24.62291645058038 22.41110315305655
488.7916666666667 24.621986461644024 22.4097234197357
489.2916666666667 24.621100222206028 22.40835017565443
489.7916666666667 24.62019968501062 22.406987070995577
