FastTrWP/PhaseSpace/IAs/snIa_0.4_25_1_-0.1.csv
# %ECSV 0.9
# ---
# datatype:
# - {name: time-rel, datatype: float64}
# - {name: g, datatype: float64}
# - {name: i, datatype: float64}
# schema: astropy-2.0
time-rel g i
[from data line 1669]
814.4166666666665 -26.50998943835406 -27.378835639672154
814.9166666666666 -26.50856826100389 -27.37826562344423
815.4166666666666 -26.5071305494494 -27.377696958189205
815.9166666666665 -26.505692660654375 -27.377132713080336
816.4166666666666 -26.50427426008249 -27.376555477469445
816.9166666666666 -26.502836498896002 -27.375983718718647
817.4166666666665 -26.501402707853828 -27.375401394890435
817.9166666666666 -26.499968354067338 -27.374825270966696
818.4166666666666 -26.49853800241505 -27.374238777999377
818.9166666666665 -26.497081871560493 -27.373657617562777
819.4166666666666 -26.495647475895648 -27.373076696108658
819.9166666666666 -26.49420057764578 -27.37249160966823
820.4166666666665 -26.49276099976361 -27.371896251629995
820.9166666666666 -26.491306106025373 -27.371306822738354
821.4166666666666 -26.489871729885547 -27.370715689082793
821.9166666666665 -26.488415244004276 -27.370116252669693
822.4166666666666 -26.48695290456137 -27.36953091143299
822.9166666666666 -26.48550553423158 -27.368921709030904
823.4166666666665 -26.484043887281366 -27.36832339391689
823.9166666666666 -26.48259082526133 -27.367727728996556
824.4166666666666 -26.481122202686134 -27.367117638841535
824.9166666666665 -26.479680063385793 -27.366513217000833
825.4166666666666 -26.478219717042784 -27.365904588578957
825.9166666666666 -26.476757677928866 -27.36530030457969
826.4166666666665 -26.475287727451295 -27.364682054172896
826.9166666666666 -26.473817675584755 -27.364072621604294
827.4166666666666 -26.472353992052938 -27.36345708543643
827.9166666666665 -26.470891971290023 -27.36284080247252
828.4166666666666 -26.469423029695403 -27.36222200055101
828.9166666666666 -26.46795128987927 -27.36160506576999
829.4166666666665 -26.466471198149467 -27.360982884486713
829.9166666666666 -26.46500877758003 -27.360358625305956
830.4166666666666 -26.463527006598447 -27.359736757542613
830.9166666666665 -26.462058097833 -27.359111479241996
831.4166666666666 -26.460567899453128 -27.358485756769415
831.9166666666666 -26.45908814235176 -27.35785318903387
832.4166666666665 -26.457614263267306 -27.357219861763717
832.9166666666666 -26.456132585595334 -27.356595628260397
833.4166666666666 -26.454656026736423 -27.355957299883073
833.9166666666665 -26.45316844728078 -27.35533010449554
834.4166666666666 -26.45168557251892 -27.354692400718168
834.9166666666666 -26.450198167019234 -27.354051591154253
835.4166666666665 -26.448709437036403 -27.353410954317503
835.9166666666666 -26.447221381092206 -27.3527750282228
836.4166666666666 -26.44573602189113 -27.352139067691404
836.9166666666665 -26.444239971818078 -27.35148488744634
837.4166666666666 -26.442755005078737 -27.350847080473496
837.9166666666666 -26.441253174743856 -27.35020415836976
838.4166666666665 -26.439762354706282 -27.349559700339565
838.9166666666666 -26.4382677551568 -27.348913829889124
839.4166666666666 -26.436770076352726 -27.348264559165735
839.9166666666665 -26.435279969425643 -27.347618772011213
840.4166666666666 -26.433773858059478 -27.346971152230335
840.9166666666666 -26.43227420202903 -27.34631589687449
841.4166666666665 -26.43078144815028 -27.345663725453456
841.9166666666666 -26.429285556925816 -27.34501341598567
842.4166666666666 -26.427788646675367 -27.3443598035254
842.9166666666665 -26.426281542150328 -27.343705922255552
843.4166666666666 -26.42478496071302 -27.34304655439596
843.9166666666666 -26.423292034325744 -27.34239576110481
844.4166666666665 -26.421775115020203 -27.34173215241157
844.9166666666666 -26.42027237516638 -27.341083544165528
845.4166666666666 -26.418766915593757 -27.340413473943208
845.9166666666665 -26.417260271657412 -27.339753011436017
846.4166666666666 -26.415756402429306 -27.33909438514198
846.9166666666666 -26.41424768689998 -27.33843278954187
847.4166666666665 -26.41274439001725 -27.33777831926823
847.9166666666666 -26.411219577289778 -27.337107090991513
848.4166666666666 -26.40972205384655 -27.33644986031163
848.9166666666665 -26.408211909522727 -27.335782420290528
849.4166666666666 -26.406701651489573 -27.335116447035276
849.9166666666666 -26.405196153397362 -27.334444330705466
850.4166666666665 -26.403684211638794 -27.333778986899237
850.9166666666666 -26.402166464835048 -27.333105628762027
851.4166666666666 -26.400646964763123 -27.332440410253213
851.9166666666665 -26.39913646893531 -27.3317606136669
852.4166666666666 -26.397612081659986 -27.331090949068276
852.9166666666666 -26.39609520679796 -27.33041111319476
853.4166666666665 -26.39456878143327 -27.32973727973142
853.9166666666666 -26.393052823737083 -27.329060219952986
854.4166666666666 -26.391537548316904 -27.328382178379087
854.9166666666665 -26.389996931435192 -27.327696100449618
855.4166666666666 -26.38848847305269 -27.327016180029965
855.9166666666666 -26.386953728975023 -27.326329266502615
856.4166666666665 -26.385430994604626 -27.325642053950972
856.9166666666666 -26.383899247834535 -27.324956870436274
857.4166666666666 -26.382378963792767 -27.324270325862614
857.9166666666665 -26.380836382338863 -27.323578970969432
858.4166666666666 -26.379303329638454 -27.322887801698187
858.9166666666666 -26.37777113358396 -27.32219829259334
859.4166666666665 -26.376236423999707 -27.321505048759683
859.9166666666666 -26.37469805128811 -27.320810073000985
860.4166666666666 -26.373173810667552 -27.32010976736688
860.9166666666665 -26.371640201156584 -27.31941217773913
861.4166666666666 -26.370085522247408 -27.318713104251383
861.9166666666666 -26.36854912165947 -27.318019479951797
862.4166666666665 -26.367029521562344 -27.317315232668008
862.9166666666666 -26.36546922935999 -27.31661764342052
863.4166666666666 -26.363930569270543 -27.31590930262305
863.9166666666665 -26.362383254372688 -27.315202169468694
864.4166666666666 -26.360839062905434 -27.314493900538245
864.9166666666666 -26.359297766578592 -27.31379301681962
865.4166666666665 -26.357745534591444 -27.313089890655778
865.9166666666666 -26.356194920236007 -27.312371906588776
866.4166666666666 -26.35465903343154 -27.311660675214288
866.9166666666665 -26.353097291199138 -27.310950773285857
867.4166666666666 -26.351552744663294 -27.310238819599462
867.9166666666666 -26.350008346583028 -27.30952437251931
868.4166666666665 -26.348455399361058 -27.30881306128985
868.9166666666666 -26.346888312569394 -27.308100104467698
869.4166666666666 -26.345356387257436 -27.30738620833465
869.9166666666665 -26.343799106796517 -27.306668002205544
870.4166666666666 -26.34223878164837 -27.30594403733738
870.9166666666666 -26.34066863920331 -27.305225776580798
871.4166666666665 -26.339127311273632 -27.304502046311644
871.9166666666666 -26.337563837977825 -27.30377585776633
872.4166666666666 -26.33601332741687 -27.30305725744165
872.9166666666665 -26.33445022680901 -27.3023270236065
873.4166666666666 -26.33288463959628 -27.301611282879172
873.9166666666666 -26.331327092525484 -27.30088272049168
874.4166666666665 -26.32976343864693 -27.300151755796428
874.9166666666666 -26.328194788755614 -27.29943719395171
875.4166666666666 -26.326635010026386 -27.29870172207469
875.9166666666665 -26.325076646303074 -27.297972004723356
876.4166666666666 -26.323491424189207 -27.297239644587137
876.9166666666666 -26.321938112483686 -27.296514388916833
877.4166666666665 -26.32038206515245 -27.295779898739298
877.9166666666666 -26.3187939076914 -27.295048250640956
878.4166666666666 -26.317242825321635 -27.29432192765653
878.9166666666665 -26.315670996044812 -27.293579984268455
879.4166666666666 -26.314093640517434 -27.292849292219614
879.9166666666666 -26.312528882589362 -27.292106264498695
880.4166666666665 -26.310944940890323 -27.291372277398285
880.9166666666666 -26.309375458626903 -27.290630716192673
881.4166666666666 -26.307815354042525 -27.2898942743696
881.9166666666665 -26.306244609336975 -27.28915999752825
882.4166666666666 -26.30466663381101 -27.288417941110094
882.9166666666666 -26.30308583887321 -27.28768182227288
883.4166666666665 -26.301513878162844 -27.286944422792246
883.9166666666666 -26.299936409638033 -27.286199841283466
884.4166666666666 -26.29835917634598 -27.28544989213305
884.9166666666665 -26.29678482264073 -27.28471299978809
885.4166666666666 -26.295214182698558 -27.283970609619786
885.9166666666666 -26.29363342166843 -27.283215921601467
886.4166666666665 -26.29204951095714 -27.28246958236085
886.9166666666666 -26.290476396174395 -27.281731419089446
887.4166666666666 -26.288893725434434 -27.2809719266991
887.9166666666665 -26.287315880080577 -27.280231652873226
888.4166666666666 -26.28571616180482 -27.279471595549616
888.9166666666666 -26.284150053584085 -27.278726098412154
889.4166666666665 -26.282557348745932 -27.27797568168421
889.9166666666666 -26.280968547687213 -27.277218957095176
890.4166666666666 -26.279404324921085 -27.276470419235658
890.9166666666665 -26.27780666691089 -27.275713794616046
891.4166666666666 -26.276210365093213 -27.274956082548826
891.9166666666666 -26.274631203534682 -27.27419143779826
892.4166666666665 -26.27304133056363 -27.27343549921776
892.9166666666666 -26.271454647743113 -27.27268196406405
893.4166666666666 -26.26985346141934 -27.27191654014396
893.9166666666665 -26.268276734962498 -27.271152985753623
894.4166666666666 -26.266679907829378 -27.270390468888035
894.9166666666666 -26.26509567189847 -27.269627191129867
895.4166666666665 -26.26350096777532 -27.268856084881353
895.9166666666666 -26.261898822447726 -27.2680936950532
896.4166666666666 -26.260297455035566 -27.26732475306325
896.9166666666665 -26.258698901570607 -27.266557639901492
897.4166666666666 -26.257113615610663 -27.265786960920742
897.9166666666666 -26.25551596630434 -27.265014135003945
898.4166666666665 -26.253915743496297 -27.264245373596832
898.9166666666666 -26.252326840121366 -27.2634751301894
899.4166666666666 -26.250713325080884 -27.262691116317722
899.9166666666665 -26.24911443108923 -27.2619225106482
900.4166666666666 -26.247514391980094 -27.26114785236888
900.9166666666666 -26.245907143861583 -27.26036816091449
901.4166666666665 -26.24431112602261 -27.259592566737304
901.9166666666666 -26.24269560933761 -27.258807960143482
902.4166666666666 -26.241079362391794 -27.25802996643103
902.9166666666665 -26.239480294456968 -27.25724081140949
903.4166666666666 -26.237867996278226 -27.25646311845527
903.9166666666666 -26.236265985705334 -27.255677372650894
904.4166666666665 -26.234656214690443 -27.254890185822738
904.9166666666666 -26.23303149662663 -27.25410725371566
905.4166666666666 -26.231420368796947 -27.253315051165835
905.9166666666665 -26.229799000305366 -27.252530187674303
906.4166666666666 -26.228175405349965 -27.25174857691634
906.9166666666666 -26.226564468708847 -27.250944984362654
907.4166666666665 -26.22494778993012 -27.250160688042303
907.9166666666666 -26.223331291710164 -27.249367195103215
908.4166666666666 -26.221716339108703 -27.248565525488935
908.9166666666665 -26.22009753096505 -27.24777048329884
909.4166666666666 -26.21846819540455 -27.246976493089505
909.9166666666666 -26.21684641647924 -27.24617173129669
910.4166666666665 -26.215208660964176 -27.24537553361109
910.9166666666666 -26.2135940285096 -27.24457052115715
911.4166666666666 -26.211956941024273 -27.243766491133805
911.9166666666665 -26.210336923500527 -27.2429664713138
912.4166666666666 -26.20870522414436 -27.242155334869413
912.9166666666666 -26.207072440560513 -27.241358389633973
913.4166666666665 -26.205437972656313 -27.24055337196762
913.9166666666666 -26.203811188596898 -27.239741639224107
914.4166666666666 -26.202161552898147 -27.238928672378748
914.9166666666665 -26.200520426830888 -27.238119052888848
915.4166666666666 -26.19888249697306 -27.23730253215323
915.9166666666666 -26.197251453725734 -27.236491504130775
916.4166666666665 -26.195605919802517 -27.235673663970598
916.9166666666666 -26.19395766336726 -27.234859845195245
917.4166666666666 -26.19231671884165 -27.23403979661643
917.9166666666665 -26.190660979727987 -27.23321972231642
918.4166666666666 -26.18903003876585 -27.232402090089725
918.9166666666666 -26.187384072937814 -27.23158093788644
919.4166666666665 -26.185726313614296 -27.230762110796164
919.9166666666666 -26.184089060196364 -27.229940947548826
920.4166666666666 -26.182428829435644 -27.229103747257085
920.9166666666665 -26.180791925802577 -27.228281220671903
921.4166666666666 -26.179122822979437 -27.227459357561266
921.9166666666666 -26.17747827757077 -27.226628939322616
922.4166666666665 -26.175830785996133 -27.225802042405803
922.9166666666666 -26.17417201189825 -27.224977128242568
923.4166666666666 -26.172518975041598 -27.224140639033543
923.9166666666665 -26.170857400955718 -27.223305638518692
924.4166666666666 -26.16919890300425 -27.222473733962026
924.9166666666666 -26.16754043703373 -27.221635084384637
925.4166666666665 -26.165872133751172 -27.22080116492178
925.9166666666666 -26.164209759609427 -27.2199579950227
926.4166666666666 -26.162556750765948 -27.219122323836643
926.9166666666665 -26.160888728246317 -27.21828599049614
927.4166666666666 -26.159212548576573 -27.217436785491913
927.9166666666666 -26.157545108878356 -27.216592989436293
928.4166666666665 -26.15588577741304 -27.21575211138783
928.9166666666666 -26.154218714425227 -27.214910699705403
929.4166666666666 -26.152542928412462 -27.214054663528078
929.9166666666665 -26.150869155210813 -27.213202844145744
930.4166666666666 -26.149205289260003 -27.212355754233975
930.9166666666666 -26.14752926402813 -27.211509676560972
931.4166666666665 -26.145858948747886 -27.210653389800903
931.9166666666666 -26.144165590629633 -27.20980615648233
932.4166666666666 -26.142496362580616 -27.208941262714085
932.9166666666665 -26.14081748705171 -27.208095909242843
933.4166666666666 -26.13914355111436 -27.207235839633796
933.9166666666666 -26.137453461467217 -27.20637286436602
934.4166666666665 -26.13576756594575 -27.205513125818666
934.9166666666666 -26.13408953443848 -27.204647289361553
935.4166666666666 -26.13239595693665 -27.203773976385506
935.9166666666665 -26.130709733186364 -27.20291357307433
936.4166666666666 -26.12903093397577 -27.202053483822347
936.9166666666666 -26.12733187183402 -27.20119152892837
937.4166666666665 -26.125636403495662 -27.2003192642004
937.9166666666666 -26.123941512298803 -27.199443948079455
938.4166666666666 -26.12225835762589 -27.198580000430802
938.9166666666665 -26.120556027062747 -27.1976951014539
939.4166666666666 -26.118865340406696 -27.19682209051041
939.9166666666666 -26.11716679796315 -27.19594920011116
940.4166666666665 -26.11546191443984 -27.19507186991938
940.9166666666666 -26.1137714356505 -27.19419583398267
941.4166666666666 -26.112063845250123 -27.193305295134156
941.9166666666665 -26.110362934348558 -27.192430108086768
942.4166666666666 -26.10864359335945 -27.19154582556786
942.9166666666666 -26.106938484935704 -27.190653386158694
943.4166666666665 -26.105221420409475 -27.189769152894996
943.9166666666666 -26.103510237211953 -27.188885925479937
944.4166666666666 -26.10179737241687 -27.187990904886604
944.9166666666665 -26.10007822255111 -27.187097633636203
945.4166666666666 -26.098379265861542 -27.186201477940187
945.9166666666666 -26.096651325458883 -27.18531101754413
946.4166666666665 -26.094930296972887 -27.184415046747297
946.9166666666666 -26.09321474015559 -27.183519155405577
947.4166666666666 -26.09149137200585 -27.18262129679583
947.9166666666665 -26.08975905180799 -27.1817138798623
948.4166666666666 -26.088028625800213 -27.180812511950613
948.9166666666666 -26.08630425991705 -27.179906861755093
949.4166666666665 -26.084572003557234 -27.179001733323048
949.9166666666666 -26.082842682539848 -27.178095291608784
950.4166666666666 -26.08110199697693 -27.177183191768613
950.9166666666665 -26.079369256273182 -27.176275463454882
951.4166666666666 -26.077635692700078 -27.175351915613632
951.9166666666666 -26.07589466013931 -27.174448801947868
952.4166666666665 -26.074161833238428 -27.173522539629502
952.9166666666666 -26.072418167477768 -27.172612022749
