FastTrWP/PhaseSpace/IAs/snIa_0.57_30.00_-0.37_-0.13.csv
# %ECSV 0.9
# ---
# datatype:
# - {name: time-rel, datatype: float64}
# - {name: g, datatype: float64}
# - {name: i, datatype: float64}
# schema: astropy-2.0
time-rel g i
[from data line 701]
-45.0 23.176724792357966 22.64382947024249
-44.5 23.175894300895322 22.642507578794273
-44.0 23.175075433513527 22.641183123930407
-43.5 23.174250792637466 22.639874906473494
-43.0 23.17344157303495 22.63857046359647
-42.5 23.172640915762525 22.637261052578236
-42.0 23.171855631661195 22.63596715257755
-41.5 23.171083379948048 22.63466583993988
-41.0 23.170316823382258 22.633366222504236
-40.5 23.169563900624105 22.63209250821941
-40.0 23.168814807987328 22.630811768918903
-39.5 23.168080602033964 22.629534189898514
-39.0 23.16734315648473 22.628255408995813
-38.5 23.16662416570025 22.626986470694114
-38.0 23.16593580453734 22.62572093067947
-37.5 23.16523481720921 22.624468456394617
-37.0 23.164543729189635 22.623211434583908
-36.5 23.16387345987365 22.621958946538815
-36.0 23.16320221216695 22.620706323978965
-35.5 23.16254748819417 22.61947401341861
-35.0 23.16189850222942 22.61823094746274
-34.5 23.161277582815206 22.616999092374506
-34.0 23.16065648207902 22.615771611587398
-33.5 23.160033468514733 22.61454826474572
-33.0 23.159428263251847 22.613332011641095
-32.5 23.158838622279617 22.612111313833218
-32.0 23.158243974481515 22.610909510514073
-31.5 23.157675574763434 22.609695192413145
-31.0 23.157113583648584 22.608495350342707
-30.5 23.15655924396762 22.607300676298742
-30.0 23.15601838840501 22.60610545080698
-29.5 23.15549007785846 22.604915042342082
-29.0 23.154970126153792 22.603732615960332
-28.5 23.15445836117737 22.602546223018788
-28.0 23.153969104087857 22.60138180600396
-27.5 23.15347496191479 22.600200465127784
-27.0 23.153006979967333 22.599041421439956
-26.5 23.15253524601278 22.597874244295383
-26.0 23.15208703521612 22.596713565017986
-25.5 23.151653267223228 22.59555199822625
-25.0 23.151220484436852 22.594404469747037
-24.5 23.15078976471885 22.593260921739997
-24.0 23.150384222510358 22.59211192398783
-23.5 23.149972038783776 22.590970030756733
-23.0 23.149581131546483 22.589834577053402
-22.5 23.14920729878429 22.58869857774531
-22.0 23.14883370946496 22.58757739832932
-21.5 23.148476119550626 22.58645933021643
-21.0 23.14813194720852 22.585335448807577
-20.5 23.147806376250646 22.584216295867947
-20.0 23.147466252889892 22.58310538744825
-19.5 23.147145624404484 22.581991262128064
-19.0 23.14683153588434 22.580887806471118
-18.5 23.146535983016513 22.579791615936827
-18.0 23.14624223851027 22.57869001406014
-17.5 23.14595156776459 22.5775933473027
-17.0 23.145686224641693 22.576506764953127
-16.5 23.145425945874614 22.575417656763417
-16.0 23.14516235291419 22.574331923338242
-15.5 23.144925158174544 22.573267337795254
-15.0 23.144690032294882 22.57219125138752
-14.5 23.144466532187312 22.57111820080358
-14.0 23.1442490547416 22.570043173718872
-13.5 23.144035164686834 22.56899184509013
-13.0 23.14383299244975 22.567929621860433
-12.5 23.143638685440827 22.566872639935504
-12.0 23.143464768767057 22.56582120676932
-11.5 23.143281015903963 22.56477383415266
-11.0 23.143120962002964 22.563729597787155
-10.5 23.142958261291206 22.562695534696214
-10.0 23.14280860268703 22.56164991025993
-9.5 23.142667493795457 22.56061802402371
-9.0 23.142536317393994 22.559591883549697
-8.5 23.142404089511146 22.558568634989555
-8.0 23.142291834650898 22.5575409295051
-7.5 23.14218088605589 22.556532109575762
-7.0 23.14208279407563 22.55550961778824
-6.5 23.14198802628556 22.554504729662405
-6.0 23.14189940723258 22.553502108341416
-5.5 23.141809456311307 22.552491977785422
-5.0 23.14174963966459 22.551503164016722
-4.5 23.141675272708888 22.550499976572226
-4.0 23.14162542379576 22.549508653563223
-3.5 23.141575045223032 22.5485215954015
-3.0 23.14152691874602 22.54753672826268
-2.5 23.14149678168458 22.546562211627368
-2.0 23.141475762672208 22.545583868177026
-1.5 23.141435704336388 22.544607313065107
-1.0 23.14142833504136 22.54363422012947
-0.5 23.14142271866271 22.542672575923163
0.0 23.141412951321016 22.54170634878813
0.5 23.141422371773743 22.540750456701225
1.0 23.14143600192066 22.539793710210937
1.5 23.141436294799842 22.538838228532228
2.0 23.141477699890846 22.537897695726556
2.5 23.14150825942776 22.536949991520586
3.0 23.141549537771716 22.536006801469593
3.5 23.141589604674415 22.535075173598372
4.0 23.141636497366417 22.534144893980773
4.5 23.141690811187598 22.533210699005256
5.0 23.14176012570246 22.53228031194968
5.5 23.141812200769923 22.531360537016397
6.0 23.141895536438813 22.5304357641256
6.5 23.141963511684448 22.529524166652255
7.0 23.142050658836947 22.528604925304755
7.5 23.142149373185823 22.52769961677633
8.0 23.142244321870564 22.5267962055975
8.5 23.142345317574225 22.525900995970225
9.0 23.142450500959967 22.525004113438044
9.5 23.142575840882515 22.524109260061316
10.0 23.142713134609178 22.523222834325026
10.5 23.142855099610344 22.522327789917927
11.0 23.14301846292764 22.52144231021431
11.5 23.143172200045086 22.520570019030473
12.0 23.143357004820373 22.51968576914608
12.5 23.143551021020752 22.518817149103295
13.0 23.14374802348332 22.517943569152166
13.5 23.14395092307914 22.517078717757922
14.0 23.144182053389923 22.51621834687856
14.5 23.14440320727213 22.51535994297113
15.0 23.144633217318038 22.51449263625529
15.5 23.144883784202676 22.513649552699036
16.0 23.14514051096112 22.512798649095625
16.5 23.145406439553902 22.511951391480896
17.0 23.14568918864085 22.511109252392846
17.5 23.14595795784093 22.510271493806737
18.0 23.146257083776188 22.509442510284888
18.5 23.146546660817755 22.508607239613546
19.0 23.146860415403353 22.507768871518916
19.5 23.147175757659806 22.506948484202457
20.0 23.14750530868119 22.50612642626379
20.5 23.14783607442846 22.50531435562315
21.0 23.14817284022798 22.504493280159178
21.5 23.14852790334991 22.503686870584687
22.0 23.148882309117337 22.502869630928828
22.5 23.1492332708314 22.502059498990402
23.0 23.14960237044966 22.501264990139653
23.5 23.149979196199396 22.500463639554447
24.0 23.15035575073295 22.499666630688715
24.5 23.150741585230165 22.498876453982184
25.0 23.151143546110816 22.49808338549252
25.5 23.151538477248423 22.497299091081253
26.0 23.15195846719053 22.496513578571623
26.5 23.1523533903578 22.495732384422176
27.0 23.152771528875782 22.494967714395315
27.5 23.153195152639185 22.49418495099389
28.0 23.15361522447819 22.493414641723465
28.5 23.15404540793002 22.492645683604962
29.0 23.154481051406847 22.491885602950312
29.5 23.154931073779718 22.491111681742915
30.0 23.155367854147944 22.4903599263855
30.5 23.15582061518495 22.48960684189711
31.0 23.156277726409474 22.488858484642897
31.5 23.15673491149215 22.488104321376458
32.0 23.157198363421493 22.48735104841062
32.5 23.157658376157713 22.486611621306306
33.0 23.158131961232556 22.485872026427533
33.5 23.158608509741313 22.48513934153515
34.0 23.1590746006407 22.48440075350777
34.5 23.159559839930065 22.483670959168933
35.0 23.160035454596994 22.48294501483052
35.5 23.160512812768793 22.48221397864932
36.0 23.16101127718101 22.481495711245895
36.5 23.161484303758357 22.48076918111726
37.0 23.161979802687107 22.480052049450812
37.5 23.16248613300413 22.479346306332246
38.0 23.16296519755568 22.478627496078936
38.5 23.163456199030495 22.47791907339257
39.0 23.163964129984862 22.477221407596506
39.5 23.164458543385553 22.476517728232693
40.0 23.1649586840746 22.475814812938864
40.5 23.1654589234409 22.47512427648756
41.0 23.165960607598848 22.474425253272365
41.5 23.166462219367233 22.473738894076433
42.0 23.16695906646547 22.473045536594093
42.5 23.16746048224719 22.472371140468944
43.0 23.167959059456322 22.471679480159366
43.5 23.168457405197238 22.47100725928351
44.0 23.16896630280414 22.470330422163173
44.5 23.169460330331585 22.469656717943764
45.0 23.169949771846685 22.468978965006347
45.5 23.170451020385634 22.468316599806897
46.0 23.170951426324258 22.467653972466778
46.5 23.171455264329914 22.466979868993512
47.0 23.17195222455933 22.46632350369731
47.5 23.172458119789177 22.465665954165246
48.0 23.172960497126414 22.465010161013023
48.5 23.173479833607406 22.464359681527082
49.0 23.17398981989504 22.4637049032377
49.5 23.17450402661163 22.46305909449369
50.0 23.175022637016763 22.4624120583416
50.5 23.175553220397113 22.461771469369936
51.0 23.176064431706223 22.461127427612134
51.5 23.176607204555552 22.460488759049394
52.0 23.177132136756672 22.459861118931617
52.5 23.17767324913776 22.459230978782443
53.0 23.17820267657297 22.458603023946782
53.5 23.17874248006376 22.457975763596394
54.0 23.1792922090145 22.45734832088712
54.5 23.179830788121386 22.45672098203709
55.0 23.180389330886783 22.456107433861575
55.5 23.18094175337643 22.455495439315236
56.0 23.181518415068023 22.45488230022257
56.5 23.18206749444929 22.45426707087621
57.0 23.182631681580325 22.453658307663154
57.5 23.183201643212158 22.453057673867242
58.0 23.183764789639145 22.45245826506837
58.5 23.18433820166488 22.451852230021085
59.0 23.184913319757218 22.451257408781373
59.5 23.18550005982798 22.45066700870725
60.0 23.18608165082133 22.450071244016947
60.5 23.18666758373841 22.44948527358506
61.0 23.187268141425093 22.448892951737204
61.5 23.187847736031237 22.448321275565817
62.0 23.188447150518556 22.447740045782467
62.5 23.189045582006624 22.44715413441826
63.0 23.189648732345702 22.446579240685203
63.5 23.19026370971801 22.446009664742835
64.0 23.19087054695519 22.445449926498192
64.5 23.19148096024292 22.44487447723859
65.0 23.1921009339187 22.444312634674123
65.5 23.192731102508063 22.44375803181152
66.0 23.193355843868197 22.443196987719304
66.5 23.19397594848072 22.442640814612695
67.0 23.194609093984408 22.442086195389873
67.5 23.19524418770508 22.441538805019093
68.0 23.19587740850612 22.440993871117335
68.5 23.196521971090498 22.440443260320563
69.0 23.19716874620617 22.439911537456496
69.5 23.197822054427547 22.439374890580666
70.0 23.198464090361544 22.438840340380786
70.5 23.19912783278123 22.43830664540296
71.0 23.199792428097243 22.437778955974505
71.5 23.20044409054685 22.437249627051617
72.0 23.201123111030743 22.4367380675713
72.5 23.201790022354988 22.436211376185156
73.0 23.20246292559765 22.435695495809473
73.5 23.20313258624617 22.435185201294942
74.0 23.20380938661103 22.434672018454386
74.5 23.204506620389573 22.43416262248075
75.0 23.20518172902588 22.43365700941545
75.5 23.20587276315173 22.433154396998845
76.0 23.20657701820306 22.43265519997189
76.5 23.207274764778912 22.432163458561412
77.0 23.207975148599047 22.43166874567955
77.5 23.208685262561417 22.431175451783396
78.0 23.209397510641733 22.430690484632
78.5 23.210107722032042 22.430206039343613
79.0 23.210823276904303 22.429723916238103
79.5 23.21154687926559 22.429246768786776
80.0 23.212271602842275 22.4287790436756
80.5 23.212995915113947 22.42830215462739
81.0 23.213729840224406 22.42783783451976
81.5 23.214461211986183 22.427371961299876
82.0 23.215209810911873 22.426903221549882
82.5 23.215948246663558 22.426451515340705
83.0 23.21668908271242 22.4259940846107
83.5 23.217450334001185 22.425541002814388
84.0 23.218208481879415 22.425086644169333
84.5 23.218960023132247 22.42464226146574
85.0 23.21972233966636 22.424197469527606
85.5 23.220494665732403 22.423751848116822
86.0 23.221265096567425 22.423322358646665
86.5 23.222041615151056 22.42287918227086
87.0 23.22280764033643 22.422454662710972
87.5 23.22360077218631 22.42201532349625
88.0 23.224381060017357 22.42158850706982
88.5 23.22517226292515 22.421155612874966
89.0 23.225964081989844 22.42074243847484
89.5 23.226758160217507 22.420314070527784
90.0 23.227560921463137 22.41989835770272
90.5 23.228358413044404 22.41948708172066
91.0 23.229171173918765 22.41907403940481
91.5 23.22998053785739 22.418659755414193
92.0 23.230796638140664 22.418255927962356
92.5 23.231622604800176 22.417846729023104
93.0 23.232444319461738 22.41744991576938
93.5 23.233260984008744 22.417052579113044
94.0 23.23409958024493 22.416661288515467
94.5 23.23492710203746 22.416254395045165
95.0 23.235767533340134 22.415869537578374
95.5 23.23662134125761 22.41548300335827
96.0 23.237452067781454 22.415100512202024
96.5 23.238307082756045 22.414717755128816
97.0 23.239170451357964 22.41433500804711
97.5 23.24002498908987 22.413957920133093
98.0 23.24088398456341 22.413583001301042
98.5 23.241757730767233 22.413217478809017
99.0 23.242614926605057 22.41284719444774
99.5 23.24349952426725 22.41247535636988
100.0 23.24437003847027 22.412121660648
100.5 23.24525993350032 22.411756038522725
101.0 23.246135561600365 22.411399714862533
101.5 23.24702922328486 22.411050890217755
102.0 23.2479254110413 22.410696253261065
102.5 23.248824645302673 22.41034418801008
103.0 23.249721657068694 22.410000813829086
103.5 23.25063465880135 22.409652669806004
104.0 23.25153631607741 22.409320055355412
104.5 23.25245586864036 22.40897426746549
105.0 23.253386727876997 22.408639366773414
105.5 23.25429161403235 22.408310482740145
106.0 23.25522853156391 22.407981935425283
106.5 23.256151018575608 22.407659479318
107.0 23.257094836865274 22.407337355611816
107.5 23.25803388525435 22.4070134575881
108.0 23.258975108211786 22.40669307175715
108.5 23.25991322540865 22.406379931543412
109.0 23.260876583868363 22.406080140907044
109.5 23.261840626897452 22.40576499505586
110.0 23.262783033932983 22.405459812106947
110.5 23.26375842345921 22.40515172408142
111.0 23.264722003874834 22.40485207820032
111.5 23.265694745843906 22.404554039513037
112.0 23.26667180113131 22.404258262962173
112.5 23.26765514844841 22.403973543031228
113.0 23.268635759683264 22.403693776306834
113.5 23.269634676552005 22.403403405440226
114.0 23.2706240827956 22.403123537309636
114.5 23.271621684222744 22.40283931478192
115.0 23.272624203656427 22.4025615767674
115.5 23.2736353294153 22.40229313602367
116.0 23.274644542598388 22.4020187389429
116.5 23.2756557184654 22.401745373620674
117.0 23.276684010644594 22.401492404162333
117.5 23.27770810272984 22.401233091787557
118.0 23.278726019617007 22.400973107200915
118.5 23.27975991551091 22.400718262170678
119.0 23.28080040667658 22.400464074625596
119.5 23.281859377935817 22.400216921882325
120.0 23.282894922706173 22.399970892068396
120.5 23.28395568367428 22.39972592469958
121.0 23.285007032044312 22.39949109167194
121.5 23.286066819145148 22.39925174177383
122.0 23.287133810981622 22.399022849551212
122.5 23.288216058518007 22.398789331084892
123.0 23.28928284610676 22.39856195032236
123.5 23.29037479534032 22.398341197001773
124.0 23.291459755211 22.398126020929375
124.5 23.29255390917464 22.397906544915422
125.0 23.293656776718407 22.397693714464694
125.5 23.294769165145404 22.397486789171978
126.0 23.29588055735333 22.397277714157507
126.5 23.297004283994916 22.397080006001456
127.0 23.298129239981257 22.396874202315953
127.5 23.299256571909503 22.396681444706612
128.0 23.300398163193016 22.396487149081352
128.5 23.301545409851144 22.39629652087553
129.0 23.302690691332053 22.396110159203175
129.5 23.303850803062915 22.395923130620655
130.0 23.305010095441965 22.39574242148333
130.5 23.30617218206157 22.39556822712249
131.0 23.307322953539416 22.39539377003476
131.5 23.308509673635637 22.395216690157206
132.0 23.309691974311136 22.39504805939513
132.5 23.3108747676564 22.394888668647177
133.0 23.312061136868824 22.39471308063448
133.5 23.313261726293028 22.394561063157134
134.0 23.314463681132807 22.394409113478172
134.5 23.31566450060468 22.394246750793787
135.0 23.316877256199792 22.394098802828722
135.5 23.318094828834354 22.39395566900132
136.0 23.31931629152905 22.393805921634396
136.5 23.320526417779096 22.393658489583487
137.0 23.32175858173479 22.3935196530117
137.5 23.322989293941546 22.393374935586145
138.0 23.324240303523528 22.393250474220775
138.5 23.325471042372364 22.39312137165335
139.0 23.32671740946424 22.392980620290622
139.5 23.32797749207293 22.39285804248135
140.0 23.32922134928075 22.392727121180425
140.5 23.33048492839449 22.392598446701427
141.0 23.331734697396843 22.39247714506769
141.5 23.33300061969736 22.392365501056904
142.0 23.3342789109205 22.392243530673447
