FastTrWP/PhaseSpace/IAs/snIa_0.61_30.00_-0.65_0.10.csv
# %ECSV 0.9
# ---
# datatype:
# - {name: time-rel, datatype: float64}
# - {name: g, datatype: float64}
# - {name: i, datatype: float64}
# schema: astropy-2.0
time-rel g i
[from data line 1080]
174.0 24.385304316863923 22.209104580662355
174.5 24.38696630428421 22.209206255560808
175.0 24.388643190522174 22.20929984208036
175.5 24.39030085610318 22.209406568606717
176.0 24.391986048424474 22.209507485250167
176.5 24.393693314033108 22.209615357244505
177.0 24.39534776954197 22.209717023642625
177.5 24.397030878426143 22.20983380283188
178.0 24.39871793481865 22.209938171230323
178.5 24.400404040634275 22.210042957283616
179.0 24.402089006193215 22.21015790521728
179.5 24.403771131657873 22.21027658911561
180.0 24.405487305311656 22.210392040583358
180.5 24.407176182273513 22.210512492220683
181.0 24.40886788183274 22.21062072464516
181.5 24.410563992026752 22.210747648733683
182.0 24.412249809092827 22.21087136739236
182.5 24.413946563991136 22.210991908368808
183.0 24.41564700739573 22.211120870583713
183.5 24.4173693926145 22.211241773509585
184.0 24.41905002409517 22.21137041797332
184.5 24.420759084412424 22.211493474082737
185.0 24.422448742956973 22.211624331402614
185.5 24.424170855777287 22.21176097781235
186.0 24.425863855011638 22.211893884953223
186.5 24.427559241495075 22.212022684248144
187.0 24.429278387046203 22.212158502821207
187.5 24.43098767642867 22.212291132851828
188.0 24.43268053900345 22.212427192830265
188.5 24.434395742210107 22.21255861012178
189.0 24.436086686778534 22.212698716432296
189.5 24.437791351083128 22.21284395114725
190.0 24.43949445347275 22.212988662577242
190.5 24.441226515394714 22.213119698941433
191.0 24.44292222093681 22.213273824465535
191.5 24.444621136591017 22.2134172056762
192.0 24.446331788577382 22.213553032960036
192.5 24.448051408461478 22.2137076391371
193.0 24.449781326744144 22.213863462840585
193.5 24.451484092828885 22.214008097964076
194.0 24.45321888149653 22.214165760663395
194.5 24.45492903411891 22.21433093503185
195.0 24.456662761138624 22.21447887780546
195.5 24.45840415164234 22.214644505383575
196.0 24.460118011586296 22.21480310404209
196.5 24.461880480951482 22.21496318159568
197.0 24.463593704064856 22.21513044835514
197.5 24.465333723012414 22.215298056070477
198.0 24.467098381245656 22.215464516286826
198.5 24.46882417887396 22.21563416931792
199.0 24.470581892340903 22.215811050306602
199.4999999999999 24.472335731886567 22.21597698687625
200.0 24.474079542337744 22.216153293621584
200.5 24.475832418085993 22.216322580768086
200.9999999999999 24.477595757931358 22.21651428677628
201.5 24.479362254900142 22.216688027992788
202.0 24.48111049077528 22.216866088795566
202.4999999999999 24.482879731883052 22.217052021429062
203.0 24.484655529902327 22.21724103685002
203.5 24.486422166101924 22.217428756707108
203.9999999999999 24.488196758449796 22.217613467777507
204.5 24.489947843218566 22.217796029555053
205.0 24.49174401322224 22.217989978088152
205.4999999999999 24.493520593737557 22.21819078108372
206.0 24.49530266719996 22.21837778813977
206.5 24.497086896923484 22.218575516107304
206.9999999999999 24.498884873834875 22.218768381420418
207.5 24.500642940845996 22.218973483484884
208.0 24.502449977780376 22.219172362213104
208.4999999999999 24.504241293314127 22.21937721679845
209.0 24.506035159304133 22.219588981675944
209.5 24.50783909905496 22.219782620221004
209.9999999999999 24.50962911924725 22.21999744251052
210.5 24.511441804284487 22.22020091638258
211.0 24.513251910838306 22.22041318290346
211.4999999999999 24.51504430841446 22.220625312453926
212.0 24.516866226825623 22.220836564373418
212.5 24.51867014241673 22.22105566043774
212.9999999999999 24.520491361826785 22.22126823067604
213.5 24.522299837917593 22.221490522083613
214.0 24.524129331465318 22.22170914391011
214.4999999999999 24.525938747080303 22.221929592048525
215.0 24.527758391818164 22.22215546773075
215.5 24.529598254319957 22.22237865712983
215.9999999999999 24.531413598089145 22.22260500621024
216.5 24.533227115251552 22.22283297521706
217.0 24.535079449581374 22.22306366831502
217.4999999999999 24.53692989982448 22.22329633078306
218.0 24.538749346136495 22.223529357278696
218.5 24.5405846270245 22.22376476880447
218.9999999999999 24.54243303066363 22.223996748333583
219.5 24.54427896673758 22.224233669015007
220.0 24.54612115764806 22.224473722342065
220.4999999999999 24.54796648247782 22.22471129117521
221.0 24.549825169487328 22.224956765540735
221.5 24.551685712597386 22.225202329421418
221.9999999999999 24.5535389251173 22.225442467916473
222.5 24.555381984043226 22.22568845884296
223.0 24.55724505009413 22.225938717143514
223.4999999999999 24.559111758144482 22.226183735907703
224.0 24.56098074682589 22.226446805738846
224.5 24.562852876948917 22.226686647758612
224.9999999999999 24.564717013032308 22.226938777203316
225.5 24.566594229474717 22.227204686242025
226.0 24.568464932593614 22.227458975217473
226.4999999999999 24.570317006439293 22.22771016689618
227.0 24.57221840826491 22.22797310813966
227.5 24.574081207719924 22.22823062549356
227.9999999999999 24.57598616512361 22.228496749712345
228.5 24.57785926220222 22.228763330114024
229.0 24.57975241923228 22.22902206760162
229.4999999999999 24.58164962257988 22.22929520010311
230.0 24.58351431479672 22.229557855583984
230.5 24.585435678081346 22.229835043499634
230.9999999999999 24.58731719794926 22.23010321347011
231.5 24.589236922720303 22.230389328296404
232.0 24.59113211988168 22.23065739521804
232.4999999999999 24.59303272495214 22.230934291506934
233.0 24.594936836691986 22.231217390332006
233.5 24.596851321734867 22.231499270519308
233.9999999999999 24.598781759051704 22.231781809436498
234.5 24.600696415779986 22.23206811402353
235.0 24.60260448282724 22.232352634416216
235.4999999999999 24.604532140158803 22.23263644567342
236.0 24.60646917704493 22.232930364219126
236.5 24.608403535514572 22.233225132209174
236.9999999999999 24.610327774059474 22.233513540672764
237.5 24.612249945686052 22.233814952850324
238.0 24.614197533280628 22.23410870243603
238.4999999999999 24.616153736270334 22.23440584523477
239.0 24.618074769308556 22.234709759810446
239.5 24.620030347909857 22.2350110725871
239.9999999999999 24.621982904303643 22.235312360504558
240.5 24.623919629475605 22.235611603958702
241.0 24.625876461201234 22.235920583870236
241.4999999999999 24.62783107475071 22.236235007924474
242.0 24.629805842261774 22.23653926682001
242.5 24.631779438787053 22.236846976043843
242.9999999999999 24.633737826755308 22.237160636624704
243.5 24.635688791990802 22.237479488960588
244.0 24.637652609544396 22.237797248383604
244.4999999999999 24.63965047229709 22.23811608263556
245.0 24.641604886192397 22.238435573694954
245.5 24.643591069475637 22.238749792901356
245.9999999999999 24.645581473944187 22.23907826622036
246.5 24.647563702458815 22.23939766629041
247.0 24.649558128520972 22.23972730965537
247.4999999999999 24.65152989429468 22.24005415082108
248.0 24.65352082606166 22.24038557461189
248.5 24.6555269648956 22.240713486286356
248.9999999999999 24.657494161180836 22.241040876202057
249.5 24.659515161477835 22.241373789989748
250.0 24.66150583098983 22.241709945521873
250.4999999999999 24.66351005508614 22.24205363202598
251.0 24.665534763681194 22.242387455826183
251.5 24.667539559348125 22.242728340219415
251.9999999999999 24.669550704288085 22.243069494827274
252.5 24.67155127992939 22.243407123782916
253.0 24.673591496185196 22.243759041881404
253.4999999999999 24.67560253221603 22.244096184203784
254.0 24.67762362089521 22.244445833443148
254.5 24.679638465006214 22.24479025977399
254.9999999999999 24.68167484797562 22.24514160069535
255.5 24.683701426804422 22.245496616089273
256.0 24.685749304801714 22.24584066782805
256.4999999999999 24.687761841905044 22.2462010504655
257.0 24.68979876624394 22.246556143088235
257.5 24.69184090025186 22.246910584979915
257.9999999999999 24.693869658878565 22.247272179704293
258.5 24.69593353430955 22.247636172099917
259.0 24.697978134441758 22.247987941174216
259.4999999999999 24.70002160831112 22.248352231808536
260.0 24.702075954582217 22.24872069451974
260.5 24.704141185087394 22.249087123795015
260.9999999999999 24.70618476908614 22.249449735107312
261.5 24.708241876375624 22.249815284614044
262.0 24.710293531768507 22.250186511688014
262.4999999999999 24.71236974261716 22.25055502937223
263.0 24.714446910027192 22.250935001224654
263.5 24.71650030301096 22.251302209189696
263.9999999999999 24.718590795009984 22.25167308689594
264.5 24.720656437927936 22.252054359788982
265.0 24.722733884314437 22.252428387828026
265.4999999999999 24.72480609490461 22.252807778078356
266.0 24.72690319002002 22.25319141102488
266.5 24.728985293009522 22.253572033044446
266.9999999999999 24.731039376133694 22.253958778971516
267.5 24.73312537729565 22.254337997924228
268.0 24.735230697367456 22.25472666987749
268.4999999999999 24.737317807209124 22.25511480409971
269.0 24.739425822942582 22.255506924750435
269.5 24.741539250480088 22.255894048690898
269.9999999999999 24.743661977801942 22.256287619400922
270.5 24.745761323614474 22.256688951766176
271.0 24.747896822294983 22.257081903784833
271.4999999999999 24.750037223575383 22.257488762602623
272.0 24.752157676116138 22.257886600001907
272.5 24.754298453975373 22.25828730824449
272.9999999999999 24.75643520072904 22.258689826319973
273.5 24.758572928148524 22.25910007393932
274.0 24.760726202641457 22.259512585847094
274.4999999999999 24.762884356185833 22.259919631263152
275.0 24.76503898532051 22.260333424308474
275.5 24.767198300006395 22.260742540744225
275.9999999999999 24.7693707228242 22.261157188705475
276.5 24.77153001031413 22.261575266359024
277.0 24.77370584733498 22.261995629869897
277.4999999999999 24.77587658229092 22.26241994378345
278.0 24.77805730577171 22.26284103522477
278.5 24.780276052415267 22.26325733429833
278.9999999999999 24.782444626343768 22.26368724985662
279.5 24.78460881472991 22.26411305073759
280.0 24.786813252994165 22.264543757610106
280.4999999999999 24.78901615117483 22.264966318374096
281.0 24.791206617205027 22.265403063131792
281.5 24.793393633414716 22.265841006282034
281.9999999999999 24.795624270699548 22.266273091479878
282.5 24.797831194870582 22.26670235449156
283.0 24.800043228174474 22.2671393676255
283.4999999999999 24.80224545978131 22.26758352155828
284.0 24.804473023692523 22.2680247635263
284.5 24.80665887779303 22.268470578486106
284.9999999999999 24.80888817089152 22.26890813577934
285.5 24.811107447900316 22.26935262138967
286.0 24.813332054460556 22.269800909250733
286.4999999999999 24.81555650890439 22.270250022821195
287.0 24.81777027866164 22.270699202070688
287.5 24.820018504058087 22.27114734362417
287.9999999999999 24.822221591114864 22.27159566395404
288.5 24.824459984226912 22.272053071112815
289.0 24.826687749926755 22.27250168215012
289.4999999999999 24.828941416908275 22.27295310820852
290.0 24.8311519772854 22.273412861173433
290.5 24.833409365103908 22.27386894851025
290.9999999999999 24.83562678687732 22.27432200783059
291.5 24.837871492289413 22.274785060036443
292.0 24.840095738701077 22.275250147670373
292.4999999999999 24.84234253445623 22.275704693385876
293.0 24.84459656304906 22.27617098673505
293.5 24.846819784701843 22.2766330019983
293.9999999999999 24.849052415021017 22.277100440146004
294.5 24.851297361380663 22.277561936836584
295.0 24.853530463797988 22.278029634581085
295.4999999999999 24.855771102741716 22.278503251246367
296.0 24.857992427912784 22.278969755607754
296.5 24.86024980571569 22.279435914334744
296.9999999999999 24.86248960187919 22.27990834163256
297.5 24.864742435568203 22.280382777918785
298.0 24.866937781862323 22.280849000121158
298.4999999999999 24.869181159000075 22.281322775269818
299.0 24.871423308943005 22.281802800812166
299.5 24.873646811277478 22.28227922993328
299.9999999999999 24.875871476733508 22.282753056205177
300.5 24.878110306338648 22.283229549955678
301.0 24.880329154030903 22.283708275635902
301.4999999999999 24.88253597171496 22.284187677259098
302.0 24.884786315171738 22.284663261407964
302.5 24.88700469174795 22.285150748989906
302.9999999999999 24.889229600872532 22.28562396177925
303.5 24.89143670302819 22.28610715317582
304.0 24.89363042707881 22.286588744174605
304.4999999999999 24.89585130568908 22.287071920143774
305.0 24.89805499194157 22.28756610724787
305.5 24.90027625727816 22.288045499862996
305.9999999999999 24.90247821710256 22.28852761974791
306.5 24.90467518670902 22.289020396619847
307.0 24.906871865912702 22.289502172848266
307.4999999999999 24.909088863839987 22.289996619401148
308.0 24.911292761631216 22.29048376793468
308.5 24.913484826896756 22.290968419189888
308.9999999999999 24.9156924564343 22.291469834778617
309.5 24.917903858290575 22.29196620171779
310.0 24.920097583702425 22.292454869746052
310.4999999999999 24.92230536412446 22.29295386012561
311.0 24.92451634139194 22.29345093636809
311.5 24.926715386771342 22.29395197317748
311.9999999999999 24.928921287835195 22.294450701141074
312.5 24.93116160813492 22.294953653385825
313.0 24.93335450015312 22.29545762924731
313.4999999999999 24.935547936206127 22.295964278687617
314.0 24.937754454918192 22.2964746984708
314.5 24.939950067352846 22.296972589307266
314.9999999999999 24.94216404872388 22.29747909824562
315.5 24.944371131918803 22.297990697132338
316.0 24.94656445853399 22.29850256867477
316.4999999999999 24.948762777559352 22.299006440836994
317.0 24.950993354720843 22.299529196872886
317.5 24.953182657845424 22.300039677528368
317.9999999999999 24.95538883338545 22.30055126024975
318.5 24.95760619043324 22.30107043251823
319.0 24.959802517041663 22.301590770093473
319.4999999999999 24.961998406842266 22.302106292389862
320.0 24.964207068727248 22.302627235682863
320.5 24.966409071614926 22.303148089283336
320.9999999999999 24.968602793245577 22.303670575083693
321.5 24.970829745706173 22.30419303541695
322.0 24.972997281836218 22.304717630143635
322.4999999999999 24.97521008181161 22.30523998796995
323.0 24.97742752140698 22.305773703765055
323.5 24.979603854710053 22.306291176194527
323.9999999999999 24.98180999937125 22.306823654927207
324.5 24.98401681965418 22.307353668604193
325.0 24.986210440241244 22.3078868956166
325.4999999999999 24.98839839870387 22.308419962451943
326.0 24.990607789236098 22.30895081868382
326.5 24.992794993482544 22.309486259303814
326.9999999999999 24.99498210553459 22.310025473621508
327.5 24.997183135339398 22.31055647484019
328.0 24.999377772973993 22.311096236973572
328.4999999999999 25.001554667450456 22.31163437324906
329.0 25.00376922131984 22.312175450636786
329.5 25.00596321603937 22.3127181815508
329.9999999999999 25.00813943629366 22.31324952055713
330.5 25.010322185923094 22.313796252833413
331.0 25.01250386732957 22.31434659300767
331.4999999999999 25.014735714428774 22.31489153211586
332.0 25.016889910092964 22.315436918305316
332.5 25.019057542696444 22.31597844085168
332.9999999999999 25.021246441844312 22.316528185152244
333.5 25.023453826930453 22.317071077524304
334.0 25.02560038498538 22.31762058945658
334.4999999999999 25.027790562975312 22.31816725142094
335.0 25.02997656099295 22.31872414703696
335.5 25.032136772175733 22.319275497765368
335.9999999999999 25.03431745869093 22.31982780789398
336.5 25.03651181491858 22.320383187459854
337.0 25.038671205252243 22.320944661945678
337.4999999999999 25.04081255675129 22.321490638814975
338.0 25.04301630480588 22.32204580943432
338.5 25.045185622029148 22.322606803422925
338.9999999999999 25.047325551426738 22.32316984765912
339.5 25.049513872435085 22.32372565069509
340.0 25.051681128712595 22.324287487455212
340.4999999999999 25.053843107586246 22.32484973472323
341.0 25.055982158822808 22.325408893243438
341.5 25.05812761881429 22.325972069719313
341.9999999999999 25.060293111211838 22.326542169376225
342.5 25.062476984670194 22.32710321930382
343.0 25.06459489086876 22.32766470620526
343.4999999999999 25.06674909863203 22.32822930311928
344.0 25.06890443196103 22.328799362552402
344.5 25.071043931617645 22.329369455908008
