FastTrWP/PhaseSpace/IAs/snIa_0.6_20_-1_0.0.csv
# %ECSV 0.9
# ---
# datatype:
# - {name: time-rel, datatype: float64}
# - {name: g, datatype: float64}
# - {name: i, datatype: float64}
# schema: astropy-2.0
time-rel g i
[from data line 347]
160.0 -25.819147691378245 -27.01968054776834
160.5 -25.822482543419124 -27.022465650039827
161.0 -25.825833499585244 -27.025259246196484
161.5 -25.82914794928623 -27.028032887914687
162.0 -25.83247296079675 -27.030815719216115
162.5 -25.835794695635784 -27.033587548048622
163.0 -25.83908866470763 -27.036349399124944
163.5 -25.842387278729518 -27.039106512277908
164.0 -25.845664869016815 -27.04185328274661
164.5 -25.848927528078676 -27.04460026811293
165.0 -25.852187230224267 -27.04734394243122
165.5 -25.855423229762422 -27.05007640999067
166.0 -25.858682744745394 -27.052802888555995
166.5 -25.86189290894296 -27.055529112015826
167.0 -25.865115180888168 -27.05824255975908
167.5 -25.868309568034924 -27.060958526721265
168.0 -25.871508409002434 -27.06365997837009
168.5 -25.874680141696743 -27.06635246516694
169.0 -25.877869056631837 -27.069038590600467
169.5 -25.880993783461147 -27.071730829695362
170.0 -25.884159148179084 -27.07440827251621
170.5 -25.887278024802335 -27.077082501186005
171.0 -25.890389189019505 -27.079742248834172
171.5 -25.89350292817167 -27.08240559675616
172.0 -25.896597640795612 -27.08505369580692
172.5 -25.89966622862093 -27.087687051466062
173.0 -25.90274516634763 -27.090327032994978
173.5 -25.905788951204947 -27.092955826002626
174.0 -25.908834980327093 -27.095571960253913
174.5 -25.91184719603482 -27.098193373017345
175.0 -25.91487593824455 -27.100797022160453
175.5 -25.917863342952437 -27.10339728977377
176.0 -25.92085025450554 -27.105991766933425
176.5 -25.92382218759896 -27.10858092750135
177.0 -25.926762911599877 -27.111147515912485
177.5 -25.929716257964486 -27.113720266757024
178.0 -25.932633857632347 -27.11629247502515
178.5 -25.93556480495029 -27.118846156604604
178.99999999999997 -25.9384553828691 -27.121385029883864
179.5 -25.94134443768883 -27.12392791922455
180.0 -25.944213671082945 -27.126461594155327
180.49999999999997 -25.947050472258944 -27.128978767750496
181.0 -25.949887356158218 -27.131497526121947
181.5 -25.952731345841467 -27.134000539729236
181.99999999999997 -25.955529657246714 -27.13650338736576
182.5 -25.958321578941856 -27.138994211475026
183.0 -25.961088250918824 -27.141475842180682
183.49999999999997 -25.9638509927743 -27.143953714105113
184.0 -25.96657859519884 -27.14642323927589
184.5 -25.969318375390642 -27.14886899626121
184.99999999999997 -25.972025302060295 -27.151333340224205
185.5 -25.97472402168488 -27.15377230404829
186.0 -25.97739414423129 -27.15620598049597
186.49999999999997 -25.980075275435407 -27.158625777026494
187.0 -25.982724900049057 -27.161049899663222
187.5 -25.985358473279256 -27.163459435174808
187.99999999999997 -25.987951916611017 -27.165851383667977
188.5 -25.99055342871118 -27.168241230355903
189.0 -25.993129168397715 -27.1706246221557
189.49999999999997 -25.995689227064148 -27.17300377341094
190.0 -25.998229040016305 -27.175346329937543
190.5 -26.000769912354276 -27.1777128554711
190.99999999999997 -26.00327711070657 -27.18005858958191
191.5 -26.005775628080205 -27.182397528496992
192.0 -26.008232187294805 -27.18472122038729
192.49999999999997 -26.010701443842322 -27.187046187419096
193.0 -26.013150412270505 -27.18934574050624
193.5 -26.015573314237294 -27.19165557485396
193.99999999999997 -26.017978769728746 -27.193941448844146
194.5 -26.02035461634141 -27.196224823981897
195.0 -26.022714189494152 -27.198500546142206
195.49999999999997 -26.02506847025944 -27.200764362730858
196.0 -26.027401278178353 -27.203025986217135
196.5 -26.029709967058388 -27.205258612078556
196.99999999999997 -26.032008080817 -27.207501537305685
197.5 -26.03429242524349 -27.20973501802352
198.0 -26.03653707100257 -27.21193845275235
198.49999999999997 -26.038799790082617 -27.214167083486124
199.0 -26.041034468545273 -27.216364376608546
199.5 -26.043247918832254 -27.21856041352381
199.99999999999997 -26.045453169172884 -27.22075057532139
200.5 -26.04764772459395 -27.222926644424494
201.0 -26.049840271425573 -27.225096923156222
201.49999999999997 -26.051998542612754 -27.227273849710908
202.0 -26.05414966637983 -27.2294339049793
202.5 -26.056311177547325 -27.23158731551797
202.99999999999997 -26.058437424728922 -27.23373914191772
203.5 -26.060566527726493 -27.235883796440497
204.0 -26.062645666510775 -27.238018273522712
204.49999999999997 -26.06475569870172 -27.24014683270284
205.0 -26.066844335702257 -27.242265425934377
205.5 -26.068905958468246 -27.244379854187283
205.99999999999997 -26.07097289150194 -27.24649349667192
206.5 -26.073025182054188 -27.24858526033142
207.0 -26.07505729372499 -27.250679463797177
207.49999999999997 -26.077076151001748 -27.252773836105835
208.0 -26.079090938601567 -27.254848549955504
208.5 -26.081088580150077 -27.256924395386214
208.99999999999997 -26.083084315034885 -27.259003194774106
209.5 -26.085053598972664 -27.26105892586153
210.0 -26.087018912821122 -27.263117693461766
210.49999999999997 -26.088955701679374 -27.26516438111362
211.0 -26.090903967974825 -27.267208353660326
211.5 -26.09283583241426 -27.269238169887565
211.99999999999997 -26.09474598999232 -27.271276958264025
212.5 -26.096636182318868 -27.27329300570524
213.0 -26.09854194173494 -27.27531186666756
213.49999999999997 -26.1004197929249 -27.277323345332437
214.0 -26.102287892116994 -27.279331018557084
214.5 -26.104163852735542 -27.281333507482252
214.99999999999997 -26.105982245140652 -27.28332271453862
215.5 -26.10782018840009 -27.285305115989868
216.0 -26.10964634429802 -27.287281327574554
216.49999999999997 -26.11145071594415 -27.289260390722305
217.0 -26.11323322529855 -27.291227035915114
217.5 -26.115031919424673 -27.29318577954639
217.99999999999997 -26.116795022505613 -27.295139430825426
218.5 -26.118567697560916 -27.297089784305882
219.0 -26.12031481050004 -27.2990312443125
219.49999999999997 -26.122048546898004 -27.300971338913712
220.0 -26.123775587954935 -27.302901112919375
220.5 -26.12549831589657 -27.304822220462594
220.99999999999997 -26.127204157301417 -27.306739306291682
221.5 -26.128894899352275 -27.308653821342304
222.0 -26.13056886250329 -27.310553562257486
222.49999999999997 -26.13224062392252 -27.312460336821715
223.0 -26.13389952039335 -27.314353549436227
223.5 -26.135540942320553 -27.316243341982208
223.99999999999997 -26.137186474251504 -27.318121651327477
224.5 -26.13880566334974 -27.320005019244746
225.0 -26.140421636112848 -27.321866820573256
225.49999999999997 -26.142021217702826 -27.32373693525572
226.0 -26.143615247446693 -27.32558380120986
226.5 -26.145183783361933 -27.327453954979134
226.99999999999997 -26.146757724062514 -27.329293770713903
227.5 -26.148308860232387 -27.33113289799547
228.0 -26.14983521631631 -27.332967105804794
228.49999999999997 -26.15138662359749 -27.33480376257251
229.0 -26.15291621278152 -27.336630013918466
229.5 -26.15441262031688 -27.33843833808303
229.99999999999997 -26.15592034815397 -27.340251308404856
230.5 -26.157406354729964 -27.34205189029785
231.0 -26.158882216909852 -27.343857592937578
231.49999999999997 -26.160334502940827 -27.345653795205834
232.0 -26.161793475713253 -27.347441126139085
232.5 -26.163231922755806 -27.34922743951232
232.99999999999997 -26.16467291706151 -27.351001064740004
233.5 -26.166098257134518 -27.352781630800433
234.0 -26.167489099944063 -27.354544601429364
234.49999999999997 -26.168897750832517 -27.356306040248363
235.0 -26.1702921297039 -27.358056164893732
235.5 -26.171659696194254 -27.359813757182962
235.99999999999997 -26.17302513867148 -27.36155489051887
236.5 -26.17437439816903 -27.363288456865497
237.0 -26.175721375535414 -27.365028201580273
237.49999999999997 -26.17705549681144 -27.36675528875883
238.0 -26.178378148521773 -27.368479776689455
238.5 -26.17969681996192 -27.37019656694958
238.99999999999997 -26.181006616317397 -27.37190550510015
239.5 -26.182296417516497 -27.373619237085066
240.0 -26.18357731386062 -27.375316347271337
240.49999999999997 -26.184866205624296 -27.37702319303855
241.0 -26.186128820629825 -27.378718283528865
241.5 -26.18738539185678 -27.38040824981328
241.99999999999997 -26.188648668910687 -27.382088899899856
242.5 -26.18989236587747 -27.38377093459379
243.0 -26.191117073189645 -27.385443904418754
243.5 -26.19233479590338 -27.38711944186839
244.0 -26.19356036527278 -27.388774314037832
244.5 -26.19475756581098 -27.3904425857676
245.0 -26.195946306891233 -27.392092822262217
245.5 -26.197137184869685 -27.39373434317127
246.0 -26.198315284767656 -27.39538310871202
246.5 -26.199482842830136 -27.39702495953988
247.0 -26.20063460652055 -27.398656439182794
247.5 -26.2017772634699 -27.40029170493824
248.0 -26.202914685119723 -27.401914303696444
248.5 -26.204055554722707 -27.4035332054327
249.0 -26.205177695164284 -27.405151459936448
249.5 -26.20628023712918 -27.406755378001044
250.0 -26.20737242482731 -27.40836354584409
250.5 -26.20846401694555 -27.409964321390746
251.0 -26.209536254609187 -27.411561608407936
251.5 -26.210607291240237 -27.413156858714316
252.0 -26.211667278265132 -27.414735635261867
252.5 -26.21272513666578 -27.41632558752231
253.0 -26.21375877560487 -27.417895820783688
253.5 -26.214797270788605 -27.419471981133956
254.0 -26.21581722986562 -27.421038455291217
254.5 -26.21683687656578 -27.422592487762607
255.0 -26.21783682643806 -27.42415215929342
255.5 -26.218829569776204 -27.42570298381404
256.0 -26.21981023117131 -27.42725186310864
256.5 -26.22078289401053 -27.428796138696363
257.0 -26.221764505935234 -27.430331236396746
257.5 -26.2226954124535 -27.431871323486693
258.0 -26.223643607531844 -27.433397569594995
258.5 -26.224581244749906 -27.434915978033384
259.0 -26.22550364611034 -27.436443416836326
259.5 -26.22640585558161 -27.437964768681567
260.0 -26.227317230336883 -27.439461858282954
260.5 -26.228208620786738 -27.440973200750424
261.0 -26.22910324263223 -27.442470085643386
261.5 -26.22997326956041 -27.443969662434565
262.0 -26.230839539861933 -27.445452204751483
262.5 -26.231697055376824 -27.44694161579786
263.0 -26.23255213651571 -27.448422733703342
263.5 -26.23336857503697 -27.44989845993413
264.0 -26.234193607997625 -27.45137546136799
264.5 -26.235019705205943 -27.45284069226618
265.0 -26.23582733045426 -27.45430761080425
265.5 -26.236612413844114 -27.45576356793591
266.0 -26.23739979011463 -27.457213547747187
266.5 -26.23817228834757 -27.45866065625482
267.0 -26.23895140671894 -27.460101292925753
267.5 -26.239697095882345 -27.461541436046257
268.0 -26.240438077246484 -27.462974163093747
268.5 -26.241175014686444 -27.464405658031865
269.0 -26.2418951771296 -27.46583362074739
269.5 -26.242616908853613 -27.46724676315364
270.0 -26.243322668599006 -27.468667389032614
270.5 -26.244012063011006 -27.47007419983295
271.0 -26.244699895497373 -27.471482434013016
271.5 -26.24535873459072 -27.47288977371062
272.0 -26.246025712394076 -27.474279189212446
272.5 -26.246669335289493 -27.475678044812835
273.0 -26.247318770092967 -27.477056616956546
273.5 -26.247947749699176 -27.47844101757709
274.0 -26.248568417909496 -27.479826613987342
274.5 -26.24917544572496 -27.481196545267082
275.0 -26.249779885918404 -27.482566781244966
275.5 -26.250362707515364 -27.483926863643827
276.0 -26.25093857303396 -27.485287053461857
276.5 -26.251499477309878 -27.486647937772478
277.0 -26.252071952260586 -27.487993459723903
277.5 -26.252607621245335 -27.489345813721926
278.0 -26.253150632678913 -27.490693255896677
278.5 -26.253668185166376 -27.492036120966063
279.0 -26.254182568094365 -27.493372661063795
279.5 -26.254683213760302 -27.49470901890557
280.0 -26.25518734078789 -27.496030932620535
280.5 -26.255657260579078 -27.49736061947401
281.0 -26.25612632651912 -27.498682879491533
281.5 -26.256592805458116 -27.499999288100945
282.0 -26.25704852365726 -27.501312398267178
282.5 -26.25748709345041 -27.50262335202094
283.0 -26.25792828953475 -27.503931906167317
283.5 -26.258338299933342 -27.505230854589726
284.0 -26.258748631169983 -27.506527440313413
284.5 -26.259158998075893 -27.507825267428633
285.0 -26.2595573340255 -27.509109632759454
285.5 -26.259939951424464 -27.51040408608169
286.0 -26.260316178718746 -27.511684516421766
286.5 -26.260675707789204 -27.51295840189964
287.0 -26.261041012835694 -27.514233533443186
287.5 -26.26138744858574 -27.51550278526444
288.0 -26.26172281837201 -27.51676961304061
288.5 -26.262061356235474 -27.518031945879002
289.0 -26.262366919604403 -27.51928967666656
289.5 -26.262675580358454 -27.520538876529862
290.0 -26.26298568048646 -27.52178859964459
290.5 -26.263274542051334 -27.52304017992074
291.0 -26.263560189009404 -27.524283248877165
291.5 -26.263833553588 -27.525516453409963
292.0 -26.264124622256702 -27.52675459629257
292.5 -26.26436891845495 -27.527981554322217
293.0 -26.264634491412234 -27.529198402717054
293.5 -26.264864779171006 -27.530432479836726
294.0 -26.265101212726485 -27.531651725072685
294.5 -26.265324723917214 -27.532855275000422
295.0 -26.26554382502855 -27.53406280955216
295.5 -26.26575507291562 -27.535275133926838
296.0 -26.26595775591124 -27.536477559833806
296.5 -26.266144238392656 -27.537673137611023
297.0 -26.266339760197333 -27.538865012597277
297.5 -26.26652814845069 -27.540057902514743
298.0 -26.26670153406311 -27.541236880089485
298.5 -26.26686594160562 -27.542417680915925
299.0 -26.267013416673795 -27.54359710828931
299.5 -26.267151679791503 -27.544771968487897
300.0 -26.267299833848263 -27.545937524354947
300.5 -26.267436113387866 -27.547107215546976
301.0 -26.26757947798002 -27.548268070208234
301.5 -26.26768329283997 -27.549427663735415
302.0 -26.267800159680302 -27.550573686156085
302.5 -26.267902436224123 -27.551725326920028
303.0 -26.268005575979117 -27.55286483994386
303.5 -26.26810634187047 -27.55400570773289
304.0 -26.26818292072874 -27.55513790342868
304.5 -26.26826470737293 -27.556272964606595
305.0 -26.26833142544401 -27.557397775690017
305.5 -26.26839202607546 -27.55852056708519
306.0 -26.268448618692904 -27.55965065417363
306.5 -26.26850418564691 -27.560762029871675
307.0 -26.268548219107153 -27.561879017869806
307.5 -26.268586734530874 -27.56298221125369
308.0 -26.26862104251453 -27.56408978183054
308.5 -26.26865288726418 -27.565188581797354
309.0 -26.268662521580964 -27.566284234532404
309.5 -26.268674124122565 -27.56736663219965
310.0 -26.268682460499683 -27.568460761136194
310.5 -26.268690186827794 -27.56954694946146
311.0 -26.268682224626367 -27.570623283725165
311.5 -26.26866785724157 -27.571694473875
312.0 -26.268665470806365 -27.57276156898439
312.5 -26.268634822315235 -27.573830483039032
313.0 -26.26861703805199 -27.574894275554293
313.5 -26.268569698804967 -27.575949995845793
314.0 -26.268536035508298 -27.57700563317504
314.5 -26.26846085958212 -27.578063282059063
315.0 -26.26840810920001 -27.57910566936999
315.5 -26.268315823587947 -27.580154086551506
316.0 -26.26823115790312 -27.5811924660101
316.5 -26.268127253038646 -27.582225497144112
317.0 -26.268011685983478 -27.583269809704376
317.5 -26.267887891799866 -27.58429539345052
318.0 -26.267747319212525 -27.585330580333853
318.5 -26.267618172656082 -27.586358113634795
319.0 -26.267470836115653 -27.587365576528413
319.5 -26.267313182906644 -27.58839223966642
320.0 -26.267141327974294 -27.589405101357826
320.5 -26.26697924252516 -27.590409189133215
321.0 -26.266781967069456 -27.59142552821813
321.5 -26.266570151918817 -27.59242742882378
322.0 -26.266374476156994 -27.593432612591396
322.5 -26.26616614616868 -27.59442641037542
323.0 -26.26593821358258 -27.59541046483595
323.5 -26.265713744151718 -27.596404797972376
324.0 -26.265473052773682 -27.597387735661457
324.5 -26.26522873883474 -27.598380330604062
325.0 -26.264979489739773 -27.59935201151115
325.5 -26.264710939474853 -27.600327470468876
326.0 -26.264446682321186 -27.6012980933058
326.5 -26.264165664006725 -27.60226795553247
327.0 -26.263894653331967 -27.60323208458688
327.5 -26.263601558472118 -27.60419530416183
328.0 -26.26330962296853 -27.60515220051962
328.5 -26.26299868763368 -27.606101819815084
329.0 -26.262687180101125 -27.607056280981794
329.5 -26.2623841380273 -27.60800269578266
330.0 -26.262057252178366 -27.60894543271126
