FastTrWP/PhaseSpace/IAs/snIa_0.41_30.00_2.22_0.07.csv
# %ECSV 0.9
# ---
# datatype:
# - {name: time-rel, datatype: float64}
# - {name: g, datatype: float64}
# - {name: i, datatype: float64}
# schema: astropy-2.0
time-rel g i
[from data line 286]
299.2916666666667 23.93134575606732 23.226497381021012
299.7916666666667 23.92731936118576 23.22332677476107
300.2916666666667 23.92330274843784 23.2201775208509
300.7916666666667 23.91932107687415 23.217056195856166
301.2916666666667 23.915357196283885 23.21392683773556
301.7916666666667 23.911414389245053 23.21081367203389
302.2916666666667 23.90747736543677 23.20771653608899
302.7916666666667 23.903587935655747 23.204614259700506
303.2916666666667 23.89970830329124 23.201544613197154
303.7916666666667 23.895846095771397 23.198473368016987
304.2916666666667 23.891994341187853 23.195421673385187
304.7916666666667 23.8881697211022 23.192385080338404
305.2916666666667 23.88435751783542 23.189347860626093
305.7916666666667 23.88056363483515 23.18633552693275
306.2916666666667 23.87680330265681 23.183318457559338
306.7916666666667 23.87305279536134 23.1803224144612
307.2916666666667 23.869323780321917 23.177332154003714
307.7916666666667 23.865597115032475 23.174353100245845
308.2916666666667 23.861892491927037 23.17139709711356
308.7916666666667 23.858227507503102 23.16844120780795
309.2916666666667 23.85454723005548 23.16549380443988
309.7916666666667 23.850902871734093 23.162563701746844
310.2916666666667 23.847285115311983 23.159642226947568
310.7916666666667 23.843682771259683 23.15671474941306
311.2916666666667 23.840064603138007 23.153823083078613
311.7916666666667 23.83649017543183 23.15091624758761
312.2916666666667 23.832923513601028 23.148043488382637
312.7916666666667 23.829374150215543 23.145163648593794
313.2916666666667 23.825848837972075 23.14229454808821
313.7916666666667 23.822335730298995 23.139438586320793
314.2916666666667 23.818821806289122 23.136589353291093
314.7916666666667 23.815330433938232 23.13375053604535
315.2916666666667 23.811882806897565 23.130924907787925
315.7916666666667 23.808413105407645 23.128101788790502
316.2916666666667 23.804972905202288 23.12529205786793
316.7916666666667 23.801543923580194 23.122489896508675
317.2916666666667 23.79814436690928 23.119697666810413
317.7916666666667 23.794715206992056 23.116910659698497
318.2916666666667 23.79135023254285 23.114142182293435
318.7916666666667 23.787980540989423 23.111370983986504
319.2916666666667 23.784617341276316 23.108612176615427
319.7916666666667 23.78127319348473 23.10585178601095
320.2916666666667 23.777946406309635 23.103115262368647
320.7916666666667 23.774630546477432 23.10037439668423
321.2916666666667 23.771331945964743 23.097665104682925
321.7916666666667 23.768033708591602 23.094937299897378
322.2916666666667 23.764757248503386 23.092227043848524
322.7916666666667 23.761485101665762 23.089524371388023
323.2916666666667 23.758253831584017 23.08682248957556
323.7916666666667 23.755003409776577 23.084138940699333
324.2916666666667 23.75177761721098 23.081469182194688
324.7916666666667 23.74856855555745 23.07879645813619
325.2916666666667 23.7453708581985 23.076132862431564
325.7916666666667 23.742195714502255 23.073495135454944
326.2916666666667 23.739026695829672 23.07085340777284
326.7916666666667 23.735881049228812 23.068206022848074
327.2916666666667 23.73274486874335 23.065595640420877
327.7916666666667 23.72960209639665 23.062983651627725
328.2916666666667 23.726505397886484 23.0603720770823
328.7916666666667 23.723410305598286 23.05777188519976
329.2916666666667 23.72031456011304 23.055177490936668
329.7916666666667 23.717234966848352 23.052606380304034
330.2916666666667 23.71419991933774 23.050032354830524
330.7916666666667 23.7111370487308 23.047463430645575
331.2916666666667 23.70810260923474 23.044909744323977
331.7916666666667 23.7050766071043 23.04236374979898
332.2916666666667 23.702066766116737 23.039819052573737
332.7916666666667 23.699083107538577 23.037289536335706
333.2916666666667 23.696081658068287 23.034764988865565
333.7916666666667 23.693118134777706 23.032240475607754
334.2916666666667 23.690146839550312 23.02973685203073
334.7916666666667 23.687206402450943 23.027241335856875
335.2916666666667 23.68426576924424 23.024736921792545
335.7916666666667 23.68133210574019 23.022257923545865
336.2916666666667 23.67842873506912 23.019777357025745
336.7916666666667 23.675516376308636 23.01731214969964
337.2916666666667 23.672623836013408 23.014837311739736
337.7916666666667 23.66975465516279 23.012377032200952
338.2916666666667 23.666868254440235 23.009935848719394
338.7916666666667 23.664021941653715 23.007485080938427
339.2916666666667 23.661176462825072 23.00504760336008
339.7916666666667 23.65833330598435 23.002618202111545
340.2916666666667 23.655508627063575 23.00019316611896
340.7916666666667 23.65268180740005 22.99777566557811
341.2916666666667 23.649892186071742 22.995375843875596
341.7916666666667 23.6470880493273 22.99297478629876
342.2916666666667 23.64430282738867 22.990585348942506
342.7916666666667 23.6415361364798 22.988189194916515
343.2916666666667 23.638767288216428 22.985802442131774
343.7916666666667 23.636019025147128 22.983432839217187
344.2916666666667 23.633273396569706 22.981061444770905
344.7916666666667 23.630536181582716 22.978699122918922
345.2916666666667 23.62781434415013 22.97634057971816
345.7916666666667 23.625093600087727 22.97398390599681
346.2916666666667 23.622401972735233 22.9716432512482
346.7916666666667 23.619703065834017 22.96930719854509
347.2916666666667 23.61702290648062 22.966975976006548
347.7916666666667 23.61434833625447 22.964657665065694
348.2916666666667 23.6116744975823 22.962323159429584
348.7916666666667 23.609026311316125 22.96000421478986
349.2916666666667 23.60636328928248 22.957704756530394
349.7916666666667 23.60372795587082 22.955398342754382
350.2916666666667 23.601098940592053 22.953101842656352
350.7916666666667 23.598459818328635 22.950817802517506
351.2916666666667 23.595863564598474 22.948523872882994
351.7916666666667 23.593249625901734 22.946246077656806
352.2916666666667 23.59066337506384 22.943964165858084
352.7916666666667 23.588069780857104 22.9417083371725
353.2916666666667 23.585487243184268 22.939441981283032
353.7916666666667 23.582915470806665 22.937181987839597
354.2916666666667 23.5803406462973 22.9349262863853
354.7916666666667 23.5777885868987 22.932679388284786
355.2916666666667 23.575241606641168 22.93043592780467
355.7916666666667 23.57270617374276 22.928192485349214
356.2916666666667 23.57018688014395 22.925967140756683
356.7916666666667 23.567651118698237 22.923731335097667
357.2916666666667 23.565143401520793 22.92152403486766
357.7916666666667 23.562636416904738 22.919293060318484
358.2916666666667 23.56013429217154 22.917098941090885
358.7916666666667 23.557648344778357 22.9148774763185
359.2916666666667 23.55515820631563 22.91268967982999
359.7916666666667 23.552695817143004 22.91050113422795
360.2916666666667 23.550235445186583 22.908309918341097
360.79166666666663 23.547786528308183 22.90613208388748
361.2916666666667 23.545331687700873 22.90395119387768
361.7916666666667 23.542896008853482 22.901781096309264
362.29166666666663 23.540458230400574 22.899618940994564
362.7916666666667 23.53804120368197 22.897460313450118
363.2916666666667 23.53562256195236 22.895300375336664
363.79166666666663 23.53322848732607 22.893151769009165
364.2916666666667 23.530832728273232 22.89101374137796
364.7916666666667 23.528442818560883 22.888870193353462
365.29166666666663 23.526055418513856 22.886743117638066
365.7916666666667 23.52367489349872 22.884614596509344
366.2916666666667 23.521316375669194 22.8824886792209
366.79166666666663 23.51895469263439 22.88037119337847
367.2916666666667 23.51660795859642 22.878262609155094
367.7916666666667 23.51426511280302 22.87616027993897
368.29166666666663 23.51194067322112 22.874054914696053
368.7916666666667 23.509590407720026 22.871958459039167
369.2916666666667 23.507278335478542 22.869875160488647
369.79166666666663 23.504963236039075 22.867781082182333
370.2916666666667 23.50266303208905 22.865704468916825
370.7916666666667 23.5003599277282 22.863627708885822
371.29166666666663 23.498065558262788 22.861555256444316
371.7916666666667 23.49578627777321 22.85949024892293
372.2916666666667 23.49350660548582 22.857418766285825
372.79166666666663 23.491254682155784 22.85537081816787
373.2916666666667 23.48897960423201 22.85331760484719
373.7916666666667 23.486724931338507 22.85127883371624
374.29166666666663 23.48448118294681 22.84923201999895
374.7916666666667 23.48223622255537 22.847188354500307
375.2916666666667 23.47999951159625 22.845160795505034
375.79166666666663 23.477772662790617 22.843132460667398
376.2916666666667 23.475544701618723 22.841104276147043
376.7916666666667 23.473345417432228 22.83908439401967
377.29166666666663 23.471134031920332 22.837067947989777
377.7916666666667 23.468934050874253 22.835056309257517
378.2916666666667 23.46673032665821 22.83305224066143
378.79166666666663 23.464560115370855 22.831049878152278
379.2916666666667 23.46237483939781 22.8290506460125
379.7916666666667 23.460201475168773 22.827062488918767
380.29166666666663 23.458034559298255 22.825069065749453
380.7916666666667 23.455876342384876 22.82308740075063
381.2916666666667 23.453713878564912 22.821105886730727
381.79166666666663 23.45156616154685 22.819122827951514
382.2916666666667 23.449420469384393 22.817157487980634
382.7916666666667 23.447280439614644 22.815188911920565
383.29166666666663 23.445159750332127 22.813228743115413
383.7916666666667 23.443039801284623 22.811265429750286
384.2916666666667 23.44091998624056 22.809310069230836
384.79166666666663 23.438810348771174 22.807354327785244
385.2916666666667 23.43670240761371 22.805405620210657
385.7916666666667 23.434602362845016 22.803464698268506
386.29166666666663 23.432511540514106 22.801527320705528
386.7916666666667 23.430429202578985 22.799597051229266
387.2916666666667 23.428347278193115 22.797666085859845
387.79166666666663 23.426271890649346 22.795731290471494
388.2916666666667 23.42419416671904 22.793807941766026
388.7916666666667 23.422141124268016 22.791890274552063
389.29166666666663 23.42008075505929 22.789974649734596
389.7916666666667 23.41802542335782 22.788058181037005
390.2916666666667 23.415982877586245 22.786151229506544
390.79166666666663 23.41393402265219 22.784240222790544
391.2916666666667 23.41190608043469 22.78234179034844
391.7916666666667 23.409880970036028 22.78044744415316
392.29166666666663 23.407843056610638 22.778545933301956
392.7916666666667 23.40582113993175 22.776639168746385
393.2916666666667 23.40379688278736 22.774756064426334
393.79166666666663 23.40177574989727 22.772862169615408
394.2916666666667 23.39976510296569 22.77098049355155
394.7916666666667 23.397754230368562 22.769097983144206
395.29166666666663 23.395745338005632 22.767218316413647
395.7916666666667 23.393739327809307 22.76533051503592
396.2916666666667 23.391740309666865 22.763453700047105
396.79166666666663 23.38974393303742 22.761583124719223
397.2916666666667 23.387756237428615 22.759712265370972
397.7916666666667 23.385772696792525 22.75785488572783
398.29166666666663 23.38379641533827 22.75598571917061
398.7916666666667 23.3818245370611 22.754122660890754
399.2916666666667 23.37984649156509 22.752274694231495
399.79166666666663 23.377887026169915 22.75041076739313
400.2916666666667 23.37592442330351 22.748564095806024
400.7916666666667 23.373970597314006 22.746712034819513
401.29166666666663 23.372017958195062 22.74487284353361
401.7916666666667 23.370062411325975 22.743039080640116
402.2916666666667 23.36812506197918 22.741205204925365
402.79166666666663 23.366185782716688 22.739373620627767
403.2916666666667 23.364263138007615 22.737536548563195
403.7916666666667 23.362331536554272 22.735713532454568
404.29166666666663 23.360416499315416 22.73389049659076
404.7916666666667 23.35851455593636 22.73207569816442
405.2916666666667 23.35661037112349 22.730266083758842
405.79166666666663 23.35469412893694 22.72845151397647
406.2916666666667 23.352812933728543 22.726646922959425
406.7916666666667 23.350914654989477 22.724848364604355
407.29166666666663 23.349030587208127 22.723052486827143
407.7916666666667 23.347160146123564 22.72126072192576
408.2916666666667 23.34530323811293 22.719477461607976
408.79166666666663 23.34344098891254 22.717693695391752
409.2916666666667 23.34157727178252 22.715911960258634
409.7916666666667 23.339721535091815 22.714129271273578
410.29166666666663 23.337881366495438 22.712371360584033
410.7916666666667 23.336037534228687 22.71060396682996
411.2916666666667 23.33421932792279 22.708847835994828
411.79166666666663 23.332390951064653 22.707089523017654
412.2916666666667 23.330584698075096 22.705338719544265
412.7916666666667 23.328772312935733 22.703591542317042
413.29166666666663 23.326965394690436 22.7018467567839
413.7916666666667 23.325177726712333 22.700109634734066
414.2916666666667 23.323397682611137 22.698389766308637
414.79166666666663 23.321619845021715 22.696663976305498
415.2916666666667 23.319849427830857 22.694934221864315
415.7916666666667 23.318087141360518 22.693212346343575
416.29166666666663 23.316328731099915 22.691509831988355
416.7916666666667 23.314589812766936 22.689797886288847
417.2916666666667 23.312845043358404 22.68810402427169
417.79166666666663 23.311111901245507 22.68641271405215
418.2916666666667 23.30938998460183 22.684720427512836
418.7916666666667 23.307677629449728 22.68304133062727
419.29166666666663 23.305964797079703 22.681353857693885
419.7916666666667 23.304280107540947 22.679684079985872
420.2916666666667 23.302576031254034 22.678012150363518
420.79166666666663 23.30090306464307 22.676357679311877
421.2916666666667 23.299230208330233 22.674701814564614
421.7916666666667 23.2975607092097 22.67305061628423
422.29166666666663 23.295895986119408 22.67141168047093
422.7916666666667 23.29425375065396 22.669768975178645
423.2916666666667 23.292610205490433 22.668138073361327
423.79166666666663 23.29097827828429 22.666507078530465
424.2916666666667 23.289367053551114 22.664876862531862
424.7916666666667 23.287751206569585 22.663272925281007
425.29166666666663 23.286142753295387 22.66165832277736
425.7916666666667 23.28453774759645 22.660055143836747
426.2916666666667 23.28294801270552 22.658448569689963
426.79166666666663 23.281367285887864 22.656851432082643
427.2916666666667 23.279773176032343 22.655254529670522
427.7916666666667 23.278202372918557 22.653664763409513
428.29166666666663 23.27662269235066 22.652078369416593
428.7916666666667 23.275052286981026 22.650484857580704
429.2916666666667 23.273487231182614 22.64890829576382
429.79166666666663 23.271933343533572 22.647329962860525
430.2916666666667 23.270380096768143 22.645760038900132
430.7916666666667 23.2688343896058 22.64418721304419
431.29166666666663 23.26729422645476 22.642629819390308
431.7916666666667 23.265760329617354 22.641064511929187
432.2916666666667 23.264234432600208 22.6395065031002
432.79166666666663 23.262711966040143 22.63796005248473
433.2916666666667 23.26119170317058 22.636399784395856
433.7916666666667 23.25967076310208 22.63486046761207
434.29166666666663 23.258180346945792 22.63332385414641
434.7916666666667 23.256673730239857 22.631783927365895
435.2916666666667 23.255181482669176 22.630244596064692
435.79166666666663 23.253695033046814 22.628721557264917
436.2916666666667 23.252208252066602 22.62719994701268
436.7916666666667 23.250734685197926 22.625678837648046
437.29166666666663 23.249264117861802 22.624152457616226
437.7916666666667 23.247798611636213 22.62265506043315
438.2916666666667 23.24634461409576 22.621134028560373
438.79166666666663 23.244902667666828 22.619642201192562
439.2916666666667 23.24345004346553 22.618141129429237
439.7916666666667 23.242011621789565 22.616643669189507
440.29166666666663 23.240584185233445 22.61515077768123
440.7916666666667 23.239163697339574 22.6136743755972
441.2916666666667 23.237741164341273 22.61218357829938
441.79166666666663 23.236332694256635 22.610708336557384
442.2916666666667 23.23492380609231 22.609243236637248
442.7916666666667 23.23353087337111 22.607770680072537
