FastTrWP/PhaseSpace/IAs/snIa_0.37_30.00_-1.02_0.01.csv
# %ECSV 0.9
# ---
# datatype:
# - {name: time-rel, datatype: float64}
# - {name: g, datatype: float64}
# - {name: i, datatype: float64}
# schema: astropy-2.0
time-rel g i
[from data line 289]
371.8541666666667 24.17372433326017 23.632333425815638
372.3541666666667 24.16821538181193 23.628320906124124
372.85416666666663 24.16271732546477 23.624312638465
373.3541666666667 24.157248905101277 23.6202959628027
373.8541666666667 24.151777360127905 23.61631669975803
374.35416666666663 24.14632190442277 23.612317171369913
374.8541666666667 24.14088910030918 23.60834142041089
375.3541666666667 24.135460964097717 23.604360161582125
375.85416666666663 24.130046517177508 23.600388700363894
376.3541666666667 24.124648412053222 23.596416049227898
376.8541666666667 24.11924133630916 23.592461889315768
377.35416666666663 24.1138596025299 23.58851843284661
377.8541666666667 24.10847748220942 23.584571654464103
378.3541666666667 24.103149794709758 23.580630858901127
378.85416666666663 24.097792467097655 23.57670154437633
379.3541666666667 24.092470753951666 23.572778416157973
379.8541666666667 24.087148571183562 23.56885610184216
380.35416666666663 24.081836944974143 23.564951719799975
380.8541666666667 24.076545336618498 23.561038269690396
381.3541666666667 24.07125348118384 23.557131697579756
381.85416666666663 24.065992193251713 23.55324791995727
382.3541666666667 24.06072748702676 23.54934387241322
382.8541666666667 24.055461816926073 23.545464786594216
383.35416666666663 24.05023806054062 23.54158939952072
383.8541666666667 24.045010625038973 23.537721264522915
384.3541666666667 24.03979001934692 23.533853129090545
384.85416666666663 24.034560603116045 23.529994363089703
385.3541666666667 24.029374391900262 23.526125770208708
385.8541666666667 24.02418351356975 23.522291304857568
386.35416666666663 24.019006319547927 23.51844407564235
386.8541666666667 24.013858503255445 23.514621694879487
387.3541666666667 24.0087013657887 23.510780572907986
387.85416666666663 24.003547434742963 23.5069437723695
388.3541666666667 23.998421571140234 23.50312874299557
388.8541666666667 23.99328964254991 23.499322832724367
389.35416666666663 23.988181313916982 23.495510993561673
389.8541666666667 23.983086489284887 23.49170160960709
390.3541666666667 23.977988120413585 23.487904908963074
390.85416666666663 23.972899146027494 23.484117042012024
391.3541666666667 23.967826027746433 23.480314613652858
391.8541666666667 23.96275972893404 23.47653620291893
392.35416666666663 23.95772662308601 23.47276946923121
392.8541666666667 23.952674741401772 23.468985980738637
393.3541666666667 23.947663512732774 23.465215657786484
393.85416666666663 23.94262192698937 23.4614622676678
394.3541666666667 23.93760652256936 23.457704157319014
394.8541666666667 23.932620580856128 23.45394405658051
395.35416666666663 23.92762923710511 23.45020602447658
395.8541666666667 23.92263966983422 23.44645043637948
396.3541666666667 23.917668396778797 23.442723384739228
396.85416666666663 23.912701616905924 23.43898660624312
397.3541666666667 23.907717415555602 23.435240956290272
397.8541666666667 23.902724944508673 23.43149702161464
398.35416666666663 23.897738963605807 23.42774425827573
398.8541666666667 23.892743884159827 23.42400576672555
399.3541666666667 23.887759319717006 23.420257408792587
399.85416666666663 23.88276161307448 23.416498339539285
400.3541666666667 23.877763195211962 23.412764871674085
400.8541666666667 23.872771470241638 23.409005373327826
401.35416666666663 23.867784934906226 23.405273133738316
401.8541666666667 23.862785400385334 23.401507348117892
402.3541666666667 23.857799320291655 23.397761542904938
402.85416666666663 23.852804081044297 23.394014020469513
403.3541666666667 23.847827320478775 23.390272495020312
403.8541666666667 23.842856658036315 23.3865432436286
404.35416666666663 23.837879562464312 23.382803771804333
404.8541666666667 23.832916190897784 23.379071752050077
405.3541666666667 23.827962763608742 23.37533159023602
405.85416666666663 23.82301054651462 23.371610581741706
406.3541666666667 23.81805974022688 23.3678852388653
406.8541666666667 23.813138462356523 23.364173989192125
407.35416666666663 23.808228273257196 23.360459968209057
407.8541666666667 23.803295925928175 23.35676135485297
408.3541666666667 23.79840509845583 23.353060222143203
408.85416666666663 23.79353088476565 23.34936962659587
409.3541666666667 23.788661664968835 23.34568351219057
409.8541666666667 23.78380498362438 23.342004948344762
410.35416666666663 23.778954833438416 23.338344896277473
410.8541666666667 23.774123085784158 23.33467968612204
411.3541666666667 23.76930387825354 23.331025895936314
411.85416666666663 23.764508769819596 23.327383102998954
412.3541666666667 23.759727095343656 23.323750445262586
412.8541666666667 23.754959255834017 23.320104505486125
413.35416666666663 23.750225200377976 23.316498597184573
413.8541666666667 23.74547601296807 23.31288567533481
414.3541666666667 23.740776896308155 23.309287636812964
414.85416666666663 23.73607190132502 23.3057072086569
415.3541666666667 23.731406651274657 23.30213362654858
415.8541666666667 23.726749007803818 23.298569776776464
416.35416666666663 23.722103412773855 23.295018828949292
416.8541666666667 23.717493211942617 23.291472761914918
417.3541666666667 23.71291858745532 23.28795116003089
417.85416666666663 23.708338844495046 23.284432666596643
418.3541666666667 23.703785920917923 23.280931055556525
418.8541666666667 23.699272260544184 23.277437123106704
419.35416666666663 23.69476352545569 23.27395718318774
419.8541666666667 23.690300390402662 23.270504399965333
420.3541666666667 23.685837719428232 23.267048294932167
420.85416666666663 23.681407597246505 23.26361602126952
421.3541666666667 23.677020174652355 23.260193920659283
421.8541666666667 23.672627175888202 23.25678624396319
422.35416666666663 23.668278468784052 23.253397944089844
422.8541666666667 23.663945270457404 23.250000167269192
423.3541666666667 23.65965443924127 23.246645926628933
423.85416666666663 23.655387585497188 23.243300331227022
424.3541666666667 23.651136741204283 23.2399749470046
424.8541666666667 23.64691221004464 23.236652170018974
425.35416666666663 23.64273164596031 23.233350991615165
425.8541666666667 23.63855736974362 23.23007236494731
426.3541666666667 23.63441827747097 23.226815642689417
426.85416666666663 23.630318471430883 23.22356158708994
427.3541666666667 23.62625197269366 23.22033260906631
427.8541666666667 23.62220902693307 23.217122261478234
428.35416666666663 23.618177636712332 23.21390945861345
428.8541666666667 23.61419965128201 23.210743551304244
429.3541666666667 23.610238104233243 23.207579068605398
429.85416666666663 23.60630499859053 23.20442364643634
430.3541666666667 23.602374549338336 23.20128802392432
430.8541666666667 23.598463800201106 23.198139323155324
431.35416666666663 23.59455526520093 23.19501805107018
431.8541666666667 23.590678375797452 23.191892151395468
432.3541666666667 23.586787582662573 23.188789789249327
432.85416666666663 23.582927514943435 23.185670791670173
433.3541666666667 23.579061179434984 23.18257259024201
433.8541666666667 23.575225112265198 23.179486768997553
434.35416666666663 23.57139651439265 23.17640473671873
434.8541666666667 23.5675864822211 23.1733245686736
435.3541666666667 23.563789918153887 23.17027399662293
435.85416666666663 23.55998989602362 23.16720893696702
436.3541666666667 23.55622425673819 23.164153194128435
436.8541666666667 23.552454998157415 23.161118464673947
437.35416666666663 23.5487276308435 23.158077211916353
437.8541666666667 23.544983484907927 23.155062308794644
438.3541666666667 23.541264462582348 23.152048485192477
438.85416666666663 23.537564490011384 23.14904353222825
439.3541666666667 23.533871614129687 23.146058269514246
439.8541666666667 23.53021238035221 23.143056432338483
440.35416666666663 23.526548454609973 23.140087904771
440.8541666666667 23.522906059948532 23.13712411648266
441.3541666666667 23.519282714871125 23.13416413752464
441.85416666666663 23.515679247692894 23.131215723444342
442.3541666666667 23.512082916833045 23.128273560138428
442.8541666666667 23.508503717992077 23.125345593696096
443.35416666666663 23.50494267181178 23.12243170640332
443.8541666666667 23.5013985394785 23.119525856874297
444.3541666666667 23.4978750753399 23.11663667370396
444.85416666666663 23.494360829312697 23.11374093883739
445.3541666666667 23.490871146966263 23.110867705414314
445.8541666666667 23.48738721069795 23.10799588403984
446.35416666666663 23.48393476617899 23.105146341291455
446.8541666666667 23.48048491648769 23.102303602057496
447.3541666666667 23.477061670062483 23.099462123887978
447.85416666666663 23.47366288177662 23.096648366457508
448.3541666666667 23.47026732692516 23.093830578386942
448.8541666666667 23.466898086561777 23.091035621314777
449.35416666666663 23.46355119308506 23.088255919015538
449.8541666666667 23.460216999611077 23.085471823158585
450.3541666666667 23.45690297841515 23.08270525816759
450.85416666666663 23.45359738313236 23.079943308797088
451.3541666666667 23.450316529885544 23.07720934571984
451.8541666666667 23.447062266308244 23.074473568295957
452.35416666666663 23.443830012061685 23.071761827914756
452.8541666666667 23.44058497438331 23.069050041495288
453.3541666666667 23.437400207139806 23.066354252486022
453.85416666666663 23.434213979220516 23.063676331278067
454.3541666666667 23.43104976411515 23.0610055343427
454.8541666666667 23.42790021699954 23.058350672546876
455.35416666666663 23.424782659674737 23.055691476343753
455.8541666666667 23.421676834582183 23.053063097947742
456.3541666666667 23.41858397705332 23.050448633187347
456.85416666666663 23.415526372813037 23.047834244095764
457.3541666666667 23.412476005642063 23.045243266543682
457.8541666666667 23.409457799450784 23.042660164088787
458.35416666666663 23.406448977984454 23.040080913696617
458.8541666666667 23.403473285578954 23.03752578037003
459.3541666666667 23.400505454140564 23.034984968719918
459.85416666666663 23.397554520772033 23.032454497523688
460.3541666666667 23.394651354262656 23.029924398304445
460.8541666666667 23.39175121327918 23.02742498057498
461.35416666666663 23.388861802090524 23.024938930484108
461.8541666666667 23.38600287663273 23.02246130807434
462.3541666666667 23.383158624916803 23.01999478243645
462.85416666666663 23.380339183645408 23.017533720925314
463.3541666666667 23.377537433181274 23.01508957049842
463.8541666666667 23.374734112883544 23.012661386847867
464.35416666666663 23.371972532597134 23.010227412261695
464.8541666666667 23.36921061212006 23.007806757823985
465.3541666666667 23.366462400089972 23.005407514223176
465.85416666666663 23.363733075985586 23.003005570441385
466.3541666666667 23.361006417716244 23.000621953116386
466.8541666666667 23.358312306989326 22.9982437761928
467.35416666666663 23.35562408374251 22.995877470117247
467.8541666666667 23.35293674860261 22.993506942759623
468.3541666666667 23.350287198425967 22.991157330632316
468.85416666666663 23.347636746320397 22.988820258967742
469.3541666666667 23.34501057999603 22.98648591294328
469.8541666666667 23.342387756479617 22.98416678746888
470.35416666666663 23.339778259191743 22.98185413288094
470.8541666666667 23.337194489451385 22.979551317596368
471.3541666666667 23.334617661931883 22.977248117806845
471.85416666666663 23.332058806549107 22.974956494038242
472.3541666666667 23.32949827392316 22.9726887413059
472.8541666666667 23.3269789398773 22.970423784332322
473.35416666666663 23.324457615771067 22.968168508800222
473.8541666666667 23.321952229779424 22.965917247498542
474.3541666666667 23.319458199395395 22.96367023383047
474.85416666666663 23.316976043668753 22.961446809984402
475.3541666666667 23.314517584899406 22.959216469892244
475.8541666666667 23.312065721614236 22.95700509238995
476.35416666666663 23.309620906559175 22.954805269347812
476.8541666666667 23.307201061473943 22.952611578841587
477.3541666666667 23.304783345197162 22.950416963636023
477.85416666666663 23.302388881925857 22.948236884679645
478.3541666666667 23.300000614489814 22.946068732440118
478.8541666666667 23.297634684987596 22.943911885228587
479.35416666666663 23.295269793679655 22.94174978437792
479.8541666666667 23.29293271822667 22.939608226009888
480.3541666666667 23.29059964041963 22.93747584169807
480.85416666666663 23.288283200954677 22.935358136319106
481.3541666666667 23.285978754611328 22.933232146490315
481.8541666666667 23.283683847257755 22.931125619115775
482.35416666666663 23.281407965280046 22.929018592840382
482.8541666666667 23.279153513246147 22.926935547272063
483.3541666666667 23.276881304655276 22.924849667835634
483.85416666666663 23.274644518316343 22.922771634502844
484.3541666666667 23.272413489188928 22.920701815750903
484.8541666666667 23.27021021598565 22.918654630068648
485.3541666666667 23.268002546576533 22.91660382720082
485.8541666666667 23.265820800163066 22.914561954506148
486.3541666666667 23.26364068579318 22.912526145604097
486.8541666666667 23.261468163761123 22.910500182756678
487.3541666666667 23.25933170128173 22.90848645063877
487.8541666666667 23.257186782215598 22.90647830379825
488.3541666666667 23.255057254032163 22.90448187014345
488.8541666666667 23.25294059439794 22.902492035501542
489.3541666666667 23.25083863337637 22.900507624101223
489.8541666666667 23.248758051365886 22.89852642324821
490.3541666666667 23.246685522682174 22.896568876923467
490.8541666666667 23.244629080903696 22.894601171372383
491.3541666666667 23.24257069051047 22.89265886804813
491.8541666666667 23.240539088198524 22.890712782209764
492.3541666666667 23.238510531956962 22.88878228635014
492.8541666666667 23.236499404225043 22.886855839241335
493.3541666666667 23.23449767684906 22.884937488997792
493.8541666666667 23.232516723227874 22.883027734864697
494.3541666666667 23.230531058336506 22.881126157217864
494.8541666666667 23.228570634902624 22.879228487163097
495.3541666666667 23.22661534451372 22.877346616644537
495.8541666666667 23.224677762084806 22.87547140435324
496.3541666666667 23.222750200850562 22.873599103031363
496.8541666666667 23.22082022187912 22.871731381568967
497.3541666666667 23.21892034573409 22.869877149695146
497.8541666666667 23.21702555602957 22.86802370776549
498.3541666666667 23.215132134549062 22.866186125232417
498.8541666666667 23.213258229980894 22.864347195048467
499.3541666666667 23.211384222230123 22.862519567034965
499.8541666666667 23.20952485476635 22.86070176163914
500.3541666666667 23.207686585896464 22.858884341062605
500.8541666666667 23.20583583994411 22.857076731863962
501.3541666666667 23.204016089330295 22.855270414127183
501.8541666666667 23.202203290345448 22.85348284269292
502.3541666666667 23.200394962157734 22.85169104618776
502.8541666666667 23.198598808358657 22.84991390809052
503.3541666666667 23.19681862684351 22.848138193185136
503.8541666666667 23.195034846499762 22.8463710399209
504.3541666666667 23.193275095174627 22.84461333156461
504.8541666666667 23.19152551929647 22.842861765943194
505.3541666666667 23.18978548401691 22.841114749462893
505.8541666666667 23.188058807253324 22.83937054482272
506.3541666666667 23.186322675176886 22.83764214361647
506.8541666666667 23.184612604790622 22.835926875553515
507.3541666666667 23.18290689011515 22.83420530209227
507.8541666666667 23.18122397756448 22.83249436465748
508.3541666666667 23.179545575224317 22.83079323643479
508.8541666666667 23.177872284442643 22.829090150643268
509.3541666666667 23.176217631758178 22.82740292085995
509.8541666666667 23.174567489993457 22.8257187015495
510.3541666666667 23.172914168825933 22.824038182683218
510.8541666666667 23.17129418258899 22.82237578625605
511.3541666666667 23.16968405530217 22.820713798038696
511.8541666666667 23.16808686081234 22.819053535831387
512.3541666666666 23.166477883273217 22.817407893316553
512.8541666666666 23.164888357933734 22.815772600420967
513.3541666666666 23.163316822551163 22.81414137062793
513.8541666666666 23.161748875329536 22.812510945961066
514.3541666666666 23.160197798259986 22.810891121427087
514.8541666666666 23.15863647137196 22.80927274774491
