FastTrWP/PhaseSpace/IAs/snIa_0.60_30.00_0.15_0.05.csv
# %ECSV 0.9
# ---
# datatype:
# - {name: time-rel, datatype: float64}
# - {name: g, datatype: float64}
# - {name: i, datatype: float64}
# schema: astropy-2.0
time-rel g i
131.75 26.9913461841318 24.83731592812505
132.25 26.979568967663155 24.829263714411262
132.75 26.967772625199082 24.82118197673969
133.25 26.956074542729667 24.813155317504993
133.75 26.944499783313276 24.805157166874384
134.25 26.932873669761996 24.79718167715091
134.75 26.92143761226832 24.789220199905586
135.25 26.909979064877835 24.78130708278194
135.75 26.898609294612335 24.773412814349758
136.25 26.88733292629502 24.76556708644909
136.75 26.87608178861251 24.75772720388729
137.25 26.864935340321026 24.749917349000498
137.75 26.853887785183804 24.742142102863646
138.25 26.84281944947088 24.734400916476787
138.75 26.83184584147499 24.726692775666027
139.25 26.820959236416726 24.718999648602985
139.75 26.81008138940809 24.711357630078915
140.25 26.799332272049327 24.703702333846962
140.75 26.78861867286084 24.696123286613933
141.25 26.77795427062501 24.6885507582247
141.75 26.767374794447974 24.68101073505819
142.25 26.756804406472234 24.673483160434703
142.75 26.746336277031567 24.666015492039016
143.25 26.735924193302004 24.658565673252816
143.75 26.725574852812684 24.651145951741494
144.25 26.715347297618514 24.643740852732154
144.75 26.705048915794855 24.636391817869153
145.25 26.694907080633495 24.629047033026175
145.75 26.68477127404698 24.62174010446087
146.25 26.674707427240293 24.614458830562874
146.75 26.664776675171936 24.60722129510063
147.25 26.654819889578096 24.59999505570262
147.75 26.644944539686854 24.59280231816567
148.25 26.635123888524397 24.585643583279055
148.75 26.625358656006654 24.578522490773626
149.25 26.615613920267837 24.571414394197856
149.75 26.60599761994228 24.56435777448453
150.25 26.596435943939227 24.55729392211809
150.75 26.58686799077681 24.550288900884425
151.25 26.577414151630798 24.543294790512235
151.75 26.567974612269293 24.53633845770384
152.25 26.558585349803035 24.52941985452414
152.75 26.549314336199146 24.522512631373253
153.25 26.540046654897836 24.51564185673023
153.75 26.53084610843313 24.508810014888113
154.25 26.521600708760186 24.501981859197492
154.75 26.51250096506412 24.495201787029018
155.25 26.503527413187854 24.48844822373325
155.75 26.49451170746914 24.48172335565073
156.25 26.485547554304535 24.475026484860905
156.75 26.476683801314 24.46834803988194
157.25 26.467844306793985 24.461719152052144
157.75 26.459024826535938 24.45509586866865
158.25 26.450328952134736 24.448527255303325
158.75 26.44157786037143 24.44195555830713
159.25 26.432947562930963 24.43543263655561
159.75 26.424364858287323 24.4289201753002
160.25 26.415807244676852 24.422423630522204
160.75 26.40730299251328 24.415956960809364
161.25 26.398796791775396 24.40948041819459
161.75 26.39036258429142 24.40305490273179
162.25 26.38197853677818 24.396622990290044
162.75 26.373628665816323 24.390210450328205
163.25 26.365289327720905 24.383836809910562
163.75 26.356986400743754 24.377451685076394
164.25 26.348790332312895 24.37110770586807
164.75 26.3405834028009 24.364769704267886
165.25 26.33234732794133 24.358442571867812
165.75 26.324260937740224 24.352148340466663
166.25 26.316135314218158 24.345871316529784
166.75 26.308061277204935 24.339596100149418
167.25 26.30006445531162 24.333371277628757
167.75 26.292025189437357 24.32713075981634
168.25 26.284073785303544 24.320933212678476
168.74999999999997 26.276130721846354 24.314739004865963
169.25 26.268224420078635 24.30856826126322
169.75 26.26038409716127 24.30243026453761
170.24999999999997 26.252621569183205 24.296284618350036
170.75 26.244790518382235 24.290189816440023
171.25 26.23701580975011 24.284081616074474
171.74999999999997 26.22932034748755 24.277990124571676
172.25 26.221602368599008 24.271969460951542
172.75 26.2139603176287 24.26593063428826
173.24999999999997 26.206305073442167 24.259915994367873
173.75 26.198719999845576 24.253913904249607
174.25 26.191153885456124 24.247934353025382
174.74999999999997 26.183576310326515 24.242000852989616
175.25 26.176132831253014 24.236071453383254
175.75 26.168616620202663 24.23014495211585
176.24999999999997 26.16120596550755 24.22426193828837
176.75 26.153734151384906 24.21837654796228
177.25 26.14635973491156 24.212520856688336
177.74999999999997 26.13900073680576 24.20671432447115
178.25 26.131691159541116 24.20090129648821
178.75 26.124389955943972 24.195101349015324
179.24999999999997 26.11712211984857 24.189342641654513
179.75 26.10988754969047 24.183582419698958
180.25 26.102679553263478 24.17784785868492
180.74999999999997 26.095457922345876 24.17213205050654
181.25 26.08833889984384 24.16645619196231
181.75 26.08119233566559 24.16077526933855
182.24999999999997 26.074097227558738 24.15514518180204
182.75 26.06702177647771 24.14951427637532
183.25 26.059926075916007 24.143914407799848
183.74999999999997 26.052927047664106 24.138324822853846
184.25 26.04594729864376 24.132758045718706
184.75 26.038961179675695 24.12721636602123
185.24999999999997 26.032033797792018 24.121690710071498
185.75 26.025106229628832 24.11619783246018
186.25 26.01821373349374 24.110712059670174
186.74999999999997 26.011350679316422 24.10525783716899
187.25 26.004536463174503 24.099806517136578
187.75 25.997723068339017 24.09439310751506
188.24999999999997 25.99090584023744 24.089001701704042
188.75 25.98410383932565 24.083620476181743
189.25 25.97739209959295 24.078257809548607
189.74999999999997 25.970672285217027 24.072929685409235
190.25 25.963964398286798 24.067622936540275
190.75 25.95731885436969 24.062329388486738
191.24999999999997 25.950697669776698 24.05704694663207
191.75 25.944049832354356 24.051810018447107
192.25 25.937446013460477 24.046568594880377
192.74999999999997 25.93085470920081 24.041361099273196
193.25 25.924296790398046 24.03616883157178
193.75 25.91780444572846 24.03098108026759
194.24999999999997 25.911291523257436 24.025856819580493
194.75 25.90480411838261 24.02073014795762
195.25 25.898350123448 24.01561527508418
195.74999999999997 25.891879042442817 24.010541386228343
196.25 25.885496992002956 24.005475441853534
196.75 25.87909854270983 24.000445478874628
197.24999999999997 25.872712352789865 23.99541268477737
197.75 25.866356937635608 23.99041350556893
198.25 25.860046351237504 23.985416340036075
198.74999999999997 25.853714747324837 23.9804377550727
199.25 25.847455355191528 23.975493477312696
199.75 25.841219761047164 23.970551964561025
200.24999999999997 25.834974834087497 23.965598521571508
200.75 25.828714582872962 23.960674868285782
201.25 25.82254168984327 23.955767843811763
201.74999999999997 25.81636926855085 23.95087756259575
202.25 25.810233349132915 23.945993387723785
202.75 25.8041038454107 23.941124985755028
203.24999999999997 25.79796688169963 23.936281719882167
203.75 25.79191045003549 23.93143511813954
204.25 25.78583810125491 23.926612696027014
204.74999999999997 25.77979454203347 23.921785176617195
205.25 25.7737551534939 23.91698882016637
205.75 25.767738894785598 23.91220862779431
206.24999999999997 25.761741759399897 23.907429102508505
206.75 25.75580146370288 23.90266244883979
207.25 25.749853090099194 23.897933866332526
207.74999999999997 25.743917282955607 23.89318667625824
208.25 25.73799209492339 23.8884701465295
208.75 25.732079833769234 23.883766685328478
209.24999999999997 25.726236858708145 23.879079599689824
209.75 25.72037530151972 23.87440433371948
210.25 25.71451195124412 23.86975365631834
210.74999999999997 25.708718069324412 23.865106401806226
211.25 25.702923738659102 23.86047562622324
211.75 25.697108286010245 23.855863135947764
212.24999999999997 25.691329342162046 23.851256651609305
212.75 25.685579030104094 23.84665586044807
213.25 25.67985658648556 23.84208436381109
213.74999999999997 25.67412328308903 23.837528869113992
214.25 25.668384437145168 23.832976641864107
214.75 25.66275332067231 23.82843834956072
215.24999999999997 25.65707479362284 23.823915896787597
215.75 25.651421579505 23.81941164762995
216.25 25.645736487901427 23.814924238470123
216.74999999999997 25.64013769423129 23.81045605453204
217.25 25.634530127685476 23.806005188736922
217.75 25.628915033158787 23.801549237255273
218.24999999999997 25.623348120615077 23.79710980964429
218.75 25.617796745758064 23.79269174093065
219.25 25.612245007502427 23.788289208788505
219.74999999999997 25.606666514700667 23.783897773780787
220.25 25.601184924983883 23.77951170124827
220.75 25.595684734877693 23.775158525611108
221.24999999999997 25.590158359213127 23.770815188622464
221.75 25.584691677537478 23.766480645087036
222.25 25.579218139629237 23.762172046784645
222.74999999999997 25.573774631260555 23.757858293472292
223.25 25.568364179831427 23.75356275757325
223.75 25.56290863681012 23.749300559048176
224.24999999999997 25.557505862926572 23.745041300084388
224.75 25.5521143351733 23.740793492831152
225.25 25.546738731703442 23.73656563884807
225.74999999999997 25.541355333794783 23.732348876827423
226.25 25.53597620206007 23.728147047230248
226.75 25.530684274135943 23.723965091547377
227.24999999999997 25.525332158995457 23.719795714142045
227.75 25.519986690868507 23.71562805116151
228.25 25.514694403586113 23.71148347206141
228.74999999999997 25.509401524438566 23.70735884839602
229.25 25.504126982323903 23.703250561457615
229.75 25.498849674932032 23.69914366361393
230.24999999999997 25.493573601953887 23.695052809067096
230.75 25.48835151515505 23.690980083384815
231.25 25.48308017067101 23.68693046152501
231.74999999999997 25.47787542381887 23.68288028346878
232.25 25.472676873992025 23.678851585921766
232.75 25.467469604753006 23.67484004795103
233.25 25.462248337059208 23.670838085588063
233.75 25.45708218337832 23.666865088822586
234.25 25.451923479145414 23.66289254460537
234.75 25.446763871882684 23.658933887804757
235.25 25.44161059244565 23.654990978161496
235.75 25.43648224731852 23.65107161362343
236.25 25.431336790242387 23.647163470755697
236.75 25.426241837888973 23.643265465677704
237.25 25.421139163731823 23.63935461844655
237.75 25.416055515808814 23.635494478153106
238.25 25.410994298003832 23.63163346077885
238.75 25.405901775304862 23.627787135827862
239.25 25.400900213095092 23.623941591699975
239.75 25.395821868649378 23.620121322121115
240.25 25.390823447139198 23.61630686939607
240.75 25.385785643357984 23.612493338206264
241.25 25.380788942449275 23.608714251231326
241.75 25.375813172857818 23.604921061976427
242.25 25.370818339279783 23.601160763334622
242.75 25.365857200673567 23.597406951891426
243.25 25.360892420871714 23.593657989177323
243.75 25.355941859256074 23.589920787339373
244.25 25.351035468781244 23.586189117097835
244.75 25.346101373235793 23.582484222316772
245.25 25.341197267102913 23.57877669220082
245.75 25.33631706301123 23.57509563945596
246.25 25.331417814419638 23.571405967323184
246.75 25.326532118380637 23.56774117417836
247.25 25.32168682908003 23.564079089541423
247.75 25.316790604766556 23.56042920449298
248.25 25.31194877521233 23.5567881029403
248.75 25.30711782634508 23.55315045575084
249.25 25.302324402042426 23.549539276165532
249.75 25.297503599348317 23.545933036609725
250.25 25.292696794791176 23.54233668237169
250.75 25.287907245008515 23.538737611600453
251.25 25.283139024435627 23.53516655389587
251.75 25.278380802407206 23.531583930951363
252.25 25.27363191596313 23.528042683762497
252.75 25.268846506860164 23.52447733723761
253.25 25.264108784490595 23.52095419825835
253.75 25.259379321957205 23.51740437752493
254.25 25.254657780142054 23.513884918098114
254.75 25.24994250696102 23.510368113275447
255.25 25.24527113308377 23.50685656897136
255.75 25.240581172226438 23.503374103323612
256.25 25.235888608455937 23.499891672860187
256.75 25.231228833312503 23.496398227787946
257.25 25.226553858710773 23.492940986568666
257.75 25.22189457066421 23.4894712346081
258.25 25.21725914321353 23.486027407423585
258.75 25.212654532307223 23.482572496713615
259.25 25.208018228351104 23.479144438147024
259.75 25.203419806169368 23.475721283746903
260.25 25.198821537685603 23.472297862026647
260.75 25.194221985956133 23.468892429228298
261.25 25.189650976324984 23.46548782558047
261.75 25.185077365390004 23.462091041458656
262.25 25.180499995468615 23.458709866041367
262.75 25.175959349946858 23.455322678115987
263.25 25.171404110663417 23.45195136058107
263.75 25.166876702454108 23.44859206452839
264.25 25.16231215835106 23.445244972228195
264.75 25.15782469464572 23.441890426864557
265.25 25.153318192371312 23.43855678127834
265.75 25.148808216156887 23.435217261070044
266.25 25.144324585530192 23.43189408883259
266.75 25.13983504386957 23.428584201426695
267.25 25.13534887843935 23.425272620018486
267.75 25.130900072625924 23.42197242318605
268.25 25.12644343438467 23.418675889606035
268.75 25.12198071360264 23.415387050233093
269.25 25.117553635583107 23.412102679065736
269.75 25.11314863842211 23.408837885839333
270.25 25.108703062729315 23.405567188937297
270.75 25.104278189691392 23.402314825921643
271.25 25.09988802893673 23.399049695662548
271.75 25.095489400099765 23.39579878303287
272.25 25.091083670658513 23.392571512918273
272.75 25.086714795375844 23.389339349868322
273.25 25.082315341187375 23.386101766189185
273.75 25.077982335220028 23.38288426620764
274.25 25.073613467016223 23.379679002747853
274.75 25.069244624981746 23.37647103621157
275.25 25.064928759839745 23.373278003973045
275.75 25.060605041155824 23.370082287987675
276.25 25.05631333527933 23.36690172537883
276.75 25.051977662153895 23.3637309534451
277.25 25.04767312677231 23.36056467725003
277.75 25.043363294149735 23.357404930484233
278.25 25.03909572283144 23.354237118597048
278.75 25.034807132471315 23.351099117615036
279.25 25.03053702075684 23.347959403770044
279.75 25.026292717139054 23.34482358460481
280.25 25.022017937564634 23.341700125417887
280.75 25.017798692317047 23.338594752283633
281.25 25.013547266709008 23.33548058785457
281.75 25.009312008600514 23.33237191635291
282.25 25.005115320314513 23.32928094403167
282.75 25.000928304280098 23.32619142328992
283.25 24.996699796567576 23.323102579592174
283.75 24.992512263341755 23.320027882258767
284.25 24.988334877478536 23.316965395162104
284.75 24.98416296544406 23.31389753002179
285.25 24.979986937741188 23.310836353378516
285.75 24.975844538364285 23.30778908413485
286.25 24.971684130874845 23.30474618415525
286.75 24.967514739839896 23.301704258281664
287.25 24.96339444785949 23.298672287250675
287.75 24.95923691970561 23.295666770785132
288.25 24.955148021880923 23.292638899647056
288.75 24.951016041380363 23.289622147719125
289.25 24.94690844388352 23.28662718380267
289.75 24.94279996213059 23.283613358184393
290.25 24.938728568571467 23.280618267805345
290.75 24.934626723080875 23.27762618006785
291.25 24.93057594186919 23.274652014228696
291.75 24.926498789128892 23.27168080830862
292.25 24.922404453677146 23.26870037391803
292.75 24.918369844096524 23.26574332018508
293.25 24.914308870219287 23.262778437025396
293.75 24.910277004823218 23.259833653182884
294.25 24.90621606797031 23.25688020322531
294.75 24.902198369421804 23.253941271183024
295.25 24.898165979719494 23.250995950813163
295.75 24.894161685667676 23.248068052365156
296.25 24.890143724134663 23.245146990955433
296.75 24.886156792934372 23.242225825030374
297.25 24.88214597367659 23.239304799156262
297.75 24.878172105337395 23.23640013685433
298.25 24.874184644706627 23.23349336994868
298.75 24.870202495011014 23.230592375873766
299.25 24.866253800195185 23.227702752725268
299.75 24.862268714059855 23.224806535433217
300.25 24.858306290813644 23.221915826372484
300.75 24.85436812509122 23.219041748650987
301.25 24.850423284507826 23.21616820995681
301.75 24.84648759764987 23.213300690139068
302.25 24.84252805989643 23.210442917807175
302.75 24.838616054042475 23.207572164195163
303.25 24.83469634494635 23.204718941036315
303.75 24.83078353811564 23.201863628931264
304.25 24.826867846948076 23.199022479573777
304.75 24.822979439253317 23.19618286628102
305.25 24.81908930345982 23.193346621647883
305.75 24.81519073601213 23.19050546235866
