FastTrWP/PhaseSpace/IAs/snIa_0.36_30.00_-0.18_-0.21.csv
# %ECSV 0.9
# ---
# datatype:
# - {name: time-rel, datatype: float64}
# - {name: g, datatype: float64}
# - {name: i, datatype: float64}
# schema: astropy-2.0
time-rel g i
[from data line 1767]
1077.0 23.86352312665482 23.162720676934548
1077.5 23.865626837789954 23.163591773074277
1078.0 23.867739092041 23.16447363179106
1078.5 23.86984163017717 23.16534821620245
1079.0 23.871967603641203 23.166225235748858
1079.5 23.874084803888586 23.167096722792397
1080.0 23.876212363772723 23.167982754323077
1080.5 23.878336076081467 23.1688362450532
1081.0 23.880449568489492 23.169718406612617
1081.5 23.8825832993871 23.1706045421431
1082.0 23.884718175235484 23.17147104834593
1082.5 23.886845521795635 23.17234080626163
1083.0 23.88898263784773 23.173216526490332
1083.5 23.891117657815236 23.174098614907773
1084.0 23.89326615316742 23.17497071848313
1084.5 23.895409976269875 23.175841537915105
1085.0 23.89755620979678 23.176719001509337
1085.5 23.89970059623378 23.177588271374667
1086.0 23.901869062093812 23.178462498235746
1086.5 23.9040281967406 23.1793382075524
1087.0 23.90617820031725 23.18021092341302
1087.5 23.908362779657768 23.181086728889703
1088.0 23.910537814471375 23.181962760916313
1088.5 23.9127261443317 23.182833739676493
1089.0 23.914896341274705 23.18371346354073
1089.5 23.917079327278298 23.18458469084719
1090.0 23.91927761390442 23.185461951087664
1090.5 23.92147313035506 23.18635462865521
1091.0 23.92368528743717 23.187224218911425
1091.5 23.925891912609313 23.188086500218994
1092.0 23.928092518872333 23.188975633470147
1092.5 23.930295071655006 23.189850709466953
1093.0 23.932502903828194 23.190731824665423
1093.5 23.934732426379924 23.191604905270914
1094.0 23.936965149826595 23.19247785180252
1094.5 23.939188576411684 23.193364718820362
1095.0 23.941407142117036 23.194233032383917
1095.5 23.943645420697663 23.195115401836443
1096.0 23.94588527728334 23.195981924155294
1096.5 23.948116931201604 23.196854148723645
1097.0 23.950360202376242 23.1977361987504
1097.5 23.952602910062495 23.198624910648995
1098.0 23.954844036205024 23.19949373753593
1098.5 23.957111430832132 23.200368406903905
1099.0 23.959357515020837 23.201247677555124
1099.5 23.961611367476245 23.202123835712605
1100.0 23.96386426586153 23.202992649287918
1100.5 23.96613695827254 23.203859127146956
1101.0 23.968371195766526 23.20474329493758
1101.5 23.970654660941978 23.205606633788044
1102.0 23.972918503573943 23.20649245666068
1102.5 23.975180180807566 23.20737140738484
1103.0 23.977454964052907 23.20824384597693
1103.5 23.97972710287032 23.209114905293333
1104.0 23.981997221114536 23.209981158014735
1104.5 23.984275567724893 23.210855604029966
1105.0 23.986543267453072 23.211727928987994
1105.5 23.988804864924536 23.212600437515466
1106.0 23.991095620723012 23.21346910914112
1106.5 23.993368104965455 23.214343758138853
1107.0 23.995659033304236 23.215198801466464
1107.5 23.99793364765051 23.216080412041382
1108.0 24.00020585224594 23.216941693811055
1108.5 24.002487209007093 23.217816802535545
1109.0 24.004776729100428 23.21867387717898
1109.5 24.007049202281404 23.219541188623367
1110.0 24.00932053642554 23.220418198192196
1110.5 24.011601750355513 23.221270093458422
1111.0 24.01388699082288 23.222136187170854
1111.5 24.016164911076903 23.222996603641356
1112.0 24.018454079516367 23.22386316176274
1112.5 24.02072219741406 23.224722983870564
1113.0 24.023012846537224 23.225581743010913
1113.5 24.02528254413034 23.226440002361045
1114.0 24.027560446014835 23.227305718602857
1114.5 24.029830373217237 23.228163240119507
1115.0 24.032112683766684 23.229016314360763
1115.5 24.034370835108383 23.22986833475102
1116.0 24.036647158175786 23.23072813296427
1116.5 24.038913281057837 23.231585205193035
1117.0 24.041195172781784 23.232438636654752
1117.5 24.043463063715006 23.233288095519995
1118.0 24.045723743155914 23.234139471851808
1118.5 24.047988674491386 23.234995501311513
1119.0 24.050256030559 23.235838272963957
1119.5 24.052527176339254 23.236693036997135
1120.0 24.054800678290214 23.23754226816796
1120.5 24.057074184803284 23.238385391752626
1121.0 24.05935561931043 23.239241817955882
1121.5 24.061630323627185 23.240087296466832
1122.0 24.0639022403139 23.240937148999418
1122.5 24.066164451666403 23.241785170191225
1123.0 24.068445556117602 23.242617393912294
1123.5 24.070742285101794 23.24346086361799
1124.0 24.073008976658908 23.24431625232549
1124.5 24.07530566004305 23.245162951878378
1125.0 24.077567181799072 23.246002243528523
1125.5 24.079850402070576 23.246856300357607
1126.0 24.082133806130948 23.247687683191582
1126.5 24.08442347731372 23.248528077360334
1127.0 24.086686999471127 23.249384939913735
1127.5 24.088988501305106 23.25020723209063
1128.0 24.091272220583928 23.251066143905156
1128.5 24.093552060634693 23.251895148779727
1129.0 24.095844044380605 23.252728339553727
1129.5 24.09812552047335 23.25357237779771
1130.0 24.100411726451455 23.254408468485494
1130.5 24.102694054610332 23.255245192646395
1131.0 24.10498038952082 23.256073584721708
1131.5 24.107267466194426 23.256909460711263
1132.0 24.10953601638952 23.25774503390536
1132.5 24.111849945635925 23.258581511404735
1133.0 24.114128540299554 23.259412956858903
1133.5 24.116410067217107 23.260245968658126
1134.0 24.118708086838584 23.261075629060297
1134.5 24.12099706396248 23.261910337920042
1135.0 24.123281611759964 23.262742299406064
1135.5 24.1255524198078 23.263569329455983
1136.0 24.12784977226775 23.264387752866774
1136.5 24.130142937310893 23.265234767551945
1137.0 24.132424147785766 23.266054392887206
1137.5 24.134713254057747 23.26687053719568
1138.0 24.136980023260016 23.26771041091858
1138.5 24.139282093072225 23.268528060439728
1139.0 24.141556497321574 23.269352861199472
1139.5 24.143856573943467 23.27017266446163
1140.0 24.146138618316726 23.27099419155332
1140.5 24.148411984143724 23.271819504338445
1141.0 24.150708785143877 23.27264133261123
1141.5 24.152988321314055 23.273455471515952
1142.0 24.15527918306858 23.274286208245073
1142.5 24.15754862951563 23.275090812680453
1143.0 24.159827187945616 23.275913623244463
1143.5 24.162104094560675 23.276726774288466
1144.0 24.164374983951298 23.277535975218484
1144.5 24.16665796443249 23.27837056003424
1145.0 24.16892388076687 23.279171526100946
1145.5 24.171207233948962 23.279985889688305
1146.0 24.173481014593683 23.280792333818777
1146.5 24.17575174098915 23.281601366949474
1147.0 24.178024797454817 23.282403922066045
1147.5 24.180304770872525 23.28322270851958
1148.0 24.18256352116851 23.28403205239898
1148.5 24.184832143816113 23.28483150851611
1149.0 24.187095978705525 23.285647488513405
1149.5 24.189350800372843 23.286446330071225
1150.0 24.19162928820752 23.28724981338491
1150.5 24.193897164549902 23.28804706351019
1151.0 24.196149938362893 23.28885218185224
1151.5 24.198425558306912 23.289656508196586
1152.0 24.200680505613356 23.290454951039163
1152.5 24.2029350930126 23.291253425233535
1153.0 24.20519684939315 23.29205499857914
1153.5 24.207463209837215 23.292843714596213
1154.0 24.209714394342335 23.2936488710472
1154.5 24.21198223234721 23.294442224316253
1155.0 24.21423410459262 23.29523395528405
1155.5 24.216500382060868 23.296033466759045
1156.0 24.218745450717805 23.296818179292952
1156.5 24.221007268465833 23.29762227944307
1157.0 24.22325773432565 23.29841691335506
1157.5 24.22551847911977 23.299196863805637
1158.0 24.227778956458646 23.299985693487457
1158.5 24.230023966848293 23.300782492847794
1159.0 24.23225491216986 23.30156251681972
1159.5 24.234525669474326 23.30236114725148
1160.0 24.236765921525677 23.303143803077084
1160.5 24.23903471167149 23.303919658635017
1161.0 24.24125913630678 23.304710554203897
1161.5 24.24350800914787 23.30549312445087
1162.0 24.24575601449211 23.30626899880756
1162.5 24.24801533140918 23.30705278702203
1163.0 24.250244562955196 23.30784210421897
1163.5 24.25248037210999 23.308620177054827
1164.0 24.25473438187105 23.309398019882174
1164.5 24.256963396865498 23.310182833497173
1165.0 24.259207249347988 23.310945861161933
1165.5 24.261429435640128 23.31173742042035
1166.0 24.263669761869604 23.31251045209447
1166.5 24.265903896024497 23.313280624797446
1167.0 24.268120961436544 23.314045913041927
1167.5 24.270358073999475 23.314813692750086
1168.0 24.2725867185403 23.315592138337205
1168.5 24.274813184042774 23.31635761870741
1169.0 24.277038293689937 23.317132571234822
1169.5 24.27926040545945 23.317889599967447
1170.0 24.281497758489795 23.31865763586043
1170.5 24.2836881752949 23.319431844550333
1171.0 24.285916225603206 23.320201220961295
1171.5 24.28814325984908 23.320950484277194
1172.0 24.29034894540034 23.321725132138784
1172.5 24.292570182919885 23.322468368521974
1173.0 24.29477434151256 23.323242606396875
1173.5 24.296966142679274 23.32399516555452
1174.0 24.29918245249216 23.324751337536792
1174.5 24.301369650284308 23.32550846202611
1175.0 24.30357680003954 23.326267548885767
1175.5 24.3057882029035 23.327015168537237
1176.0 24.307969570512622 23.32777288066705
1176.5 24.310177688602323 23.32851937335864
1177.0 24.312357068077667 23.329269810953956
1177.5 24.314555777304776 23.33002170374334
1178.0 24.31675411695928 23.330773570651996
1178.5 24.318917994872542 23.331515503897325
1179.0 24.32109638277346 23.332255744922726
1179.5 24.323288142361914 23.332998412966756
1180.0 24.325454055472022 23.333746085601163
1180.5 24.32763548122614 23.33449625842064
1181.0 24.329803223550872 23.335234523685443
1181.5 24.331976054268864 23.33597113641069
1182.0 24.334147967782485 23.336714042736496
1182.5 24.336296534308623 23.33745435711557
1183.0 24.33845850159183 23.338178640542434
1183.5 24.340612549105558 23.338923324842035
1184.0 24.342759512795386 23.33964341462223
1184.5 24.344912448771687 23.340380931690316
1185.0 24.34707373540046 23.341119022566332
1185.5 24.34920969651124 23.341838484845177
1186.0 24.351357462485893 23.34257101904429
1186.5 24.353508073020237 23.343305551664493
1187.0 24.355655201372688 23.34402331023645
1187.5 24.357799541282397 23.34475586569386
1188.0 24.35992448262937 23.345481030732344
1188.5 24.362062751296815 23.346212104917825
1189.0 24.364186666842084 23.346925875547942
1189.5 24.366331096643073 23.347654801604634
1190.0 24.368466260375396 23.348361389136862
1190.5 24.37057706677896 23.349088833661916
1191.0 24.37271815405093 23.349803306225205
1191.5 24.374823260160447 23.350518231524447
1192.0 24.37693839712216 23.35124633499381
1192.5 24.37905271041471 23.35195491472357
1193.0 24.38116132721892 23.35265900391331
1193.5 24.38328256554717 23.353369546803066
1194.0 24.385382637252132 23.3540898942346
1194.5 24.387482451262073 23.35479896979553
1195.0 24.389582674148965 23.355504275514065
1195.5 24.391672433707665 23.356214927486576
1196.0 24.393770799182196 23.356919060164472
1196.5 24.395868253555836 23.35762518869899
1197.0 24.397933861176853 23.35833444187933
1197.5 24.40002281883306 23.35903489887295
1198.0 24.402116085388936 23.359722154396266
1198.5 24.40418083765088 23.360435821970803
1199.0 24.406235859776963 23.361134776778435
1199.5 24.408326858357587 23.361828645105813
1200.0 24.410391024181415 23.362526023189044
1200.5 24.412469767522165 23.363222769461768
1201.0 24.414516574168754 23.363917533727143
1201.5 24.416564284749953 23.36461145117302
1202.0 24.418612494243163 23.36529302692446
1202.5 24.420662706297097 23.36598050180487
1203.0 24.422692186131385 23.36666556257052
1203.5 24.424724986036924 23.367340587552256
1204.0 24.426777961490245 23.36804603300164
1204.5 24.428803805329036 23.3687215496982
1205.0 24.430829707786145 23.369409875620676
1205.5 24.43284438650886 23.370082805244664
1206.0 24.434860464034514 23.37075564407555
1206.5 24.436861038341405 23.37143711736356
1207.0 24.438871308212708 23.37210955651873
1207.5 24.44086786524233 23.372786966834767
1208.0 24.442872203707925 23.373461640086404
1208.5 24.444873487287005 23.374121801532436
1209.0 24.446857951507248 23.374803418301045
1209.5 24.448835185541157 23.37546894492168
1210.0 24.45080817358081 23.37614398222754
1210.5 24.45278460847629 23.376801438876228
1211.0 24.454760079966803 23.377461536925985
1211.5 24.456737197476794 23.37812641880921
1212.0 24.458675595437853 23.378782583738985
1212.5 24.460614712867823 23.379446227047524
1213.0 24.462555962278824 23.380101590954695
1213.5 24.464517389879713 23.380748222874992
1214.0 24.466437113067784 23.38141137944045
1214.5 24.468370516857973 23.3820571822271
1215.0 24.470309895595328 23.382710786767596
1215.5 24.472224006376425 23.38335150818372
1216.0 24.47411977006024 23.384003483171636
1216.5 24.476025212776765 23.384653268639223
1217.0 24.477900837601748 23.385281764149795
1217.5 24.479797980299335 23.385923758115645
1218.0 24.48168713482584 23.386557189422767
1218.5 24.483530821711497 23.38718398478434
1219.0 24.485391185536535 23.38781695418714
1219.5 24.487230648730936 23.38845132864118
1220.0 24.489080299900692 23.389083097950007
1220.5 24.49091212565768 23.389699065526457
1221.0 24.492744312610007 23.39031722610863
1221.5 24.49455248982654 23.390940961984104
1222.0 24.496366174852703 23.391551497996282
1222.5 24.498176197931777 23.392175340841455
1223.0 24.499964939051676 23.392786064331577
1223.5 24.501730903028317 23.39339661447486
1224.0 24.50352087741235 23.39400021814417
1224.5 24.50529629621618 23.39461613603365
1225.0 24.50705758747123 23.395217003278855
1225.5 24.508820158672506 23.395818538392792
1226.0 24.51057269628363 23.396426721981474
1226.5 24.512312726853082 23.39703014617229
1227.0 24.514076928208578 23.397623714652052
1227.5 24.51580099268535 23.398220909775258
1228.0 24.51752662084516 23.398813724918103
1228.5 24.519259259745464 23.399408305930645
1229.0 24.520996119654235 23.400006492219614
1229.5 24.52269481616328 23.40059844827264
1230.0 24.52439835329193 23.401180024274673
1230.5 24.52611376794501 23.40177492586839
1231.0 24.527822347587485 23.40236045269222
1231.5 24.52952785536968 23.402947069964462
1232.0 24.531226469695188 23.403520221553652
1232.5 24.532913409292682 23.40411305514668
1233.0 24.53459551897007 23.40470522040794
1233.5 24.536296270294255 23.40529052559839
1234.0 24.537971553696288 23.40587566960702
1234.5 24.539632864991503 23.406447835376053
1235.0 24.54131689035854 23.407034016845977
1235.5 24.542981525878854 23.407615153727193
1236.0 24.544691532338057 23.408192651061736
1236.5 24.546331605475867 23.408777754947472
1237.0 24.548016271102174 23.409352562433302
1237.5 24.54966815060792 23.40993703532776
1238.0 24.551328788473754 23.410515645975508
1238.5 24.55300924605136 23.411102077479477
1239.0 24.55466551054655 23.411665174423625
1239.5 24.556336768823208 23.41225875599612
1240.0 24.55799991906681 23.412832084161053
1240.5 24.559665055632255 23.413409365289223
1241.0 24.561313279759762 23.413995974761743
1241.5 24.562979926559308 23.414567486458676
1242.0 24.56464395668583 23.415144685318033
1242.5 24.56628580166206 23.41573335260732
1243.0 24.567972074342187 23.41630149186976
1243.5 24.569606699432516 23.4168895419829
1244.0 24.571301146152457 23.417467337765213
1244.5 24.57296729211748 23.418042885612785
1245.0 24.574635455706645 23.41863832133038
1245.5 24.576296113809345 23.419214385726566
1246.0 24.577959868579462 23.41979429358718
1246.5 24.57964052172691 23.420379147643743
1247.0 24.581330554647298 23.420966582183695
1247.5 24.583002199947117 23.421557575007235
1248.0 24.58470042321718 23.422141409870644
1248.5 24.586348758852544 23.42272412682282
1249.0 24.58804517764568 23.423309477197087
1249.5 24.589704468989176 23.42388254624214
1250.0 24.591379690676717 23.42447564928127
1250.5 24.593050345708875 23.425056419096105
1251.0 24.59470942549409 23.425631654296662
1251.5 24.596342834174536 23.426214464733157
1252.0 24.597987782990636 23.42678456998062
1252.5 24.599651766917148 23.427367701372383
1253.0 24.601279276779003 23.427944736239162
1253.5 24.60291976735839 23.428518258254986
1254.0 24.604545358148204 23.42909114469971
1254.5 24.60617941916466 23.429664805908423
1255.0 24.607809964454177 23.430229753982893
1255.5 24.609426834186632 23.430814351084432
1256.0 24.611059243174118 23.431390585458995
1256.5 24.61265850711341 23.431956697203567
1257.0 24.614280144808784 23.43252635183784
