FastTrWP/PhaseSpace/IAs/snIa_0.61_30.00_3.31_0.07.csv
# %ECSV 0.9
# ---
# datatype:
# - {name: time-rel, datatype: float64}
# - {name: g, datatype: float64}
# - {name: i, datatype: float64}
# schema: astropy-2.0
time-rel g i
[from data line 574]
307.3541666666667 24.376508269908573 22.562185648505988
307.8541666666667 24.374606726787675 22.560512094211767
308.3541666666667 24.372694183856286 22.55884624850539
308.8541666666667 24.370800368989677 22.557169318373646
309.3541666666667 24.368923515351042 22.555514106702486
309.8541666666667 24.36702399461735 22.553850516943648
310.3541666666667 24.36513136724136 22.55220531812975
310.8541666666667 24.36323118253422 22.550563249000817
311.3541666666667 24.361362831198573 22.54891783329414
311.8541666666667 24.359461155546214 22.54728484224787
312.3541666666667 24.35757076661732 22.545650087379727
312.8541666666667 24.355701400598917 22.544033865929748
313.3541666666667 24.35385253315455 22.54241452645139
313.8541666666667 24.351950617233072 22.54080036667382
314.3541666666667 24.350086493016036 22.539197415198224
314.8541666666667 24.348237534307287 22.537586515303932
315.3541666666667 24.346385024971696 22.535997630856308
315.8541666666667 24.344504533641743 22.534401160659613
316.3541666666667 24.342649431584064 22.532816610675287
316.8541666666667 24.34078676773982 22.53123233405441
317.3541666666667 24.33895086492378 22.52965693524676
317.8541666666667 24.33711018187294 22.52808595895319
318.3541666666667 24.335261677898746 22.526513000408418
318.8541666666667 24.333410789407527 22.524957119020517
319.3541666666667 24.33156952771266 22.52339637336238
319.8541666666667 24.329725619544227 22.521837473872644
320.3541666666667 24.32789182983251 22.52029536251882
320.8541666666667 24.32606206228931 22.51875251823353
321.3541666666667 24.324255551851355 22.51721315773658
321.8541666666667 24.32241446040748 22.515690708290343
322.3541666666667 24.320596775086102 22.514149455037874
322.8541666666667 24.318778608348047 22.51263130997728
323.3541666666667 24.31694737041029 22.51111047104349
323.8541666666667 24.315139353611343 22.509597730140506
324.3541666666667 24.31332367090029 22.50809288561382
324.8541666666667 24.311528503102945 22.506583632263467
325.3541666666667 24.309711001220712 22.505082037724556
325.8541666666667 24.30790183558336 22.503595010518588
326.3541666666667 24.306099666722712 22.502099652415705
326.8541666666667 24.30430904579197 22.500611527372705
327.3541666666667 24.302496324833317 22.499130190148875
327.8541666666667 24.300727502075596 22.4976661962944
328.3541666666667 24.29890043058274 22.496185436604407
328.8541666666667 24.297130387356113 22.4947215285493
329.3541666666667 24.295331439288272 22.49326020285695
329.8541666666667 24.293545063146254 22.491792898964125
330.3541666666667 24.291763349127045 22.49034413152923
330.8541666666667 24.289985034354782 22.48888768258619
331.3541666666667 24.288195081996527 22.487444066526017
331.8541666666667 24.28642010664097 22.48600683462149
332.3541666666667 24.284649605317846 22.484573073806683
332.8541666666667 24.28288318787019 22.483131889998145
333.3541666666667 24.281097062990604 22.48171071324319
333.8541666666667 24.279331393622844 22.480285845977313
334.3541666666667 24.277583756032026 22.47886299077251
334.8541666666667 24.275821924544946 22.477455427971268
335.3541666666667 24.274038270778924 22.476033607439398
335.8541666666667 24.27231761302552 22.474631820495034
336.3541666666667 24.270559846294624 22.473226806688498
336.8541666666667 24.268788024597843 22.471826154087115
337.3541666666667 24.26702586842265 22.470431527127506
337.8541666666667 24.26527920141219 22.469041297679414
338.3541666666667 24.26354295862698 22.467655642304685
338.8541666666667 24.261802457770266 22.466270614249424
339.3541666666667 24.26005536359944 22.464895499758963
339.8541666666667 24.258303240000814 22.463523951535134
340.3541666666667 24.256557254099064 22.462150298837706
340.8541666666667 24.254837455489856 22.460784513580833
341.3541666666667 24.25310822419188 22.45942565350991
341.8541666666667 24.25136613657328 22.458062093565616
342.3541666666667 24.249637197058735 22.45671844426349
342.8541666666667 24.247901960975447 22.45536482337943
343.3541666666667 24.24618719695177 22.45401208935535
343.8541666666667 24.244450503392855 22.452670573977148
344.3541666666667 24.242730447652093 22.451334765597824
344.8541666666667 24.241000911298983 22.450008326407286
345.3541666666667 24.23928721058664 22.44866727368604
345.8541666666667 24.237574104980396 22.447346781423295
346.3541666666667 24.235853487373753 22.44602051904218
346.8541666666667 24.234154756406333 22.444702169078763
347.3541666666667 24.23243199066611 22.443388192649838
347.8541666666667 24.230714777578353 22.44207085834036
348.3541666666667 24.22901968443375 22.440767447866342
348.8541666666667 24.22731191717503 22.439460176628426
349.3541666666667 24.225595607437235 22.43815572240761
349.8541666666667 24.223890114150993 22.43685380222354
350.3541666666667 24.22217885453113 22.435565365791796
350.8541666666667 24.220458518627296 22.43427469841243
351.3541666666667 24.21872929487035 22.432983545326
351.8541666666667 24.217024504734393 22.43169433741363
352.3541666666667 24.21531857712332 22.43041278427224
352.8541666666667 24.21360309996434 22.42913821398237
353.3541666666667 24.21189661298478 22.427862035445543
353.8541666666667 24.21018520741218 22.42658575623163
354.3541666666667 24.20847341387838 22.425316925670597
354.8541666666667 24.20675823042589 22.424051711164132
355.3541666666667 24.205048299205593 22.42279808668211
355.8541666666667 24.203348511543588 22.421539850703724
356.3541666666667 24.201621194334926 22.42028329711495
356.8541666666667 24.199913043042333 22.41903199962103
357.3541666666667 24.198227564975113 22.41778115082362
357.8541666666667 24.196519121725863 22.41654070526686
358.3541666666667 24.194817252693266 22.41530415907522
358.8541666666667 24.193106212115474 22.414066379430736
359.3541666666667 24.191427997738316 22.41283082880386
359.8541666666667 24.189720846306653 22.411599179579554
360.35416666666663 24.188012118292384 22.410373950843944
360.8541666666667 24.186344185372768 22.40915138855595
361.3541666666667 24.184649075788577 22.40793444257795
361.85416666666663 24.182943573438248 22.406716045759204
362.3541666666667 24.181261290597995 22.405514255049468
362.8541666666667 24.179582383656427 22.404307545660696
363.35416666666663 24.1778970273578 22.403098504511224
363.8541666666667 24.176224186479548 22.4018951724921
364.3541666666667 24.17453766113294 22.400706037280894
364.85416666666663 24.17287737830183 22.399515859959944
365.3541666666667 24.171223630906535 22.39831890570757
365.8541666666667 24.16954357676907 22.397128982042243
366.35416666666663 24.167877996543957 22.395951113085776
366.8541666666667 24.166223411299455 22.394775353137888
367.3541666666667 24.164564826261184 22.393599775046965
367.85416666666663 24.16290917142607 22.392437775149972
368.3541666666667 24.1612684388809 22.391268203858413
368.8541666666667 24.15962370649933 22.39010386963679
369.35416666666663 24.15797279456377 22.388940469788356
369.8541666666667 24.15633936695215 22.38779041560688
370.3541666666667 24.154698394278835 22.386644717967332
370.85416666666663 24.153074932500754 22.38549226380791
371.3541666666667 24.15144948556415 22.38435109092352
371.8541666666667 24.149823686914967 22.38321492469131
372.35416666666663 24.148206394625483 22.38207469570898
372.8541666666667 24.146586548271447 22.380948496635543
373.3541666666667 24.14498164335197 22.379813523269746
373.85416666666663 24.14337545790024 22.378695876052493
374.3541666666667 24.141792324775835 22.377576247000682
374.8541666666667 24.140197457051645 22.37645559731176
375.35416666666663 24.13858863970358 22.375348099573817
375.8541666666667 24.137007600627747 22.374238975630853
376.3541666666667 24.13545587270538 22.37314252904021
376.85416666666663 24.133881121203448 22.372037557115473
377.3541666666667 24.132292077917484 22.370947659136373
377.8541666666667 24.130752484360624 22.369851781312924
378.35416666666663 24.129184470211854 22.368768618840853
378.8541666666667 24.12762712960417 22.367682701134303
379.3541666666667 24.126087582970477 22.36660346535313
379.85416666666663 24.12454663103801 22.36552789291093
380.3541666666667 24.123012258620204 22.364460720809795
380.8541666666667 24.121464824673083 22.363388417309075
381.35416666666663 24.11995824275648 22.36232913950475
381.8541666666667 24.11843153091398 22.361272729663256
382.3541666666667 24.116937960346085 22.360211685512432
382.85416666666663 24.115423964122925 22.35917216137329
383.3541666666667 24.11391678655601 22.35812541713309
383.8541666666667 24.112433389448423 22.357076278947815
384.35416666666663 24.110934175757706 22.356039097977817
384.8541666666667 24.10947110758826 22.355009364307932
385.3541666666667 24.107997508442814 22.353984492282514
385.85416666666663 24.106533405855217 22.352953091772257
386.3541666666667 24.105073578161704 22.351936372195524
386.8541666666667 24.10362298574416 22.35091227096622
387.35416666666663 24.10214653146065 22.349906777453576
387.8541666666667 24.100696841206734 22.34889741351462
388.3541666666667 24.099256857898954 22.347893176549782
388.85416666666663 24.09780760857087 22.346881279134116
389.3541666666667 24.0963707633961 22.34587670715141
389.8541666666667 24.094927034093953 22.34488073899918
390.35416666666663 24.093505598120075 22.343891564029402
390.8541666666667 24.09206496500934 22.34290215176906
391.3541666666667 24.090634448256935 22.341908002476494
391.85416666666663 24.0892119338464 22.34092603854905
392.3541666666667 24.08778637294642 22.33994153484435
392.8541666666667 24.086355786421393 22.338971956452927
393.35416666666663 24.084924497368906 22.337993980583384
393.8541666666667 24.083525716957684 22.33702388304891
394.3541666666667 24.082123856102562 22.336056584241128
394.85416666666663 24.08070343454259 22.33509410519035
395.3541666666667 24.079323854169374 22.334130248851977
395.8541666666667 24.07792076093864 22.33317124139451
396.35416666666663 24.076522880212178 22.332215552981687
396.8541666666667 24.07512026305656 22.331266406870235
397.3541666666667 24.07373179247635 22.33031974816881
397.85416666666663 24.072353726360276 22.329381737976167
398.3541666666667 24.070963637290713 22.328432789783
398.8541666666667 24.06959086753971 22.327502351178214
399.35416666666663 24.06820177640435 22.326565790516927
399.8541666666667 24.066844283188033 22.32563697200557
400.3541666666667 24.06544874736918 22.324711430148795
400.85416666666663 24.064108115115985 22.323785758300726
401.3541666666667 24.062748341998955 22.32286565059323
401.8541666666667 24.061395013542352 22.321949597352187
402.35416666666663 24.060034557014944 22.321036971367143
402.8541666666667 24.058683857960467 22.320131148512697
403.3541666666667 24.057358323232847 22.31922862744662
403.85416666666663 24.05601768042361 22.31832033653255
404.3541666666667 24.054688350653297 22.31742066765812
404.8541666666667 24.05334862241475 22.316529612541245
405.35416666666663 24.052015883010842 22.315638523692897
405.8541666666667 24.050708129620414 22.314749056348276
406.3541666666667 24.049379451783114 22.313861577203582
406.85416666666663 24.048071096786437 22.312993368318892
407.3541666666667 24.046773421471762 22.31211222654858
407.8541666666667 24.045465002588564 22.311240479116773
408.35416666666663 24.044164519477356 22.310372143090138
408.8541666666667 24.04287563338393 22.309496810081313
409.3541666666667 24.041588489272222 22.308636271479124
409.85416666666663 24.04030970020477 22.30778406344976
410.3541666666667 24.039021869706644 22.30691908194106
410.8541666666667 24.037738855474533 22.306067710308227
411.35416666666663 24.03646246122211 22.30522657529088
411.8541666666667 24.03521418236444 22.304380792474767
412.3541666666667 24.03393711749681 22.30353995744531
412.85416666666663 24.032679614289375 22.302704391682518
413.3541666666667 24.031459169714857 22.30187521260418
413.8541666666667 24.03020091252173 22.301041998151746
414.35416666666663 24.028948127373884 22.300215901590377
414.8541666666667 24.027723053748083 22.29939289334485
415.3541666666667 24.026495045664205 22.29857622790105
415.85416666666663 24.025266058428052 22.2977637779019
416.3541666666667 24.0240508332888 22.296959010359963
416.8541666666667 24.02284161181354 22.29614887034307
417.35416666666663 24.02162316019663 22.29533753527211
417.8541666666667 24.02042769612666 22.294547551641312
418.3541666666667 24.01922334732799 22.293753578310778
418.85416666666663 24.018025659189384 22.292960383840633
419.3541666666667 24.01685156481825 22.292174035485864
419.8541666666667 24.015656936495887 22.291387106016405
420.35416666666663 24.014484540922506 22.29061256880282
420.8541666666667 24.01330560155866 22.289830483935052
421.3541666666667 24.012144186832312 22.28905984266063
421.85416666666663 24.010987125281265 22.288288300464913
422.3541666666667 24.009826473831023 22.28752964511584
422.8541666666667 24.00868434305103 22.286767955171097
423.35416666666663 24.00754756269585 22.28601672938285
423.8541666666667 24.00640610259309 22.285264773811413
424.3541666666667 24.005261447274094 22.28450765756136
424.85416666666663 24.00413854925391 22.28377003168868
425.3541666666667 24.003018967899216 22.283027242586797
425.8541666666667 24.001912953193226 22.282290669395152
426.35416666666663 24.000790094293723 22.28155212963397
426.8541666666667 23.999696394605486 22.280812859592565
427.3541666666667 23.998586206678148 22.28009321437053
427.85416666666663 23.997474338229985 22.279364428793407
428.3541666666667 23.99640563201133 22.278645674637104
428.8541666666667 23.995302150946458 22.277923965580225
429.35416666666663 23.99421395982291 22.27721008682903
429.8541666666667 23.993123657802027 22.27649432523449
430.3541666666667 23.99205235942835 22.27579038771506
430.85416666666663 23.99098324224104 22.27508643067861
431.3541666666667 23.989907392633796 22.274374641638047
431.8541666666667 23.988830532476115 22.2736793485035
432.35416666666663 23.98777837308199 22.2729859748644
432.8541666666667 23.98671862094442 22.272291002271952
433.3541666666667 23.98566914172436 22.271602909951994
433.85416666666663 23.984621553783416 22.270917344286232
434.3541666666667 23.98357292302457 22.270241479951494
434.8541666666667 23.982533702398527 22.269555680916394
435.35416666666663 23.98148350730723 22.268879832530452
435.8541666666667 23.98046454608312 22.268196480160938
436.3541666666667 23.979425525625157 22.267533088554757
436.85416666666663 23.978401549115787 22.266874026449713
437.3541666666667 23.977384792982328 22.26621174139703
437.8541666666667 23.976368318074638 22.265543921317146
438.35416666666663 23.975360656565734 22.26488598150432
438.8541666666667 23.97435108754091 22.264232661296965
439.3541666666667 23.973343731911903 22.263590711320468
439.85416666666663 23.972338497128995 22.262946434993374
440.3541666666667 23.971345445951876 22.26230385328121
440.8541666666667 23.970367449257438 22.261658923287566
441.35416666666663 23.96937163276081 22.261021200390495
441.8541666666667 23.96841468763065 22.260391206809054
442.3541666666667 23.96741772108601 22.25976239114508
442.85416666666663 23.966447887011437 22.259136706677154
443.3541666666667 23.965479585713926 22.258513787007132
443.8541666666667 23.964512686941074 22.257891646017583
444.35416666666663 23.963553916683207 22.257276903806414
444.8541666666667 23.962589678006644 22.256666927467023
445.3541666666667 23.96165013508922 22.25605725722463
445.85416666666663 23.96069185779384 22.255450645042473
446.3541666666667 23.959746011853483 22.25484501511778
446.8541666666667 23.958806428256363 22.254247166501713
447.35416666666663 23.95788254160109 22.25365820420023
447.8541666666667 23.956944824324783 22.253065817118625
448.3541666666667 23.95601364171994 22.25247544662902
448.85416666666663 23.95509399626291 22.25188966767652
449.3541666666667 23.954177901235756 22.251311239167194
449.8541666666667 23.953270834862916 22.25072279782672
450.35416666666663 23.952356008153064 22.250161097623998
450.8541666666667 23.95144729675224 22.249588355781533
