FastTrWP/PhaseSpace/IAs/snIa_0.64_30.00_-0.19_0.25.csv
# %ECSV 0.9
# ---
# datatype:
# - {name: time-rel, datatype: float64}
# - {name: g, datatype: float64}
# - {name: i, datatype: float64}
# schema: astropy-2.0
time-rel g i
[from data line 1155]
762.1458333333334 25.18655403934517 22.15297681596473
762.6458333333333 25.188230304715308 22.153264804380637
763.1458333333334 25.189872905937598 22.15355257455109
763.6458333333334 25.191539490508966 22.153847230754415
764.1458333333333 25.193223667567576 22.15413594839712
764.6458333333334 25.194893757196635 22.154429739390544
765.1458333333334 25.196571541398463 22.154722489315613
765.6458333333333 25.198230524371724 22.155023626063084
766.1458333333334 25.19989842059314 22.155313775302208
766.6458333333334 25.20156423832023 22.15562078781179
767.1458333333333 25.20325675539798 22.155918405477237
767.6458333333334 25.204942742378243 22.15622107100854
768.1458333333334 25.20663787563293 22.15652114590648
768.6458333333333 25.20827135708092 22.156826062585164
769.1458333333334 25.209969413999808 22.157132599465985
769.6458333333334 25.211674519667877 22.157441181721445
770.1458333333333 25.21335859776462 22.157755112052435
770.6458333333334 25.21503435849204 22.158060198931167
771.1458333333334 25.21673767600831 22.158369862949957
771.6458333333333 25.21841517690938 22.158687234210785
772.1458333333334 25.220112827442826 22.159000182097806
772.6458333333334 25.221795473526925 22.15932299526528
773.1458333333333 25.223524117015366 22.159637883492394
773.6458333333334 25.22518995015684 22.159959766673186
774.1458333333334 25.22689563996064 22.160278615803133
774.6458333333333 25.228607657119127 22.160603088509284
775.1458333333334 25.230313890549322 22.160922688359964
775.6458333333334 25.23199836643945 22.161250313387377
776.1458333333333 25.233727826523165 22.161577518072914
776.6458333333334 25.235431209671827 22.161903023950842
777.1458333333334 25.2371419159458 22.162234507407828
777.6458333333333 25.238846080780313 22.162571104105155
778.1458333333334 25.24057527075111 22.162903824138603
778.6458333333334 25.242289666934195 22.163236281800845
779.1458333333333 25.244012830907305 22.163574178320097
779.6458333333334 25.245741548912434 22.16391538642746
780.1458333333334 25.24741777589337 22.164252119167827
780.6458333333333 25.24916136992029 22.164593685948702
781.1458333333334 25.25088621481546 22.164941316662645
781.6458333333334 25.252637411864814 22.165287187568786
782.1458333333333 25.25434395142641 22.165631721375828
782.6458333333334 25.256092145632095 22.165978227296673
783.1458333333334 25.25781550006153 22.166332212901402
783.6458333333333 25.259536633501227 22.16668388261033
784.1458333333334 25.261287141770147 22.167037367783102
784.6458333333334 25.263031707730633 22.167393117786457
785.1458333333333 25.264777683502793 22.16774723602187
785.6458333333334 25.266516679096313 22.16810762888857
786.1458333333334 25.26826512687574 22.168463691830382
786.6458333333333 25.270025321439924 22.168832254250816
787.1458333333334 25.27176162946599 22.16919100071391
787.6458333333334 25.273533690710043 22.169552723857375
788.1458333333333 25.275279496448448 22.169923875441697
788.6458333333334 25.277054616660948 22.170290466194878
789.1458333333334 25.278776870124595 22.170656063525513
789.6458333333333 25.280551729071195 22.171032343733952
790.1458333333334 25.28229895515544 22.17140618894212
790.6458333333334 25.284058900677945 22.171783196058
791.1458333333333 25.28583876704523 22.172156971039747
791.6458333333334 25.28761588346172 22.172537526020008
792.1458333333334 25.289375028196083 22.172915650805027
792.6458333333333 25.291178049378896 22.17329270977217
793.1458333333334 25.29290372776194 22.173676869811292
793.6458333333334 25.294674596432294 22.17405780502358
794.1458333333333 25.296469965313996 22.174442117243032
794.6458333333334 25.29824602348348 22.174825841226653
795.1458333333334 25.30002107498167 22.175213793889952
795.6458333333333 25.301797787825212 22.17560661514419
796.1458333333334 25.303582455427964 22.176001709546185
796.6458333333334 25.305360363520645 22.17638707074814
797.1458333333333 25.30715419477485 22.176782709599934
797.6458333333334 25.308968652714693 22.177183062776177
798.1458333333334 25.310739898374848 22.177578414643577
798.6458333333333 25.312526971198853 22.177976511474146
799.1458333333334 25.314343412896957 22.17837302293475
799.6458333333334 25.31612508338948 22.178773984204344
800.1458333333333 25.317909593098165 22.17918480747992
800.6458333333334 25.319717309371256 22.17958563805962
801.1458333333334 25.32151877068405 22.179993242564137
801.6458333333333 25.32332389833777 22.180396749341522
802.1458333333334 25.325120964879062 22.18080304366452
802.6458333333334 25.32693466664518 22.181214268613928
803.1458333333333 25.328755460987587 22.181632439683202
803.6458333333334 25.33055732245114 22.182033059043032
804.1458333333334 25.332365569024983 22.18244874170969
804.6458333333333 25.334191078192806 22.182867436126614
805.1458333333334 25.33602909245399 22.18328046818111
805.6458333333334 25.337812188961458 22.183705512726245
806.1458333333333 25.339638353798467 22.18412178299934
806.6458333333334 25.34146154589529 22.1845430845895
807.1458333333334 25.343291956045043 22.184968877513043
807.6458333333333 25.345118693868397 22.185387341412373
808.1458333333334 25.34693978801436 22.185811879630197
808.6458333333334 25.34876079555524 22.18624590687289
809.1458333333333 25.350595492234742 22.186665286917133
809.6458333333334 25.352416651684585 22.18709857974918
810.1458333333334 25.35425631170599 22.187531318303762
810.6458333333333 25.356083566367026 22.18796523427782
811.1458333333334 25.35791734742467 22.1883879143294
811.6458333333334 25.359753190618854 22.188827750106515
812.1458333333333 25.361607919415924 22.18926136105501
812.6458333333334 25.36343411564396 22.189699431856297
813.1458333333334 25.365284793553172 22.190139637241373
813.6458333333333 25.367115997625334 22.19057908200661
814.1458333333334 25.368973820679592 22.191015041578627
814.6458333333334 25.370810158193887 22.191459005037593
815.1458333333333 25.3726875802567 22.19190725207406
815.6458333333334 25.37452713538751 22.192349333563023
816.1458333333334 25.376372045059878 22.192796256093924
816.6458333333333 25.378222367979305 22.193242512469062
817.1458333333334 25.380101617102437 22.19369494686169
817.6458333333334 25.381973815442016 22.194147303003923
818.1458333333333 25.3838350225625 22.194609256626276
818.6458333333334 25.385708377430888 22.19506672441421
819.1458333333334 25.387567758643563 22.195524796096695
819.6458333333333 25.38946391834973 22.195987825377387
820.1458333333334 25.391347079742594 22.196446139146786
820.6458333333334 25.393229865664942 22.196911745459047
821.1458333333333 25.39511234433965 22.197375342026668
821.6458333333334 25.39699821726995 22.197839241795116
822.1458333333334 25.398896874502974 22.198310613205603
822.6458333333333 25.400787139443445 22.198781685493707
823.1458333333334 25.402669954256748 22.199262151490963
823.6458333333334 25.40456358926742 22.199731501867536
824.1458333333333 25.40645676479915 22.200208506590236
824.6458333333334 25.40840098350726 22.200686875654647
825.1458333333334 25.4102880436751 22.20116263973899
825.6458333333333 25.41217727715557 22.201641711991996
826.1458333333334 25.41408759101725 22.202130698351073
826.6458333333334 25.416016675830413 22.202612738320127
827.1458333333333 25.417928874136887 22.20309577350732
827.6458333333334 25.419851224399146 22.203584500050532
828.1458333333334 25.421745984944252 22.20407275045622
828.6458333333333 25.42370572391473 22.20455964587454
829.1458333333334 25.42562321035343 22.205051608340888
829.6458333333334 25.427550615126428 22.205547761844254
830.1458333333333 25.4294660715756 22.206043538958387
830.6458333333334 25.431393513848462 22.206538419214926
831.1458333333334 25.433319318689335 22.207033761555852
831.6458333333333 25.43526358907354 22.207536409473803
832.1458333333334 25.43718200986587 22.208028068633993
832.6458333333334 25.439140941139904 22.208530648376083
833.1458333333333 25.44103414276875 22.209041067901666
833.6458333333334 25.442990168716552 22.209541855537243
834.1458333333334 25.444928106747152 22.210044376348925
834.6458333333333 25.446891372713512 22.210552513118202
835.1458333333334 25.44884485791405 22.21105793947291
835.6458333333334 25.450764227549065 22.21156854187974
836.1458333333333 25.452728701344082 22.212087749380395
836.6458333333334 25.454654334291202 22.212591060563295
837.1458333333334 25.456615842531157 22.213105259486106
837.6458333333333 25.458552319244774 22.21361752139776
838.1458333333334 25.460472956064947 22.21413021080422
838.6458333333334 25.46241795508513 22.214653131169815
839.1458333333333 25.464393198667583 22.21517111076117
839.6458333333334 25.466335156931482 22.21568801803275
840.1458333333334 25.46830273755579 22.21620541972248
840.6458333333333 25.47024326775189 22.216736153660083
841.1458333333334 25.472220095151073 22.21724442564554
841.6458333333334 25.474145053977466 22.21777812952558
842.1458333333333 25.476110866050462 22.218296490606107
842.6458333333334 25.478077099134918 22.218827984100564
843.1458333333334 25.480031589118056 22.219354879286644
843.6458333333333 25.481963277196247 22.219879357568885
844.1458333333334 25.483922651795456 22.22040585797216
844.6458333333334 25.485886981183366 22.2209382512119
845.1458333333333 25.48781578415057 22.22147036696866
845.6458333333334 25.4897732717426 22.221993704324113
846.1458333333334 25.49173289806471 22.222525508156025
846.6458333333333 25.493693357124144 22.22305540790337
847.1458333333334 25.495631365789038 22.22360507790462
847.6458333333334 25.497597027892837 22.22412902306344
848.1458333333333 25.49953430073511 22.224666429227895
848.6458333333334 25.501530438548517 22.225203790248177
849.1458333333334 25.503474661317256 22.2257420595477
849.6458333333333 25.505392298493 22.22628185671666
850.1458333333334 25.507325147529393 22.22682569249669
850.6458333333334 25.509274900455722 22.227358280470195
851.1458333333333 25.511241892509528 22.227901306639197
851.6458333333334 25.513191230102628 22.228442719224304
852.1458333333334 25.51515992119853 22.228983444331384
852.6458333333333 25.517092644872108 22.229522029042165
853.1458333333334 25.51904790577136 22.230069474226
853.6458333333334 25.520973357368103 22.230606662103117
854.1458333333333 25.52292516491274 22.231158212971746
854.6458333333334 25.52484103206053 22.231699292422288
855.1458333333334 25.526815439792788 22.232241821888557
855.6458333333333 25.528736819152286 22.2328030030228
856.1458333333334 25.530691863504305 22.233347403927315
856.6458333333334 25.532650561965585 22.233901502665645
857.1458333333333 25.53459912241012 22.23445348990567
857.6458333333334 25.53652177144692 22.235004627300125
858.1458333333334 25.538473071391113 22.23555978680086
858.6458333333333 25.540409395684073 22.236113223300684
859.1458333333334 25.54237540142691 22.23667247295444
859.6458333333334 25.5443088806327 22.23723376130004
860.1458333333333 25.54626475271006 22.23779225672946
860.6458333333334 25.54820870990075 22.238353512316166
861.1458333333334 25.550147008185885 22.23891717917056
861.6458333333333 25.552121332334444 22.239482505122822
862.1458333333334 25.55405354262877 22.24003967132496
862.6458333333334 25.556022954926412 22.240615833243442
863.1458333333333 25.55795944632473 22.24117807132216
863.6458333333334 25.55990991255934 22.24174964405226
864.1458333333334 25.56184413605223 22.242321211527344
864.6458333333333 25.56382115039024 22.242884831622703
865.1458333333334 25.565739527543837 22.24345491022085
865.6458333333334 25.567696304090553 22.244038198036304
866.1458333333333 25.569672688177608 22.244610363607276
866.6458333333334 25.571618429341495 22.24518091731094
867.1458333333334 25.57357381270693 22.24576088005367
867.6458333333333 25.575508569740467 22.24633275179105
868.1458333333334 25.577464844778625 22.246924447729878
868.6458333333334 25.57944665715231 22.247509353997753
869.1458333333333 25.581360944673087 22.248084265291656
869.6458333333334 25.58334319027301 22.24866096914077
870.1458333333334 25.585275346601833 22.249250741084765
870.6458333333333 25.587243893394334 22.24983322564349
871.1458333333334 25.58921785357009 22.250421700624145
871.6458333333334 25.591146563384402 22.251008318429705
872.1458333333333 25.593111300697345 22.25159696017167
872.6458333333334 25.59504161790898 22.252191365094657
873.1458333333334 25.597003410115455 22.252774147585157
873.6458333333333 25.598964502848393 22.253367379244008
874.1458333333334 25.60089590784581 22.253959946358446
874.6458333333334 25.602856985709717 22.254553447021813
875.1458333333333 25.604850692936093 22.255151748016186
875.6458333333334 25.60675531641561 22.25574811271965
876.1458333333334 25.608735453390437 22.256341436076504
876.6458333333333 25.610663662968346 22.256937805337348
877.1458333333334 25.612628247583903 22.257540415286353
877.6458333333334 25.614565530292378 22.258144649220107
878.1458333333333 25.61654862178586 22.258741822441724
878.6458333333334 25.618516876830117 22.25934765133973
879.1458333333334 25.620446966275786 22.25994411061288
879.6458333333333 25.622396698393885 22.26055232687497
880.1458333333334 25.62433828182988 22.26115527205941
880.6458333333334 25.626323358833105 22.26176091665906
881.1458333333333 25.628250813017893 22.262374828294917
881.6458333333334 25.6302040627359 22.262979325761606
882.1458333333334 25.632160342272524 22.263587651239135
882.6458333333333 25.63411336499323 22.26420109247689
883.1458333333334 25.636079994008863 22.264812329546636
883.6458333333334 25.638017546497707 22.265415585066336
884.1458333333333 25.639972431065047 22.266032071991567
884.6458333333334 25.641966900277737 22.266646822124056
885.1458333333334 25.643878366261077 22.26726949601876
885.6458333333333 25.645823977990297 22.26788370385197
886.1458333333334 25.647788285774553 22.26849882171941
886.6458333333334 25.649758317386304 22.269113590201908
887.1458333333333 25.651689249090175 22.269740800023094
887.6458333333334 25.653643109112934 22.27035118248008
888.1458333333334 25.655595257753482 22.27097452893127
888.6458333333333 25.657536103011658 22.271602707745977
889.1458333333334 25.659482013712914 22.27222182035532
889.6458333333334 25.661418375970978 22.272841230300486
890.1458333333333 25.663379658621892 22.273463397283273
890.6458333333334 25.665284413024864 22.274091509617087
891.1458333333334 25.667272057429358 22.27471956295425
891.6458333333333 25.669213620846488 22.275344161700204
892.1458333333334 25.671153724177707 22.27597211829721
892.6458333333334 25.673126186868416 22.276601882162677
893.1458333333333 25.675050847609782 22.277231657078097
893.6458333333334 25.677006579349097 22.27786001893625
894.1458333333334 25.678920761796835 22.278493375272447
894.6458333333333 25.68086210297072 22.279123962425484
895.1458333333334 25.68281295468285 22.279766296173182
895.6458333333334 25.68474647300394 22.28039301433025
896.1458333333333 25.6866872102854 22.281028190625204
896.6458333333334 25.688648183684755 22.281666525130177
897.1458333333334 25.690570730253167 22.282301416821248
897.6458333333333 25.69250440833363 22.28294082673067
898.1458333333334 25.694469407288732 22.28358604822807
898.6458333333334 25.696393979943892 22.284223108681168
899.1458333333333 25.698327806012845 22.284868246838947
899.6458333333334 25.700264898049458 22.285514465289523
900.1458333333334 25.70220105814929 22.286160568201048
900.6458333333333 25.70414531255853 22.28680668551956
901.1458333333334 25.706076609104898 22.28745707362893
901.6458333333334 25.70800332900625 22.288100024600148
902.1458333333333 25.70994526029817 22.288752541486506
902.6458333333334 25.7118685442463 22.289402985147543
903.1458333333334 25.713818979697344 22.290051486406846
903.6458333333333 25.715726776103075 22.290704105868446
904.1458333333334 25.71768350927796 22.291357392346907
904.6458333333334 25.719556451238468 22.292009762598887
905.1458333333333 25.7215157970928 22.2926682630492
905.6458333333334 25.723439266258392 22.29332648188612
906.1458333333334 25.725360408543168 22.293982876285163
