FastTrWP/PhaseSpace/IAs/snIa_0.33_30.00_-0.22_-0.03.csv
# %ECSV 0.9
# ---
# datatype:
# - {name: time-rel, datatype: float64}
# - {name: g, datatype: float64}
# - {name: i, datatype: float64}
# schema: astropy-2.0
time-rel g i
[from data line 1415]
287.5 23.376842385007798 22.687763079511356
287.9999999999999 23.37842606556051 22.68866652073833
288.5 23.380022747875223 22.68957822643834
289.0 23.38161323077272 22.690489852359047
289.4999999999999 23.38322431953607 22.69140782652442
290.0 23.384819350788888 22.69231949601849
290.5 23.38642020124786 22.693243958251685
290.9999999999999 23.388022395573472 22.694162539413924
291.5 23.389633707968635 22.69508451945269
292.0 23.39124381480213 22.696015823281886
292.4999999999999 23.392849379820625 22.69694461657917
293.0 23.394467584943918 22.69787624585884
293.5 23.39608551284681 22.69882507208361
293.9999999999999 23.397697235153355 22.699768362636025
294.5 23.399327743801898 22.700720805692743
295.0 23.40093533332228 22.701676162196286
295.4999999999999 23.402554892384163 22.7026439500489
296.0 23.40419884548328 22.703600972479144
296.5 23.405818937551466 22.704572424039924
296.9999999999999 23.407464105944214 22.705551253276113
297.5 23.409088865102202 22.706529735467058
298.0 23.410729077333382 22.707515962327243
298.4999999999999 23.4123615693343 22.708506644763343
299.0 23.414004645938963 22.70949273134553
299.5 23.4156415709816 22.710499474762024
299.9999999999999 23.417291511016224 22.71150044447612
300.5 23.418953044296096 22.712496182984676
301.0 23.420586853609556 22.7135072746538
301.4999999999999 23.42224005705145 22.714519205857393
302.0 23.42389556028479 22.715534279099693
302.5 23.42554215965947 22.716557050436613
302.9999999999999 23.42720912850684 22.71757245959481
303.5 23.42884590554791 22.718606256344916
304.0 23.43051847712666 22.719636392545212
304.4999999999999 23.432193177152108 22.72066094855394
305.0 23.43384918466972 22.721690603838663
305.5 23.435512895815855 22.72272754765008
305.9999999999999 23.437172310634715 22.723775494466715
306.5 23.438854724234307 22.724816266670864
307.0 23.44052537673036 22.72585527966752
307.4999999999999 23.44220559472387 22.726903763219074
308.0 23.44387180859976 22.727956161201227
308.5 23.44555357388254 22.729009291681233
308.9999999999999 23.447235942329087 22.730060608611854
309.5 23.448901879105083 22.73110710454109
310.0 23.45058610281437 22.732169380924642
310.4999999999999 23.452274609869054 22.733230449451884
311.0 23.453967536723642 22.734291783188816
311.5 23.45565121885221 22.73534856285854
311.9999999999999 23.457328747584384 22.736414552627807
312.5 23.45902764102588 22.737472968304367
313.0 23.460722937780446 22.738538516352115
313.4999999999999 23.462409698714165 22.739606089572636
314.0 23.464105905194263 22.740669157779543
314.5 23.46579511551351 22.741736794928254
314.9999999999999 23.46748836991366 22.742812042916682
315.5 23.46918847878946 22.743873130475087
316.0 23.470894193386197 22.74494807351466
316.4999999999999 23.472600356509723 22.746014470823223
317.0 23.47429645066039 22.747078295532308
317.5 23.475997986954656 22.748152009412106
317.9999999999999 23.47769716259431 22.74921935843778
318.5 23.479404424036524 22.750286294142235
319.0 23.481113989501686 22.75136001115034
319.4999999999999 23.48281220003422 22.752422269828365
320.0 23.48453258907494 22.753485517032605
320.5 23.4862365366517 22.75455240259211
320.9999999999999 23.487948132839335 22.75561870519827
321.5 23.4896669342405 22.756686466867883
322.0 23.491373821957183 22.757751882915084
322.4999999999999 23.493083483903426 22.75880591376232
323.0 23.494807493991765 22.759871549579024
323.5 23.49651833800444 22.760929050747954
323.9999999999999 23.49822713446883 22.7619884146513
324.5 23.499937246869237 22.76303893364124
325.0 23.501659474822926 22.764098437784554
325.4999999999999 23.503376086817518 22.76516013169577
326.0 23.505091225654144 22.766218539220514
326.5 23.506833170414065 22.767285577646568
326.9999999999999 23.50854983493545 22.76834358362138
327.5 23.51027408581833 22.76942014727483
328.0 23.512012615889045 22.77048989568517
328.4999999999999 23.51373955996121 22.771555062802896
329.0 23.51547157247705 22.77262130196991
329.5 23.517197428867917 22.773699852431935
329.9999999999999 23.518934984210183 22.774770994378144
330.5 23.520673118733253 22.77585474869562
331.0 23.522403889812765 22.776935195603187
331.4999999999999 23.524147916955258 22.778013065256356
332.0 23.525873664067657 22.779098880636756
332.5 23.52761569875412 22.780176099776334
332.9999999999999 23.52937811642224 22.781263128820086
333.5 23.53111487511919 22.782340135899272
334.0 23.53286545827723 22.783425850227005
334.4999999999999 23.534617536264456 22.78451345691137
335.0 23.53635878185216 22.785600610913704
335.5 23.538116565498516 22.786685196588593
335.9999999999999 23.539867997939293 22.78778922528376
336.5 23.541626331664 22.78887084382645
337.0 23.543385843853798 22.789958124891207
337.4999999999999 23.54513628912501 22.791055393905747
338.0 23.546891236303253 22.79214483477714
338.5 23.548652989542905 22.793233143151678
338.9999999999999 23.550411181394253 22.794329853179573
339.5 23.552179267173408 22.795414545746382
340.0 23.55393548795638 22.79650899485452
340.4999999999999 23.555703412844423 22.797604797222224
341.0 23.55746965153117 22.798699986440276
341.5 23.559250673922524 22.799784851101368
341.9999999999999 23.561010202442887 22.800872930544
342.5 23.562773176893536 22.801969336235686
343.0 23.56454643117651 22.803060298856032
343.4999999999999 23.566321700637282 22.804156592975286
344.0 23.568098470835412 22.80525072451299
344.5 23.569866663728117 22.806338380854697
344.9999999999999 23.571648669789656 22.80741883934408
345.5 23.573437623089614 22.80850804509679
346.0 23.575201306123382 22.80960686015053
346.4999999999999 23.576991514675605 22.810681262787437
347.0 23.578768849553434 22.811774888792193
347.5 23.580549373899796 22.81285799707613
347.9999999999999 23.582341032750996 22.813943484790524
348.5 23.584123582790934 22.815031445290135
349.0 23.58590391450643 22.816110492271324
349.4999999999999 23.587691320587965 22.817190665279373
350.0 23.589475925806497 22.81826261823535
350.5 23.591272932163776 22.81934380259644
350.9999999999999 23.59306592174136 22.82042177178066
351.5 23.594860268575516 22.821489212616317
352.0 23.59664118064501 22.82256582599573
352.4999999999999 23.598440585909536 22.82364360783003
353.0 23.60023243484097 22.824712783328497
353.5 23.602026834516423 22.825770038115664
353.9999999999999 23.60382416276247 22.826847938179696
354.5 23.605610673477084 22.827905686998715
355.0 23.60743240290015 22.82896351555181
355.4999999999999 23.609219999379253 22.83001521752931
356.0 23.611014400381197 22.831087666849477
356.5 23.612815486053403 22.832134036122564
356.9999999999999 23.61462745080275 22.833176350508776
357.5 23.616416589161787 22.83423885546537
358.0 23.618233874723305 22.835284220637075
358.4999999999999 23.620017127029243 22.83634042911945
359.0 23.621829533786972 22.83739143751823
359.5 23.62363909679747 22.838437227964775
359.9999999999999 23.625445888506622 22.839479243990112
360.5 23.62725566460957 22.840521943921285
361.0 23.62907203082753 22.841561799757745
361.4999999999999 23.630885396067356 22.84261167382168
362.0 23.63268793818408 22.843648242156284
362.5 23.63450802629677 22.844683957083237
362.9999999999999 23.636312999589357 22.845724332538786
363.5 23.63811616369148 22.84677480576954
364.0 23.6399433423526 22.84781110216088
364.4999999999999 23.641762491481785 22.848842369167883
365.0 23.64358482203791 22.849878489977158
365.5 23.645395026366533 22.85091456407585
365.9999999999999 23.64721859869434 22.851949956978814
366.5 23.649031351797024 22.852988232343918
367.0 23.65086241760572 22.854022610970407
367.4999999999999 23.652690307800334 22.855045879593405
368.0 23.654517642491818 22.856076586369124
368.5 23.656340413156663 22.85710011436833
368.9999999999999 23.658158369891908 22.858132956470346
369.5 23.660003086156056 22.85915642446596
370.0 23.661824690302183 22.86019317335885
370.4999999999999 23.663658452113516 22.8612119364286
371.0 23.665486038647185 22.86223548573021
371.5 23.66732323883376 22.863264059420885
371.9999999999999 23.669161774001253 22.864278225106034
372.5 23.670989352885897 22.865298284134465
373.0 23.672838193989435 22.866323236837598
373.5 23.674681801309127 22.867338975610902
374.0 23.67651515888412 22.868359845639485
374.5 23.678362284504445 22.86937938326649
375.0 23.680197548171304 22.870398901019175
375.5 23.682044316612448 22.871403260747684
376.0 23.68388729992338 22.872421545002627
376.5 23.6857333803259 22.873445342948923
377.0 23.68758550205434 22.874447612222824
377.5 23.689439047765322 22.875470201166678
378.0 23.69128921449354 22.876476917541734
378.5 23.693141354385737 22.877483117517798
379.0 23.69501331363236 22.878497018706184
379.5 23.69686830066464 22.87950663806148
380.0 23.698718777441098 22.880513660410394
380.5 23.700589067636727 22.88152627490718
381.0 23.702454280011786 22.882536990753124
381.5 23.7042993901507 22.883535274296058
382.0 23.706176137110567 22.88454108642714
382.5 23.708029238420075 22.885544422551316
383.0 23.709901161513645 22.886548004475387
383.5 23.711782722578477 22.887552748688407
384.0 23.713637584687255 22.88855409869575
384.5 23.71553378560519 22.889555102359704
385.0 23.717392854202327 22.890552331865493
385.5 23.719284795076874 22.891552897365624
386.0 23.721162244496398 22.892545493345416
386.5 23.723045714645323 22.893547226961633
387.0 23.724929308279435 22.894538311145677
387.5 23.726811303130013 22.895542826286924
388.0 23.728689352778186 22.89653022222591
388.5 23.7305879435984 22.89753434054083
389.0 23.73247818560675 22.89852414619257
389.5 23.734375700406922 22.89952416177961
390.0 23.736259710619212 22.900508352354446
390.5 23.738155658881197 22.90149661813553
391.0 23.740069213844194 22.90248862146634
391.5 23.741953001140068 22.903490009308456
392.0 23.743846189752013 22.904471201591452
392.5 23.745744166689185 22.905456658356243
393.0 23.74764615171094 22.906437844058445
393.5 23.749549175777265 22.907420437203623
394.0 23.751465768719207 22.908409170159697
394.5 23.753367616350562 22.909384174684476
395.0 23.755273154145726 22.91036617269668
395.5 23.75718874914628 22.911353566670577
396.0 23.759092910663213 22.912329110795334
396.5 23.761007500073113 22.913310978363633
397.0 23.76291188051558 22.914283447908726
397.5 23.764835318844003 22.915258630607408
398.0 23.766743928809007 22.916244229704503
398.5 23.76866405376233 22.917209465123143
399.0 23.770585661823915 22.918193829085332
399.5 23.772515070485824 22.91915590294003
400.0 23.774435178933523 22.92012720717752
400.5 23.776351201625793 22.921102444325683
401.0 23.77828059565816 22.922064698258026
401.5 23.78020148539604 22.92303593875671
402.0 23.78214874421055 22.92400888651697
402.5 23.784084592467725 22.924971251973112
403.0 23.78601062819751 22.925934980521134
403.5 23.78795883300966 22.92690029693235
404.0 23.78988366836618 22.92786067389697
404.5 23.791834099206334 22.928819875761985
405.0 23.79375547389694 22.92978423929007
405.5 23.79571239302168 22.930745641267883
406.0 23.79765349498399 22.931698074588027
406.5 23.799596843056282 22.932659110291706
407.0 23.8015615185435 22.933627288625313
407.5 23.803504212428695 22.934573835029465
408.0 23.805453215662034 22.935524907266092
408.5 23.807400431384703 22.936490902778477
409.0 23.809358880962726 22.93743914740582
409.5 23.81131477119444 22.938386657255315
410.0 23.81327980443482 22.93935164358477
410.5 23.815243846724062 22.94029578644055
411.0 23.81720668115126 22.941249917146507
411.5 23.819177319325455 22.942192528546865
412.0 23.821145109608626 22.9431395829016
412.5 23.82310960300703 22.944093308621206
413.0 23.82507757106028 22.945038846142477
413.5 23.827060049763 22.94598592585895
414.0 23.82903000605036 22.946928776593033
414.5 23.831014671811324 22.947876224458614
415.0 23.832995373588194 22.94880523423992
415.5 23.834977232981835 22.949754567998415
416.0 23.836957007678127 22.95069503528268
416.5 23.838951502821544 22.95163139594248
417.0 23.840932829502673 22.952568892854156
417.5 23.84293542055466 22.953515660655718
418.0 23.84493161469292 22.954441568442387
418.5 23.846936827999393 22.95538857063213
419.0 23.84892832568574 22.956318805429316
419.5 23.85093530774393 22.957247219616598
420.0 23.852933112962234 22.958190811682368
420.5 23.854938335972975 22.959119581564305
421.0 23.856948918508714 22.96005973149841
421.5 23.858952037277437 22.960983238526644
422.0 23.860973845128516 22.961914133449746
422.5 23.862994566307307 22.962844696386654
423.0 23.865002671367872 22.963773370200467
423.5 23.867021607946683 22.964695930263325
424.0 23.869050728850176 22.96562241555245
424.5 23.871053340771148 22.966543274708926
425.0 23.873086736934663 22.967469882713814
425.5 23.87512528925204 22.968392442447385
426.0 23.877154058915153 22.969309282168084
426.5 23.87918725716893 22.970238744364778
427.0 23.88121316423713 22.97115447755816
427.5 23.883252103197915 22.972068854202902
428.0 23.885295236811046 22.972976486867296
428.5 23.887328927101183 22.973893530651274
429.0 23.889390102804974 22.97481419899926
429.5 23.8914256154454 22.975718704382942
430.0 23.8934612740608 22.976630989211916
430.5 23.89550904407342 22.977543653596978
431.0 23.89757340884103 22.978456984263115
431.5 23.899632370628918 22.97936583330022
432.0 23.90167510361114 22.980273390037794
432.5 23.90375610942012 22.981182923003324
433.0 23.90580121128666 22.98208423945587
433.5 23.9078553196806 22.98299704940741
434.0 23.909941407864427 22.983897179566416
434.5 23.912004219055035 22.984790938010356
435.0 23.914066080913727 22.985697886959922
435.5 23.916137346984986 22.986596279455807
436.0 23.91821038571949 22.987501119063445
436.5 23.9202925245965 22.98839164296475
437.0 23.922364140288916 22.989291251408343
437.5 23.92445453739583 22.99018953935429
438.0 23.926529066917738 22.991079304020555
438.5 23.92861886788355 22.99197730960167
439.0 23.930702166034486 22.99286427706403
439.5 23.932783183415985 22.993764268558095
440.0 23.93488694692391 22.994652452742194
440.5 23.936976119970915 22.995542691126772
441.0 23.939080230425162 22.996437344701306
441.5 23.94118418934456 22.997317724302274
442.0 23.94328685256863 22.998209131631203
442.5 23.945386537429854 22.999089148422062
443.0 23.947479635131256 22.99997533816179
443.5 23.94959470378456 23.000853518796855
444.0 23.951709226599952 23.001740239799826
444.5 23.95381714353054 23.002629094223266
445.0 23.95593570051396 23.003501103490123
445.5 23.958037979162686 23.004371270781757
446.0 23.96017515596636 23.005263744677794
446.5 23.962311172461682 23.006134953658588
447.0 23.964427695092745 23.007015279012997
447.5 23.96655723528618 23.007889297728408
448.0 23.968670219152717 23.0087575121236
448.5 23.97082060466976 23.00963604885141
449.0 23.9729523958695 23.010508489780435
449.5 23.975078884958396 23.011386374151378
450.0 23.977226568898317 23.01224528906646
450.5 23.979358053244262 23.013115310336644
451.0 23.98150644263953 23.013987351165774
451.5 23.983658570138395 23.01485103011144
452.0 23.985799197340466 23.015714023667066
452.5 23.98795732424077 23.016591915744957
453.0 23.99010345886797 23.017453971467326
453.5 23.99229148820737 23.0183115903071
454.0 23.99443809800562 23.019169969255273
454.5 23.996609163811353 23.02003191085522
455.0 23.998788887662833 23.020882693375096
455.5 24.000957797029287 23.021744686632953
456.0 24.003134861458083 23.02260832098412
456.5 24.005312192372518 23.023449379939315
457.0 24.007500779069176 23.024311258725334
457.5 24.00968900450675 23.02516001970696
458.0 24.011880703697525 23.026012696506264
458.5 24.01408408438412 23.026860496313
459.0 24.016270216082283 23.027713837232145
459.5 24.018458832315098 23.028560497454997
460.0 24.02069429940846 23.029409081691664
460.5 24.022895488971187 23.030243965781256
461.0 24.025106135583382 23.031095826187716
461.5 24.027319694137887 23.03193540623699
462.0 24.02953895754934 23.03277944011498
462.5 24.031758546810185 23.033619810892446
463.0 24.03397836802128 23.03446030669257
463.5 24.036206003377917 23.035291716533443
464.0 24.03842064797679 23.036127059115326
