FastTrWP/PhaseSpace/IAs/snIa_0.6_30_1_0.1.csv
# %ECSV 0.9
# ---
# datatype:
# - {name: time-rel, datatype: float64}
# - {name: g, datatype: float64}
# - {name: i, datatype: float64}
# schema: astropy-2.0
time-rel g i
[from data line 2257]
1104.6875 -24.477951935726235 -27.434720038406716
1105.1875 -24.476458356375947 -27.433937901968935
1105.6875 -24.474994141777657 -27.43316381676828
1106.1875 -24.47351245116923 -27.432378704947716
1106.6875 -24.472028049930955 -27.431588475093736
1107.1875 -24.470576032732325 -27.430825334934813
1107.6875 -24.469092006730072 -27.430039048990885
1108.1875 -24.46760978296064 -27.429256786819693
1108.6875 -24.46615282794882 -27.428470385353204
1109.1875 -24.46469961283308 -27.427683202733068
1109.6875 -24.463239809008073 -27.42689733519397
1110.1875 -24.461782310635215 -27.42611034100826
1110.6875 -24.460329972795062 -27.425323396256992
1111.1875 -24.458904688015544 -27.42452808356768
1111.6875 -24.457442578330202 -27.423738485368606
1112.1875 -24.456023189683055 -27.42294543477996
1112.6875 -24.4545942397503 -27.42215342207605
1113.1875 -24.45313075041573 -27.421351393991976
1113.6875 -24.451705930010466 -27.420557313249873
1114.1875 -24.450297767550204 -27.419766452556185
1114.6875 -24.44886284160227 -27.41897065017993
1115.1875 -24.447457968726933 -27.418167933111796
1115.6875 -24.44604217389443 -27.417364815551316
1116.1875 -24.44462190713856 -27.416567595122373
1116.6875 -24.443231548247493 -27.4157570229959
1117.1875 -24.441814255787587 -27.41495886386865
1117.6875 -24.440409777108833 -27.414147794574887
1118.1875 -24.438997614427937 -27.41334561720389
1118.6875 -24.437633942416113 -27.412537707265553
1119.1875 -24.436258500604254 -27.41173098136819
1119.6875 -24.434837932636025 -27.41091929943172
1120.1875 -24.433448357495475 -27.410108114212832
1120.6875 -24.432094085325303 -27.409298001336452
1121.1875 -24.43071670369521 -27.40848511594283
1121.6875 -24.429327297667346 -27.407678956744974
1122.1875 -24.42796704480614 -27.406857985916915
1122.6875 -24.426615483121807 -27.406035967268142
1123.1875 -24.425275934005054 -27.4052257666412
1123.6875 -24.42393236963887 -27.404404864746486
1124.1875 -24.42259849318664 -27.403573083392068
1124.6875 -24.4212334573362 -27.402761483902808
1125.1875 -24.419924633111645 -27.40194408275089
1125.6875 -24.418586395625702 -27.40111954048953
1126.1875 -24.417249916132327 -27.400294249059485
1126.6875 -24.41593610988069 -27.399471217868836
1127.1875 -24.41463869771622 -27.398639429223298
1127.6875 -24.413291234532313 -27.397814548813074
1128.1875 -24.41201558296918 -27.396987068098404
1128.6875 -24.410679213890155 -27.396153108518337
1129.1875 -24.4093995117057 -27.395321782696016
1129.6875 -24.408109443977818 -27.394489405313035
1130.1875 -24.406798831809482 -27.393656482229712
1130.6875 -24.405509607209737 -27.392824491786318
1131.1875 -24.40422352718635 -27.391988221793607
1131.6875 -24.40295185754507 -27.391155861296955
1132.1875 -24.40166584759671 -27.390309827170853
1132.6875 -24.400382603164307 -27.389474308017515
1133.1875 -24.39911859794815 -27.388635731620056
1133.6875 -24.397847678201558 -27.3877936786658
1134.1875 -24.396613662454733 -27.386951667630782
1134.6875 -24.395338253320812 -27.386109789385426
1135.1875 -24.394110828488746 -27.385262005942433
1135.6875 -24.392858459422904 -27.384418129133866
1136.1875 -24.391588595311365 -27.383569838568565
1136.6875 -24.390370663813602 -27.382719713077822
1137.1875 -24.38911315161269 -27.381868951315727
1137.6875 -24.387910545834465 -27.381025558994452
1138.1875 -24.386672466066628 -27.38016873433304
1138.6875 -24.385469230352705 -27.379317725878842
1139.1875 -24.38424539187231 -27.378464442507475
1139.6875 -24.382996458712974 -27.377606229088475
1140.1875 -24.381787341558127 -27.37674409199247
1140.6875 -24.3805831412702 -27.37589519546315
1141.1875 -24.37938214131545 -27.375031311913077
1141.6875 -24.378177438583503 -27.374174875094216
1142.1875 -24.37700955085402 -27.373316874868635
1142.6875 -24.37579488325714 -27.372453207104343
1143.1875 -24.374597626505206 -27.371587163711602
1143.6875 -24.37344886632157 -27.37072515240248
1144.1875 -24.37225036129695 -27.369851986813707
1144.6875 -24.371045480707103 -27.36898446814648
1145.1875 -24.36989329742884 -27.368128844769274
1145.6875 -24.368721371758163 -27.3672552614897
1146.1875 -24.367546111936463 -27.366392721955975
1146.6875 -24.36636421855734 -27.365514944499623
1147.1875 -24.36522345291945 -27.364646186960737
1147.6875 -24.364060543224504 -27.363767351016286
1148.1875 -24.36292152013669 -27.362903303934463
1148.6875 -24.361755426749923 -27.36202463952229
1149.1875 -24.360615811573723 -27.361143907049478
1149.6875 -24.359478287454998 -27.360270642757854
1150.1875 -24.358311020580665 -27.35938751178943
1150.6875 -24.357218480054254 -27.358504395547243
1151.1875 -24.356044206585246 -27.357631450815013
1151.6875 -24.35491069136189 -27.35673859189523
1152.1875 -24.35378049717194 -27.3558635076103
1152.6875 -24.3526585005116 -27.354972316962325
1153.1875 -24.35154120695945 -27.354093299373755
1153.6875 -24.350408507992046 -27.353209050019878
1154.1875 -24.349295961443445 -27.352314392393794
1154.6875 -24.34817585354786 -27.351423192885367
1155.1875 -24.347079829481796 -27.35053647249261
1155.6875 -24.34598587260134 -27.34964848874693
1156.1875 -24.344867005603984 -27.348754721845296
1156.6875 -24.34378761911745 -27.34786646325183
1157.1875 -24.342665007050517 -27.346967435777877
1157.6875 -24.341596978708417 -27.346064147107604
1158.1875 -24.340493068496144 -27.345164280197316
1158.6875 -24.339431517062735 -27.344263211798307
1159.1875 -24.338396003216822 -27.34335848877588
1159.6875 -24.33732183721692 -27.342458513410367
1160.1875 -24.336285443110178 -27.34155253142863
1160.6875 -24.335267653295396 -27.340644363643726
1161.1875 -24.334230959314716 -27.3397267557551
1161.6875 -24.33323182075182 -27.338811607743054
1162.1875 -24.33224710404495 -27.337901704916035
1162.6875 -24.331213586770296 -27.336983719149544
1163.1875 -24.33022066337783 -27.336055442955534
1163.6875 -24.32925854480997 -27.335147154789773
1164.1875 -24.3282702507707 -27.334220384174323
1164.6875 -24.327304091354264 -27.333302510299546
1165.1875 -24.32635067375072 -27.332371420667513
1165.6875 -24.32539854337227 -27.3314452922435
1166.1875 -24.324428908634864 -27.33050985719506
1166.6875 -24.323501347458887 -27.329583316236455
1167.1875 -24.322572038532734 -27.328656988649207
1167.6875 -24.321652854113808 -27.327719434160475
1168.1875 -24.320731505991944 -27.32678096515803
1168.6875 -24.319814462308827 -27.325853983729075
1169.1875 -24.318930909622157 -27.32490858263642
1169.6875 -24.31798970585337 -27.323971703922496
1170.1875 -24.317083188701986 -27.323035589485766
1170.6875 -24.31620035797352 -27.32209249086631
1171.1875 -24.31529121093456 -27.32114795531903
1171.6875 -24.314405595625512 -27.32020376696581
1172.1875 -24.313507481150154 -27.3192627700413
1172.6875 -24.312621836904928 -27.318316992822943
1173.1875 -24.31174401837325 -27.31737080925281
1173.6875 -24.310847105317563 -27.316420490018203
1174.1875 -24.30998439309152 -27.315467374415846
1174.6875 -24.309095530081283 -27.314522296917133
1175.1875 -24.308227998387846 -27.313566097669106
1175.6875 -24.30740777965401 -27.31261823234117
1176.1875 -24.306494459508624 -27.311662612167172
1176.6875 -24.30563228994174 -27.310712229277982
1177.1875 -24.30475370364707 -27.30975373844053
1177.6875 -24.303866773417113 -27.308805712994285
1178.1875 -24.3030110666449 -27.307845783233
1178.6875 -24.30214838761596 -27.306897409660273
1179.1875 -24.30125816141095 -27.305933436075648
1179.6875 -24.300421555448587 -27.3049780430852
1180.1875 -24.299533052688407 -27.304018372099094
1180.6875 -24.298655349731312 -27.303063496469896
1181.1875 -24.2977670720513 -27.302103983768504
1181.6875 -24.29691583827163 -27.30114374637089
1182.1875 -24.296051452493025 -27.30017810623736
1182.6875 -24.295128695554446 -27.29921760497785
1183.1875 -24.294263589182385 -27.298258341584663
1183.6875 -24.293373148340464 -27.297296583048542
1184.1875 -24.292506410188018 -27.296337735512175
1184.6875 -24.291601308915013 -27.29537198193072
1185.1875 -24.29072162327219 -27.294416366425214
1185.6875 -24.289805381956175 -27.29345878570603
1186.1875 -24.288911148535462 -27.292498816446063
1186.6875 -24.288014087202995 -27.291530884696343
1187.1875 -24.28708790236837 -27.290565316760365
1187.6875 -24.286164911392326 -27.289612575278674
1188.1875 -24.285229832666353 -27.288656205513085
1188.6875 -24.284346666964392 -27.287687822013233
1189.1875 -24.283406088157026 -27.286726799704194
1189.6875 -24.28247424422159 -27.285766993361797
1190.1875 -24.28150225311373 -27.284808307284386
1190.6875 -24.280524258152507 -27.283851493056467
1191.1875 -24.2795914081071 -27.282895834170514
1191.6875 -24.27863431033684 -27.28193266410041
1192.1875 -24.277646637473502 -27.280971505571998
1192.6875 -24.276666092579966 -27.28001349742691
1193.1875 -24.275658357377957 -27.279052808609148
1193.6875 -24.274683434316856 -27.2780977848589
1194.1875 -24.27367120151932 -27.277141685897508
1194.6875 -24.272650633650244 -27.276193174032308
1195.1875 -24.27164020557006 -27.27522855775892
1195.6875 -24.270606616280087 -27.274275635634684
1196.1875 -24.269535633270316 -27.2733251869873
1196.6875 -24.26849431815546 -27.272369857390906
1197.1875 -24.267438063978194 -27.271415949598055
1197.6875 -24.26640836287131 -27.270461386322403
1198.1875 -24.26535545749557 -27.269500445716197
1198.6875 -24.264342516774086 -27.268547093842017
1199.1875 -24.263302958301868 -27.26758970896196
1199.6875 -24.262235123584276 -27.26663533322663
1200.1875 -24.261192624935894 -27.265672352189284
1200.6875 -24.26013182585878 -27.264715244084677
1201.1875 -24.259068330816262 -27.26375532343775
1201.6875 -24.2580100614311 -27.26279924329227
1202.1875 -24.25697482207367 -27.261834092284296
1202.6875 -24.255902256317405 -27.260879988700914
1203.1875 -24.254844969937036 -27.259916159759467
1203.6875 -24.253787494923387 -27.258956675082047
1204.1875 -24.252716479654424 -27.25799832191293
1204.6875 -24.25164116984343 -27.257038815062646
1205.1875 -24.25059793178317 -27.256066126519226
1205.6875 -24.249511530416818 -27.255101786199248
1206.1875 -24.248441313323326 -27.254150704530964
1206.6875 -24.24736735273847 -27.25318630762392
1207.1875 -24.246266931551336 -27.252223313325445
1207.6875 -24.245172964759867 -27.251257186503675
1208.1875 -24.244108759114056 -27.250290632197164
1208.6875 -24.243036278981478 -27.249330770577625
1209.1875 -24.24191504934999 -27.248362730625765
1209.6875 -24.240796907856502 -27.24739948408409
1210.1875 -24.239721381739447 -27.246434891403727
1210.6875 -24.238623759569325 -27.24547553759416
1211.1875 -24.237501630041535 -27.244502165098684
1211.6875 -24.236410737924228 -27.243532550328837
1212.1875 -24.235298302590394 -27.24258279526346
1212.6875 -24.234149106053437 -27.241612379611983
1213.1875 -24.233070254746494 -27.240644110084368
1213.6875 -24.231924210033466 -27.239678696171644
1214.1875 -24.230828607599722 -27.238717149822858
1214.6875 -24.229685078656114 -27.237751375273813
1215.1875 -24.228549142004454 -27.2367758361254
1215.6875 -24.22739965081071 -27.235806176276576
1216.1875 -24.226284212583565 -27.234848397816364
1216.6875 -24.225103654017186 -27.23387258772749
1217.1875 -24.22394990652036 -27.232912802686883
1217.6875 -24.222801514981033 -27.23194306784318
1218.1875 -24.22166737950733 -27.23097452443489
1218.6875 -24.22050262817781 -27.230011192961673
1219.1875 -24.219334679794144 -27.229037282261046
1219.6875 -24.218144656095 -27.228072726885024
1220.1875 -24.216938496750856 -27.22709971043149
1220.6875 -24.215798190278296 -27.226137824331357
1221.1875 -24.21460254353694 -27.2251603079615
1221.6875 -24.21342453214992 -27.224194519737537
1222.1875 -24.21220756325741 -27.22322952015155
1222.6875 -24.21104536552008 -27.22226721662647
1223.1875 -24.209780120702472 -27.22129821142444
1223.6875 -24.208589158651485 -27.220326066974163
1224.1875 -24.20737596377819 -27.21936008419184
1224.6875 -24.206135276240623 -27.21838929882027
1225.1875 -24.2049036094396 -27.217427101654934
1225.6875 -24.203637831362073 -27.216459265999482
1226.1875 -24.20245217961693 -27.21548539381913
1226.6875 -24.201184302226384 -27.21452161696916
1227.1875 -24.199918930627703 -27.213551219720156
1227.6875 -24.198664848135213 -27.21258702048141
1228.1875 -24.197400672870547 -27.211612066968662
1228.6875 -24.196138711492807 -27.21064985216445
1229.1875 -24.194873859815857 -27.209676144131652
1229.6875 -24.193568811529097 -27.208708869152375
1230.1875 -24.192287594407166 -27.2077433036089
1230.6875 -24.191043243203907 -27.20677902581343
1231.1875 -24.18972167975571 -27.205811287345874
1231.6875 -24.188437040001133 -27.20483619504517
1232.1875 -24.18709508662502 -27.203874754701225
1232.6875 -24.185725215704625 -27.202901749967072
1233.1875 -24.184434818907214 -27.201935515696295
1233.6875 -24.18312264726105 -27.20097130193565
1234.1875 -24.181769781670365 -27.20000400925533
1234.6875 -24.18041557838341 -27.199035102293337
1235.1875 -24.179042704150348 -27.19807414040558
1235.6875 -24.17771474191733 -27.19710300759987
1236.1875 -24.17631464526439 -27.19614832451836
1236.6875 -24.174981659438867 -27.195177104239548
1237.1875 -24.17361548868653 -27.19420552805946
1237.6875 -24.172215309623848 -27.193238262995845
1238.1875 -24.170833124970322 -27.192269657333
1238.6875 -24.169487108863695 -27.19130741596568
1239.1875 -24.16811010471703 -27.190335572419674
1239.6875 -24.16667043121404 -27.189363079464584
1240.1875 -24.165266475173496 -27.18840753222858
1240.6875 -24.163864180478253 -27.18743957909671
1241.1875 -24.162432037192016 -27.186465530994756
1241.6875 -24.161013552323723 -27.18549994028759
1242.1875 -24.15959978218819 -27.184531017338116
1242.6875 -24.15815029780743 -27.18356491563337
1243.1875 -24.156730146954718 -27.182607955747713
1243.6875 -24.155283183621933 -27.181633121246193
1244.1875 -24.15387846009315 -27.180655897617836
1244.6875 -24.152392638661347 -27.179695864012974
1245.1875 -24.150943930961223 -27.178727867702122
1245.6875 -24.149486091210605 -27.177758450545472
1246.1875 -24.148015925881253 -27.176786643293855
1246.6875 -24.146552226126268 -27.175819688921536
1247.1875 -24.145038449345044 -27.17485609406304
1247.6875 -24.143540813015075 -27.17388330674751
1248.1875 -24.142085692685633 -27.172918321712856
1248.6875 -24.140572756529743 -27.17194331818134
1249.1875 -24.139093078356723 -27.170979130018353
1249.6875 -24.13755276224538 -27.169999874161533
1250.1875 -24.136023150960355 -27.16904920399349
1250.6875 -24.13448784813906 -27.168080152691463
1251.1875 -24.133001527955887 -27.167109978069888
1251.6875 -24.131434009283673 -27.166138694266124
1252.1875 -24.129909536115587 -27.1651756428523
1252.6875 -24.128376086657394 -27.164213180319344
1253.1875 -24.12681939276251 -27.163241301264488
1253.6875 -24.12524458017854 -27.16226691086807
1254.1875 -24.123689246775243 -27.161310027609638
1254.6875 -24.122112687091118 -27.16034154167405
1255.1875 -24.120500851499102 -27.159367092612534
1255.6875 -24.118947075338845 -27.15840085326503
1256.1875 -24.117334034833192 -27.15743171510163
1256.6875 -24.1157232937391 -27.156463014212203
1257.1875 -24.1141324702615 -27.155495892308533
1257.6875 -24.112519973187485 -27.154530969665693
1258.1875 -24.1109087332905 -27.15356981055619
1258.6875 -24.109267072893314 -27.15259648142849
1259.1875 -24.10767184871152 -27.151617798583366
1259.6875 -24.10599019978114 -27.15065621579878
1260.1875 -24.10437313739083 -27.149695770537786
1260.6875 -24.10270910421774 -27.148728605678162
1261.1875 -24.10107794219075 -27.14775375853892
1261.6875 -24.099391107178057 -27.146791559770254
1262.1875 -24.09773753340181 -27.145823626957917
1262.6875 -24.09604489692931 -27.14484953467711
1263.1875 -24.094357366639105 -27.143889322231733
1263.6875 -24.09265860652985 -27.14292254325793
1264.1875 -24.09095277608015 -27.14195908827535
1264.6875 -24.089243322792782 -27.140986784622978
1265.1875 -24.087541334922967 -27.140017240673902
1265.6875 -24.08579291043266 -27.139050616807054
1266.1875 -24.084065595476044 -27.138079800277364
