FastTrWP/PhaseSpace/IAs/snIa_0.35_30.00_0.78_-0.10.csv
# %ECSV 0.9
# ---
# datatype:
# - {name: time-rel, datatype: float64}
# - {name: g, datatype: float64}
# - {name: i, datatype: float64}
# schema: astropy-2.0
time-rel g i
[from data line 678]
509.875 22.797566831042396 22.864587769274813
510.375 22.796461900944003 22.8633035801905
510.875 22.795368950520746 22.86202770257701
511.375 22.794271351018068 22.860748920224655
511.875 22.793198530361597 22.859476834333705
512.375 22.79212012591255 22.858208443425035
512.875 22.79105503505565 22.85694031742252
513.375 22.789990601891702 22.85568796503619
513.875 22.788943854208142 22.854436938956603
514.375 22.787900198544513 22.853194998463387
514.875 22.786856594318124 22.851947089528014
515.375 22.785833986918313 22.85072370355255
515.875 22.784811646256475 22.849492481155515
516.375 22.78379755072987 22.84826580879798
516.875 22.78279863608983 22.847047618799987
517.375 22.78179275291994 22.845836313950684
517.875 22.780807748428984 22.84462791806156
518.375 22.779824760832582 22.84341104191448
518.875 22.778853061607375 22.84221934979133
519.375 22.777882385894355 22.841026758613296
519.875 22.7769253392384 22.839839282083624
520.375 22.775972434297497 22.83866280088877
520.875 22.775033394086634 22.837485580118162
521.375 22.774092908939174 22.83630674799374
521.875 22.773157713242696 22.835140012532857
522.375 22.772254562728275 22.833988750460215
522.875 22.77134214900871 22.83282547355535
523.375 22.77043711829499 22.83167445899609
523.875 22.769542824066118 22.83053760301657
524.375 22.76865487662827 22.82940035460308
524.875 22.767776498061707 22.828255366108912
525.375 22.76690338751889 22.827128321866358
525.875 22.76604983228903 22.826011767837038
526.375 22.765187377366075 22.824888325792966
526.875 22.76433771005294 22.823781525818344
527.375 22.76350160980568 22.82267337258288
527.875 22.762668362171524 22.821569540029255
528.375 22.761852598990238 22.82047779798338
528.875 22.761031343725506 22.819382120278174
529.375 22.760228215273536 22.818305071164513
529.875 22.759433184026328 22.817227001479704
530.375 22.758648613720073 22.816150915044275
530.875 22.757862913191346 22.815084173709113
531.375 22.757093652241657 22.814021574859275
531.875 22.756322421563738 22.81295327078377
532.375 22.755572776801284 22.811903223057005
532.875 22.754821746821253 22.81085997529062
533.375 22.754085268865055 22.809820713499377
533.875 22.753351982276815 22.80878866417268
534.375 22.75263176033675 22.807766755306428
534.875 22.75192384070131 22.806736082477247
535.375 22.75122078481175 22.805720239506563
535.875 22.750520133789433 22.8047109514327
536.375 22.74982789368802 22.803697998334744
536.875 22.74914994940591 22.80268942173365
537.375 22.748473904732354 22.801689478301974
537.875 22.747811597158446 22.80070118749602
538.375 22.747154512381975 22.799716048865754
538.875 22.746504172519234 22.798738719542705
539.375 22.74586295587079 22.797754975590095
539.875 22.745225832182644 22.796783380961898
540.375 22.744599267228466 22.795816755523404
540.875 22.74397813244534 22.794866084185973
541.375 22.74336912580315 22.793901063514532
541.875 22.74276471634309 22.79293952391571
542.375 22.74217290502571 22.79200936162663
542.875 22.741577081753835 22.79106612776257
543.375 22.741000342926863 22.790126461130498
543.875 22.740429450350675 22.789200834179063
544.375 22.739864879131922 22.78826521600413
544.875 22.739301461889436 22.787344807782866
545.375 22.73875111343381 22.786424793445864
545.875 22.738199465741946 22.785515271443792
546.375 22.737655897153743 22.78459326148512
546.875 22.73713263072431 22.783692042517558
547.375 22.736604946893166 22.78279578109855
547.875 22.73608508622255 22.78190141901498
548.375 22.735570641371847 22.78100735221563
548.875 22.735063799909334 22.780122695487176
549.375 22.734567773848056 22.779239923318585
549.875 22.734072631851113 22.778357949800135
550.375 22.733594109345226 22.777494022850398
550.875 22.733106835750316 22.776614142080078
551.375 22.73264488299401 22.7757494490048
551.875 22.73217189922427 22.774887296526213
552.375 22.731705192381906 22.774026308513466
552.875 22.731258978422385 22.773176262218854
553.375 22.730812769534094 22.77232382171824
553.875 22.730368954008927 22.77147971846169
554.375 22.729928658780953 22.77064664075736
554.875 22.729503860626295 22.769801103602788
555.375 22.729082486015976 22.76896401592438
555.875 22.728666427450037 22.76814015060961
556.375 22.72825648199646 22.767309080784006
556.875 22.72784300232042 22.766489316919834
557.375 22.727443019448117 22.765671225332934
557.875 22.727050290745986 22.76484940351888
558.375 22.72665835501915 22.764039078688736
558.875 22.726284383292885 22.763235790499277
559.375 22.725905957010045 22.76242991963809
559.875 22.725519421670057 22.76163380894195
560.375 22.72515786114329 22.76083063885517
560.875 22.724795232327168 22.760037748797785
561.375 22.724447120943108 22.759246855390444
561.875 22.724093803786104 22.758463198384085
562.375 22.72374116414916 22.75767537908132
562.875 22.72340760637733 22.756896716309694
563.375 22.723066576842182 22.75612322450932
563.875 22.72273438302669 22.755347254903423
564.375 22.722409429988254 22.754582032565374
564.875 22.722093049060746 22.75381300456813
565.375 22.721773492781843 22.753050337281625
565.875 22.721477793924876 22.752291193889143
566.375 22.721181828966213 22.75154156875424
566.875 22.72089149311386 22.750792601304028
567.375 22.720615107000977 22.750041280050887
567.875 22.720340273694156 22.74931580538962
568.375 22.720077445818777 22.748581342060884
568.875 22.719817519081147 22.747860694504453
569.375 22.719573106334142 22.747128623570475
569.875 22.719333484737618 22.746405431303344
570.375 22.719079890536694 22.745697310109378
570.875 22.718860799572724 22.74498388155815
571.375 22.71863574034686 22.74428210518401
571.875 22.718421536670895 22.743578632321228
572.375 22.718217788730534 22.74287896137681
572.875 22.718023157783428 22.74219124270639
573.375 22.717822489575653 22.741497122881967
573.875 22.71763769931063 22.740819351935237
574.375 22.717457484476135 22.740126999366865
574.875 22.717273166652966 22.739449477985744
575.375 22.717103874188396 22.738779305342284
575.875 22.716938636506377 22.738106372226696
576.375 22.716783720135176 22.737449010697198
576.875 22.71663349848339 22.736777087739775
577.375 22.716482138414978 22.736120171228347
577.875 22.71633834232809 22.73546455244103
578.375 22.716194435918638 22.734810877695452
578.875 22.716071663501634 22.734158815444903
579.375 22.715941663507884 22.73351782797228
579.875 22.71582182848025 22.73287468226597
580.375 22.715705934579976 22.73223274455112
580.875 22.71559790414993 22.731594271981074
581.375 22.71548539113757 22.73095539255985
581.875 22.715384697301673 22.73032457904939
582.375 22.715282308829682 22.729689959732813
582.875 22.715183237886368 22.729062933475845
583.375 22.715097936628172 22.728435690855218
583.875 22.715013640026093 22.72781214479152
584.375 22.714927510790417 22.72719401848577
584.875 22.714843676942774 22.72657582059779
585.375 22.7147712083098 22.725970690852336
585.875 22.714709454213597 22.72534748053259
586.375 22.71462809874984 22.724735093392184
586.875 22.71457155487486 22.724129224744253
587.375 22.714497659473807 22.723524919516898
587.875 22.714443430932022 22.72292235688652
588.375 22.71439169835926 22.722317034933383
588.875 22.714344706914957 22.721709142655687
589.375 22.71427944974675 22.721104887760937
589.875 22.71423997758071 22.720506159745042
590.375 22.714194420947802 22.719916378372456
590.875 22.714152041823525 22.719325814889842
591.375 22.71410193390936 22.71872648608589
591.875 22.71406902437966 22.718139074194955
592.375 22.714023136652166 22.71753732652167
592.875 22.713986896669084 22.71695174981035
593.375 22.713951168929203 22.716366321425095
593.875 22.71392356802892 22.71577915380469
594.375 22.71389091346313 22.715189510799988
594.875 22.71386159136552 22.714591921378062
595.375 22.7138362443884 22.714012529701336
595.875 22.7138120261738 22.713428464548066
596.375 22.713791341063118 22.71284684549858
596.875 22.71375905838422 22.712262549230463
597.375 22.713734210246077 22.711687727890872
597.875 22.713713465023172 22.711102715386055
598.375 22.713695701599704 22.71051819731204
598.875 22.7136792231256 22.70995162690395
599.375 22.71366792458373 22.709368670219835
599.875 22.713665351452143 22.70880220619812
600.375 22.71365540762456 22.708224969359698
600.875 22.71365174535292 22.707655978942356
601.375 22.713657806135007 22.707089387684782
601.875 22.71365969603549 22.70651717147412
602.375 22.713662980236236 22.705953585455294
602.875 22.713669183016478 22.705398328734997
603.375 22.713687329370917 22.70483784804307
603.875 22.713702946828995 22.704276982596
604.375 22.713720376388974 22.703728609431106
604.875 22.713747562270008 22.70316969835533
605.375 22.713769442859807 22.702612853102604
605.875 22.713802137158336 22.702063087244607
606.375 22.71383749033447 22.701516572003968
606.875 22.713869358353026 22.700965642192614
607.375 22.713916007469443 22.700428173682074
607.875 22.713955921162157 22.699886996425004
608.375 22.71399585454929 22.69934309452117
608.875 22.714046478131273 22.698805039161766
609.375 22.714096360636383 22.69826148929272
609.875 22.714160738387935 22.697725152553197
610.375 22.71421732236353 22.69719643785504
610.875 22.714277900651823 22.69666089844501
611.375 22.714342205891846 22.69614004536657
611.875 22.7144100518877 22.695605061382793
612.375 22.714481363407415 22.695083962044023
612.875 22.714565021614774 22.694554792904377
613.375 22.714632628740304 22.694046498285406
613.875 22.714716442966502 22.693519638663545
614.375 22.71480354233133 22.692999220873364
614.875 22.714897687368264 22.692490849780715
615.375 22.714989111725863 22.69197511198291
615.875 22.715078684498963 22.691469579527954
616.375 22.715182076311898 22.69095013063252
616.875 22.715290382474343 22.69045151267914
617.375 22.715394041968263 22.68993746433287
617.875 22.71551290702491 22.689433981674114
618.375 22.71562269433948 22.688936216317423
618.875 22.71573541526118 22.68844045629517
619.375 22.71585770730656 22.687938318562747
619.875 22.715983345283117 22.687450405712486
620.375 22.716119236010016 22.686961601251294
620.875 22.716239643286794 22.68647145600479
621.375 22.71636726949292 22.685986359373643
621.875 22.716520850168354 22.685495011227967
622.375 22.71665874173976 22.68501119708423
622.875 22.71680753845164 22.68453485986814
623.375 22.716954577753043 22.68405286273994
623.875 22.717113717798124 22.683575735285867
624.375 22.717267624410624 22.683098147009986
624.875 22.717427353193674 22.68262749599031
625.375 22.71758906009348 22.682155216569466
625.875 22.717759834406873 22.681683058297498
626.375 22.717936656864843 22.681218381499356
626.875 22.718111935466972 22.680758210725077
627.375 22.718288574303497 22.680296431014334
627.875 22.718474239373055 22.6798264042586
628.375 22.71865232512319 22.679383527394293
628.875 22.71884677239084 22.678924901563327
629.375 22.719044137171196 22.67846670674715
629.875 22.719235943175022 22.678017022857247
630.375 22.71944350157312 22.677576187010292
630.875 22.719645625866505 22.6771229997859
631.375 22.71986508873749 22.676677267731105
631.875 22.720070123448433 22.676235394472833
632.375 22.720290479964802 22.675792287495415
632.875 22.720509128941003 22.675353150487627
633.375 22.720726363967344 22.67491500222112
633.875 22.720960055815816 22.67447941331418
634.375 22.721186641072308 22.674049674979898
634.875 22.721415814502652 22.673607191125452
635.375 22.72164995977552 22.673188148479895
635.875 22.721895904942436 22.672756217321695
636.375 22.722136071050567 22.672338170082668
636.875 22.722385912632404 22.67190448965178
637.375 22.72263096393627 22.671486341186725
637.875 22.722899802357293 22.671062963228415
638.375 22.723154301228643 22.670641253281044
638.875 22.72341503647774 22.670223955302
639.375 22.723678434417938 22.66981027895885
639.875 22.72394097851401 22.66940285060608
640.375 22.724218079309928 22.668998728508246
640.875 22.724495229285708 22.668587709649604
641.375 22.72477164068375 22.6681817769685
641.875 22.725055577223245 22.66778043087446
642.375 22.725340551846163 22.667370426827343
642.875 22.72563949845557 22.666975260401443
643.375 22.72593035277318 22.666582413001617
643.875 22.726234592801468 22.666173388898706
644.375 22.72652885699597 22.665781329030654
644.875 22.72684080003774 22.66538390113519
645.375 22.727144352353093 22.665003271677943
645.875 22.727461046379602 22.664615755073307
646.375 22.727775476385276 22.66423165795893
646.875 22.728097700142044 22.663850425572484
647.375 22.72842297209763 22.66346533343829
647.875 22.728753670246466 22.663084100308218
648.375 22.72909190186798 22.662708717312526
648.875 22.72941802687562 22.662331676445117
649.375 22.729759021594305 22.661959703720427
649.875 22.730109062250648 22.661586857443687
650.375 22.730451910540047 22.66121765568622
650.875 22.730803798033023 22.660847185028498
651.375 22.73116686974632 22.660486957130956
651.875 22.731509204234314 22.66012151181158
652.375 22.731880950846236 22.65976177657023
652.875 22.732242403627417 22.659409181354853
653.375 22.732611729612668 22.65905514794847
653.875 22.732991039052635 22.65869435837549
654.375 22.733363871043586 22.65834544669506
654.875 22.733748793749115 22.65799464103125
655.375 22.734131440491787 22.657644119140382
655.875 22.7345257569379 22.657300364088805
656.375 22.734917181294037 22.656953669259508
656.875 22.7353160790842 22.656614862996282
657.375 22.735712392000647 22.65628341558168
657.875 22.736122877882046 22.655940973952315
658.375 22.736533626061778 22.655610817746354
658.875 22.736946503722898 22.655277233596784
659.375 22.737367670528034 22.65494603250968
659.875 22.737785953679236 22.654618829870277
660.375 22.7382146904446 22.654296989857055
660.875 22.73864295044173 22.653970350420654
661.375 22.739079667123185 22.65365272562528
661.875 22.739525116261284 22.6533364031824
662.375 22.739966062594057 22.653013622561975
662.875 22.740409016193425 22.6527097259336
663.375 22.740861424292763 22.652389148693825
663.875 22.741324092915043 22.652084487542457
664.375 22.741786772058525 22.651769213576593
664.875 22.742254795503758 22.65146481483758
665.375 22.74273383846461 22.65115710636364
665.875 22.743213855179185 22.650858315178844
666.375 22.74369221425703 22.65055876124315
666.875 22.744186372092955 22.65026854592792
667.375 22.744679621136857 22.649962637435333
667.875 22.74516966613154 22.64966994948713
668.375 22.745674471179477 22.649382256940743
668.875 22.74617957087209 22.64909102679164
669.375 22.7466916957339 22.648799311706625
669.875 22.747211928424093 22.648517720083955
670.375 22.747726738424568 22.64823279922173
670.875 22.748253762431588 22.647944205854227
671.375 22.74878453094468 22.647672169104386
671.875 22.749323373679488 22.647390808299622
672.375 22.749860402498534 22.64711463472178
672.875 22.75039263701708 22.64684723574575
673.375 22.750946577802566 22.646574807935163
673.875 22.751494991354907 22.646303093720878
674.375 22.7520473659613 22.646037938643993
674.875 22.7526017423543 22.64577004864947
675.375 22.753164139676223 22.6455062695716
675.875 22.753729181422425 22.645243499865227
676.375 22.75429686450861 22.644985835545185
676.875 22.75486447379995 22.64473187476801
677.375 22.755442649165655 22.644468514781547
677.875 22.756018503483556 22.644220532898096
678.375 22.756603304119217 22.643969798581622
678.875 22.757194867022843 22.64372105720107
679.375 22.757781234782342 22.643476464285403
679.875 22.75836588202791 22.643238211719968
680.375 22.758969355258508 22.642985432772026
680.875 22.75956144958951 22.642746950669913
681.375 22.760165916132188 22.642504697647738
681.875 22.760771144098992 22.642276924126342
682.375 22.761379940575054 22.642039088018247
682.875 22.761979370302335 22.641811325813354
683.375 22.762597474650704 22.641576871490305
683.875 22.763211815124738 22.64135552713296
684.375 22.763837930427915 22.641130580028268
684.875 22.76445690630033 22.640907367711588
685.375 22.76508140725411 22.640679410213963
