FastTrWP/PhaseSpace/IAs/snIa_0.57_30.00_-0.37_-0.13.csv
# %ECSV 0.9
# ---
# datatype:
# - {name: time-rel, datatype: float64}
# - {name: g, datatype: float64}
# - {name: i, datatype: float64}
# schema: astropy-2.0
time-rel g i
142.14583333333334 26.99164967977009 25.29608080037205
142.64583333333334 26.97227569737576 25.28669171796561
143.14583333333334 26.953029819297143 25.277379751489075
143.64583333333334 26.934023464691855 25.26806182812225
144.14583333333334 26.915317687245196 25.25881400017301
144.64583333333334 26.89674849607041 25.24961519827354
145.14583333333334 26.878346289243066 25.240424691310047
145.64583333333334 26.86017294762071 25.23128153648412
146.14583333333334 26.842236660714732 25.222192696777803
146.64583333333334 26.824503030917725 25.213132762321926
147.14583333333334 26.806932003801236 25.20409088571268
147.64583333333334 26.78950535113808 25.195099117015133
148.14583333333334 26.7722525270724 25.186143570087665
148.64583333333334 26.755248909592137 25.177246644802466
149.14583333333334 26.73843692302902 25.168393925583715
149.64583333333334 26.721718279752547 25.159572583862882
150.14583333333334 26.70523716182035 25.150798876481296
150.64583333333334 26.68884333236011 25.142025013165522
151.14583333333334 26.672645714446247 25.133323100760894
151.64583333333334 26.656708623875154 25.124648213148134
152.14583333333334 26.64082831599895 25.11601170799601
152.64583333333334 26.625169689536907 25.107415659486556
153.14583333333334 26.609624420432695 25.098873764371884
153.64583333333334 26.594231147969897 25.09034669913433
154.14583333333334 26.578958847712798 25.081876768947104
154.64583333333334 26.563909347000685 25.073453406410792
155.14583333333334 26.548913111667673 25.065050099427744
155.64583333333334 26.534112631663085 25.056675147647155
156.14583333333334 26.519426939364163 25.048361797686848
156.64583333333334 26.50494249131476 25.040078565929594
157.14583333333334 26.49051151262663 25.03182374370164
157.64583333333334 26.47623963399438 25.023619164732946
158.14583333333334 26.46216373027537 25.015451806076932
158.64583333333334 26.448098224053144 25.007345761400632
159.14583333333334 26.434215530363964 24.99920437481147
159.64583333333334 26.420455088551154 24.99117734312131
160.14583333333334 26.40683773180821 24.9831564426484
160.64583333333334 26.393325884884746 24.975179765541494
161.14583333333334 26.379914344892306 24.967224181196666
161.64583333333334 26.366661634956966 24.9593213649796
162.14583333333334 26.35349734370498 24.951481084901186
162.64583333333334 26.3404296289384 24.94362190861817
163.14583333333334 26.327547642883054 24.935834696516398
163.64583333333334 26.314667223100724 24.928071833309318
164.14583333333334 26.301994317233273 24.920368138946102
164.64583333333334 26.289313076810124 24.912671284025855
165.14583333333334 26.276881099641454 24.90502051285159
165.64583333333334 26.2645529357166 24.897427029933926
166.14583333333334 26.252226239137464 24.88985604631634
166.64583333333334 26.24003908246618 24.882310612748423
167.14583333333334 26.22790930233512 24.874826939368123
167.64583333333334 26.21596362102888 24.867346127116647
168.14583333333334 26.204058354286488 24.85991576657385
168.64583333333334 26.192306926461374 24.85253623003594
169.14583333333331 26.18059435290923 24.845157670053997
169.64583333333334 26.169030082780328 24.837845208104575
170.14583333333334 26.15749550949129 24.83052739409529
170.64583333333331 26.14608061979115 24.823254432432144
171.14583333333334 26.134719240113334 24.81599550396327
171.64583333333334 26.123473009840957 24.808760630654962
172.14583333333331 26.11229279989585 24.80153516839764
172.64583333333334 26.1011997581328 24.794380447304547
173.14583333333334 26.09014311656624 24.78718534088902
173.64583333333331 26.079170302654838 24.780053840870146
174.14583333333334 26.068323991040092 24.772965288391514
174.64583333333334 26.057542786257855 24.76585583779301
175.14583333333331 26.046778889768724 24.758782900259206
175.64583333333334 26.03611240678951 24.751745229986987
176.14583333333334 26.025526864141387 24.744724038495832
176.64583333333331 26.015008504747698 24.737711110455372
177.14583333333334 26.0045598243871 24.730755851950633
177.64583333333334 25.994163511830376 24.72382393561402
178.14583333333331 25.98380336641206 24.716880656839745
178.64583333333334 25.9735428640709 24.70999154182604
179.14583333333334 25.96332710702804 24.703116992908825
179.64583333333331 25.95321275035472 24.696276994053036
180.14583333333334 25.943117826844503 24.689454305968592
180.64583333333334 25.93308921355941 24.682641123183636
181.14583333333331 25.92311609561323 24.67587395721253
181.64583333333334 25.913225068803357 24.66910424404957
182.14583333333334 25.903372665322525 24.662366438647695
182.64583333333331 25.893545591992897 24.655679091925823
183.14583333333334 25.883832398813635 24.649005142237108
183.64583333333334 25.874132187402417 24.642326991640147
184.14583333333331 25.864497259620087 24.63572125569561
184.64583333333334 25.85490864403618 24.629110507449848
185.14583333333334 25.84540444368592 24.622518703810673
185.64583333333331 25.835904409240655 24.615977688366762
186.14583333333334 25.826471100670346 24.6094350603276
186.64583333333334 25.81708684300083 24.602917381934898
187.14583333333331 25.807736088791373 24.596426835898868
187.64583333333334 25.79845027607355 24.589965986917186
188.14583333333334 25.789204785317157 24.58353696977794
188.64583333333331 25.780026489742284 24.577116669047804
189.14583333333334 25.770870927457924 24.57073236795805
189.64583333333334 25.76175098595797 24.5643491385079
190.14583333333331 25.752709022103126 24.55803239529792
190.64583333333334 25.743654602935152 24.551703834676037
191.14583333333334 25.73472850374998 24.545426608365148
191.64583333333331 25.725769218824176 24.53914562221491
192.14583333333334 25.716872013095088 24.532889475980888
192.64583333333334 25.708032305453695 24.526677845972333
193.14583333333331 25.699192088572605 24.520484104842474
193.64583333333334 25.690428324281946 24.514311624661524
194.14583333333334 25.68171256002398 24.508150863688396
194.64583333333331 25.6730213014215 24.50204235046651
195.14583333333334 25.66435726970676 24.495922753665134
195.64583333333334 25.655736594776364 24.489852621032043
196.14583333333331 25.647198887353902 24.48379303493949
196.64583333333334 25.638597757503312 24.47776106047194
197.14583333333334 25.630102704967413 24.47172928528608
197.64583333333331 25.621630162110762 24.46577581668196
198.14583333333334 25.613205693746046 24.45980533683197
198.64583333333334 25.604805260630954 24.45385750254339
199.14583333333331 25.596427160430597 24.44795877784039
199.64583333333334 25.588116758668793 24.442052855238625
200.14583333333334 25.57981207639681 24.43619824477938
200.64583333333331 25.57153745978763 24.430351222411566
201.14583333333334 25.56331867030087 24.424537336173728
201.64583333333334 25.555112086181712 24.418737850013244
202.14583333333331 25.54693618624782 24.412969763689407
202.64583333333334 25.538805438101253 24.407219538759556
203.14583333333334 25.530696638206535 24.40147228671229
203.64583333333331 25.522649216876616 24.395762957614476
204.14583333333334 25.514598524615586 24.39007590683421
204.64583333333334 25.506553116404756 24.384428797684148
205.14583333333331 25.498586888391603 24.378772721513595
205.64583333333334 25.49062641823437 24.37316883183749
206.14583333333334 25.482686032312625 24.367582578207234
206.64583333333331 25.474818561749267 24.362007165631354
207.14583333333334 25.466920389668463 24.35645822713292
207.64583333333334 25.4591019393936 24.350916472827862
208.14583333333331 25.451318650076455 24.345403869499243
208.64583333333334 25.443558081218796 24.33990722502648
209.14583333333334 25.435845444778217 24.33443516314838
209.64583333333331 25.428171444126157 24.32895809567532
210.14583333333334 25.42051577696135 24.323514644409777
210.64583333333334 25.41291590801332 24.318088014462994
211.14583333333331 25.40531440486388 24.31266282083142
211.64583333333334 25.397775924892564 24.30725482360969
212.14583333333334 25.390272024256497 24.30186335679005
212.64583333333331 25.382799875773777 24.296498022537424
213.14583333333334 25.37533287898976 24.291143727566972
213.64583333333334 25.36791667105998 24.285812144588515
214.14583333333331 25.360524463499274 24.280494646750693
214.64583333333334 25.353178868180247 24.275202792263467
215.14583333333334 25.34581806615752 24.269905251891274
215.64583333333331 25.3385406198154 24.264635037976007
216.14583333333334 25.331272716271066 24.25936916480304
216.64583333333334 25.32402011877347 24.25414353934551
217.14583333333331 25.316788840441433 24.24891671603577
217.64583333333334 25.3096051890672 24.243699349990532
218.14583333333334 25.30244075968449 24.238513649366475
218.64583333333331 25.295290273961044 24.233356412391394
219.14583333333334 25.288182283935505 24.2281890013197
219.64583333333334 25.28110220000592 24.22305369243693
220.14583333333331 25.274033700184184 24.217920097451966
220.64583333333334 25.266982008464225 24.212804530574292
221.14583333333334 25.259971142796786 24.207714664216297
221.64583333333331 25.252965139046193 24.202628991651185
222.14583333333334 25.245995134856805 24.197575178014077
222.64583333333334 25.239038682502667 24.192519609869198
223.14583333333331 25.23212775144288 24.187493192325253
223.64583333333334 25.225228118412502 24.182488610133124
224.14583333333334 25.218356711975133 24.177468801582087
224.64583333333331 25.211484943639107 24.17248763817284
225.14583333333334 25.204642623446524 24.167518537591135
225.64583333333334 25.197803416373418 24.162558368352343
226.14583333333331 25.190995329035477 24.157626136413654
226.64583333333334 25.184224412870112 24.152707579822366
227.14583333333334 25.177452421141172 24.147802116159525
227.64583333333331 25.170730523897195 24.14290493535843
228.14583333333334 25.163999857389065 24.138020124132
228.64583333333334 25.1572753115772 24.133176202408954
229.14583333333331 25.15062504689277 24.1283285108021
229.64583333333334 25.143920972330648 24.12349346790424
230.14583333333334 25.13727423544495 24.11867406197971
230.64583333333331 25.130635553716534 24.11387063685582
231.14583333333334 25.124005737589545 24.109083129903183
231.64583333333334 25.11739949059445 24.10432249807032
232.14583333333331 25.11081321576123 24.099564920468005
232.64583333333334 25.104263006160355 24.09483540057991
233.14583333333334 25.097690557014758 24.09011237974695
233.64583333333334 25.091165649688847 24.08539120455351
234.14583333333334 25.084630249729557 24.080703376077494
234.64583333333334 25.078120137167417 24.076029014610643
235.14583333333334 25.071628791478627 24.071362084037204
235.64583333333334 25.065139071090158 24.06671611558958
236.14583333333334 25.058681411992573 24.062074780748546
236.64583333333334 25.052221036533133 24.05745962942387
237.14583333333334 25.045775682272414 24.052856293073518
237.64583333333334 25.03936332185848 24.048259841964807
238.14583333333334 25.03295886674102 24.04368803486118
238.64583333333334 25.026572766437212 24.039142542755734
239.14583333333334 25.02017241335039 24.034584567081012
239.64583333333334 25.013805414049827 24.030050595241946
240.14583333333334 25.007449204414158 24.025540634541983
240.64583333333334 25.00110102094721 24.02104030817329
241.14583333333334 24.994754442340735 24.016558454969452
241.64583333333334 24.988439088576236 24.012072677996915
242.14583333333334 24.982149623796932 24.0076035122885
242.64583333333334 24.975836409879108 24.003165664215512
243.14583333333334 24.969539965456796 23.998745194373797
243.64583333333334 24.963278050705597 23.9943339210328
244.14583333333334 24.957005495776862 23.989927476519618
244.64583333333334 24.950746108804665 23.985542632976397
245.14583333333334 24.94450153266067 23.98117287463336
245.64583333333334 24.938275871647843 23.97680946967034
246.14583333333334 24.932071976749803 23.972468270648864
246.64583333333334 24.925884987573358 23.968131109674353
247.14583333333334 24.91969480181603 23.963803794789538
247.64583333333334 24.913553787887842 23.959495295378513
248.14583333333334 24.90739051872061 23.95520064569416
248.64583333333334 24.901239141193585 23.950913541520904
249.14583333333334 24.89514333887095 23.94664602739985
249.64583333333334 24.88903899229372 23.94239071942156
250.14583333333334 24.882956331473302 23.938149948359197
250.64583333333334 24.876886481772512 23.933897137310268
251.14583333333334 24.870846604114647 23.92968935688668
251.64583333333334 24.864796093046607 23.925473376459955
252.14583333333334 24.858760019002652 23.921264966169616
252.64583333333334 24.852756087943433 23.917092306832796
253.14583333333334 24.846752901723576 23.912914817244754
253.64583333333334 24.840771289950325 23.90874480307408
254.14583333333334 24.834798037695332 23.904601349780123
254.64583333333334 24.82885076436989 23.900460116835998
255.14583333333334 24.822907111120657 23.89632029335175
255.64583333333334 24.816963814728528 23.892211580664004
256.1458333333333 24.811061555684777 23.888094719866423
256.6458333333333 24.805171784466026 23.884003170223508
257.1458333333333 24.799280654291323 23.87990587086001
257.6458333333333 24.793427438048454 23.8758417215437
258.1458333333333 24.787553092229114 23.87176876038088
258.6458333333333 24.781726833133707 23.86772423537927
259.1458333333333 24.775883199179844 23.863685354991876
259.6458333333333 24.770071541107654 23.8596468516668
260.1458333333333 24.76427045595073 23.855612854506525
260.6458333333333 24.758501183765155 23.851599380624467
261.1458333333333 24.752709330447964 23.847607315332947
261.6458333333333 24.74695586619335 23.8436032229739
262.1458333333333 24.741221199920812 23.839635026878536
262.6458333333333 24.735490164826174 23.835647960512652
263.1458333333333 24.729752052595803 23.831679099750204
263.6458333333333 24.724047811984526 23.827735122622204
264.1458333333333 24.718347351164148 23.82379104997609
264.6458333333333 24.712689652090237 23.81986244121908
265.1458333333333 24.707005503525682 23.81593542570471
265.6458333333333 24.70136495797497 23.812012300305465
266.1458333333333 24.695706588723727 23.808118635114937
266.6458333333333 24.690079722526804 23.804205542253495
267.1458333333333 24.684476453854177 23.800328484839564
267.6458333333333 24.67887389730074 23.796438794197403
268.1458333333333 24.673287869400493 23.792581725374916
268.6458333333333 24.66769702793403 23.788711008313143
269.1458333333333 24.66214093191365 23.78484936548557
269.6458333333333 24.65658468014549 23.781020585407187
270.1458333333333 24.65103619753075 23.77717455250352
270.6458333333333 24.64551748188867 23.773338206363167
271.1458333333333 24.639998575466898 23.76953595841835
271.6458333333333 24.634508252086324 23.765710554707567
272.1458333333333 24.629002595862666 23.761920537974788
272.6458333333333 24.623537932290617 23.75812202030197
273.1458333333333 24.618070239738184 23.75435278367545
273.6458333333333 24.612628284774832 23.750565080514665
274.1458333333333 24.607158932226024 23.74680005154767
274.6458333333333 24.60174064467133 23.743042068947467
275.1458333333333 24.596346088554753 23.739293912735917
275.6458333333333 24.59091977395779 23.73554939138923
276.1458333333333 24.585524408853708 23.731806041373545
276.6458333333333 24.580143839579907 23.728081552490362
277.1458333333333 24.574767679841646 23.72436893644524
277.6458333333333 24.569417991740828 23.72065410905614
278.1458333333333 24.564063072468564 23.716945441813003
278.6458333333333 24.55874013646604 23.713256666287784
279.1458333333333 24.553418188242855 23.70956376779815
279.6458333333333 24.548087074411665 23.705883799144523
280.1458333333333 24.542812097397974 23.702209466537433
280.6458333333333 24.537525027568936 23.698537332101957
281.1458333333333 24.53222820536405 23.69487158826834
281.6458333333333 24.52696723466709 23.69123163075782
282.1458333333333 24.52169385544093 23.687585079767686
282.6458333333333 24.516450007944567 23.683949232454047
283.1458333333333 24.511240037852033 23.680317280700386
283.6458333333333 24.506026166096806 23.67669324029248
284.1458333333333 24.500804722596392 23.67309089822107
