FastTrWP/PhaseSpace/IAs/snIa_0.60_30.00_0.15_0.05.csv
# %ECSV 0.9
# ---
# datatype:
# - {name: time-rel, datatype: float64}
# - {name: g, datatype: float64}
# - {name: i, datatype: float64}
# schema: astropy-2.0
time-rel g i
[from data line 703]
-63.0 23.897982621709993 22.465346374477416
-62.5 23.897044735954314 22.464176731829223
-62.00000000000006 23.8961053826821 22.463003600436128
-61.5 23.895186339485896 22.461834193945215
-61.0 23.894280564636716 22.460673398047565
-60.50000000000006 23.89336466889643 22.459507742086057
-60.0 23.89248462660257 22.458352538270017
-59.5 23.89159170988478 22.457203731737884
-59.00000000000006 23.890704531645678 22.456061066938993
-58.5 23.889826342885073 22.454917547848744
-58.0 23.888976953410413 22.45377551686324
-57.5 23.88811844701503 22.452639286344937
-57.0 23.887272140195968 22.451509431318954
-56.5 23.88643408068134 22.450389781088475
-56.0 23.885605279670962 22.449260723268225
-55.5 23.884778242406632 22.448139325215987
-55.0 23.883965125024545 22.44702789376842
-54.5 23.88314938401972 22.445916642273843
-54.0 23.88236932037585 22.44481474690422
-53.5 23.88156832194963 22.443707742810354
-53.0 23.880790283265533 22.44261231565656
-52.5 23.880007960200537 22.441520130862365
-52.0 23.879248714093233 22.44042786683564
-51.5 23.87849600562188 22.439339417741763
-51.0 23.877741465589292 22.438268700026214
-50.5 23.877007920463384 22.437191741880902
-50.0 23.876281649412235 22.436110656428056
-49.5 23.875541710522956 22.435042710687135
-49.0 23.87483378112432 22.433980127216717
-48.5 23.87412354877562 22.43291609828237
-48.0 23.873430839226618 22.431867894205148
-47.5 23.872748172816326 22.430811577642405
-47.0 23.872057824416274 22.42975901627773
-46.5 23.87137217271375 22.428710516877036
-46.0 23.87071407338597 22.4276783625141
-45.5 23.870063783289723 22.426637646869064
-45.0 23.869421978315238 22.42561279297528
-44.5 23.868789592241548 22.424583274291297
-44.0 23.868146043614992 22.42355124817033
-43.5 23.867531326699705 22.422539158833416
-43.0 23.866899036436408 22.421521333118754
-42.5 23.866297009904827 22.420508860740682
-42.0 23.86571274380718 22.41950445958757
-41.5 23.865108576284193 22.418498678877356
-41.0 23.864542767031885 22.417506308696346
-40.5 23.863973314629362 22.416506614534125
-40.0 23.863396583041485 22.41551999629116
-39.5 23.862857971923997 22.414529480323612
-39.0 23.86232164318908 22.41354788986666
-38.5 23.86178714459291 22.412571737117005
-38.0 23.86125699375365 22.41159370391101
-37.5 23.860732779561772 22.41062533407071
-37.0 23.860235138834977 22.409652805952742
-36.5 23.85972473264266 22.408685615513797
-36.0 23.859238883417255 22.407726467163336
-35.5 23.858755626403664 22.406771676639895
-35.0 23.858267423795674 22.40582469350553
-34.5 23.857802335695443 22.404865406349074
-34.0 23.857346835217868 22.403926301411214
-33.5 23.856893242417243 22.402984438195674
-33.0 23.856446925279734 22.40204339899762
-32.5 23.856005570699914 22.401113664447287
-32.0 23.85558251791192 22.4001835504021
-31.5 23.85516593022532 22.399251128496488
-31.0 23.854740116739904 22.39832066968853
-30.5 23.854334543622763 22.397415498732848
-30.0 23.85393968210401 22.396496471216224
-29.5 23.853558573634515 22.395588427340556
-29.0 23.853174637725537 22.39467539335496
-28.5 23.852793520259212 22.39376998551192
-28.0 23.8524482373619 22.3928632661
-27.5 23.852061270767102 22.391968853669123
-27.0 23.851713428704283 22.39107830045754
-26.5 23.851368389833535 22.3901803675996
-26.0 23.851024797357134 22.389297753503445
-25.5 23.850715115721627 22.38840874963885
-25.0 23.850378726225586 22.387529532320297
-24.5 23.85006498741362 22.386654961341996
-24.0 23.849772060682476 22.385780652537413
-23.5 23.849444477655727 22.384911418166958
-23.0 23.84916420117581 22.384043194264418
-22.5 23.848874660526 22.383178786538316
-22.0 23.848590854002136 22.38232157863592
-21.5 23.848314990141105 22.3814616553844
-21.0 23.848047795626005 22.38060975003335
-20.5 23.847788703641687 22.379767225849708
-20.0 23.847539819844165 22.378922092071353
-19.5 23.847281308339706 22.378078098787697
-19.0 23.8470412531465 22.377231041924567
-18.5 23.846803547469207 22.37639791186048
-18.0 23.846589521748072 22.37556818796905
-17.5 23.846359317884065 22.374734245821347
-17.0 23.846148174367126 22.37390964043799
-16.5 23.845931407177282 22.373092992605393
-16.0 23.845736746139266 22.37226754346093
-15.5 23.84552864253746 22.37145612823129
-15.0 23.84534855525152 22.370641867820837
-14.5 23.84516962034332 22.369836088595004
-14.0 23.844984479818425 22.36903110284423
-13.5 23.8448136487197 22.36821910599247
-13.0 23.84465136284088 22.36742333328102
-12.5 23.844493405972052 22.36662616051504
-12.0 23.844346683344813 22.365836824560425
-11.5 23.84419735968521 22.365039004854815
-11.0 23.844058776461058 22.364256448627824
-10.5 23.84392213302567 22.363474313064838
-10.0 23.84379749160694 22.362691253246297
-9.5 23.843665861717017 22.36191005739091
-9.0 23.84355429457107 22.361137898872997
-8.5 23.843433510809376 22.360371388528154
-8.0 23.84333534163786 22.359597804430308
-7.5 23.84323480266388 22.35883463396744
-7.0 23.843120851967157 22.358067135670243
-6.5 23.843045456294792 22.35731082132056
-6.0 23.842959658210802 22.356554246225976
-5.5 23.842882391549757 22.35580407296999
-5.0 23.84280506631669 22.35505399762959
-4.5 23.84273356129453 22.354304613007937
-4.0 23.84267584478007 22.353559153633206
-3.5 23.84261105404912 22.352820856125163
-3.0 23.842564235741047 22.35208325189966
-2.5 23.842523249631853 22.3513472584376
-2.0 23.842498694329034 22.350611625360308
-1.5 23.84246178324251 22.349887701054243
-1.0 23.842460495197386 22.349166087227207
-0.5 23.84244405736011 22.34845519765138
0.0 23.842437865863083 22.347732985224592
0.5 23.84244734111972 22.347023285234556
1.0 23.842481367916953 22.346312607111013
1.5 23.842492699674253 22.345605769250007
2.0 23.842538759031477 22.344904796241206
2.5 23.84256256724674 22.344205963590987
3.0 23.84262149935133 22.343508518926136
3.5 23.84266951356676 22.342815949285214
4.0 23.842726962273737 22.34212870270657
4.5 23.8428037110554 22.34143463139134
5.0 23.84288587323864 22.34075491298107
5.5 23.84296479871578 22.340078167642808
6.0 23.843060434684375 22.33939643899664
6.5 23.84315533218423 22.338724377184374
7.0 23.843280282244347 22.338052658487385
7.5 23.84337428463699 22.337388637851923
8.0 23.843502528445097 22.33672809858448
8.5 23.843631913165186 22.336058023427142
9.0 23.843764175602523 22.33540219032755
9.5 23.84387883416678 22.334752486011126
10.0 23.844043112226085 22.33409732337409
10.5 23.844192457819116 22.333445574089193
11.0 23.844353352984918 22.332797326334447
11.5 23.844513582781246 22.33215674234473
12.0 23.844682379144672 22.33151355429237
12.5 23.844868503428955 22.330874795696637
13.0 23.84504936339324 22.330249307293816
13.5 23.845230837018434 22.32960820171808
14.0 23.84542764851161 22.328977208198854
14.5 23.84561967569512 22.328352502568283
15.0 23.845832942057818 22.32772778998466
15.5 23.846032068089777 22.32710429501344
16.0 23.84624980536195 22.326486006332434
16.5 23.846456597497372 22.32587256871048
17.0 23.846690243920964 22.325259228267264
17.5 23.84691009811064 22.324646891235144
18.0 23.847155765739785 22.324043348351484
18.5 23.847374669695668 22.32343779044024
19.0 23.847619249682523 22.322833334074414
19.5 23.84787468174096 22.322235247643746
20.0 23.848109765079798 22.32163609167123
20.5 23.84836557639675 22.321039266679684
21.0 23.848622180511715 22.320442158677597
21.5 23.848883475732666 22.319851434672096
22.0 23.849152369910882 22.319268588300694
22.5 23.849413593970144 22.318678098295308
23.0 23.849682989820828 22.318093167198082
23.5 23.8499614669413 22.317515968439086
24.0 23.850226132712777 22.31693700187661
24.5 23.8505294210192 22.316358022272027
25.0 23.850811657641536 22.31578995538356
25.5 23.851101630962546 22.315207794313775
26.0 23.85139367855436 22.314644509860887
26.5 23.85168807234837 22.314076217848218
27.0 23.851978197867545 22.31350902723422
27.5 23.852280663178792 22.312942046117797
28.0 23.852575222246315 22.312386329602823
28.5 23.852874511565282 22.311829898040642
29.0 23.85319948676848 22.31126804096059
29.5 23.853501328732676 22.310714722938837
30.0 23.853809989245505 22.310166802936564
30.5 23.85412518098457 22.309607207274702
31.0 23.854444068234688 22.309064990281563
31.5 23.85475276215891 22.30851730889932
32.0 23.855065623823663 22.307971268034525
32.5 23.855387350981786 22.307427405991128
33.0 23.855712664533755 22.306886295824896
33.5 23.856028401183984 22.30634642493388
34.0 23.85635260776707 22.305812239413797
34.5 23.856684576923357 22.3052735354703
35.0 23.856990552435292 22.304741380524238
35.5 23.857350304163838 22.30421029076572
36.0 23.857668459010377 22.303682065753524
36.5 23.8579917004827 22.303148906750977
37.0 23.858342618111887 22.30263021675835
37.5 23.858683764954893 22.302109750938016
38.0 23.85903162528017 22.301584214078854
38.5 23.859377481194976 22.30106675925648
39.0 23.85973087532102 22.300548476466528
39.5 23.860087211964167 22.300034733244697
40.0 23.860452512620572 22.299525550960368
40.5 23.860808430296938 22.299015133057512
41.0 23.86117648849779 22.298503295061963
41.5 23.861552504826463 22.29800135201694
42.0 23.861922027364383 22.29749223853343
42.5 23.862301469958922 22.29699166179917
43.0 23.86267846735567 22.296485771075822
43.5 23.86306482472563 22.29599308489991
44.0 23.86345308526772 22.29549669539603
44.5 23.863852281134378 22.295010678524392
45.0 23.864255843153543 22.294514554667344
45.5 23.86464310742268 22.294029427061602
46.0 23.86504822396631 22.29353883180316
46.5 23.865467583342536 22.293053607802523
47.0 23.865865865845883 22.292576745611782
47.5 23.86629646909567 22.29208912353655
48.0 23.86670963080014 22.291611379774878
48.5 23.86713936027345 22.29114449014073
49.0 23.867562246459613 22.290667009240313
49.5 23.867986480623593 22.290196905495453
50.0 23.868424128013864 22.28972134538831
50.5 23.86886009081476 22.289260322780414
51.0 23.86931465614156 22.288798931948094
51.5 23.869741746495595 22.288329325537756
52.0 23.87019966389537 22.287871590621396
52.5 23.8706602556545 22.287412282174564
53.0 23.87111403417427 22.28696160831916
53.5 23.87158005232866 22.28650150986194
54.0 23.872036068509516 22.286055746769655
54.5 23.87251256536107 22.285613050279398
55.0 23.872972712218626 22.28516164271229
55.5 23.873464028288712 22.284715943574827
56.0 23.873950485886077 22.284278954626036
56.5 23.874422450459818 22.283840910834364
57.0 23.874915623298627 22.283400208719026
57.5 23.875406304576373 22.282967017980667
58.0 23.87589379662078 22.282538018635215
58.5 23.876400323095876 22.28210459021337
59.0 23.876910117571054 22.28168185130378
59.5 23.87742142247164 22.281250851430492
60.0 23.87793635124055 22.280827102103697
60.5 23.878447320075033 22.28040829557591
61.0 23.878979467325077 22.27999215471627
61.5 23.879516901537443 22.27957782689121
62.0 23.880042000713367 22.279165376321018
62.5 23.88056425953364 22.278757636738376
63.0 23.88110309894295 22.27834562125
63.5 23.88164573475664 22.27793930834016
64.0 23.882190380279347 22.277534822259494
64.5 23.882745343389388 22.27714012106243
65.0 23.88329234015322 22.276740101209974
65.5 23.88386736952008 22.276347649489768
66.0 23.884423000848646 22.275944064453125
66.5 23.884993804730637 22.275559483535133
67.0 23.885566359763768 22.2751600528087
67.5 23.886138243782163 22.274781260256287
68.0 23.886730789276406 22.274404050612784
68.5 23.88730606452406 22.274019994183938
69.0 23.88790603738596 22.27363792735929
69.5 23.88850122115803 22.273262190900162
70.0 23.889089090282475 22.272887074623583
70.5 23.889701177143223 22.272521498431225
71.0 23.89030390392388 22.272144362379308
71.5 23.890922709723977 22.27178723187194
72.0 23.891541683830845 22.271422188645758
72.5 23.892156515354607 22.271068927512758
73.0 23.892803963220082 22.270703859806872
73.5 23.893431290804727 22.27034765517559
74.0 23.894059684399714 22.26999162484607
74.5 23.89469402425504 22.269643640935648
75.0 23.895333390677344 22.269292613897612
75.5 23.89598306780792 22.26894784221684
76.0 23.89665076322202 22.268605969638386
76.5 23.897290965314667 22.268262148274708
77.0 23.897952769895056 22.267919854895936
77.5 23.898622706863314 22.267581552971706
78.0 23.8992941359802 22.267248109662138
78.5 23.899964554227115 22.26691736691126
79.0 23.900639500780127 22.26658425765902
79.5 23.901315125079392 22.266256124846468
80.0 23.902015748387928 22.265922630086074
80.5 23.902687965131605 22.26559871416418
81.0 23.903390754301657 22.265281549366204
81.5 23.904097316243632 22.264958292011485
82.0 23.904795093540407 22.26463892279748
82.5 23.905500831370126 22.26432068059391
83.0 23.90621386782865 22.2640110659059
83.5 23.906935160699096 22.263697005797777
84.0 23.907660059206325 22.263386547325247
84.5 23.908386377078873 22.26308230946412
85.0 23.909111749593247 22.26277398756543
85.5 23.909846747227817 22.26247609440557
86.0 23.910585727746017 22.262174472641924
86.5 23.911334586310964 22.261878349473164
87.0 23.91208770571149 22.261580384724176
87.5 23.912839919316053 22.261291771828397
88.0 23.91361237186876 22.26099429169958
88.5 23.91435911737515 22.26070600778003
89.0 23.915116351054788 22.260424059042418
89.5 23.915896480477382 22.26013097488179
90.0 23.91667800317913 22.25985484866474
90.5 23.917457060104535 22.259574303510796
91.0 23.918234341030995 22.259297004719322
91.5 23.919026070600857 22.25902571316233
92.0 23.919828011924874 22.258751346095195
92.5 23.92062405231578 22.25848187640123
93.0 23.921436275739282 22.258210380654575
93.5 23.92224478715622 22.25794923878918
94.0 23.923043033870574 22.257687376976342
94.5 23.923865883899218 22.25742028650595
95.0 23.92469978406627 22.25716927642821
95.5 23.925524542991088 22.256906670037075
96.0 23.926355326191565 22.256659811273863
96.5 23.927192485985614 22.25640617116284
97.0 23.928042366840746 22.25615133518394
97.5 23.928878362841953 22.255908158012403
98.0 23.929732524891524 22.25566729735209
98.5 23.9305875637257 22.25542288487624
99.0 23.931441824811813 22.25518033617234
99.5 23.93231602477682 22.254947401152535
100.0 23.933184114638408 22.254710054398366
100.5 23.934060344731257 22.254482164112673
101.0 23.934950464541647 22.25425019937528
101.5 23.935821471598754 22.254023364581883
102.0 23.93672374965302 22.253792543279673
102.5 23.937614513875314 22.253574706464278
103.0 23.938526277866305 22.253355246857687
103.5 23.9394267741007 22.25313505391348
104.0 23.94034733250328 22.252923330872
104.5 23.94125502814215 22.25271054929564
105.0 23.942171643842087 22.2525021529152
105.5 23.943111649483356 22.25229520705235
106.0 23.944035791505385 22.2520886555479
106.5 23.94496643783291 22.251889797702557
107.0 23.94591906604783 22.25168922530986
107.5 23.94684843235057 22.25148839586574
108.0 23.94780218055614 22.251294873174615
108.5 23.948768814474924 22.251106374763843
109.0 23.949719550925437 22.25091246262813
109.5 23.950700230363402 22.250724396629117
110.0 23.951667067784484 22.25053856488559
110.5 23.95264274531359 22.250360637123737
111.0 23.95363486944571 22.250183600317964
111.5 23.954615928736587 22.250003123629476
112.0 23.95560773380142 22.249833268463558
112.5 23.95661116227895 22.249652923607446
113.0 23.957622305352054 22.2494823100423
113.5 23.958644399506944 22.24932134070832
114.0 23.95966597150614 22.249153513577504
114.5 23.960700575327213 22.248992783841572
115.0 23.961731736519972 22.24883619220161
115.5 23.962774689711537 22.24867924017512
116.0 23.963829322029042 22.248526770259026
116.5 23.964883005149712 22.248385125843736
117.0 23.96597312827261 22.248227184564758
117.5 23.96703387593057 22.24809039529596
118.0 23.968113460951912 22.24794693189335
118.5 23.969197471835187 22.247815013709847
119.0 23.970291567012694 22.247671281483367
119.5 23.971404355244022 22.2475408139768
120.0 23.972495690852487 22.247401441807135
120.5 23.97361375986883 22.247277420208242
121.0 23.974753109725455 22.247148659449802
121.5 23.975869988259973 22.247022991373925
122.0 23.97700692824823 22.246909199680474
122.5 23.97814955774265 22.2467856868022
123.0 23.979297030927427 22.24666866399026
123.5 23.980448567405887 22.2465646601886
