FastTrWP/PhaseSpace/IAs/snIa_0.6_20_-1_0.1.csv
# %ECSV 0.9
# ---
# datatype:
# - {name: time-rel, datatype: float64}
# - {name: g, datatype: float64}
# - {name: i, datatype: float64}
# schema: astropy-2.0
time-rel g i
[from data line 1298]
635.3125 -25.028905445010537 -27.691137116749186
635.8125 -25.02658082875825 -27.69061128852005
636.3125 -25.024285824783238 -27.6900809105716
636.8125 -25.021974508828052 -27.689549681302626
637.3125 -25.019701866496504 -27.689011431179743
637.8125 -25.017384246767314 -27.688481747917663
638.3125 -25.015095034377484 -27.687947399987607
638.8125 -25.012793950286078 -27.687417453367324
639.3125 -25.010482662525607 -27.686882132253743
639.8125 -25.0082218510515 -27.686347014235704
640.3125 -25.005915883273424 -27.685806780896133
640.8125 -25.00361115115643 -27.68526420553532
641.3125 -25.001330115956254 -27.684732810133553
641.8125 -24.99900673109226 -27.684191332603454
642.3125 -24.996749954451623 -27.68364597038846
642.8125 -24.994439330578388 -27.683108400650966
643.3125 -24.992151211921545 -27.682556784156766
643.8125 -24.98986294164689 -27.682016295554828
644.3125 -24.98758990042076 -27.681468713425616
644.8125 -24.98529442003319 -27.680924364161427
645.3125 -24.98300607471352 -27.68037528230433
645.8125 -24.980771153297894 -27.679827367479007
646.3125 -24.97846844728111 -27.679277491030003
646.8125 -24.976196643309287 -27.67873061852313
647.3125 -24.973905068596622 -27.678173635293067
647.8125 -24.97162657437334 -27.677625322752878
648.3125 -24.969360842719738 -27.67706832543943
648.8125 -24.967089694568287 -27.676515486026435
649.3125 -24.964812140605982 -27.675965230066375
649.8125 -24.962561598505786 -27.675398429598992
650.3125 -24.960256097508967 -27.674851444212184
650.8125 -24.958002667397142 -27.674294663013704
651.3125 -24.955749014213097 -27.673729728381474
651.8125 -24.95346800784933 -27.67317259246852
652.3125 -24.951207825696695 -27.672612617751668
652.8125 -24.948944358327672 -27.672053944818416
653.3125 -24.946705264033927 -27.671490097493017
653.8125 -24.94446300756846 -27.670927560940328
654.3125 -24.94217850360298 -27.670366442105315
654.8125 -24.939925207629933 -27.66980544722407
655.3125 -24.93768097500006 -27.669239693758207
655.8125 -24.935436320327685 -27.6686674928435
656.3125 -24.933190931385084 -27.6681071026985
656.8125 -24.930914314763125 -27.66753700585816
657.3125 -24.92870445430693 -27.66696647795964
657.8125 -24.926460662292875 -27.66640119042367
658.3125 -24.924212350535836 -27.66583052731361
658.8125 -24.921992969905403 -27.66525897272245
659.3125 -24.91975281119542 -27.664694237688217
659.8125 -24.917520106901975 -27.66411696814801
660.3125 -24.915295233138547 -27.66354325695868
660.8125 -24.91309112337159 -27.66296900486126
661.3125 -24.910841053103407 -27.662396208658848
661.8125 -24.908642296202306 -27.661822871883132
662.3125 -24.90640704409277 -27.661243051902254
662.8125 -24.904182697364302 -27.660664037919986
663.3125 -24.90196802514945 -27.66008112598542
663.8125 -24.899750826869948 -27.659501508185826
664.3125 -24.89756155936332 -27.65892371427345
664.8125 -24.895373759511862 -27.658338324234137
665.3125 -24.89313494511707 -27.657755311630048
665.8125 -24.890946905359943 -27.657169162567754
666.3125 -24.88875252007535 -27.656578688393267
666.8125 -24.886570551144608 -27.65599400710797
667.3125 -24.88436879964906 -27.65540909345088
667.8125 -24.882171444532666 -27.65481931199153
668.3125 -24.87997635749185 -27.65422761167324
668.8125 -24.877793383151356 -27.65364060211018
669.3125 -24.875611704228064 -27.6530452033113
669.8125 -24.87342732411769 -27.65245217571497
670.3125 -24.871234089090915 -27.65185863266803
670.8125 -24.869064884494172 -27.651269492724047
671.3125 -24.86690509608128 -27.65066975887994
671.8125 -24.864732881453374 -27.650070366086418
672.3125 -24.86256834540796 -27.649476458788783
672.8125 -24.86039679711057 -27.64887378578502
673.3125 -24.85822984511797 -27.648276929271873
673.8125 -24.856068905096134 -27.64767517821955
674.3125 -24.85392367137717 -27.64707087848487
674.8125 -24.85177324730902 -27.646463030131017
675.3125 -24.849605517862354 -27.645861139682136
675.8125 -24.8474481951948 -27.645255549569615
676.3125 -24.845299832264644 -27.64465503718869
676.8125 -24.843146758048043 -27.64404438144082
677.3125 -24.84099823520479 -27.64343776773235
677.8125 -24.838857838295088 -27.642822813855148
678.3125 -24.836722889641884 -27.642217345478155
678.8125 -24.834591850904914 -27.64160770618805
679.3125 -24.832448423200688 -27.64099163931625
679.8125 -24.830304641756 -27.640384936549616
680.3125 -24.828177777647312 -27.63976828331269
680.8125 -24.826058212948713 -27.63915140644524
681.3125 -24.823939501818153 -27.638534239944622
681.8125 -24.821815111782847 -27.637914975614134
682.3125 -24.819670524786247 -27.63730269699762
682.8125 -24.817551696789177 -27.636688240688294
683.3125 -24.815449401235558 -27.63606484776753
683.8125 -24.813344768798338 -27.635443670621584
684.3125 -24.81122619532298 -27.634822871980056
684.8125 -24.80911915309962 -27.634196133112546
685.3125 -24.806997535379857 -27.63357776357204
685.8125 -24.804899235446925 -27.632950255262166
686.3125 -24.802810900674142 -27.632325882404707
686.8125 -24.800685050285026 -27.63169714262364
687.3125 -24.798610940162686 -27.631067615103767
687.8125 -24.796489797470343 -27.63043702152268
688.3125 -24.79440943198818 -27.629815414712255
688.8125 -24.79231751069463 -27.629180030148653
689.3125 -24.790233965324255 -27.628544045347336
689.8125 -24.78814264764548 -27.62791648156781
690.3125 -24.786055587715307 -27.6272765449499
690.8125 -24.783960627142427 -27.626652521675247
691.3125 -24.78188459052694 -27.626006912017868
691.8125 -24.779820923691453 -27.625376109732418
692.3125 -24.77772581264493 -27.624739972621008
692.8125 -24.775660354277797 -27.624099276953086
693.3125 -24.773580160114413 -27.62346039886141
693.8125 -24.771490381095834 -27.62282070400222
694.3125 -24.769436172514368 -27.62218581031655
694.8125 -24.767353448140874 -27.62153395498639
695.3125 -24.765318471396217 -27.620888557438835
695.8125 -24.763283349855083 -27.620253271556546
696.3125 -24.76118456224245 -27.61959964368225
696.8125 -24.75913237712568 -27.618956757890864
697.3125 -24.757078606685287 -27.618312383195157
697.8125 -24.75500800916584 -27.617661607075878
698.3125 -24.753000102123227 -27.61701361485351
698.8125 -24.750928066865878 -27.61636066405866
699.3125 -24.74891008845394 -27.61571054789775
699.8125 -24.74685291465663 -27.61505699243976
700.3125 -24.744845794395115 -27.614409039173225
700.8125 -24.742772160016546 -27.61374845012064
701.3125 -24.740755951933163 -27.61310421732196
701.8125 -24.738752063386528 -27.61244022189598
702.3125 -24.736734110050232 -27.611780574110636
702.8125 -24.734730467935325 -27.611129706182584
703.3125 -24.73269602912535 -27.610459633070597
703.8125 -24.730686408251703 -27.609805940935097
704.3125 -24.72867570331099 -27.60914015321472
704.8125 -24.726688670896728 -27.60848189349547
705.3125 -24.724661112207755 -27.60781774185589
705.8125 -24.722667196308613 -27.607150926151952
706.3125 -24.72068868184906 -27.606484047585184
706.8125 -24.71869649893845 -27.605820047708242
707.3125 -24.7167088674307 -27.605154237620106
707.8125 -24.714731519087238 -27.604477927967636
708.3125 -24.71274945910126 -27.60381447066689
708.8125 -24.710773047914167 -27.60313650231965
709.3125 -24.708798376127955 -27.602467647187932
709.8125 -24.70681768581647 -27.601795443934392
710.3125 -24.704883510151777 -27.601115013239976
710.8125 -24.70290601675773 -27.600445735055594
711.3125 -24.700963041541904 -27.599773891948367
711.8125 -24.699013850382144 -27.599090345913822
712.3125 -24.697053693029225 -27.5984109854795
712.8125 -24.695108836121264 -27.59773154872795
713.3125 -24.693155700358076 -27.59704819454656
713.8125 -24.69123658107425 -27.596366744809036
714.3125 -24.689304465318585 -27.59568617484522
714.8125 -24.687341670759054 -27.59499872407632
715.3125 -24.685445130191294 -27.59431818918773
715.8125 -24.68349656362317 -27.593631305734544
716.3125 -24.681568682326464 -27.59294033548749
716.8125 -24.679643639870484 -27.592257205656413
717.3125 -24.677735935876587 -27.59156594878305
717.8125 -24.675844457336762 -27.59087306540014
718.3125 -24.673916611560486 -27.590185608341923
718.8125 -24.67202257505943 -27.589487331791148
719.3125 -24.670116149790054 -27.58879592652109
719.8125 -24.668195480702376 -27.588109658588746
720.3125 -24.666332426652012 -27.587404198789148
720.8125 -24.664417748199906 -27.586703443129515
721.3125 -24.6625288283936 -27.586008410670644
721.8125 -24.660609249981043 -27.585309709111485
722.3125 -24.658788308946168 -27.584612654406104
722.8125 -24.65690104858709 -27.583909902887612
723.3125 -24.655011841981075 -27.583208344401594
723.8125 -24.653135478325684 -27.582502985112875
724.3125 -24.651282341682432 -27.58179698658808
724.8125 -24.649398281896836 -27.581089352396653
725.3125 -24.64753611974696 -27.58038694061314
725.8125 -24.6456883782529 -27.579685384371647
726.3125 -24.643824201179644 -27.578972712888383
726.8125 -24.641980732893046 -27.578259420455883
727.3125 -24.64012173019389 -27.577538808866993
727.8125 -24.63831092703904 -27.576840132092713
728.3125 -24.6364554229203 -27.576124659497157
728.8125 -24.634607137339017 -27.57541292002371
729.3125 -24.632752061546967 -27.574692372542195
729.8125 -24.630933925826074 -27.57398296802213
730.3125 -24.62910472423486 -27.573264560438563
730.8125 -24.627276111376226 -27.572541651249548
731.3125 -24.625439585164727 -27.571819651519927
731.8125 -24.62362254588799 -27.571102441218937
732.3125 -24.62183120925985 -27.570377933125233
732.8125 -24.620002962572407 -27.56966163233631
733.3125 -24.61817007389653 -27.568931897554684
733.8125 -24.61638380481764 -27.568211131593262
734.3125 -24.6145670245865 -27.567480217335216
734.8125 -24.61275634323566 -27.56675867639036
735.3125 -24.610957883524833 -27.56602977433381
735.8125 -24.609184389848835 -27.56529729592227
736.3125 -24.607396564504015 -27.56456410816714
736.8125 -24.605647867176778 -27.56383589452112
737.3125 -24.60385167066645 -27.56309818743648
737.8125 -24.602102571534132 -27.562360412598853
738.3125 -24.600339013792127 -27.561629214687613
738.8125 -24.59859153042673 -27.5608876213374
739.3125 -24.596874264942553 -27.560148674641326
739.8125 -24.595140114464446 -27.5594124296607
740.3125 -24.593414604709128 -27.558662280613436
740.8125 -24.591665937343812 -27.557923188101164
741.3125 -24.589962481899562 -27.557180877736343
741.8125 -24.588287903177076 -27.556423135137674
742.3125 -24.586601816683764 -27.555686902800286
742.8125 -24.584895688124803 -27.554927835800065
743.3125 -24.583171806857088 -27.55418718701497
743.8125 -24.581536644475 -27.553429177877828
744.3125 -24.57987681498512 -27.55267409642236
744.8125 -24.57821801171663 -27.551928122875175
745.3125 -24.576542329755867 -27.551174029419737
745.8125 -24.574882339829678 -27.550406197544355
746.3125 -24.573228425405233 -27.54965241435485
746.8125 -24.571606188244917 -27.548897225767274
747.3125 -24.569976979687503 -27.54813379809477
747.8125 -24.568355496624633 -27.547371123193255
748.3125 -24.566702739251628 -27.546604769620604
748.8125 -24.565079665610373 -27.545842831641167
749.3125 -24.56346856075523 -27.545077315934627
749.8125 -24.56185968046193 -27.544310392783583
750.3125 -24.560243979300047 -27.543547935799356
750.8125 -24.55862213162886 -27.542778653280998
751.3125 -24.55704665624635 -27.542004356419593
751.8125 -24.5554386670877 -27.541234158984672
752.3125 -24.553816850221462 -27.540461393316246
752.8125 -24.552241229234106 -27.539690017462753
753.3125 -24.550639246308293 -27.53891771447308
753.8125 -24.549066446478225 -27.538141769375763
754.3125 -24.54748270698588 -27.537364706875476
754.8124999999999 -24.54589355659836 -27.536587623945763
755.3125 -24.54432474920173 -27.53581204250083
755.8125 -24.542761931748636 -27.535038761860015
756.3124999999999 -24.541184537185593 -27.53424913478245
756.8125 -24.5395941043546 -27.533469403839103
757.3125 -24.538045806920998 -27.532687385452405
757.8124999999999 -24.5364549933014 -27.531901395721995
758.3125 -24.534876150372895 -27.531126038389992
758.8125 -24.533315869104296 -27.53033617160298
759.3124999999999 -24.531763895913855 -27.52956057297917
759.8125 -24.530178222925144 -27.52876767628412
760.3125 -24.528609036001736 -27.52797296531154
760.8124999999999 -24.527049267607236 -27.52719148191659
761.3125 -24.525482708611758 -27.526399194446345
761.8125 -24.523919739950273 -27.52560942326202
762.3124999999999 -24.522371945238056 -27.52482148520358
762.8125 -24.520801055963965 -27.52402490071781
763.3125 -24.51923607893667 -27.523237515971744
763.8124999999999 -24.517678907492332 -27.522441772615668
764.3125 -24.516096356841352 -27.521645674414135
764.8125 -24.514552128223755 -27.520855861315084
765.3124999999999 -24.512964041255174 -27.520059386978055
765.8125 -24.51140587242635 -27.51926353821554
766.3125 -24.509828356733934 -27.51846252740599
766.8124999999999 -24.50826191385193 -27.51766963544118
767.3125 -24.506659790494126 -27.516867988451224
767.8125 -24.505098466493322 -27.51606392730729
768.3124999999999 -24.503521110806883 -27.515272044466453
768.8125 -24.501960517707175 -27.514467749779143
769.3125 -24.500353320360816 -27.513677694707084
769.8124999999999 -24.498750478399046 -27.512868974464002
770.3125 -24.49718041073662 -27.512069004699967
770.8125 -24.495607132249766 -27.51126628558852
771.3124999999999 -24.49396603211372 -27.510462782980902
771.8125 -24.49235912445223 -27.509658691223514
772.3125 -24.49075268765627 -27.508851365117266
772.8124999999999 -24.489144003486917 -27.50804924719627
773.3125 -24.48752878347176 -27.50724205379968
773.8125 -24.485895764162358 -27.506438792312522
774.3124999999999 -24.484289539522766 -27.50563356339957
774.8125 -24.482662447274393 -27.50481863473912
775.3125 -24.48103176778721 -27.50401531884862
775.8124999999999 -24.47944166821399 -27.503213283801074
776.3125 -24.477830844797445 -27.50239848745572
776.8125 -24.476242288733964 -27.501583395875464
777.3124999999999 -24.47465074001727 -27.50076580356233
777.8125 -24.473047277215976 -27.499953415059576
778.3125 -24.471451356896967 -27.49913802950905
778.8124999999999 -24.469870544095986 -27.498324175489937
779.3125 -24.468278717279087 -27.497500347954855
779.8125 -24.46668485231247 -27.496684909947735
780.3124999999999 -24.465128854106148 -27.49586732757077
780.8125 -24.463513424263343 -27.49504726108669
781.3125 -24.461912789226673 -27.49422848989478
781.8124999999999 -24.460338570613047 -27.493404507775004
782.3125 -24.458778649380562 -27.492583670919313
782.8125 -24.45718321670778 -27.491756153618528
783.3124999999999 -24.45562122010046 -27.49093461466202
783.8125 -24.454055347691114 -27.490109330635185
784.3125 -24.452455482448343 -27.48928415394581
784.8124999999999 -24.450876394343876 -27.488454578776054
785.3125 -24.449317767630163 -27.487622804909037
785.8125 -24.4477316884565 -27.486795154129506
786.3124999999999 -24.446167806373687 -27.485959802828617
786.8125 -24.44459277294836 -27.485135032019492
787.3125 -24.443036356870085 -27.484302560395992
787.8124999999999 -24.441480913670553 -27.483469408249835
788.3125 -24.43988224976369 -27.48263771564323
788.8125 -24.43829557111568 -27.48179799635684
789.3124999999999 -24.436754067408536 -27.48096009168934
789.8125 -24.435183619105395 -27.48012603092083
790.3125 -24.433582155421504 -27.479284360877596
790.8124999999999 -24.432011178509804 -27.478447942372853
791.3125 -24.430447254262052 -27.477609113526054
791.8125 -24.428871231335467 -27.476763493515563
792.3124999999999 -24.427311449112054 -27.47592089751839
792.8125 -24.425718624909297 -27.475079068125634
793.3125 -24.424156839266455 -27.47424880891534
793.8124999999999 -24.422588196308787 -27.473396992845842
794.3125 -24.421007831382436 -27.472551029558133
794.8125 -24.419399185926704 -27.471708849235874
795.3124999999999 -24.417826126712807 -27.470862658892145
795.8125 -24.416245569094635 -27.47001158145842
796.3125 -24.414674481654636 -27.469161861553985
796.8124999999999 -24.41305178867076 -27.46832099646919
797.3125 -24.41146680837822 -27.467462494577926
