FastTrWP/PhaseSpace/IAs/snIa_0.60_30.00_0.67_-0.01.csv
# %ECSV 0.9
# ---
# datatype:
# - {name: time-rel, datatype: float64}
# - {name: g, datatype: float64}
# - {name: i, datatype: float64}
# schema: astropy-2.0
time-rel g i
[from data line 1732]
960.7083333333333 24.690168298816026 22.44159233502242
961.2083333333334 24.6920428039428 22.44216660255495
961.7083333333334 24.693923722882648 22.442742045063998
962.2083333333333 24.695804061815736 22.44332643885121
962.7083333333334 24.697663748004928 22.443903615891102
963.2083333333334 24.699546173213026 22.444486404435303
963.7083333333333 24.701413430616725 22.445068978774824
964.2083333333334 24.703307928224973 22.44566066932095
964.7083333333334 24.705184124374302 22.44623387130092
965.2083333333333 24.707048085122313 22.446822273830527
965.7083333333334 24.708939163595872 22.44740621743206
966.2083333333334 24.71082247652113 22.447997030012363
966.7083333333333 24.71271785845805 22.448585631163294
967.2083333333334 24.714595261643765 22.44917532375494
967.7083333333334 24.716490051313436 22.449770244346027
968.2083333333333 24.718372095104417 22.450365533708883
968.7083333333334 24.720254240915907 22.450952934822087
969.2083333333334 24.72214933249429 22.451538843282812
969.7083333333333 24.724048303608342 22.4521472654363
970.2083333333334 24.72593133619906 22.452739428211316
970.7083333333334 24.72783098701973 22.453343429013778
971.2083333333333 24.72972540247011 22.453937767664712
971.7083333333334 24.73163073643616 22.45453463515487
972.2083333333334 24.733526299889505 22.455147090402345
972.7083333333333 24.73541996996941 22.455747407490378
973.2083333333334 24.737339426918084 22.456346471390027
973.7083333333334 24.73922733077847 22.456953558414583
974.2083333333333 24.741132737413825 22.45755620650497
974.7083333333334 24.74304656886452 22.45816886511871
975.2083333333334 24.74493838558419 22.458773340732545
975.7083333333333 24.746846679501292 22.459385490383124
976.2083333333334 24.74876801154196 22.45999587418414
976.7083333333334 24.750681986014147 22.460614941242675
977.2083333333333 24.752584323761404 22.46121975069615
977.7083333333334 24.754489362810443 22.46183889415526
978.2083333333334 24.756405543323574 22.46244673985194
978.7083333333333 24.75829983239531 22.463065811150237
979.2083333333334 24.760225077590327 22.463674963220924
979.7083333333334 24.76213997186847 22.464292598018282
980.2083333333333 24.764049665386707 22.46491340999413
980.7083333333334 24.765954565636527 22.465530851759382
981.2083333333334 24.76785468267582 22.466151316775473
981.7083333333333 24.76978637833428 22.466768924366928
982.2083333333334 24.771709235914127 22.467396381679126
982.7083333333334 24.77360290348196 22.468024789094585
983.2083333333333 24.775544293402906 22.468643675986826
983.7083333333334 24.777445208610068 22.469268044173806
984.2083333333334 24.779384301327283 22.46988944776846
984.7083333333333 24.781295668309852 22.47052402263021
985.2083333333334 24.783216197890766 22.47114945882855
985.7083333333334 24.78513297205838 22.4717778550598
986.2083333333333 24.787058842871048 22.47240727012652
986.7083333333334 24.78896388202009 22.473039550616292
987.2083333333334 24.790873042693214 22.473669513454197
987.7083333333333 24.792800655870355 22.474301167763848
988.2083333333334 24.79471584545334 22.474933866314966
988.7083333333334 24.796646172853073 22.475568873257522
989.2083333333333 24.798561593051613 22.47619758332071
989.7083333333334 24.800478537254456 22.4768336621175
990.2083333333334 24.802411202637316 22.4774711932408
990.7083333333333 24.804307259568013 22.478113332761602
991.2083333333334 24.806235953957408 22.478745572643245
991.7083333333334 24.808142853218026 22.479387512063695
992.2083333333333 24.810073432908997 22.48002231420234
992.7083333333334 24.811981973909944 22.48066312680014
993.2083333333334 24.81390625954753 22.48130382857245
993.7083333333333 24.81580321854612 22.48194359117997
994.2083333333334 24.81773236226761 22.48258540517224
994.7083333333334 24.819653378952843 22.483224766956326
995.2083333333333 24.82157194496926 22.483867758463447
995.7083333333334 24.823476016916533 22.484508204017743
996.2083333333334 24.82539190094228 22.485157394798737
996.7083333333333 24.827308049933702 22.48580628773483
997.2083333333334 24.82923719192018 22.486446417819714
997.7083333333334 24.831131984641424 22.487087260163104
998.2083333333333 24.83304090663259 22.4877446351794
998.7083333333334 24.834953625178514 22.48838424281756
999.2083333333334 24.83686407328129 22.489037608487315
999.7083333333333 24.83877869741862 22.48968256925872
1000.2083333333334 24.84068010237697 22.4903298544124
1000.7083333333334 24.842589409749245 22.49098400147701
1001.2083333333334 24.8444871288009 22.491625307331752
1001.7083333333334 24.846395738995035 22.49227559129446
1002.2083333333334 24.84828742021081 22.492930092181844
1002.7083333333334 24.850201473135215 22.493581951014832
1003.2083333333334 24.85209775497829 22.49423185582598
1003.7083333333334 24.853982460072267 22.494886802080707
1004.2083333333334 24.855914053870706 22.49554329065115
1004.7083333333334 24.857800916618366 22.496195531245785
1005.2083333333334 24.85968971237353 22.496845788028175
1005.7083333333334 24.86160143344597 22.49750494282496
1006.2083333333334 24.863508610521116 22.498163962292402
1006.7083333333334 24.865391031141144 22.498819087857864
1007.2083333333334 24.867301750415717 22.4994836885128
1007.7083333333334 24.869200866703057 22.500138945045766
1008.2083333333334 24.871096387892425 22.500795105705755
1008.7083333333334 24.873008181143415 22.501462327858484
1009.2083333333334 24.8749179631257 22.50212412845113
1009.7083333333334 24.876810246693385 22.50278925034828
1010.2083333333334 24.87867743901014 22.503452610280252
1010.7083333333334 24.880569734019108 22.50410750515765
1011.2083333333334 24.882487056942114 22.504782229638
1011.7083333333334 24.88439801031901 22.505447042631324
1012.2083333333334 24.886277308994302 22.50611333205321
1012.7083333333334 24.888193584750574 22.506786246885518
1013.2083333333334 24.89007621446799 22.507452514877116
1013.7083333333334 24.89197997584583 22.508124983668687
1014.2083333333334 24.89385325727116 22.508788006533567
1014.7083333333334 24.895762788643594 22.509457387027783
1015.2083333333334 24.89766838656868 22.51014032578141
1015.7083333333334 24.89954758808898 22.510810993247254
1016.2083333333334 24.9014396397501 22.51148531368228
1016.7083333333334 24.903332419377996 22.512155691376627
1017.2083333333334 24.9052533512268 22.5128309192888
1017.7083333333334 24.907130385039267 22.51351122688273
1018.2083333333334 24.909009330188322 22.514182540725066
1018.7083333333334 24.910898859760874 22.514866135325633
1019.2083333333334 24.912783595727177 22.515544677514384
1019.7083333333334 24.91469260282471 22.516226672891108
1020.2083333333334 24.916550522279476 22.516906032431688
1020.7083333333334 24.918451157352884 22.51758951834936
1021.2083333333334 24.920343863186275 22.518269110813453
1021.7083333333334 24.922209024446452 22.518949437779195
1022.2083333333334 24.92409977624273 22.51963326867407
1022.7083333333334 24.926001038711632 22.520318013495828
1023.2083333333334 24.927862196330924 22.521000654507162
1023.7083333333334 24.929739009879043 22.521687927540405
1024.2083333333333 24.931633878233903 22.52237449433496
1024.7083333333333 24.933502453583586 22.523061567233572
1025.2083333333333 24.93537652984522 22.52373918329529
1025.7083333333333 24.937280472410627 22.524438831480534
1026.2083333333333 24.93911957241716 22.52513063635989
1026.7083333333333 24.941006585399816 22.525817996269907
1027.2083333333333 24.942890918008196 22.526506587676465
1027.7083333333333 24.944770039543045 22.52719961371872
1028.2083333333333 24.946627250431437 22.52788591848956
1028.7083333333333 24.948496632758925 22.528583018463046
1029.2083333333333 24.950365478694017 22.529269525605294
1029.7083333333333 24.952231097117764 22.52996642864192
1030.2083333333333 24.954082330316414 22.53065991752085
1030.7083333333333 24.955973978454026 22.53135784211754
1031.2083333333333 24.95782835080859 22.532053861203195
1031.7083333333333 24.959681078735187 22.532752011398742
1032.2083333333333 24.96153426642617 22.53344666258686
1032.7083333333333 24.963388247643195 22.53414372586616
1033.2083333333333 24.96524803509186 22.53484904107754
1033.7083333333333 24.967096225240827 22.535548079005885
1034.2083333333333 24.968971297494488 22.536243567972253
1034.7083333333333 24.97082102980665 22.536938930238865
1035.2083333333333 24.97265734082375 22.537643665507836
1035.7083333333333 24.97450958871933 22.53834759665637
1036.2083333333333 24.97633802128751 22.539049635991816
1036.7083333333333 24.978187642005672 22.539752012196633
1037.2083333333333 24.980045476870227 22.5404539169334
1037.7083333333333 24.981887565895878 22.54115907800424
1038.2083333333333 24.98371283736951 22.541872672529273
1038.7083333333333 24.98554757710213 22.54257449407456
1039.2083333333333 24.987372795433565 22.54327388854881
1039.7083333333333 24.989206952073552 22.543982220370804
1040.2083333333333 24.991032060364205 22.54468408892297
1040.7083333333333 24.992874432922427 22.545402866582887
1041.2083333333333 24.994682318104253 22.546111919861968
1041.7083333333333 24.996513551830212 22.546808753058478
1042.2083333333333 24.998335343978027 22.547523952116318
1042.7083333333333 25.00015763189659 22.5482273547239
1043.2083333333333 25.001962806340217 22.548945130780723
1043.7083333333333 25.003800216497538 22.549661704630456
1044.2083333333333 25.005606210165972 22.550374548752643
1044.7083333333333 25.007399090025082 22.55107610616328
1045.2083333333333 25.0092167246078 22.551799309112603
1045.7083333333333 25.01100393486883 22.552515876633983
1046.2083333333333 25.012813067730534 22.553224110761285
1046.7083333333333 25.014632607627767 22.553937912383553
1047.2083333333333 25.016408414128463 22.554659671063582
1047.7083333333333 25.01821905156667 22.55537356894714
1048.2083333333333 25.020036519736717 22.556084911817802
1048.7083333333333 25.02181820611024 22.556805772831517
1049.2083333333333 25.02357795717205 22.557520433829453
1049.7083333333333 25.025378702740333 22.558237327537945
1050.2083333333333 25.027179350851018 22.558960497324115
1050.7083333333333 25.028962755979116 22.55967915525158
1051.2083333333333 25.030737750313175 22.560407243623025
1051.7083333333333 25.032518859111672 22.56112420340707
1052.2083333333333 25.034317222977357 22.561851378737778
1052.7083333333333 25.036096977521233 22.562576230562243
1053.2083333333333 25.03786797617629 22.56328851781557
1053.7083333333333 25.0396257513018 22.564019890985577
1054.2083333333333 25.04142091074723 22.564742577603045
1054.7083333333333 25.043177169817746 22.56547597609359
1055.2083333333333 25.044923587557047 22.56619634257894
1055.7083333333333 25.046701708140787 22.56692790409606
1056.2083333333333 25.04846488856034 22.56765492681463
1056.7083333333333 25.050229857476822 22.568381180494367
1057.2083333333333 25.05198011577501 22.569111157200574
1057.7083333333333 25.053735028099116 22.56984774566177
1058.2083333333333 25.055480531169554 22.570571291486154
1058.7083333333333 25.057238920982275 22.571310859472554
1059.2083333333333 25.058976508622656 22.57204559610857
1059.7083333333333 25.060725532731695 22.572776251274004
1060.2083333333333 25.06249108047055 22.573510093192752
1060.7083333333333 25.06423518185344 22.574244998939378
1061.2083333333333 25.065966899725115 22.57498418665497
1061.7083333333333 25.06770069583165 22.57571835660698
1062.2083333333333 25.069432082306925 22.57645436861866
1062.7083333333333 25.07117971220302 22.577192802089815
1063.2083333333333 25.07288280307025 22.577932992393386
1063.7083333333333 25.074634592964852 22.578673984796318
1064.2083333333333 25.076365756012077 22.57942947961864
1064.7083333333333 25.07811483959219 22.58015351025732
1065.2083333333333 25.079831095691144 22.58089382504021
1065.7083333333333 25.08152629522233 22.58164641336249
1066.2083333333333 25.083224728039394 22.582390495528443
1066.7083333333333 25.08496112191957 22.583132765082283
1067.2083333333333 25.08667577350174 22.583878014917246
1067.7083333333333 25.088390443765274 22.58462072073013
1068.2083333333333 25.09010745281691 22.585379781659427
1068.7083333333333 25.091799060273775 22.586119854406284
1069.2083333333333 25.093506411806242 22.586871138852626
1069.7083333333333 25.095210997462225 22.587621893921998
1070.2083333333333 25.096914920580893 22.588379472091415
1070.7083333333333 25.098593522582227 22.589130467895203
1071.2083333333333 25.100330301908556 22.58987064494307
1071.7083333333333 25.102023629014163 22.590631904545127
1072.2083333333333 25.103702694201324 22.59138604380253
1072.7083333333333 25.105385927278867 22.592144856212
1073.2083333333333 25.10709698418885 22.59289630476283
1073.7083333333333 25.108764777559713 22.593657280548847
1074.2083333333333 25.110480828320682 22.59441714130518
1074.7083333333333 25.112136943775674 22.595169458625627
1075.2083333333333 25.113805298266875 22.595928597048225
1075.7083333333333 25.115498950368753 22.59669301923133
1076.2083333333333 25.117175778299252 22.597449874088852
1076.7083333333333 25.118851522236703 22.598214308234915
1077.2083333333333 25.12052659909847 22.59898399925412
1077.7083333333333 25.122188015314812 22.59973996163228
1078.2083333333333 25.123842631676418 22.60050886032169
1078.7083333333333 25.12553194631642 22.60128060805705
1079.2083333333333 25.127155764053455 22.602042191591746
1079.7083333333333 25.128829433429004 22.60280551526474
1080.2083333333333 25.130485785693615 22.603584375421093
1080.7083333333333 25.132142299117408 22.60435077766603
1081.2083333333333 25.13382152602989 22.605120635116492
1081.7083333333333 25.135446433794844 22.605890368610897
1082.2083333333333 25.137092001481104 22.606662494302327
1082.7083333333333 25.138734794461502 22.607437705814025
1083.2083333333333 25.140372876106394 22.608213093854687
1083.7083333333333 25.14201196986647 22.6089846178561
1084.2083333333333 25.14365576514528 22.60976077480167
1084.7083333333333 25.145283140599872 22.61053926056535
1085.2083333333333 25.146927197202338 22.611311489303297
1085.7083333333333 25.148536822242377 22.61209522156374
1086.2083333333333 25.15015075742611 22.61287253255791
1086.7083333333333 25.15179573889318 22.61364664139667
1087.2083333333333 25.15341844285691 22.614430894626572
1087.7083333333333 25.15503652579994 22.6152117778706
1088.2083333333333 25.156634269470935 22.615993760090856
1088.7083333333333 25.15823877640458 22.616776601276563
1089.2083333333333 25.15986180635892 22.61755744395614
1089.7083333333333 25.161477956152098 22.618349181741447
1090.2083333333333 25.163072148389737 22.619133774744057
1090.7083333333333 25.164681561627358 22.619919180651273
1091.2083333333333 25.166258215614516 22.620701355425194
1091.7083333333333 25.167851918671307 22.621498159493648
1092.2083333333333 25.169454687632037 22.622291862302664
1092.7083333333333 25.17104028320326 22.623078189185513
1093.2083333333333 25.172604684822186 22.623871738496035
1093.7083333333333 25.17420457374298 22.624667969297207
1094.2083333333333 25.175756631737247 22.62545516693873
1094.7083333333333 25.177345426353128 22.62624534445429
1095.2083333333333 25.178907765226683 22.627039960230295
1095.7083333333333 25.180499831032456 22.627834422547394
1096.2083333333333 25.182047895562064 22.62864333362804
1096.7083333333333 25.183609589880614 22.629436063614566
1097.2083333333333 25.185156441785157 22.630228277060592
1097.7083333333333 25.186748358002728 22.63102784619679
1098.2083333333333 25.188282564130947 22.631830522684062
1098.7083333333333 25.18981843460316 22.632627336607776
1099.2083333333333 25.191407820518833 22.633435015484693
1099.7083333333333 25.192940618636488 22.634237647610572
1100.2083333333333 25.194486720974435 22.635043293177706
1100.7083333333333 25.19601347581027 22.635849029771762
1101.2083333333333 25.19755263653402 22.636653260383603
1101.7083333333333 25.199065198388908 22.637469002590514
1102.2083333333333 25.20062632056874 22.638268286300477
1102.7083333333333 25.20217019970129 22.639078351400443
