FastTrWP/PhaseSpace/IAs/snIa_0.6_20_0.0_0.0.csv
# %ECSV 0.9
# ---
# datatype:
# - {name: time-rel, datatype: float64}
# - {name: g, datatype: float64}
# - {name: i, datatype: float64}
# schema: astropy-2.0
time-rel g i
[from data line 1625]
798.8125 -24.898452061066642 -27.452720661259292
799.3125 -24.89676828235625 -27.4519690322822
799.8124999999999 -24.89508660127961 -27.45120638975663
800.3125 -24.893413469835988 -27.45044151867793
800.8125 -24.891719349872375 -27.449683766575003
801.3124999999999 -24.890031394641912 -27.44892565169441
801.8125 -24.888352000792594 -27.448165199434445
802.3125 -24.88666118102571 -27.447396762253486
802.8124999999999 -24.885011679488038 -27.446636136300683
803.3125 -24.88332106413933 -27.44587485028783
803.8125 -24.881638480580072 -27.44511633015332
804.3124999999999 -24.879962270851014 -27.444354031776722
804.8125 -24.878218739035635 -27.443579572298127
805.3125 -24.876563441113248 -27.442822790777317
805.8124999999999 -24.87486731683356 -27.442051511135244
806.3125 -24.87319292788834 -27.441283969014915
806.8125 -24.87148613098544 -27.440519340740614
807.3124999999999 -24.869789945953812 -27.439746296031444
807.8125 -24.868078678494353 -27.43897768819633
808.3125 -24.86638987547854 -27.438212461651897
808.8124999999999 -24.864674556698617 -27.43743546257638
809.3125 -24.8630185257605 -27.436669473606816
809.8125 -24.861292205237806 -27.435901458280973
810.3124999999999 -24.859594590128523 -27.43512232963278
810.8125 -24.85789234805623 -27.4343616874004
811.3125 -24.85618996337656 -27.43357722067811
811.8124999999999 -24.854474254956486 -27.432802204763597
812.3125 -24.85277263692148 -27.432035959626724
812.8125 -24.85106338708501 -27.43125628617593
813.3124999999999 -24.84934957702489 -27.430484369710793
813.8125 -24.847649820678125 -27.42971001862225
814.3125 -24.84592162188255 -27.428936916449214
814.8124999999999 -24.844191840059974 -27.42814998886963
815.3125 -24.84250299394833 -27.427375986912168
815.8125 -24.84079521653426 -27.426598528933997
816.3124999999999 -24.839081700323476 -27.425814979639366
816.8125 -24.837385839702534 -27.42504122813805
817.3125 -24.835657171587965 -27.424258775251914
817.8124999999999 -24.83395031052783 -27.423480703100516
818.3125 -24.832221575822242 -27.422699112543413
818.8125 -24.830536176489364 -27.421916396449753
819.3124999999999 -24.828802833117077 -27.421136535532543
819.8125 -24.82710300596562 -27.420348653541925
820.3125 -24.825390884604484 -27.419562879341086
820.8124999999999 -24.82366764200288 -27.41877418640941
821.3125 -24.821937794087944 -27.417988453716195
821.8125 -24.82023757585413 -27.41720195855887
822.3124999999999 -24.818528666671543 -27.416418616427002
822.8125 -24.816812514386623 -27.41562672109268
823.3125 -24.815075279220377 -27.414839248819117
823.8124999999999 -24.81336702785348 -27.414048117022517
824.3125 -24.81165242389169 -27.41325932180863
824.8125 -24.809931049949686 -27.412467474380875
825.3124999999999 -24.808213372142216 -27.411678742305202
825.8125 -24.80650612794171 -27.410878259506546
826.3125 -24.80475115920045 -27.410092684957448
826.8124999999999 -24.803043711782088 -27.40929590330252
827.3125 -24.80131752965754 -27.40849652348322
827.8125 -24.79961164286154 -27.407696046618703
828.3124999999999 -24.79788346991409 -27.40691023417711
828.8125 -24.796137599796474 -27.406105564236903
829.3125 -24.794462511769808 -27.405314063645466
829.8124999999999 -24.792704179709105 -27.404507319300308
830.3125 -24.79100214436079 -27.403706842479693
830.8125 -24.789278623798083 -27.402903514194197
831.3124999999999 -24.78754055544811 -27.402105256042613
831.8125 -24.785802915075163 -27.401311112557668
832.3125 -24.784082678035535 -27.400502133312866
832.8124999999999 -24.782379162777374 -27.399696829682863
833.3125 -24.780653378210516 -27.39888948445341
833.8125 -24.778929098886984 -27.398084625562124
834.3124999999999 -24.777195315942343 -27.397279213404182
834.8125 -24.775471484466994 -27.396473632573258
835.3125 -24.77373286134369 -27.39566299155962
835.8124999999999 -24.772020676568868 -27.394851948837097
836.3125 -24.770280330967847 -27.394046177717833
836.8125 -24.76855345974522 -27.393237313565063
837.3124999999999 -24.766841948964174 -27.39242801011866
837.8125 -24.765094281628155 -27.39161282847278
838.3125 -24.763357044454843 -27.390791506953992
838.8124999999999 -24.761633817095067 -27.38998885488616
839.3125 -24.75988354169562 -27.389166501132873
839.8125 -24.758157876863514 -27.38835703435296
840.3124999999999 -24.756427961078597 -27.38753924324987
840.8125 -24.754688977555126 -27.386719019522058
841.3125 -24.75296191091244 -27.385895210728044
841.8124999999999 -24.75123324350982 -27.38507491791315
842.3125 -24.749479878746598 -27.384261416714324
842.8125 -24.747733705671955 -27.38343574436124
843.3124999999999 -24.745991555676397 -27.38261423782681
843.8125 -24.74426993575094 -27.381794302606302
844.3125 -24.74249185574816 -27.380967551776017
844.8124999999999 -24.74079780358286 -27.38014148265803
845.3125 -24.739027122604632 -27.379311850251003
845.8125 -24.737309999164214 -27.378485929878845
846.3124999999999 -24.735548441228474 -27.377661936705863
846.8125 -24.73382117276943 -27.376830946532642
847.3125 -24.7320587156015 -27.376000580432425
847.8124999999999 -24.73032115874171 -27.375171493909377
848.3125 -24.728579813840277 -27.37433527014915
848.8125 -24.726838331907057 -27.373497333390727
849.3124999999999 -24.72506325453277 -27.372671104206784
849.8125 -24.72333360449386 -27.371832249683262
850.3125 -24.72159243739746 -27.370997501261684
850.8124999999999 -24.719844849703332 -27.370158072162898
851.3125 -24.71807137699434 -27.3693234573509
851.8125 -24.71631639861082 -27.368488901974814
852.3124999999999 -24.714565804249172 -27.36764676875609
852.8125 -24.712809187605536 -27.366807792835978
853.3125 -24.711071936832376 -27.365962526933338
853.8124999999999 -24.709326511084253 -27.36512208656528
854.3125 -24.70756590568014 -27.364279118934324
854.8125 -24.705807227541037 -27.363439010966587
855.3124999999999 -24.704062554351566 -27.362597312268836
855.8125 -24.70229364608946 -27.361749519178936
856.3125 -24.700515371474424 -27.360899634177834
856.8124999999999 -24.698757094560726 -27.360052620620362
857.3125 -24.697024594479107 -27.359203363961527
857.8125 -24.695279804859524 -27.35835254896346
858.3124999999999 -24.693504682115833 -27.35751540802645
858.8125 -24.691766040416184 -27.35666601025961
859.3125 -24.689997412696478 -27.355802060904697
859.8124999999999 -24.688250628045388 -27.354952671146084
860.3125 -24.68650083272628 -27.354103925805063
860.8125 -24.684754139896835 -27.353244848419624
861.3124999999999 -24.68297331206385 -27.352394276288436
861.8125 -24.681215082872512 -27.351537936608906
862.3125 -24.679425622358977 -27.35068020438682
862.8124999999999 -24.677674212118546 -27.3498166263929
863.3125 -24.675940465132975 -27.348962572674065
863.8125 -24.67415328015386 -27.348097223693543
864.3124999999999 -24.672391479236083 -27.347241387058546
864.8125 -24.670633763041018 -27.346376427172707
865.3125 -24.668870284011813 -27.345518288190608
865.8124999999999 -24.66708806777001 -27.34464480724356
866.3125 -24.665331308619407 -27.343786104117335
866.8125 -24.663567562073506 -27.342919286767305
867.3124999999999 -24.661803844216685 -27.342059105169874
867.8125 -24.660040277968108 -27.34118495698725
868.3125 -24.658260754550305 -27.340319248601098
868.8124999999999 -24.656503440081877 -27.339444637550912
869.3125 -24.654734584162156 -27.33857633878463
869.8125 -24.65295509644959 -27.337705352266486
870.3124999999999 -24.65116501406202 -27.336833366360644
870.8125 -24.6494220882734 -27.335954849533742
871.3125 -24.647644645155662 -27.33508788953856
871.8124999999999 -24.645869667101536 -27.33420374468462
872.3125 -24.64413230718936 -27.333334159121925
872.8125 -24.642321032352857 -27.332455436811212
873.3124999999999 -24.640564608357142 -27.33157361453252
873.8125 -24.638768463663517 -27.330693770563702
874.3125 -24.63700632626146 -27.32980755217372
874.8124999999999 -24.635228973495803 -27.328932557477657
875.3125 -24.633422493379843 -27.32804611729729
875.8125 -24.631675656071273 -27.327158981425086
876.3124999999999 -24.629890893418388 -27.32627299322045
876.8125 -24.628118497796223 -27.32538706610278
877.3125 -24.62631202201844 -27.324501206685913
877.8124999999999 -24.624565923211797 -27.323609482743024
878.3125 -24.622783710047734 -27.32272675117025
878.8125 -24.621004004206725 -27.32182738893542
879.3124999999999 -24.619214400673208 -27.320933831088464
879.8125 -24.61742729741459 -27.32003870487913
880.3125 -24.615625792791768 -27.319148856337062
880.8124999999999 -24.613859384148427 -27.31825144878009
881.3125 -24.612077044506798 -27.31735424989656
881.8125 -24.61028468669477 -27.316454859932268
882.3124999999999 -24.608511656031435 -27.315554670934677
882.8125 -24.606718895808413 -27.314652639489417
883.3125 -24.604914488920045 -27.3137461116584
883.8124999999999 -24.603123087070188 -27.312853130768076
884.3125 -24.601342769967502 -27.311946674415015
884.8125 -24.599540898659463 -27.311038283751707
885.3124999999999 -24.59775502649428 -27.310136530029297
885.8125 -24.59598250400009 -27.309227044993452
886.3125 -24.594194847374645 -27.308309776950196
886.8124999999999 -24.592375530102192 -27.307410121368036
887.3125 -24.59057751701831 -27.306498277503415
887.8125 -24.588783983456292 -27.305586692896803
888.3124999999999 -24.58699075122599 -27.304670555315518
888.8125 -24.58518116837691 -27.3037589600957
889.3125 -24.583392564536098 -27.302831511719717
889.8124999999999 -24.58157790304395 -27.301916837212787
890.3125 -24.579780412266242 -27.301004129876457
890.8125 -24.577970403366226 -27.300078861934168
891.3124999999999 -24.576178866648725 -27.299148937435127
891.8125 -24.574395852455165 -27.298230760698242
892.3125 -24.57258296347666 -27.29730870824051
892.8124999999999 -24.570776843663864 -27.29639111246119
893.3125 -24.568988141609726 -27.29546501084012
893.8125 -24.5671854489151 -27.294533478094966
894.3124999999999 -24.56534348980088 -27.2936092277741
894.8125 -24.563563663957876 -27.292674531760923
895.3125 -24.561734272466232 -27.291746071724994
895.8124999999999 -24.559930891301995 -27.290812011006246
896.3125 -24.55813407008852 -27.28988009190074
896.8125 -24.556346917857628 -27.28893921267681
897.3124999999999 -24.554514360879022 -27.288003754284865
897.8125 -24.552727904935217 -27.287072961515705
898.3125 -24.550887067496397 -27.286135314199186
898.8124999999999 -24.54907869499734 -27.28519120265061
899.3125 -24.54727581274593 -27.284252057753264
899.8125 -24.545472706955817 -27.28330810666703
900.3124999999999 -24.543649406933724 -27.28236559593526
900.8125 -24.54183605784141 -27.281417859831222
901.3125 -24.540035406221858 -27.28048146700841
901.8124999999999 -24.538189383504356 -27.279523517420042
902.3125 -24.536386185213807 -27.278579438057907
902.8125 -24.534590540005667 -27.277630718898912
903.3124999999999 -24.532782619768817 -27.27667690792711
903.8125 -24.530905654047306 -27.27573393480933
904.3125 -24.529125232448102 -27.274775678624135
904.8124999999999 -24.527274997526543 -27.273823672295926
905.3125 -24.52547405148948 -27.272869281494216
905.8125 -24.52367420348827 -27.271907120414383
906.3124999999999 -24.521858660148514 -27.270952466525806
906.8125 -24.520000038990915 -27.269994123892495
907.3125 -24.518200955502675 -27.269032897769456
907.8124999999999 -24.516364984605303 -27.268069196202877
908.3125 -24.514547247145554 -27.26711462456619
908.8125 -24.512728228919492 -27.266140951324182
909.3124999999999 -24.510896824399296 -27.26517652454342
909.8125 -24.509046705314 -27.264209128941456
910.3125 -24.50726893290615 -27.263243248101436
910.8124999999999 -24.505445104241467 -27.262273193991902
911.3125 -24.503590651013823 -27.261298999960623
911.8125 -24.501749132075492 -27.26032925599374
912.3124999999999 -24.499940609114805 -27.259362930536597
912.8125 -24.498130879894575 -27.258386060347448
913.3125 -24.496274314229908 -27.257410192982086
913.8124999999999 -24.49444343219675 -27.256434910308496
914.3125 -24.492616064232426 -27.25546126135705
914.8125 -24.49079365718406 -27.254476489191937
915.3124999999999 -24.488998393925097 -27.253496774638514
915.8125 -24.487119501425553 -27.2525164399547
916.3125 -24.485306851507293 -27.251529191024918
916.8124999999999 -24.483464942304188 -27.25054482527979
917.3125 -24.481619707035613 -27.249554743336503
917.8125 -24.479786847759293 -27.248575151374435
918.3124999999999 -24.477991861550912 -27.247588695970855
918.8125 -24.47611553270475 -27.2465887145122
919.3125 -24.474308310167473 -27.245602883477844
919.8124999999999 -24.472442902631766 -27.24461480030473
920.3125 -24.47062344877496 -27.243619304106584
920.8125 -24.46876658834483 -27.242619017498786
921.3124999999999 -24.46694984249699 -27.241630168554025
921.8125 -24.465094889018488 -27.24063803680719
922.3125 -24.463245736280275 -27.23963063439056
922.8124999999999 -24.461425516350964 -27.238629868283027
923.3125 -24.459597507407032 -27.2376398955933
923.8125 -24.45775439514903 -27.236629700663492
924.3124999999999 -24.455901422897917 -27.235617967170498
924.8125 -24.454031910397866 -27.234618926633964
925.3125 -24.45222453422522 -27.233611533572613
925.8124999999999 -24.45036789513624 -27.23261211791241
926.3125 -24.44852243378417 -27.231599970407125
926.8125 -24.44670829761026 -27.23059451739156
927.3124999999999 -24.444856748308137 -27.229576881353545
927.8125 -24.44297257606577 -27.228562546843786
928.3125 -24.44116769739442 -27.227545250100476
928.8124999999999 -24.43929999195347 -27.226528209057065
929.3125 -24.43742308994452 -27.225509450549495
929.8125 -24.4356073103325 -27.224483395463103
930.3124999999999 -24.433748883590155 -27.223466775825553
930.8125 -24.431883457769157 -27.222438202529023
931.3125 -24.430054039721 -27.221409315674645
931.8124999999999 -24.42819153031526 -27.220380324028035
932.3125 -24.426298483160668 -27.219344928873337
932.8125 -24.424443005772222 -27.218310436136672
933.3124999999999 -24.422616795257465 -27.21726798362137
933.8125 -24.420745764727418 -27.216244455545375
934.3125 -24.4188755621755 -27.215196704763294
934.8124999999999 -24.417004015443982 -27.214165195358532
935.3125 -24.41515602432474 -27.213114600647526
935.8125 -24.413281850928946 -27.212068443023423
936.3124999999999 -24.411410888257553 -27.211023185645953
936.8125 -24.409535683826714 -27.209972393219406
937.3125 -24.407696418944766 -27.208925588280376
937.8124999999999 -24.405831504879856 -27.207872942733612
938.3125 -24.403953159296353 -27.20681682836336
938.8125 -24.40207881611063 -27.20576220395826
939.3124999999999 -24.40021965171387 -27.204706378498553
939.8125 -24.398354786125385 -27.2036438187737
940.3125 -24.39647396848233 -27.20258474946181
940.8124999999999 -24.39459592833971 -27.201533844623796
941.3125 -24.392736573206328 -27.200472246957666
941.8125 -24.390839278006204 -27.199406053531398
942.3124999999999 -24.389006070253906 -27.19834168699777
942.8125 -24.38710165823997 -27.197269044519693
943.3125 -24.38524543259794 -27.19621107466597
943.8124999999999 -24.383368173084385 -27.19514138746667
944.3125 -24.38150453813232 -27.194063044794
944.8125 -24.379618906555827 -27.192991546456625
945.3124999999999 -24.377778971159177 -27.191927286058895
945.8125 -24.37586445807635 -27.19085011786643
946.3125 -24.374019735409924 -27.189784429036425
946.8124999999999 -24.3721305106968 -27.188700961405104
947.3125 -24.370259161836817 -27.187637949054274
947.8125 -24.368363422858785 -27.186553133789605
948.3124999999999 -24.36653650034417 -27.185479165077954
948.8125 -24.36463745986343 -27.1843970090697
949.3125 -24.362768127824527 -27.183320490534268
949.8124999999999 -24.360904365625927 -27.1822355512025
950.3125 -24.359017630363358 -27.181158056684595
950.8125 -24.357174710710254 -27.180073766026375
951.3124999999999 -24.355303360467726 -27.178994990214665
951.8125 -24.353416241727874 -27.17791078251068
952.3125 -24.351546839069517 -27.17682504753981
952.8124999999999 -24.34967384152533 -27.17574443111875
953.3125 -24.34780314879496 -27.174650415402546
953.8125 -24.345945705318567 -27.173571842581495
