FastTrWP/PhaseSpace/IAs/snIa_0.49_30.00_-1.01_0.08.csv
# %ECSV 0.9
# ---
# datatype:
# - {name: time-rel, datatype: float64}
# - {name: g, datatype: float64}
# - {name: i, datatype: float64}
# schema: astropy-2.0
time-rel g i
[from data line 1772]
512.0 25.27601177360409 22.829461780479555
512.5 25.278268327594414 22.830384444952596
513.0 25.280520611327862 22.831334776534156
513.5 25.282737382361546 22.8322825777545
514.0 25.28501393563573 22.83322000599488
514.5 25.287240297830657 22.834171445336903
515.0 25.289486151114243 22.835097034882097
515.5 25.29170635820339 22.836053835686066
516.0 25.29394269454887 22.836994297161336
516.5 25.29622706220822 22.837936292349355
517.0 25.298432703740335 22.838871123444537
517.5 25.300709330924388 22.83982217708516
518.0 25.30293540228947 22.84076200861644
518.5 25.30517503082173 22.841702321769255
519.0 25.30742547411524 22.842641931391015
519.5 25.30964395137982 22.843594138803006
520.0 25.31187747278414 22.844537031761483
520.5 25.314112629194664 22.845469280255692
521.0 25.316359405060304 22.846418839172827
521.5 25.318561070346117 22.847364039837746
522.0 25.32083343008275 22.848309955468622
522.5 25.32306893557342 22.849238292562628
523.0 25.32528944864633 22.850191550846812
523.5 25.327529265196134 22.851131158931445
524.0 25.32976705986504 22.852073089902643
524.5 25.33195361066702 22.853018328195272
525.0 25.33418281429541 22.85395972972994
525.5 25.336434897573877 22.85490495406453
526.0 25.338671635419043 22.85585057964743
526.5 25.3408852628082 22.856787464771358
527.0 25.343087702637153 22.85772596594283
527.5 25.34533170824669 22.858667669420477
528.0 25.347540183139476 22.85961576911019
528.5 25.349779494765826 22.86055596082655
529.0 25.35199549404942 22.861507856918045
529.5 25.354223575798713 22.862448971248213
530.0 25.35644731997631 22.86338633358328
530.5 25.358659829534098 22.864316221701337
531.0 25.36084740159525 22.86526381134134
531.5 25.363084191695833 22.86620202320516
532.0 25.365295160563438 22.867149280573233
532.5 25.367509716444722 22.86809385988226
533.0 25.369738702593384 22.86903634618693
533.5 25.371962343435804 22.869969642389382
534.0 25.374158545785352 22.870915220659622
534.5 25.37635352662175 22.871857091431934
535.0 25.37858437399819 22.872807666273346
535.5 25.380805570352223 22.873739645968485
536.0 25.383021978457826 22.87468995706582
536.5 25.385224528391955 22.87563339266622
537.0 25.3874273989183 22.87657076733716
537.5 25.389613844294587 22.877504812113543
538.0 25.39185995194485 22.878445058195783
538.5 25.394055413612225 22.87938883456431
539.0 25.396260693551213 22.880336529465346
539.5 25.398478344215782 22.8812778683611
540.0 25.400664587876705 22.882221277637175
540.5 25.402874392130734 22.883153079833853
541.0 25.405091668324815 22.884104020225205
541.5 25.407309685402602 22.885037850866375
542.0 25.409492307879653 22.885984623056437
542.5 25.411686410548157 22.886923719979432
543.0 25.413904185945782 22.887858103860765
543.5 25.416108012101127 22.888810926593766
544.0 25.418300044381553 22.889745808730375
544.5 25.420520093903875 22.890686132739532
545.0 25.422717217979272 22.89162123000034
545.5 25.424922497174045 22.892567053424287
546.0 25.427119333526072 22.893505542112745
546.5 25.42931039227836 22.89445347498111
547.0 25.43153288176013 22.89538578919708
547.5 25.43373034645841 22.89633139211077
548.0 25.435926918978232 22.897272504679517
548.5 25.438128647938324 22.89820722395108
549.0 25.44032673252255 22.89914450806519
549.5 25.442522112533908 22.90008807834997
550.0 25.444726401341118 22.90102288230541
550.5 25.446942357826043 22.901958837275505
551.0 25.44914784118829 22.90290670911048
551.5 25.451329464191296 22.903846222929293
552.0 25.45354085241425 22.90479102683822
552.5 25.455743697992837 22.90572357608625
553.0 25.45796173479755 22.90667179216947
553.5 25.46011911903403 22.907599506512764
554.0 25.46233092359874 22.908543355370227
554.5 25.464531721676636 22.909484779689695
555.0 25.466728516769198 22.910414213690288
555.5 25.468916268319433 22.911354620239802
556.0 25.47113004566779 22.912295210666798
556.5 25.473304270885365 22.913243585265306
557.0 25.47552270503896 22.914179859566474
557.5 25.47774302508627 22.915123036174172
558.0 25.479921553416144 22.916054270383988
558.5 25.48209468319284 22.916993892011245
559.0 25.484263740193292 22.917928285300853
559.5 25.48650288634422 22.918868203708357
560.0 25.48869140260182 22.919808902517246
560.5 25.490857567342374 22.92074228691885
561.0 25.49304977913526 22.92168405546422
561.5 25.495231460595082 22.922614451578337
562.0 25.497451701590546 22.92354986701117
562.5 25.499625604803846 22.924496426073798
563.0 25.501787166687162 22.925434873971465
563.5 25.50399073882161 22.926367984370003
564.0 25.506161976728386 22.927307834288342
564.5 25.508355545237226 22.92824317770179
565.0 25.510553354638667 22.929181423192695
565.5 25.512718964733644 22.93012272781918
566.0 25.514921581047126 22.93105504466293
566.5 25.51708144149326 22.93199090497096
567.0 25.519247290109604 22.932934869249575
567.5 25.52143381372248 22.933874690745228
568.0 25.523602708941702 22.934804331307973
568.5 25.5257693179518 22.935742599757226
569.0 25.527961228812792 22.9366795811235
569.5 25.530111871086632 22.937610654142155
570.0 25.532293503586942 22.93855369411765
570.5 25.534486648151102 22.93949117839823
571.0 25.536641187412286 22.94042505037303
571.5 25.53881718678923 22.941359424958844
572.0 25.540966022311963 22.94230362790035
572.5 25.543116693378636 22.94322563227075
573.0 25.54528088365091 22.94417313171926
573.5 25.547442391334087 22.94510420367114
574.0 25.549617048996367 22.946040112809666
574.5 25.551760222072815 22.946967458892843
575.0 25.553905203107053 22.947904248303594
575.5 25.556089351900685 22.948835336137947
576.0 25.558238998159283 22.94977591601549
576.5 25.560398386234 22.950709749826224
577.0 25.562540575739114 22.95164137345705
577.5 25.56470954269642 22.952572627105155
578.0 25.566850257882933 22.95350865439208
578.5 25.56898796900142 22.954442361315927
579.0 25.571156765016063 22.955379048648865
579.5 25.573255541945382 22.956306222194453
580.0 25.57542358045812 22.957237531074934
580.5 25.577543781176498 22.958175047097313
581.0 25.57970023047265 22.959113971257764
581.5 25.58185041972678 22.96005668314948
582.0 25.584007037325982 22.960982130183226
582.5 25.5861133990711 22.96191145999589
583.0 25.588243480973098 22.962845497236096
583.5 25.590360214057142 22.963778943272054
584.0 25.592500705149682 22.96471524344415
584.5 25.594631569196665 22.965640657234687
585.0 25.596742013048193 22.966577525271035
585.5 25.598858990143253 22.967504213281277
586.0 25.60100234984944 22.968440656166745
586.5 25.603147270271695 22.969365899153264
587.0 25.60525302363059 22.970303517598435
587.5 25.607345930957052 22.97123102732907
588.0 25.609455822894716 22.972166587603652
588.5 25.61157983797891 22.973091762996347
589.0 25.613704140573176 22.974024097223754
589.5 25.61582671898773 22.974952700381813
590.0 25.617897489759457 22.975881839426172
590.5 25.62001500050327 22.97681813925834
591.0 25.622113352312972 22.977745110700706
591.5 25.62421477162456 22.97868155127444
592.0 25.626315253404105 22.979602857788098
592.5 25.628419261457505 22.980532866023214
593.0 25.630529545733825 22.981473253850176
593.5 25.63259968949356 22.982400300608525
594.0 25.6346690321295 22.983324487886414
594.5 25.636795810095766 22.984253034747113
595.0 25.638876121761736 22.98518236714218
595.5 25.64099532837874 22.98612073654464
596.0 25.643016111696816 22.9870423071322
596.5 25.645135318036854 22.987965296901333
597.0 25.64722436218137 22.988896155186247
597.5 25.649298285559876 22.989821604878223
598.0 25.651366351907193 22.990749722066667
598.5 25.65348791783013 22.99167625802424
599.0 25.65554575244224 22.992614190313244
599.5 25.657607338582377 22.993540995927198
600.0 25.659682193517344 22.994464431143452
600.5 25.661718255441478 22.995392446822066
601.0 25.663827001856276 22.996323769927418
601.5 25.665859007544206 22.99725420753458
602.0 25.667921158756762 22.998181324600708
602.5 25.669959332403685 22.99910817193014
603.0 25.672057907098154 23.00002893273345
603.5 25.67407574206375 23.000958606026156
604.0 25.676145525481132 23.001878205425186
604.5 25.678204615525658 23.002810728788525
605.0 25.680167740854895 23.00373614569423
605.5 25.682212136221224 23.00466505549111
606.0 25.684272031286252 23.005582535933428
606.5 25.686339327368675 23.006504064239216
607.0 25.688361649996196 23.007438401606958
607.5 25.69039187896871 23.008359953873033
608.0 25.692433574855485 23.009274132249395
608.5 25.69446458913267 23.010207836568565
609.0 25.6964353966847 23.011137130304533
609.5 25.698477775226678 23.012062646280853
610.0 25.700478420019998 23.012981071257663
610.5 25.702516221854385 23.0138915154578
611.0 25.70451050665266 23.014814833855702
611.5 25.706507649178377 23.015743187816003
612.0 25.708541360072804 23.01666541050496
612.5 25.71053195748369 23.017584985223074
613.0 25.712525653865136 23.01851132525924
613.5 25.71450153502554 23.019430151442364
614.0 25.716514669348722 23.020350083157734
614.5 25.718495750305415 23.021279327320574
615.0 25.72043820982902 23.022191509143568
615.5 25.722424512332775 23.02311220993911
616.0 25.724379218231924 23.02403468957387
616.5 25.726373485389843 23.024946292908467
617.0 25.72834279939199 23.025873923932004
617.5 25.730287038088218 23.0267932684848
618.0 25.732238969444104 23.02770105176907
618.5 25.73417836175674 23.028636251022846
619.0 25.736171680299286 23.029553768437786
619.5 25.738105245601247 23.03046786811511
620.0 25.74004081702852 23.031372081621576
620.5 25.741955688029353 23.03229782142989
621.0 25.74392228830938 23.03321663917915
621.5 25.745842060592196 23.034122509499518
622.0 25.747743062850276 23.035046352385713
622.5 25.749657460414515 23.035969888009472
623.0 25.75161486292274 23.03687886097171
623.5 25.753515290973322 23.037784946573097
624.0 25.755401258895375 23.03870498737004
624.5 25.757326731462065 23.03962030945213
625.0 25.759217810175386 23.04053084692951
625.5 25.761119734363316 23.04144330230262
626.0 25.763018579163838 23.042362956573722
626.5 25.76487758332156 23.04326985086712
627.0 25.76677609025588 23.04419010971224
627.5 25.768663906221605 23.045101154037837
628.0 25.770521577393698 23.046004223242175
628.5 25.77238508385744 23.046920314149947
629.0 25.774259392281593 23.04783555937025
629.5 25.776137187077467 23.04874775805348
630.0 25.777983026367657 23.049650554121307
630.5 25.779841923809354 23.050568178497524
631.0 25.78165341303668 23.051477125461396
631.5 25.78356064232846 23.052390284510164
632.0 25.785384434809863 23.053300734830028
632.5 25.78722863147027 23.054219961701836
633.0 25.78904143810385 23.05512393301218
633.5 25.790871744865274 23.056037692079343
634.0 25.792687666015453 23.05694775428044
634.5 25.79457154965165 23.057847986348555
635.0 25.79635028503001 23.058749266995232
635.5 25.798163763347546 23.05966442492374
636.0 25.799959668481605 23.060580012473487
636.5 25.80175941272641 23.061480209974068
637.0 25.803554650514393 23.06238725500688
637.5 25.805360949723962 23.063291133684444
638.0 25.80717202339394 23.064206463953695
638.5 25.808905895828495 23.065100467002146
639.0 25.81070241482964 23.066014199613747
639.5 25.81248436658171 23.06691692859475
640.0 25.814256955574976 23.067826256336865
640.5 25.816036940685727 23.068727816033476
641.0 25.817782467204815 23.0696376467193
641.5 25.819498286100444 23.07053022256504
642.0 25.821288830882647 23.07143248189962
642.5 25.823014406919196 23.072340998523146
643.0 25.824746767003823 23.0732465819927
643.5 25.826482492119244 23.074146328229773
644.0 25.82820564690035 23.07504725416851
644.5 25.829918774227952 23.075949808133608
645.0 25.831624840835346 23.076847239240497
645.5 25.833343982103138 23.077754274796224
646.0 25.835072808689006 23.078651497872702
646.5 25.836745670402518 23.079553946215555
647.0 25.83843985480013 23.080442638840456
647.5 25.840164953770646 23.08134469632237
648.0 25.841801590153423 23.08222946027039
648.5 25.843454233494704 23.083146517496075
649.0 25.84514326660822 23.084034067737523
649.5 25.846799863703495 23.084929254377577
650.0 25.848458005590334 23.085829513720718
650.5 25.850108184418396 23.086723002343298
651.0 25.851746141519115 23.087630483903553
651.5 25.853384930472586 23.08850413215322
652.0 25.855025832015897 23.089413271023265
652.5 25.856630772800546 23.090305151478052
653.0 25.858224834451402 23.091199634419596
653.5 25.859834862208867 23.092087891571165
654.0 25.86142530121139 23.09298044728469
654.5 25.863054126329764 23.09386417203639
655.0 25.864632850125133 23.094759693265935
655.5 25.866193701484825 23.09565433587403
656.0 25.867766730142346 23.096532555602106
656.5 25.86932916882749 23.097432955479164
657.0 25.870898869268576 23.098312011895725
657.5 25.872475985967522 23.09919837976
658.0 25.874025800784544 23.10007660011469
658.5 25.875543542685577 23.10097868884649
659.0 25.877082079723316 23.101851107718765
659.5 25.878600346603797 23.102741986768073
660.0 25.88012323089893 23.103631738790476
660.5 25.88162847333171 23.10450168749412
661.0 25.883079426907727 23.105388797055788
661.5 25.88457481170801 23.10627463787252
662.0 25.88604810034336 23.107146464760415
662.5 25.88752566978656 23.108031229043778
663.0 25.88900330546557 23.108914027765536
663.5 25.8903703415352 23.10978559818227
664.0 25.891799591335776 23.110663533324324
664.5 25.89320751921109 23.111543703714897
665.0 25.89463399205485 23.112410299073993
665.5 25.896013262323496 23.113275653365598
666.0 25.89734620259746 23.114158200848568
666.5 25.898723169715403 23.1150323332107
667.0 25.90007997471606 23.115910575629954
667.5 25.901396400417376 23.116770397778094
668.0 25.902742238053875 23.117632999164407
668.5 25.904043582368523 23.118510004849423
669.0 25.90535198940179 23.119379808358506
669.5 25.906660050647183 23.12025076791237
670.0 25.907940211054953 23.121110506267435
670.5 25.909204747149627 23.12197655778054
671.0 25.910494732281776 23.12284167349705
671.5 25.91178136869327 23.12370260941407
672.0 25.9129826403423 23.124578473633044
672.5 25.91427933116135 23.12543082890716
673.0 25.91549610063261 23.126298764599614
673.5 25.916733776258013 23.127148204131466
674.0 25.917947046554577 23.128017068093413
674.5 25.91913160115437 23.128880395120483
675.0 25.920371110102796 23.129737583536965
675.5 25.921583293759273 23.130594497744674
676.0 25.922777389265438 23.131452077675206
676.5 25.923959069325214 23.132313745163447
677.0 25.92512205035391 23.133174113657724
677.5 25.926290094147188 23.13402581231912
678.0 25.927478081446527 23.134883922211387
678.5 25.928675665969244 23.13573674483297
679.0 25.92980702191661 23.136603849242103
679.5 25.93097871162513 23.137459546999686
680.0 25.932128638645796 23.138309190646357
680.5 25.933262488304706 23.13917102924681
681.0 25.934384489991388 23.140020176700485
681.5 25.935559719584674 23.1408758993024
682.0 25.936706272600908 23.141740236654
682.5 25.93783170079389 23.142573696494722
683.0 25.938947233463526 23.143439941264646
683.5 25.940100710937447 23.144287416895978
684.0 25.941233447160393 23.145147549530904
684.5 25.94238185886228 23.14598922590696
685.0 25.9434699705818 23.146845111653704
685.5 25.944607755855166 23.147710154638276
686.0 25.94573345857841 23.14855819533234
686.5 25.946879210560226 23.149411838386655
687.0 25.94796135333841 23.150263678416287
687.5 25.949143836456656 23.15112384747796
688.0 25.950254471235226 23.151970691148954
688.5 25.951380282362038 23.1528305786416
689.0 25.95250209614532 23.153679329565854
689.5 25.953675295893397 23.154539166047265
690.0 25.954732748740057 23.155384869758038
690.5 25.95586872385813 23.156245901907017
691.0 25.957034266968012 23.157096415600975
691.5 25.958194414013022 23.157946445145228
692.0 25.959349253473476 23.158807118452216
692.5 25.960433636693537 23.159661020039305
693.0 25.96160925297554 23.160514481344492
693.5 25.962744108902132 23.161378573056183
694.0 25.963859152341307 23.16222993054702
694.5 25.965091131258973 23.16308745262637
695.0 25.96623657763832 23.163943040189476
695.5 25.967378817662677 23.164799448891223
696.0 25.968606665606902 23.16565916914538
