FastTrWP/PhaseSpace/IAs/snIa_0.37_30.00_-0.40_0.01.csv
# %ECSV 0.9
# ---
# datatype:
# - {name: time-rel, datatype: float64}
# - {name: g, datatype: float64}
# - {name: i, datatype: float64}
# schema: astropy-2.0
time-rel g i
203.60416666666666 26.990163882160942 25.43388538610025
204.10416666666666 26.964903249125577 25.423697057673472
204.60416666666663 26.94002663855647 25.413548974750718
205.10416666666666 26.91539181129308 25.403403161412452
205.60416666666666 26.891161289426226 25.393331035189092
206.10416666666663 26.86719516295483 25.383252353437737
206.60416666666666 26.84367421882902 25.373262138857417
207.10416666666666 26.82038783744423 25.36328732803989
207.60416666666663 26.797424103551883 25.35337039980718
208.10416666666666 26.7747701154507 25.343469172193625
208.60416666666666 26.752331186536914 25.333600466295852
209.10416666666663 26.7302453590605 25.32377385433851
209.60416666666666 26.708418494039204 25.313998152209237
210.10416666666666 26.686913592383416 25.304287260658846
210.60416666666663 26.665599614596786 25.294550538360788
211.10416666666666 26.64458335134769 25.28490384601362
211.60416666666666 26.623867486459115 25.27530900030037
212.10416666666663 26.603364579055015 25.26572299386178
212.60416666666666 26.5830891989254 25.256183336826385
213.10416666666666 26.56305724021142 25.246677866002926
213.60416666666663 26.54328437329969 25.237219507395494
214.10416666666666 26.523741967851734 25.227801725012466
214.60416666666666 26.50443680143008 25.218446285989383
215.10416666666663 26.485282499739334 25.209101421144503
215.60416666666666 26.46641290214049 25.199840881526903
216.10416666666666 26.447778475925006 25.190592563981834
216.60416666666663 26.429286801362686 25.181364772292607
217.10416666666666 26.411008044754453 25.17219649378566
217.60416666666666 26.392982395478214 25.163082073114673
218.10416666666663 26.375093018909716 25.154022238394713
218.60416666666666 26.35742684654656 25.144962709559408
219.10416666666666 26.339964745587245 25.13595104260011
219.60416666666663 26.32262118110187 25.127014858463074
220.10416666666666 26.30552710812009 25.118090408619214
220.60416666666666 26.28861815462156 25.1092519465232
221.10416666666663 26.271838784194284 25.1004055946086
221.60416666666666 26.25522206654776 25.091614016310825
222.10416666666666 26.23885251051111 25.082861313626328
222.60416666666663 26.222653579193732 25.074134677603194
223.10416666666666 26.206519003702144 25.06550078223559
223.60416666666666 26.19066714610185 25.056867509388127
224.10416666666663 26.174903655839433 25.048299532560097
224.60416666666666 26.159318194868302 25.03976406213471
225.10416666666666 26.14389218512628 25.031238581743995
225.60416666666663 26.12858133837613 25.022810361529913
226.10416666666666 26.11344987009739 25.014382592906074
226.60416666666666 26.098479372089876 25.005998715382862
227.10416666666663 26.083616200028796 24.997684958656123
227.60416666666666 26.068918128910475 24.989371438586346
228.10416666666666 26.05439257895865 24.981159917091546
228.60416666666663 26.039952578699474 24.972931051482252
229.10416666666666 26.02570707865132 24.964758818195115
229.60416666666666 26.01153709594644 24.9566175587856
230.10416666666666 25.997525565973582 24.948559081187895
230.60416666666666 25.983654997318403 24.940473955151205
231.10416666666666 25.969874306449036 24.932489020925786
231.60416666666666 25.956258428395046 24.924521083031266
232.10416666666666 25.942810004094103 24.916578664618374
232.60416666666666 25.929385809826012 24.908709438914695
233.10416666666666 25.91612417961241 24.900855366795483
233.60416666666666 25.90300492915818 24.893047314569188
234.10416666666666 25.89000278737106 24.885301632874675
234.60416666666666 25.877105504873022 24.877536787975995
235.10416666666666 25.86426591290721 24.869856006202976
235.60416666666666 25.85152993111508 24.862147115583948
236.10416666666666 25.838884621096597 24.854488552244515
236.60416666666666 25.826356420054893 24.84686640503698
237.10416666666666 25.81391238294373 24.839248233779585
237.60416666666666 25.801497460939448 24.83169014188902
238.10416666666666 25.789196870545656 24.824158209356387
238.60416666666666 25.777019456950214 24.816616302000604
239.10416666666666 25.764905014734374 24.809125047931193
239.60416666666666 25.752855806353953 24.80167634076362
240.10416666666666 25.7408954811865 24.794227827702485
240.60416666666666 25.729005615152722 24.78682024205962
241.10416666666666 25.717240692363 24.779434308563822
241.60416666666666 25.70551482471419 24.772078519676622
242.10416666666666 25.69385525508741 24.764757456537588
242.60416666666666 25.682291918641823 24.757455117477434
243.10416666666666 25.670807025466313 24.75017334166474
243.60416666666666 25.65941697605233 24.742916862201902
244.10416666666666 25.64809473593161 24.735712312496165
244.60416666666666 25.63680842476366 24.728511908940508
245.10416666666666 25.625630015312165 24.72135716285873
245.60416666666666 25.61449277255283 24.714221388650728
246.10416666666666 25.60344875828097 24.70711122056177
246.60416666666666 25.592475924256554 24.700032758055578
247.10416666666666 25.581569678462834 24.692975894187942
247.60416666666666 25.570726951737473 24.68596162569556
248.10416666666666 25.559974936585643 24.678953119661863
248.60416666666666 25.549278970175777 24.67198444829745
249.10416666666666 25.538628485924683 24.665029096473255
249.60416666666666 25.528054650410503 24.658097197959492
250.10416666666666 25.517560065665627 24.65121784919836
250.60416666666666 25.50710092045522 24.644370004696906
251.10416666666666 25.49677174604564 24.63751188200662
251.60416666666666 25.486418347359784 24.630688808297975
252.10416666666666 25.47618812703393 24.62392397962696
252.60416666666666 25.466007752733727 24.617148800781496
253.10416666666666 25.455874358977624 24.610442899349415
253.60416666666666 25.44580464940495 24.603725515223843
254.10416666666666 25.435799976195405 24.597047229416347
254.60416666666666 25.42586456520295 24.590375641565068
255.10416666666666 25.415972696045923 24.583781353893087
255.60416666666666 25.40615878553011 24.577167860992834
256.1041666666667 25.396383371802603 24.570581436756747
256.6041666666667 25.386672287849812 24.564061688211503
257.1041666666667 25.377026054495655 24.55754605805327
257.6041666666667 25.367413898581354 24.551042896188896
258.1041666666667 25.357879837874478 24.544558413611405
258.6041666666667 25.348427310974703 24.538122678404296
259.1041666666667 25.338956352833065 24.53170371421029
259.6041666666667 25.329592382826107 24.525329172793274
260.1041666666667 25.32025789257681 24.51895858896809
260.6041666666667 25.31098420027087 24.512635319515507
261.1041666666667 25.301762184394164 24.506327793295405
261.6041666666667 25.292605897379488 24.50005328155001
262.1041666666667 25.28348166541255 24.493760411532367
262.6041666666667 25.274466675238273 24.487539155998093
263.1041666666667 25.26541195666183 24.48132591153787
263.6041666666667 25.25643612501385 24.47514792272827
264.1041666666667 25.247524732299166 24.468992613406154
264.6041666666667 25.23865474744868 24.462851432132222
265.1041666666667 25.22985843375173 24.456747597402714
265.6041666666667 25.221087197208803 24.450662872686273
266.1041666666667 25.212361484208067 24.444606210844878
266.6041666666667 25.203710010153124 24.43858648198177
267.1041666666667 25.195090172254552 24.432572293435868
267.6041666666667 25.18650284134171 24.426587480308033
268.1041666666667 25.177978379064538 24.42061484483154
268.6041666666667 25.169459030257517 24.414651253189277
269.1041666666667 25.161026785866056 24.408737708674323
269.6041666666667 25.152590104571146 24.402845455590047
270.1041666666667 25.144228097083268 24.396931073505893
270.6041666666667 25.13589516181739 24.391063894141283
271.1041666666667 25.127602117036496 24.385205754617584
271.6041666666667 25.119347920553242 24.379369614441806
272.1041666666667 25.11113617546065 24.37358062757223
272.6041666666667 25.10296284710552 24.367777491833987
273.1041666666667 25.094812746436652 24.362003595662273
273.6041666666667 25.086755330313114 24.356238686987744
274.1041666666667 25.078658385776276 24.35049989120997
274.6041666666667 25.070637481866843 24.34477490401101
275.1041666666667 25.062677336261455 24.339075993530223
275.6041666666667 25.054718874341816 24.33339296795676
276.1041666666667 25.046781373501755 24.32773249644952
276.6041666666667 25.038921067240864 24.322096596021346
277.1041666666667 25.03106214490891 24.316471896641538
277.6041666666667 25.02324224520876 24.31084453117809
278.1041666666667 25.015470023079402 24.305263982502655
278.6041666666667 25.007743930724974 24.2996966259293
279.1041666666667 25.000041656555467 24.294141096211135
279.6041666666667 24.992363692310935 24.288609914505358
280.1041666666667 24.984719354330366 24.283106469941508
280.6041666666667 24.977099968973832 24.277603686582196
281.1041666666667 24.969529311473877 24.27212120642894
281.6041666666667 24.96200862794964 24.26663716135284
282.1041666666667 24.95448826504262 24.261202891092147
282.6041666666667 24.947013410379476 24.25578504435036
283.1041666666667 24.939561632536773 24.250363632278358
283.6041666666667 24.932140990095352 24.244978385944457
284.1041666666667 24.92476764972736 24.239606746643105
284.6041666666667 24.91741645050533 24.23425381238725
285.1041666666667 24.91008018619068 24.228916939127704
285.6041666666667 24.9027832620962 24.223592167734182
286.1041666666667 24.895533617854532 24.21828391482026
286.6041666666667 24.88829369550897 24.213012395778136
287.1041666666667 24.881072853485826 24.207736785982025
287.6041666666667 24.87390119902393 24.20247510290301
288.1041666666667 24.866752640944018 24.19724625616293
288.6041666666667 24.859636219354467 24.192013020767646
289.1041666666667 24.852542083867696 24.186812553353878
289.6041666666667 24.845469966685826 24.181641860219866
290.1041666666667 24.838437607267544 24.176464965285508
290.6041666666667 24.83144008553138 24.1713134492859
291.1041666666667 24.82446187955697 24.166184759957087
291.6041666666667 24.817483993239012 24.16106070013704
292.1041666666667 24.8105560851587 24.155960365186374
292.6041666666667 24.803671677917215 24.150878561812597
293.1041666666667 24.796794010618626 24.14581294377974
293.6041666666667 24.789935537967946 24.140773182380958
294.1041666666667 24.78310692474437 24.135739017530927
294.6041666666667 24.776304371660935 24.130708778548296
295.1041666666667 24.769546065240846 24.12570514547419
295.6041666666667 24.762800317434092 24.120731483376403
296.1041666666667 24.75608813639102 24.115761519959094
296.6041666666667 24.749359742013354 24.11079401141039
297.1041666666667 24.742698263422756 24.10585197574523
297.6041666666667 24.736039165628974 24.100928713694906
298.1041666666667 24.72941307865742 24.09602448537424
298.6041666666667 24.722835897908112 24.091134502606796
299.1041666666667 24.71624098398973 24.086276723196182
299.6041666666667 24.709689974890424 24.081411315631623
300.1041666666667 24.70315967981424 24.0765663443403
300.6041666666667 24.6966476296221 24.071744672458408
301.1041666666667 24.690178214236127 24.06692334174366
301.6041666666667 24.683710204744635 24.06212036931465
302.1041666666667 24.6772716102604 24.057337092856006
302.6041666666667 24.67086477844452 24.052589253860972
303.1041666666667 24.6644715264598 24.047822527586973
303.6041666666667 24.658083152021867 24.04308064289982
304.1041666666667 24.651758212947968 24.038366375300058
304.6041666666667 24.645411615224084 24.03364844121284
305.1041666666667 24.639125928577098 24.028951039647893
305.6041666666667 24.63284931209688 24.024260348846393
306.1041666666667 24.626586758963246 24.01960374430721
306.6041666666667 24.62036330440613 24.014934535154936
307.1041666666667 24.61413021686473 24.010305586233155
307.6041666666667 24.607938859781374 24.00566793464053
308.1041666666667 24.60177413075503 24.001059657022875
308.6041666666667 24.59560936012695 23.996451625065482
309.1041666666667 24.589499598544048 23.991864858739472
309.6041666666667 24.583389594612477 23.98728203001644
310.1041666666667 24.577275675266243 23.982722907458566
310.6041666666667 24.5712077422202 23.97817619817593
311.1041666666667 24.565162303372535 23.97361850226636
311.6041666666667 24.55912836714265 23.969091739199648
312.1041666666667 24.553111758651486 23.964592736350163
312.6041666666667 24.547112523245662 23.960075336697336
313.1041666666667 24.541148466221145 23.95558419188994
313.6041666666667 24.535181470474583 23.95110471674366
314.1041666666667 24.52926592847712 23.946650247266838
314.6041666666667 24.523326315351554 23.942189378243654
315.1041666666667 24.51743620800479 23.937742901755108
315.6041666666667 24.51154838791746 23.933320061489297
316.1041666666667 24.505703211523567 23.928906276989895
316.6041666666667 24.499846683685632 23.924489861492418
317.1041666666667 24.494013430083502 23.920083028476103
317.6041666666667 24.488205051249334 23.915705504780252
318.1041666666667 24.482400114909527 23.91133175535913
318.6041666666667 24.47661688326333 23.906951023935257
319.1041666666667 24.470879077506915 23.902596886780884
319.6041666666667 24.465119426408236 23.89825243602302
320.1041666666667 24.459400144780126 23.89390920655675
320.6041666666667 24.453690732718538 23.889595476413646
321.1041666666667 24.447997901318587 23.885299563266692
321.6041666666667 24.44232217378365 23.88098089309818
322.1041666666667 24.436668027424343 23.876681705722746
322.6041666666667 24.431034059565096 23.87240416831217
323.1041666666667 24.425402539321993 23.868137779887817
323.6041666666667 24.41978901090218 23.86387193269347
324.1041666666667 24.414202437990554 23.859622320371482
324.6041666666667 24.408624620693544 23.85538033521113
325.1041666666667 24.403065651590666 23.85114076412089
325.6041666666667 24.39751048613479 23.846919577045878
326.1041666666667 24.391973799892426 23.842723131483577
326.6041666666667 24.386461877847086 23.83850493944903
327.1041666666667 24.38094091819993 23.834305587375187
327.6041666666667 24.37546143492851 23.830128300935826
328.1041666666667 24.369993643400495 23.82594721473572
328.6041666666667 24.364541124046735 23.821794854406395
329.1041666666667 24.359093176860167 23.817629505898253
329.6041666666667 24.353659770719243 23.81348061786886
330.1041666666667 24.348257385351705 23.809333372784472
330.6041666666667 24.342855520371984 23.80520059493839
331.1041666666667 24.337479099541248 23.801078183515823
331.6041666666667 24.332115008960717 23.79696443266674
332.1041666666667 24.326752521197633 23.7928546532358
332.6041666666667 24.321408669909253 23.788763441325017
333.1041666666667 24.31607634352149 23.784685580977765
333.6041666666667 24.310762612043387 23.780605125977722
334.1041666666667 24.305454408511984 23.77653130286685
334.6041666666667 24.30018050087748 23.77247389758456
335.1041666666667 24.294908329932085 23.768417991797158
335.6041666666667 24.28966328676549 23.764393845225236
336.1041666666667 24.28443817114173 23.760361758408678
336.6041666666667 24.27920062152439 23.756336365142158
337.1041666666667 24.274007460113417 23.752331241092644
337.6041666666667 24.268792897567423 23.74833660838277
338.1041666666667 24.263625190055073 23.744350860645245
338.6041666666667 24.258461698230157 23.740360109338987
339.1041666666667 24.253303269309264 23.736403911076735
339.6041666666667 24.24818642536053 23.73243136607378
340.1041666666667 24.24305546365555 23.72846371200007
340.6041666666667 24.23794187514872 23.724528649973973
341.1041666666667 24.232838990935903 23.720591010178524
341.6041666666667 24.227761813654197 23.716668105552987
342.1041666666667 24.22268362592074 23.712736071396996
342.6041666666667 24.21763410311398 23.7088340782201
343.1041666666667 24.21258259655968 23.70492949977298
343.6041666666667 24.207542479958587 23.70103403668288
344.1041666666667 24.202509784456602 23.69715556646288
344.6041666666667 24.197507425370354 23.6932608164352
345.1041666666667 24.192505232519608 23.68939897480506
345.6041666666667 24.18752830964302 23.685527124639624
346.1041666666667 24.182574085235963 23.681677696947013
346.6041666666667 24.177619374805413 23.677835448172736
