FastTrWP/PhaseSpace/IAs/snIa_0.65_30.00_1.05_-0.08.csv
# %ECSV 0.9
# ---
# datatype:
# - {name: time-rel, datatype: float64}
# - {name: g, datatype: float64}
# - {name: i, datatype: float64}
# schema: astropy-2.0
time-rel g i
[from data line 575]
345.4791666666667 24.024226549278616 22.777439624903625
345.9791666666667 24.02131265796402 22.77545383695562
346.4791666666667 24.018402949956496 22.773465415939405
346.9791666666667 24.01546555644488 22.77148912412747
347.4791666666667 24.012560296714454 22.769510235707994
347.9791666666667 24.009648276646104 22.76753654166852
348.4791666666667 24.0067331047404 22.765557120127625
348.9791666666667 24.003801033669397 22.763591633274885
349.4791666666667 24.000891478094417 22.76161747742414
349.9791666666667 23.99797140138004 22.759653638791203
350.4791666666667 23.99505786496165 22.75767685198017
350.9791666666667 23.992158145245924 22.75571709300335
351.4791666666667 23.989234117343294 22.753755102346368
351.9791666666667 23.986339360464527 22.751800045080124
352.4791666666667 23.983444749508553 22.749840440546464
352.9791666666667 23.98053776697516 22.74788733520729
353.4791666666667 23.97764142226321 22.74593518783154
353.9791666666667 23.97476332778444 22.74398680781014
354.4791666666667 23.971861027362436 22.74204804949147
354.9791666666667 23.968980015007748 22.740100906646845
355.4791666666667 23.96610061925343 22.73817144642109
355.9791666666667 23.96322046933161 22.73623836384815
356.4791666666667 23.960354045192535 22.73430706429773
356.9791666666667 23.957493679471472 22.732381706311298
357.4791666666667 23.954626822119266 22.73044468663909
357.9791666666667 23.951775660419038 22.72853095379102
358.4791666666667 23.94892982905692 22.726608442399396
358.9791666666667 23.94609437491078 22.724701733820723
359.4791666666667 23.943252585402256 22.722787865069535
359.9791666666667 23.94043037268041 22.7208861810935
360.4791666666667 23.937602541634448 22.718983643066263
360.97916666666663 23.93479652411253 22.717083434605204
361.4791666666667 23.93198970535135 22.715189089816377
361.9791666666667 23.929190119949663 22.713302510955632
362.47916666666663 23.92639238353165 22.711417162559123
362.9791666666667 23.923612427020004 22.70954011819335
363.4791666666667 23.920829071694023 22.707670299013508
363.97916666666663 23.918071253598026 22.705794833415997
364.4791666666667 23.91531731879697 22.70393029678972
364.9791666666667 23.912570553714087 22.70206810756107
365.47916666666663 23.90984117356448 22.700209467209188
365.9791666666667 23.907113135373123 22.698352740072103
366.4791666666667 23.904379142204476 22.696510599450384
366.97916666666663 23.901672274533794 22.69466490257488
367.4791666666667 23.898976976525915 22.692832964763497
367.9791666666667 23.89629237605135 22.690999776192918
368.47916666666663 23.893611217945573 22.689178838559418
368.9791666666667 23.89094780848424 22.687366058965317
369.4791666666667 23.888279655164308 22.685537776086605
369.97916666666663 23.885646531759676 22.68372936805485
370.4791666666667 23.883013147940133 22.681924843693537
370.9791666666667 23.880383923442075 22.680133378124268
371.47916666666663 23.877773723467204 22.678334177492463
371.9791666666667 23.875179775323122 22.676543801420607
372.4791666666667 23.87258765899677 22.674769459872948
372.97916666666663 23.870016109691406 22.67298971224563
373.4791666666667 23.867456157947565 22.671213081044886
373.9791666666667 23.864903734492554 22.669453223368265
374.47916666666663 23.862380286634178 22.66769982568229
374.9791666666667 23.859856089183197 22.665939381802225
375.4791666666667 23.857330577885918 22.664209303517286
375.97916666666663 23.854837712808333 22.662467860164888
376.4791666666667 23.852356231345794 22.660733701311166
376.9791666666667 23.849887400639584 22.659008303772485
377.47916666666663 23.847445840330245 22.65728896669737
377.9791666666667 23.844984144034843 22.655570198354773
378.4791666666667 23.842563068084548 22.653868939675768
378.97916666666663 23.84014759648553 22.65217365267718
379.4791666666667 23.8377661195533 22.650479244385323
379.9791666666667 23.835378497940447 22.648788966008176
380.47916666666663 23.83298900015045 22.647101159646464
380.9791666666667 23.83061542189663 22.645425401212194
381.4791666666667 23.828223982144966 22.643741135071267
381.97916666666663 23.82587384729764 22.642075882984155
382.4791666666667 23.823519678275865 22.6403997801407
382.9791666666667 23.821162379193026 22.638736469888944
383.47916666666663 23.818801045201795 22.63706536864126
383.9791666666667 23.816468185952317 22.635407469542837
384.4791666666667 23.814120550409015 22.63375035741067
384.97916666666663 23.81178273673321 22.632101140380144
385.4791666666667 23.809455086131237 22.630441745050867
385.9791666666667 23.807144271480894 22.628800757244637
386.47916666666663 23.80483357723581 22.62716004677806
386.9791666666667 23.802508432238547 22.62551511754882
387.4791666666667 23.8002009609848 22.623887695650318
387.97916666666663 23.797887881040772 22.622250774799202
388.4791666666667 23.795615995375172 22.62062153809059
388.9791666666667 23.793331204503776 22.61900198505877
389.47916666666663 23.79105228526128 22.617374561260846
389.9791666666667 23.788774929400816 22.615758427904836
390.4791666666667 23.78651354706914 22.614151828826103
390.97916666666663 23.78424713114859 22.612539724955717
391.4791666666667 23.782008676767813 22.610935478589802
391.9791666666667 23.77975547764859 22.609332100212608
392.47916666666663 23.77752700407673 22.607741108762696
392.9791666666667 23.775300459147275 22.606144180038918
393.4791666666667 23.77306436812632 22.604557974239547
393.97916666666663 23.770847721620775 22.602967955915226
394.4791666666667 23.76864879456068 22.601387525662517
394.9791666666667 23.766458964090347 22.599815541635316
395.47916666666663 23.764261180366326 22.5982363214785
395.9791666666667 23.76207798915468 22.596678241154173
396.4791666666667 23.759899822665133 22.59511298761508
396.97916666666663 23.75773441703725 22.593550415789988
397.4791666666667 23.755587692782814 22.591999661336814
397.9791666666667 23.753430148566768 22.590445720837398
398.47916666666663 23.75127699105569 22.588900681995785
398.9791666666667 23.7491476617492 22.587363109777186
399.4791666666667 23.747025147034485 22.585826235509177
399.97916666666663 23.744901098342964 22.584292128781893
400.4791666666667 23.74279703655216 22.58276447318249
400.9791666666667 23.740693816242878 22.581237876487773
401.47916666666663 23.73860009751249 22.57971848126711
401.9791666666667 23.736522919648387 22.578204565073726
402.4791666666667 23.734439624928317 22.576692879669498
402.97916666666663 23.732372513188587 22.57519500338374
403.4791666666667 23.73032565599192 22.573696930995
403.9791666666667 23.728282180116402 22.572194753000424
404.47916666666663 23.72623182708103 22.570710124606734
404.9791666666667 23.724208859099143 22.56922254583852
405.4791666666667 23.722181522861412 22.567739469511515
405.97916666666663 23.720180232152824 22.566262628498542
406.4791666666667 23.718172896628225 22.564791839753198
406.9791666666667 23.716183650478712 22.563322827651323
407.47916666666663 23.71421179614233 22.561868883303447
407.9791666666667 23.712241246168833 22.56040699317405
408.4791666666667 23.71026881957114 22.558961426386727
408.97916666666663 23.708330981843083 22.557508852423098
409.4791666666667 23.70638578117594 22.55607093745455
409.9791666666667 23.704452295277857 22.55464150369429
410.47916666666663 23.70254294645857 22.553203517326857
410.9791666666667 23.700624095570557 22.551770578114507
411.4791666666667 23.698724000057062 22.550360786536096
411.97916666666663 23.696835817620677 22.548947973667342
412.4791666666667 23.69495408704175 22.547537965151246
412.9791666666667 23.693075132470234 22.5461311312031
413.47916666666663 23.691219661199156 22.544729826263104
413.9791666666667 23.689379305454217 22.543337871776853
414.4791666666667 23.68753203542086 22.541952643964066
414.97916666666663 23.685711282198337 22.540559539205553
415.4791666666667 23.683891621601717 22.539184715278896
415.9791666666667 23.682090859435935 22.53781334607805
416.47916666666663 23.68028569892885 22.53644269806859
416.9791666666667 23.678508529256703 22.53508270706028
417.4791666666667 23.67674013193731 22.533726219309706
417.97916666666663 23.67496994255638 22.532380698325824
418.4791666666667 23.673218632834057 22.53103694290363
418.9791666666667 23.671491789543687 22.529700426606453
419.47916666666663 23.6697634191324 22.528358534866378
419.9791666666667 23.668037712828657 22.527029036562098
420.4791666666667 23.666329151122557 22.525701374219935
420.97916666666663 23.66462976844174 22.524382359229534
421.4791666666667 23.662930504729786 22.523066950411312
421.9791666666667 23.66124681389849 22.521755709586728
422.47916666666663 23.65955504329599 22.520447042913286
422.9791666666667 23.657883746047418 22.519141083109734
423.4791666666667 23.65621676944798 22.517836609167887
423.97916666666663 23.65455052729083 22.51654052566749
424.4791666666667 23.65291319239104 22.515251680110104
424.9791666666667 23.651261938909528 22.513962358599223
425.47916666666663 23.64963352168823 22.51267933547906
425.9791666666667 23.64800154217846 22.511401915739206
426.4791666666667 23.64636609647091 22.51013424667466
426.97916666666663 23.64477609871674 22.508848644706877
427.4791666666667 23.64315947340205 22.507582919997272
427.9791666666667 23.64156799396989 22.506319606294586
428.47916666666663 23.639976579794777 22.505063796421574
428.9791666666667 23.63839433249707 22.50380539966748
429.4791666666667 23.636804966891077 22.502555926259596
429.97916666666663 23.635248653648837 22.501307985012243
430.4791666666667 23.633679128087834 22.500071416676573
430.9791666666667 23.63212788043471 22.498826978987466
431.47916666666663 23.63059339654932 22.497588787744682
431.9791666666667 23.62904394637443 22.49635878286091
432.4791666666667 23.627530974683207 22.495136688374075
432.97916666666663 23.626002521055426 22.493912129292525
433.4791666666667 23.624486687151844 22.492697040143938
433.9791666666667 23.622984584244392 22.49148227238273
434.47916666666663 23.621476217581613 22.490269074250833
434.9791666666667 23.619981210528252 22.489068285878222
435.4791666666667 23.618498106303598 22.487867864484343
435.97916666666663 23.617016656533178 22.486663630660345
436.4791666666667 23.615563915844604 22.48547326919327
436.9791666666667 23.614096489118875 22.484285502803516
437.47916666666663 23.612645031855422 22.48310079612413
437.9791666666667 23.611187825641743 22.48191973597049
438.4791666666667 23.609751948171063 22.480743371751878
438.97916666666663 23.60832100152522 22.47957096137034
439.4791666666667 23.606899495480572 22.478397055825617
439.9791666666667 23.605471099271366 22.47723420791494
440.47916666666663 23.60406777690794 22.47607427877265
440.9791666666667 23.602670154629813 22.474909686483095
441.4791666666667 23.601261304216372 22.473765180665506
441.97916666666663 23.599867455368965 22.47261746346199
442.4791666666667 23.59850065743069 22.4714778946708
442.9791666666667 23.59712742204451 22.470329617801784
443.47916666666663 23.595749009984313 22.469190416038817
443.9791666666667 23.594397510342773 22.468062861344787
444.4791666666667 23.593037017435243 22.46693551669685
444.97916666666663 23.59170080231373 22.465806707211478
445.4791666666667 23.59036857159208 22.464691764479106
445.9791666666667 23.58903170992161 22.46356977011642
446.47916666666663 23.587701226343604 22.4624618121682
446.9791666666667 23.58639701888841 22.461355241149477
447.4791666666667 23.585092042201 22.46023817233371
447.97916666666663 23.5837893838001 22.459146719246593
448.4791666666667 23.5824868124239 22.45805244323092
448.9791666666667 23.581207522669303 22.456959486494647
449.47916666666663 23.579927436005693 22.455876664300046
449.9791666666667 23.578657538224146 22.45478473930604
450.4791666666667 23.577398822034485 22.453710797471388
450.97916666666663 23.576135389200573 22.4526355453119
451.4791666666667 23.574887301334726 22.451554227175173
451.9791666666667 23.573642364175985 22.450487898430683
452.47916666666663 23.572410134122677 22.44942550776297
452.9791666666667 23.571177676447455 22.44837152871767
453.4791666666667 23.56995966715662 22.447312236558666
453.97916666666663 23.56874496870356 22.44626247877872
454.4791666666667 23.567552984910314 22.44521442940481
454.9791666666667 23.56634312714793 22.444173853345212
455.47916666666663 23.56515466395542 22.443129361159876
455.9791666666667 23.56397302844364 22.44209128890538
456.4791666666667 23.562797668521153 22.44106898364057
456.97916666666663 23.56162704394533 22.440042136701116
457.4791666666667 23.560463248422497 22.439012804982855
457.9791666666667 23.55930675212408 22.43799267480933
458.47916666666663 23.55816576696902 22.43697752609981
458.9791666666667 23.55702272756938 22.435968223855802
459.4791666666667 23.555888749005106 22.43496147982498
459.97916666666663 23.554755321296412 22.43396112523665
460.4791666666667 23.553639047190494 22.432957054588954
460.9791666666667 23.552515571038626 22.431956119109067
461.47916666666663 23.551414286323098 22.430955478587556
461.9791666666667 23.55029720094375 22.42997753644737
462.4791666666667 23.549209959470115 22.42898332001568
462.97916666666663 23.548122824740766 22.428004687490073
463.4791666666667 23.547039113671037 22.427022866418955
463.9791666666667 23.54595355012247 22.426045965915847
464.47916666666663 23.544877395650033 22.42506706419233
464.9791666666667 23.543800581765154 22.42409796719745
465.4791666666667 23.542744979245263 22.423132305409812
465.97916666666663 23.54169069219923 22.422172304870305
466.4791666666667 23.540640222323603 22.421206164287284
466.9791666666667 23.539600046133874 22.420256222154045
467.47916666666663 23.53857364316831 22.419302079248297
467.9791666666667 23.53751587549088 22.41835561668203
468.4791666666667 23.53650844407699 22.417405236639553
468.97916666666663 23.535486091434787 22.41646091565446
469.4791666666667 23.534471642930704 22.41552753451646
469.9791666666667 23.53347075547596 22.41459697401515
470.47916666666663 23.532468508526136 22.413656339283072
470.9791666666667 23.531477557882052 22.412736363813515
471.4791666666667 23.53049054253979 22.411810020099765
471.97916666666663 23.52951217726259 22.410888775686296
472.4791666666667 23.52854455191406 22.40997003030523
472.9791666666667 23.52756429558311 22.409049711447686
473.47916666666663 23.52659911401201 22.408143335148672
473.9791666666667 23.52565058206771 22.407237720498504
474.4791666666667 23.524703182122263 22.406329311415398
474.97916666666663 23.5237595843925 22.405429040587045
475.4791666666667 23.52282228683898 22.40454004047414
475.9791666666667 23.521894687544634 22.403639652733816
476.47916666666663 23.52097857260722 22.402755033815556
476.9791666666667 23.520047917492217 22.401873779096576
477.4791666666667 23.51913875851639 22.400987937735973
477.97916666666663 23.518237496639482 22.400113587041737
478.4791666666667 23.51733474640346 22.39923691416555
478.9791666666667 23.516437706619012 22.398369422825365
479.47916666666663 23.515560210939913 22.397499917307293
479.9791666666667 23.51467278554849 22.396629565246847
480.4791666666667 23.513813515150982 22.39577256837004
480.97916666666663 23.512942060730666 22.394921988794128
481.4791666666667 23.51208467891032 22.394061702053815
481.9791666666667 23.511228368757905 22.393215033464607
482.47916666666663 23.510393038698496 22.39237208696683
482.9791666666667 23.509541496133316 22.39152782928968
483.4791666666667 23.50870032784657 22.39068758611106
483.97916666666663 23.507877240989593 22.389857467861994
484.4791666666667 23.507054508098935 22.38902881169262
484.9791666666667 23.506242895050143 22.388203701960265
485.47916666666663 23.505432410976276 22.387373052548327
485.9791666666667 23.50464155167595 22.386556519759253
486.4791666666667 23.503844871493843 22.385738964795898
486.97916666666663 23.50305828934041 22.38492181766683
487.4791666666667 23.5022796841638 22.384123181011578
487.9791666666667 23.501502184248487 22.383310066466407
488.4791666666667 23.50073437014271 22.382514650163444
