FastTrWP/PhaseSpace/IAs/snIa_0.39_30.00_-0.76_-0.15.csv
# %ECSV 0.9
# ---
# datatype:
# - {name: time-rel, datatype: float64}
# - {name: g, datatype: float64}
# - {name: i, datatype: float64}
# schema: astropy-2.0
time-rel g i
[from data line 867]
641.9166666666666 22.83787420989137 22.663951292191086
642.4166666666666 22.838202268160558 22.663359176946962
642.9166666666666 22.838547068903598 22.662778453570894
643.4166666666666 22.838893311830905 22.66219526520147
643.9166666666666 22.839238978450386 22.661618157280323
644.4166666666666 22.83959471908471 22.66105453360598
644.9166666666666 22.839955130725205 22.660476136834955
645.4166666666666 22.840318744950515 22.659909793596643
645.9166666666666 22.840691624224046 22.65934246399111
646.4166666666666 22.841069926198536 22.658782394714343
646.9166666666666 22.841455866801557 22.658224745955874
647.4166666666666 22.84184882225326 22.657675695195906
647.9166666666666 22.842245667448168 22.657118908234196
648.4166666666666 22.842642948253363 22.65657196992359
648.9166666666666 22.843050908736156 22.656021520163705
649.4166666666666 22.84346138304823 22.65547152536989
649.9166666666666 22.843885704507485 22.654942771729377
650.4166666666666 22.84430363537053 22.65439867096077
650.9166666666666 22.844740698591075 22.65386607119857
651.4166666666666 22.845171867960477 22.653336398587385
651.9166666666666 22.84562029709141 22.65280704383485
652.4166666666666 22.84605962832591 22.652287707782595
652.9166666666666 22.84650742704003 22.651759651558166
653.4166666666666 22.846976150503778 22.65124788055624
653.9166666666666 22.847442673317158 22.650718499284196
654.4166666666666 22.847906751392575 22.650208195696507
654.9166666666666 22.84838989607747 22.649702800580993
655.4166666666666 22.848873304759646 22.649198114111023
655.9166666666666 22.849361590296482 22.64869629214255
656.4166666666666 22.84985443587344 22.648193906967826
656.9166666666666 22.85035911012922 22.647692141521315
657.4166666666666 22.850863559320796 22.647199870985734
657.9166666666666 22.851370823943377 22.646707458360645
658.4166666666666 22.85189561191432 22.64622332367931
658.9166666666666 22.852423484115214 22.645735371342592
659.4166666666666 22.85295188256012 22.64526698000084
659.9166666666666 22.853483274021578 22.64478364557775
660.4166666666666 22.85403634951088 22.644307317882223
660.9166666666666 22.85458043780055 22.643835710687767
661.4166666666666 22.855155061392924 22.64336016852547
661.9166666666666 22.855718480814446 22.642901486512713
662.4166666666666 22.856293967890924 22.642432816871505
662.9166666666666 22.85688136462468 22.64196615889177
663.4166666666666 22.857470582055946 22.6415092616114
663.9166666666666 22.858073747914666 22.641054562944515
664.4166666666666 22.858683811202525 22.640602535863998
664.9166666666666 22.85929829649277 22.640152963504644
665.4166666666666 22.859914767036173 22.639712834085103
665.9166666666666 22.86055351990829 22.639270990365354
666.4166666666666 22.861181970581505 22.63882831633756
666.9166666666666 22.861828102255984 22.638391704611855
667.4166666666666 22.862486802722085 22.637949404863264
667.9166666666666 22.863142510304037 22.637523625034397
668.4166666666666 22.863812454216546 22.63709915912914
668.9166666666666 22.86448535486645 22.636661006105783
669.4166666666666 22.865160820343846 22.636242685441502
669.9166666666666 22.86584237282893 22.635815229116506
670.4166666666666 22.86654497192221 22.63540194147227
670.9166666666666 22.867249239640543 22.634984947254843
671.4166666666666 22.86794897041309 22.634572742907583
671.9166666666666 22.868660962554234 22.634165371386786
672.4166666666666 22.869373847234 22.633756495416016
672.9166666666666 22.870094968700588 22.63335652456542
673.4166666666666 22.87082247226307 22.632951130759047
673.9166666666666 22.871568517165443 22.6325502150939
674.4166666666666 22.872296365564534 22.632148875195284
674.9166666666666 22.873042565517196 22.631773828519478
675.4166666666666 22.873798455448608 22.631381238809908
675.9166666666666 22.87455443418352 22.630989833399443
676.4166666666666 22.875309481990783 22.630611216799732
676.9166666666666 22.876086495183465 22.630232656659764
677.4166666666666 22.876852759193923 22.629847679129757
677.9166666666666 22.877628184238773 22.62947700117897
678.4166666666666 22.87840698656221 22.629105945428645
678.9166666666666 22.87919315483867 22.62873513751709
679.4166666666666 22.879985202874302 22.628361520708733
679.9166666666666 22.88078317579266 22.628000249357868
680.4166666666666 22.881586696634066 22.627646785256896
680.9166666666666 22.882384612832944 22.62728407648457
681.4166666666666 22.883194295970082 22.626924525699973
681.9166666666666 22.884009372209494 22.62658227927705
682.4166666666666 22.8848162686095 22.626220196472563
682.9166666666666 22.88563982819117 22.62587992298939
683.4166666666666 22.886465230817166 22.62554250375894
683.9166666666666 22.88729004586739 22.625205970725716
684.4166666666666 22.888111478455468 22.624861507760595
684.9166666666666 22.888954850916665 22.624524108786687
685.4166666666666 22.889790356021834 22.62419552775662
685.9166666666666 22.890630200576364 22.623867411459536
686.4166666666666 22.89147369253272 22.62354404319616
686.9166666666666 22.89232034561074 22.623215882170356
687.4166666666666 22.89317512024877 22.622895753974728
687.9166666666666 22.89401955471909 22.62258831755186
688.4166666666666 22.894883373751078 22.62227325140364
688.9166666666666 22.895731569164738 22.6219551400435
689.4166666666666 22.896586798246148 22.62165589757697
689.9166666666666 22.897452798431182 22.621341361198603
690.4166666666666 22.898317555582523 22.62104411667152
690.9166666666666 22.899186464259955 22.620739499987558
691.4166666666666 22.90004583572862 22.62044848770724
691.9166666666666 22.900923412852663 22.620159131924446
692.4166666666666 22.90178176541414 22.619857454837813
692.9166666666666 22.902665443237304 22.619575348045423
693.4166666666666 22.90353217904203 22.619289565103514
693.9166666666666 22.904426404480255 22.619006259339827
694.4166666666666 22.905309857323388 22.618730626207558
694.9166666666666 22.90619548544649 22.618454485427975
695.4166666666666 22.907094383107687 22.61818527366505
695.9166666666666 22.907993793775745 22.61791099327312
696.4166666666666 22.908898928607556 22.617644189621476
696.9166666666666 22.909812248938742 22.617381039685924
697.4166666666666 22.91073073468828 22.617125102459156
697.9166666666666 22.911657961377273 22.61686638961368
698.4166666666666 22.912581981388605 22.61661410503724
698.9166666666666 22.913518868976123 22.616353529352345
699.4166666666666 22.914456104104698 22.616109025867534
699.9166666666666 22.915408055184088 22.615860456895007
700.4166666666666 22.916352716953167 22.615606707197283
700.9166666666666 22.917312845716197 22.61536729538782
701.4166666666666 22.918262100964487 22.61514004544687
701.9166666666666 22.919236151259007 22.61490604548623
702.4166666666666 22.920201671964247 22.61465673289195
702.9166666666666 22.92117864194168 22.614434098055
703.4166666666666 22.92215361840189 22.614206293178615
703.9166666666666 22.92314228842403 22.61398405060526
704.4166666666666 22.92411585739096 22.613762186175926
704.9166666666666 22.925116378918844 22.61354157677472
705.4166666666666 22.926111124823294 22.61332431660204
705.9166666666666 22.9271021206085 22.613111650768527
706.4166666666666 22.92811192812046 22.612900667478332
706.9166666666666 22.929125982738228 22.612693509625732
707.4166666666666 22.93013493113554 22.612489546118404
707.9166666666666 22.93114508468807 22.612290988652234
708.4166666666666 22.932164394389822 22.6120809550627
708.9166666666666 22.933190863824414 22.611893509914932
709.4166666666666 22.934217776566847 22.611704577197074
709.9166666666666 22.93524308771595 22.611509323162853
710.4166666666666 22.93627465975352 22.61131808782498
710.9166666666666 22.937317706525562 22.61113401589508
711.4166666666666 22.93835797535896 22.610953817184658
711.9166666666666 22.939395954432857 22.61076777476439
712.4166666666666 22.94043981739637 22.610605041963975
712.9166666666666 22.941486289466187 22.610422377347877
713.4166666666666 22.942536052064824 22.610249919123497
713.9166666666666 22.943598589299057 22.610084849853102
714.4166666666666 22.9446549625875 22.609910529062212
714.9166666666666 22.94570696933655 22.609749189759064
715.4166666666666 22.94677197275638 22.609588958514575
715.9166666666666 22.94782953310122 22.609430505661777
716.4166666666666 22.94890134349652 22.609278363515095
716.9166666666666 22.94997315572455 22.60912203700762
717.4166666666666 22.951041879920744 22.608977019356278
717.9166666666666 22.952115374696177 22.608825017699576
718.4166666666666 22.953193634733818 22.608682602025514
718.9166666666666 22.95426226359495 22.608540534413038
719.4166666666666 22.955348479083376 22.608415736434836
719.9166666666666 22.956430448181315 22.608271141931873
720.4166666666666 22.957509231667895 22.608132696403423
720.9166666666666 22.95859685546787 22.60800438263512
721.4166666666666 22.9596785414696 22.60788310590553
721.9166666666666 22.960754950846457 22.60774632970228
722.4166666666666 22.96184517967248 22.607626355521738
722.9166666666666 22.962937706659584 22.607514463145094
723.4166666666666 22.964028845933157 22.6073902059322
723.9166666666666 22.965126969405205 22.607280821370814
724.4166666666666 22.966202249057023 22.607169639710992
724.9166666666666 22.96729970286846 22.607060996526897
725.4166666666666 22.968402317967342 22.606953688815892
725.9166666666666 22.96947497731761 22.60684881292928
726.4166666666666 22.970579847799407 22.606745528802783
726.9166666666666 22.971679832085563 22.606654844427965
727.4166666666666 22.972767350491978 22.606560864216657
727.9166666666666 22.973867117151414 22.606463262060874
728.4166666666666 22.974973147389747 22.606384980138277
728.9166666666666 22.97607319917525 22.606284745733625
729.4166666666666 22.977183002560174 22.606208430565523
729.9166666666666 22.97829066382102 22.60613070545884
730.4166666666666 22.97941014822735 22.60604925885847
730.9166666666666 22.980527472079206 22.605976405918398
731.4166666666666 22.981638530125142 22.605899476802783
731.9166666666666 22.98276143224068 22.60583287000413
732.4166666666666 22.983884873044463 22.60576451169552
732.9166666666666 22.985011152934774 22.60569908191686
733.4166666666666 22.98613685078584 22.605637191851322
733.9166666666666 22.987276180618935 22.60558122142941
734.4166666666666 22.9884076303411 22.60551835981202
734.9166666666666 22.989545364432136 22.605475323679947
735.4166666666666 22.9906880207626 22.605424461409026
735.9166666666666 22.991820597668475 22.605367932014246
736.4166666666666 22.992963789667836 22.605336990149624
736.9166666666666 22.994113394818424 22.605297327973005
737.4166666666666 22.995268790187552 22.605254208867716
737.9166666666666 22.99641982246037 22.605209505631493
738.4166666666666 22.997567315963106 22.60518325047499
738.9166666666666 22.998738516732708 22.605151444514835
739.4166666666666 22.999890636178048 22.605126095421024
739.9166666666666 23.001051075714628 22.60510071519784
740.4166666666666 23.0022196056915 22.605076597547693
740.9166666666666 23.00338394665234 22.605058962723753
741.4166666666666 23.00455038873865 22.60503749747183
741.9166666666665 23.00573774314874 22.605019961785562
742.4166666666666 23.006897303666882 22.605013571631638
742.9166666666666 23.008075925076227 22.605001779183816
743.4166666666665 23.00926810365305 22.605000508132203
743.9166666666666 23.01044152787653 22.60499408612675
744.4166666666666 23.011631436373317 22.604992560220367
744.9166666666665 23.012808274630117 22.604991550774475
745.4166666666666 23.01400680341203 22.604997889845045
745.9166666666666 23.015206239247206 22.605003020183617
746.4166666666665 23.01639726104694 22.605015007198453
746.9166666666666 23.017588640473488 22.605017834227866
747.4166666666666 23.01879906909141 22.605035214417953
747.9166666666665 23.01999984222217 22.60505716568618
748.4166666666666 23.021206777949438 22.60507349454332
748.9166666666666 23.022410493516972 22.60509670324538
749.4166666666665 23.023623066443438 22.605119968086015
749.9166666666666 23.02483859146044 22.605142286150837
750.4166666666666 23.02606165166216 22.605174982218404
750.9166666666665 23.027269708442624 22.605203723938626
751.4166666666666 23.02849882229112 22.605241902887023
751.9166666666666 23.02970772786964 22.605276229901587
752.4166666666665 23.030940481533612 22.605324058370794
752.9166666666666 23.032170135531235 22.60535463357419
753.4166666666666 23.033401834787533 22.605408309910253
753.9166666666665 23.034629394233022 22.605449175527234
754.4166666666666 23.03587327013524 22.60550371090759
754.9166666666666 23.037108524391844 22.605558147509353
755.4166666666665 23.03834545696306 22.60560292590632
755.9166666666666 23.039584949631546 22.60567595583028
756.4166666666666 23.0408343348253 22.60573475205058
756.9166666666665 23.042085986786375 22.605788514179856
757.4166666666666 23.043338131714602 22.605851304242854
757.9166666666666 23.044584334886927 22.605924814414145
758.4166666666665 23.045832484952612 22.605986128318797
758.9166666666666 23.04709179663512 22.606061267081607
759.4166666666666 23.04835186435126 22.606142376480435
759.9166666666665 23.049620528975257 22.606218229543273
760.4166666666666 23.050877026961732 22.60629719392288
760.9166666666666 23.052141423010205 22.606389893985902
761.4166666666665 23.053407118383397 22.606461338236326
761.9166666666666 23.05468851264292 22.606543128384597
762.4166666666666 23.05595997271849 22.606637401629115
762.9166666666665 23.057234895067968 22.606742672580033
763.4166666666666 23.058518633797913 22.606830752178645
763.9166666666666 23.05981487887191 22.606933459012325
764.4166666666665 23.061101337472998 22.607027781627984
764.9166666666666 23.062385261959896 22.607134595886706
765.4166666666666 23.063675395812425 22.60723936351107
765.9166666666665 23.064973357711125 22.607352213637505
766.4166666666666 23.066281929591717 22.60745963765011
766.9166666666666 23.06757476202083 22.607584687590567
767.4166666666665 23.06888858051099 22.607695779857536
767.9166666666666 23.070193889306108 22.60781922322993
768.4166666666666 23.07150352229886 22.607943110387275
768.9166666666665 23.072818710510155 22.60806629321189
769.4166666666666 23.074131730346505 22.608204476919703
769.9166666666666 23.075449443662343 22.608329048025794
770.4166666666665 23.076777052265317 22.608460823090194
770.9166666666666 23.078100456022234 22.60859703742355
771.4166666666666 23.079433819306008 22.608743165896243
771.9166666666665 23.080764882161027 22.608883811025112
772.4166666666666 23.082087686447643 22.609022366390402
772.9166666666666 23.083431750806366 22.609172063151487
773.4166666666665 23.084768885178665 22.60933127551095
773.9166666666666 23.086115029401885 22.60946947701228
774.4166666666666 23.087466526748397 22.609626742436575
774.9166666666665 23.08879957983946 22.60978850444667
775.4166666666666 23.09014827565261 22.609951311107377
775.9166666666666 23.091517929065624 22.610112712965368
776.4166666666665 23.092856040984437 22.610279033905627
776.9166666666666 23.094228232239345 22.610442165117767
777.4166666666666 23.09557767160556 22.610613090511023
777.9166666666665 23.09694643715625 22.61078431931885
778.4166666666666 23.098313603030057 22.610956791151487
778.9166666666666 23.09968690268786 22.61113228563761
779.4166666666665 23.10106096838744 22.611314531519792
779.9166666666666 23.102429166781842 22.611492721769736
780.4166666666666 23.103808302628646 22.611672503500927
780.9166666666665 23.105181179866463 22.61186358439535
781.4166666666666 23.10657304363766 22.6120570886753
781.9166666666666 23.107947451340372 22.612246696358756
782.4166666666665 23.109337387356398 22.612442989218792
782.9166666666666 23.110735652545795 22.612642080823356
783.4166666666666 23.112128231871214 22.612834915510717
783.9166666666665 23.11351090326341 22.613041195226096
784.4166666666666 23.114910156528758 22.613239377663046
784.9166666666666 23.116328733597484 22.613445934565153
785.4166666666665 23.117724391536896 22.61365871468296
785.9166666666666 23.119125980142556 22.61386591446296
