FastTrWP/PhaseSpace/IAs/snIa_0.6_25_0.0_-0.1.csv
# %ECSV 0.9
# ---
# datatype:
# - {name: time-rel, datatype: float64}
# - {name: g, datatype: float64}
# - {name: i, datatype: float64}
# schema: astropy-2.0
time-rel g i
[from data line 1947]
954.9583333333334 -25.099578351587155 -27.336518227999647
955.4583333333333 -25.097956591541447 -27.335697473947
955.9583333333334 -25.09631884023721 -27.334864945498943
956.4583333333334 -25.09464559260902 -27.334044939260487
956.9583333333333 -25.093021127284594 -27.333216549780737
957.4583333333334 -25.0913825615026 -27.332399068487963
957.9583333333334 -25.08970886768022 -27.331569301580334
958.4583333333333 -25.088074889027983 -27.330740922692147
958.9583333333334 -25.086422329832114 -27.329913572151057
959.4583333333334 -25.084768242508808 -27.329080970225576
959.9583333333333 -25.083125246134706 -27.328251280793843
960.4583333333334 -25.08146858822574 -27.327422914726203
960.9583333333334 -25.079811728697802 -27.326583534120555
961.4583333333333 -25.078152440240267 -27.325747008355545
961.9583333333334 -25.076502660819298 -27.32491658392793
962.4583333333334 -25.074857335664348 -27.324077987095166
962.9583333333333 -25.073182520990834 -27.323240494521272
963.4583333333334 -25.071548167240447 -27.32240182268022
963.9583333333334 -25.069858700831716 -27.32157083060766
964.4583333333333 -25.06819684775167 -27.320729756155618
964.9583333333334 -25.066544552631107 -27.31988930877277
965.4583333333334 -25.06487776038178 -27.319045884861648
965.9583333333333 -25.063208188360313 -27.31820046885797
966.4583333333334 -25.06153680661777 -27.31735754310626
966.9583333333334 -25.059870256797552 -27.316513631769247
967.4583333333333 -25.058220981030267 -27.315676730214854
967.9583333333334 -25.056549271048148 -27.314825340281725
968.4583333333334 -25.054871429886436 -27.313980867139996
968.9583333333333 -25.053203283716602 -27.313134862830815
969.4583333333334 -25.0515351818237 -27.312280089477262
969.9583333333334 -25.049856706199016 -27.31143024220481
970.4583333333333 -25.04820576070617 -27.31059109411072
970.9583333333334 -25.046510649701045 -27.309737693835658
971.4583333333334 -25.044848998588343 -27.308883898457495
971.9583333333333 -25.043171669988325 -27.308031242532532
972.4583333333334 -25.04148811212868 -27.307177384562053
972.9583333333334 -25.039804807109928 -27.30632178148599
973.4583333333333 -25.038127024497463 -27.305473936002848
973.9583333333334 -25.03644994468739 -27.304611014736707
974.4583333333334 -25.034789101477088 -27.30375935235601
974.9583333333333 -25.033105894534415 -27.302896875053012
975.4583333333334 -25.03142552846969 -27.302040223794357
975.9583333333334 -25.029745863657023 -27.301178846729655
976.4583333333333 -25.028078443989 -27.30032581962055
976.9583333333334 -25.02638225273781 -27.299463333439903
977.4583333333334 -25.02469824835741 -27.29860232057427
977.9583333333333 -25.023005263116055 -27.297735753033177
978.4583333333334 -25.021315510250943 -27.29686957903885
978.9583333333334 -25.01962165665865 -27.295998687839234
979.4583333333333 -25.01794796315597 -27.295144337985565
979.9583333333334 -25.01625477684058 -27.294266614269297
980.4583333333334 -25.014548238678813 -27.293394464117643
980.9583333333333 -25.012884067850308 -27.292535772430853
981.4583333333334 -25.01116488002318 -27.291662381227866
981.9583333333334 -25.009482662995804 -27.29078942131838
982.4583333333333 -25.007793427067288 -27.289919205744056
982.9583333333334 -25.00610195307209 -27.2890458198294
983.4583333333334 -25.0044195223844 -27.28816774221853
983.9583333333333 -25.002719371964666 -27.28730334301607
984.4583333333334 -25.00099799240935 -27.286419305618534
984.9583333333334 -24.9992883310939 -27.285548202849455
985.4583333333333 -24.997602677899373 -27.284670061291116
985.9583333333334 -24.9959021637723 -27.283780664628495
986.4583333333334 -24.99420987728104 -27.28290878669268
986.9583333333333 -24.992489884294745 -27.28203183335363
987.4583333333334 -24.990804368066996 -27.28114326789212
987.9583333333334 -24.98907467042137 -27.280259336696545
988.4583333333333 -24.9873798608346 -27.27938254903231
988.9583333333334 -24.985668900068134 -27.27849189559396
989.4583333333334 -24.983957338560998 -27.27760140196537
989.9583333333333 -24.982254091900487 -27.276714531928477
990.4583333333334 -24.980543000005238 -27.275833881499267
990.9583333333334 -24.978833630441283 -27.274948205190007
991.4583333333333 -24.97711778726955 -27.274054567342993
991.9583333333334 -24.97538248332678 -27.273153826632242
992.4583333333334 -24.973657424307593 -27.272263120633355
992.9583333333333 -24.971949597286628 -27.271368090032144
993.4583333333334 -24.970233234360503 -27.270461572957267
993.9583333333334 -24.968545196193933 -27.269570151471033
994.4583333333333 -24.96682715787857 -27.268676968713407
994.9583333333334 -24.965073630961612 -27.26778033755747
995.4583333333334 -24.963364542567803 -27.266877102331676
995.9583333333333 -24.961647065406925 -27.265975108691897
996.4583333333334 -24.959884967185605 -27.265071433574427
996.9583333333334 -24.958187116956417 -27.264173479249173
997.4583333333333 -24.95643075916376 -27.26326846460467
997.9583333333334 -24.95471916818979 -27.26236029744306
998.4583333333334 -24.952984611695364 -27.261459934842694
998.9583333333333 -24.95124949027309 -27.260546835595775
999.4583333333334 -24.949517615684197 -27.259642562999197
999.9583333333334 -24.947775081132594 -27.258730939703785
1000.4583333333333 -24.946043245381414 -27.257818902190106
1000.9583333333334 -24.94433818156181 -27.256906630299692
1001.4583333333334 -24.942575050472016 -27.255987029302652
1001.9583333333333 -24.940841387090913 -27.25507098049722
1002.4583333333334 -24.93909039031564 -27.25415625911082
1002.9583333333334 -24.93732115841845 -27.253234029889867
1003.4583333333333 -24.935598078437287 -27.252322168652388
1003.9583333333334 -24.933862817392463 -27.251397770885468
1004.4583333333334 -24.932131991998666 -27.25048615742321
1004.9583333333333 -24.930373677075032 -27.249553108938564
1005.4583333333334 -24.928593633434495 -27.248630742094907
1005.9583333333334 -24.926863743313575 -27.247704754154547
1006.4583333333334 -24.925098508687185 -27.246776225483373
1006.9583333333334 -24.92335283748612 -27.245848724229948
1007.4583333333334 -24.9216038580282 -27.244922919932048
1007.9583333333334 -24.919827356736548 -27.24399538931378
1008.4583333333334 -24.918078764812446 -27.243055242977373
1008.9583333333334 -24.916332892550916 -27.242130774477786
1009.4583333333334 -24.91456185418699 -27.241196332960662
1009.9583333333334 -24.91279188242259 -27.24026201733203
1010.4583333333334 -24.911028834107547 -27.239320100301075
1010.9583333333334 -24.909271665909117 -27.238395324482486
1011.4583333333334 -24.90749423668516 -27.237444747294557
1011.9583333333334 -24.90573715038024 -27.236504722836923
1012.4583333333334 -24.90397257728422 -27.23557144212929
1012.9583333333334 -24.90219124463804 -27.234631632328366
1013.4583333333334 -24.900423727114326 -27.233686073958868
1013.9583333333334 -24.89864553001877 -27.23274099391884
1014.4583333333334 -24.89688891710502 -27.231794180197856
1014.9583333333334 -24.895099784354127 -27.230849217786087
1015.4583333333334 -24.893304690242086 -27.22989764299928
1015.9583333333334 -24.891551426398447 -27.228952492106554
1016.4583333333334 -24.889789668906825 -27.227999113649552
1016.9583333333334 -24.888003456899472 -27.227047121324762
1017.4583333333334 -24.88621635065952 -27.226097544622377
1017.9583333333334 -24.88444136346277 -27.225139993960315
1018.4583333333334 -24.88263773187443 -27.224190291095
1018.9583333333334 -24.880871589007437 -27.223234453185515
1019.4583333333334 -24.879066829137592 -27.22227553039078
1019.9583333333334 -24.877283515404635 -27.221318098115116
1020.4583333333334 -24.875501232541616 -27.22035549455551
1020.9583333333334 -24.873722347483902 -27.21939072338095
1021.4583333333334 -24.871949547361517 -27.218433509706532
1021.9583333333334 -24.870152962751533 -27.217463676957934
1022.4583333333334 -24.86830775809476 -27.216497013691875
1022.9583333333334 -24.866545058313715 -27.215533435749904
1023.4583333333334 -24.864738953663895 -27.21456824471734
1023.9583333333334 -24.862946574270488 -27.213597911244683
1024.4583333333333 -24.861165962959618 -27.212624907981294
1024.9583333333333 -24.859338135852536 -27.211652860284218
1025.4583333333333 -24.857545171194275 -27.210681798240582
1025.9583333333333 -24.85576554857827 -27.209709202850433
1026.4583333333333 -24.853950743329882 -27.20873427574511
1026.9583333333333 -24.85215146404569 -27.207757467976265
1027.4583333333333 -24.85033445415423 -27.206779340737235
1027.9583333333333 -24.84853163182745 -27.20579905528746
1028.4583333333333 -24.846715544085463 -27.204815973415116
1028.9583333333333 -24.844918502038574 -27.203834705552058
1029.4583333333333 -24.843124184084626 -27.20285923016074
1029.9583333333333 -24.841284584457128 -27.201871257977356
1030.4583333333333 -24.839510669196407 -27.200888889460273
1030.9583333333333 -24.837667923191724 -27.19990044741783
1031.4583333333333 -24.835860801294537 -27.198908436746375
1031.9583333333333 -24.834030937770272 -27.197928499012214
1032.4583333333333 -24.832213908465004 -27.196935538055076
1032.9583333333333 -24.83042137609868 -27.195941412067203
1033.4583333333333 -24.828578553211408 -27.19495634117361
1033.9583333333333 -24.826746969117856 -27.19394851335582
1034.4583333333333 -24.824939873271017 -27.192969579455884
1034.9583333333333 -24.823124263989538 -27.191966715492676
1035.4583333333333 -24.821311699639477 -27.1909675704015
1035.9583333333333 -24.819480013288512 -27.189966578541135
1036.4583333333333 -24.8176614409175 -27.18896423602411
1036.9583333333333 -24.81580180301187 -27.187966036330636
1037.4583333333333 -24.8139908707601 -27.186962365123616
1037.9583333333333 -24.81216717288308 -27.18596270922322
1038.4583333333333 -24.810342733100654 -27.18494705708065
1038.9583333333333 -24.808507995185284 -27.183949485779063
1039.4583333333333 -24.806641253134202 -27.182938906508305
1039.9583333333333 -24.804838380475296 -27.181928215687833
1040.4583333333333 -24.802998358102535 -27.18092072006442
1040.9583333333333 -24.801169761055732 -27.179911187517188
1041.4583333333333 -24.79930984422227 -27.17889514712937
1041.9583333333333 -24.797462656445987 -27.17787947271598
1042.4583333333333 -24.79566554068039 -27.176860134265766
1042.9583333333333 -24.793793518179843 -27.175844172156175
1043.4583333333333 -24.791966737594592 -27.17482097116273
1043.9583333333333 -24.790141063806942 -27.173800945694925
1044.4583333333333 -24.788254532186215 -27.17277204948655
1044.9583333333333 -24.78641984774977 -27.17174942452134
1045.4583333333333 -24.784541711850054 -27.170725877714816
1045.9583333333333 -24.782708388056996 -27.169686819017507
1046.4583333333333 -24.78081821304834 -27.168657172815895
1046.9583333333333 -24.778970542388706 -27.1676218182268
1047.4583333333333 -24.77710238137158 -27.16658266677792
1047.9583333333333 -24.77522502054503 -27.165547057075603
1048.4583333333333 -24.77338026981598 -27.16450387655453
1048.9583333333333 -24.77149531099048 -27.16346885492471
1049.4583333333333 -24.769618230322408 -27.162421261351476
1049.9583333333333 -24.767736783056797 -27.161377458517002
1050.4583333333333 -24.765860703873834 -27.160328044224975
1050.9583333333333 -24.76398318813348 -27.15927124572948
1051.4583333333333 -24.762082703725348 -27.15822833458006
1051.9583333333333 -24.76020654718024 -27.15717421716422
1052.4583333333333 -24.758326751357668 -27.15612420224827
1052.9583333333333 -24.75643827203858 -27.155058643278988
1053.4583333333333 -24.754564122252653 -27.154007695932528
1053.9583333333333 -24.752644588726476 -27.152944638107357
1054.4583333333333 -24.75073166052914 -27.151892854735063
1054.9583333333333 -24.74885404499362 -27.150823793733192
1055.4583333333333 -24.7469659455737 -27.14975532526262
1055.9583333333333 -24.745058732151072 -27.14869079675925
1056.4583333333333 -24.743153397170946 -27.147633963268987
1056.9583333333333 -24.74127375172914 -27.146564219097993
1057.4583333333333 -24.739370067509032 -27.145490076768013
1057.9583333333333 -24.73747310080878 -27.144424576838002
1058.4583333333333 -24.735575896460272 -27.14336525981045
1058.9583333333333 -24.733659107991734 -27.142277404160073
1059.4583333333333 -24.73175054843949 -27.141210050800375
1059.9583333333333 -24.72986489175141 -27.14014347533172
1060.4583333333333 -24.727956952249322 -27.13905757987743
1060.9583333333333 -24.726049116736416 -27.137987160904046
1061.4583333333333 -24.724126987619734 -27.136903976992357
1061.9583333333333 -24.72222318197669 -27.13581795690061
1062.4583333333333 -24.720332788032678 -27.134742550091687
1062.9583333333333 -24.718410200842904 -27.133663174144505
1063.4583333333333 -24.716493535692713 -27.13257905459151
1063.9583333333333 -24.71459314171776 -27.131505252317115
1064.4583333333333 -24.71267223669901 -27.130417311565218
1064.9583333333333 -24.71081732221996 -27.129330725559466
1065.4583333333333 -24.70888914052776 -27.128245511478863
1065.9583333333333 -24.707001662660517 -27.127160701077948
1066.4583333333333 -24.70508670129982 -27.126068681903384
1066.9583333333333 -24.703213283136655 -27.124991860989756
1067.4583333333333 -24.701254211550964 -27.12390079591518
1067.9583333333333 -24.69937659672521 -27.122810519787073
1068.4583333333333 -24.697480405812584 -27.121720612272604
1068.9583333333333 -24.695580298946606 -27.120634596986953
1069.4583333333333 -24.69368101532016 -27.119542060802743
1069.9583333333333 -24.691767870443083 -27.118450119984104
1070.4583333333333 -24.68990769517339 -27.117358964618575
1070.9583333333333 -24.68798153253217 -27.11626366582912
1071.4583333333333 -24.686087949402115 -27.115185801606764
1071.9583333333333 -24.684187611877803 -27.114087225803416
1072.4583333333333 -24.68231653321391 -27.11300195219657
1072.9583333333333 -24.68041281011823 -27.11189548663709
1073.4583333333333 -24.67854356527566 -27.110804708085567
1073.9583333333333 -24.67666901335955 -27.109715769869208
1074.4583333333333 -24.674767549178604 -27.108624309793452
1074.9583333333333 -24.672899205456424 -27.107532772930835
1075.4583333333333 -24.671004381770647 -27.106433160306658
1075.9583333333333 -24.669149687641386 -27.10535061939213
1076.4583333333333 -24.66725568769158 -27.10425609480922
1076.9583333333333 -24.665405617544252 -27.10316455043053
1077.4583333333333 -24.663524463890578 -27.10207196956581
1077.9583333333333 -24.66167507593058 -27.10097816066135
1078.4583333333333 -24.659790629751967 -27.09988249937597
1078.9583333333333 -24.657967824791392 -27.098795685293457
1079.4583333333333 -24.65608673790227 -27.09770549334925
1079.9583333333333 -24.6542358158063 -27.096612814717915
1080.4583333333333 -24.652402391204383 -27.095517557873173
1080.9583333333333 -24.65054396790537 -27.094430348013482
1081.4583333333333 -24.64869880403571 -27.093337746579316
1081.9583333333333 -24.64686991586141 -27.092238074930826
1082.4583333333333 -24.644995402416434 -27.09115518394336
1082.9583333333333 -24.64315896763737 -27.090063506753346
1083.4583333333333 -24.641305885488023 -27.088966664450847
1083.9583333333333 -24.639459321717133 -27.087871618247846
1084.4583333333333 -24.637624659356902 -27.08677811949957
1084.9583333333333 -24.63579527086081 -27.085671748167677
1085.4583333333333 -24.63395895265431 -27.084581491000222
1085.9583333333333 -24.63213091661663 -27.08347634788752
1086.4583333333333 -24.63027857789344 -27.082385566073203
1086.9583333333333 -24.628446034516557 -27.08128251474014
1087.4583333333333 -24.626619742831814 -27.080188036935017
1087.9583333333333 -24.62477257488551 -27.079082104187812
1088.4583333333333 -24.622929139072717 -27.07797797412836
1088.9583333333333 -24.62111786335859 -27.07688201660684
1089.4583333333333 -24.619278574196674 -27.07577957968489
1089.9583333333333 -24.617430085089126 -27.074675996247905
1090.4583333333333 -24.6156100773795 -27.07357799150511
1090.9583333333333 -24.61380025268385 -27.072474217074035
1091.4583333333333 -24.611965562009143 -27.071364449744884
1091.9583333333333 -24.61014739865083 -27.070259946635712
1092.4583333333333 -24.608317385069665 -27.06915299508324
