FastTrWP/PhaseSpace/IAs/snIa_0.45_30.00_0.92_-0.23.csv
# %ECSV 0.9
# ---
# datatype:
# - {name: time-rel, datatype: float64}
# - {name: g, datatype: float64}
# - {name: i, datatype: float64}
# schema: astropy-2.0
time-rel g i
[from data line 865]
584.6458333333334 22.64468725938922 22.676933304274975
585.1458333333334 22.64479451682217 22.676389621720144
585.6458333333334 22.644903437126548 22.675855415079443
586.1458333333334 22.645013262888256 22.67532146349317
586.6458333333334 22.645120319831285 22.67478560823147
587.1458333333334 22.645246442899083 22.674246037869548
587.6458333333334 22.6453576049729 22.673716683602365
588.1458333333334 22.645477671584086 22.6731746572116
588.6458333333334 22.64560428985846 22.672645531318196
589.1458333333334 22.645720475731416 22.672112339296618
589.6458333333334 22.645850774088533 22.67158637937284
590.1458333333334 22.645985731606824 22.671054207573796
590.6458333333334 22.646119176889947 22.670523340495635
591.1458333333334 22.64625523577646 22.66999956141931
591.6458333333334 22.646380686201326 22.66947059440993
592.1458333333334 22.646525719880803 22.668943254900896
592.6458333333334 22.646671772110043 22.668419112563946
593.1458333333334 22.646819182097925 22.667895979148117
593.6458333333334 22.646970037802326 22.66737526570536
594.1458333333334 22.647129565248992 22.666855713075584
594.6458333333334 22.647290452204494 22.666336027469946
595.1458333333334 22.647455305346142 22.66582581372785
595.6458333333334 22.64762174667254 22.665318846984892
596.1458333333334 22.64778542967968 22.664795743161108
596.6458333333334 22.64796737436878 22.664286516047323
597.1458333333334 22.64814456911267 22.663777257960124
597.6458333333334 22.648327536933927 22.66326537885964
598.1458333333334 22.648511544260195 22.662761725148194
598.6458333333334 22.648705660868302 22.662256425972956
599.1458333333334 22.648901401106322 22.66176596280564
599.6458333333334 22.64909996074849 22.661257667754423
600.1458333333334 22.64929664720554 22.660758874363825
600.6458333333334 22.64950906448307 22.660252330095688
601.1458333333334 22.649710296870516 22.65976219396549
601.6458333333334 22.649935513043232 22.65926367133418
602.1458333333334 22.65015061449093 22.658773924602222
602.6458333333334 22.65037179479708 22.658282997512806
603.1458333333334 22.65059312220396 22.65778634093451
603.6458333333334 22.650821107611723 22.657305902318654
604.1458333333334 22.651056660935517 22.656819169254433
604.6458333333334 22.651291066694306 22.6563382959537
605.1458333333334 22.651539095832245 22.655849726515665
605.6458333333334 22.651780265986318 22.655369509743867
606.1458333333334 22.652035529082752 22.654895744950885
606.6458333333334 22.65228621853197 22.65441101936192
607.1458333333334 22.65253634707415 22.653941862482633
607.6458333333334 22.65280107372223 22.653464768040855
608.1458333333334 22.653069299263883 22.652994558688818
608.6458333333334 22.653331808354945 22.652517433527507
609.1458333333334 22.65361742238087 22.6520525070261
609.6458333333334 22.653892147239038 22.651584161053805
610.1458333333334 22.654171050862942 22.651123025434924
610.6458333333334 22.654455655727112 22.650659797656004
611.1458333333334 22.65476072539132 22.650194718982775
611.6458333333334 22.65504833657318 22.649729613132422
612.1458333333334 22.65534837442333 22.649271941693705
612.6458333333334 22.655646166601265 22.64882181680088
613.1458333333334 22.65595252313501 22.648366169805826
613.6458333333334 22.656265189022363 22.647915033586333
614.1458333333334 22.656584826961364 22.64746139923738
614.6458333333334 22.656910595091823 22.647010841220062
615.1458333333334 22.65723150545366 22.646564517670775
615.6458333333334 22.65756501313814 22.646120362014695
616.1458333333334 22.657894900456906 22.645670442792287
616.6458333333334 22.658232515001487 22.645234891805938
617.1458333333334 22.658585696372036 22.644796189293732
617.6458333333334 22.658918870725763 22.644354960570073
618.1458333333334 22.65928150546642 22.643919808021135
618.6458333333334 22.659641348140017 22.643480944809475
619.1458333333334 22.65999983512666 22.643055748566987
619.6458333333334 22.66034649877615 22.64262689962811
620.1458333333334 22.66072548778691 22.642194172434728
620.6458333333334 22.661095279974404 22.641767459350323
621.1458333333334 22.661480618880717 22.64134765103508
621.6458333333334 22.661857703835114 22.640922272677667
622.1458333333334 22.662249164931936 22.640497613008833
622.6458333333334 22.662647274521895 22.64007260814075
623.1458333333334 22.66303946603832 22.639665633106997
623.6458333333334 22.663437733015957 22.63925125432192
624.1458333333334 22.663847028823746 22.6388268696424
624.6458333333334 22.664252483566877 22.63842837291865
625.1458333333334 22.664669516424265 22.638007311532338
625.6458333333334 22.665092926885848 22.63760763077872
626.1458333333334 22.665519260489845 22.637196839097214
626.6458333333334 22.665948428387445 22.63679277694586
627.1458333333334 22.666382106639883 22.63640513423752
627.6458333333334 22.666818741950344 22.635994752778107
628.1458333333334 22.667258396736724 22.63559611061183
628.6458333333334 22.66770302071423 22.63519528566198
629.1458333333334 22.668157081419782 22.634802873534028
629.6458333333334 22.668609305494915 22.63440229642468
630.1458333333334 22.669069232962514 22.634004984470792
630.6458333333334 22.669535970825745 22.633626258755083
631.1458333333334 22.670000982255697 22.633227895148075
631.6458333333334 22.67047724358799 22.632839475926772
632.1458333333334 22.670954008122738 22.63245699717029
632.6458333333334 22.671430110386915 22.63206797209619
633.1458333333334 22.671916916800615 22.63169395540072
633.6458333333334 22.67240214871402 22.631307412970788
634.1458333333334 22.67289956447394 22.630926251084553
634.6458333333334 22.673399623786953 22.63054949779206
635.1458333333334 22.673904642286846 22.630174309336
635.6458333333334 22.674413415344144 22.629800850858672
636.1458333333334 22.674923116399572 22.629429895153837
636.6458333333334 22.675440818072545 22.62906380659436
637.1458333333334 22.675962435202397 22.628686459049433
637.6458333333334 22.676494518099062 22.628326426798342
638.1458333333334 22.67702884105868 22.62796286370317
638.6458333333334 22.677554516396942 22.62759084825452
639.1458333333334 22.67809758872155 22.627234030253955
639.6458333333334 22.678649489312612 22.626869416796648
640.1458333333334 22.67919099328043 22.626514303557883
640.6458333333334 22.679743596122478 22.626161689885134
641.1458333333334 22.680298729412197 22.625800611005282
641.6458333333334 22.680866939453775 22.625442918772357
642.1458333333334 22.681434212646533 22.62509487494567
642.6458333333334 22.682011423369794 22.62474902878833
643.1458333333334 22.68258454896973 22.624394645642614
643.6458333333334 22.68316319729521 22.6240505549851
644.1458333333334 22.683756170476755 22.623709769325107
644.6458333333334 22.684341977566586 22.62337085458087
645.1458333333334 22.684942766812508 22.6230259226409
645.6458333333334 22.685534065476972 22.622689102995025
646.1458333333334 22.68614514372173 22.622348978240755
646.6458333333334 22.686759816007548 22.622013250597067
647.1458333333334 22.687380462897554 22.62167962925008
647.6458333333334 22.687988790593103 22.621350741103143
648.1458333333334 22.688606396385076 22.621018775923098
648.6458333333334 22.68924521370679 22.620693249569214
649.1458333333334 22.68988990944784 22.62036568265263
649.6458333333334 22.69052768664356 22.62003999562477
650.1458333333334 22.691172665875463 22.619720745074456
650.6458333333334 22.69181524759976 22.619409656238748
651.1458333333334 22.69247019138462 22.619082699911445
651.6458333333334 22.693129663276927 22.618762995864365
652.1458333333334 22.693792075602722 22.618449167849054
652.6458333333334 22.69446242188455 22.61813695083168
653.1458333333334 22.695132476348245 22.617823773389794
653.6458333333334 22.695809525136276 22.61752477303323
654.1458333333334 22.696502660600597 22.617209996186908
654.6458333333334 22.69718545071822 22.616902805650486
655.1458333333334 22.69788180680219 22.616599430599912
655.6458333333334 22.69857582072294 22.61630141123758
656.1458333333334 22.699289273674914 22.61600946667267
656.6458333333334 22.699998465374765 22.615703560947274
657.1458333333334 22.700716822447234 22.615411803899196
657.6458333333334 22.701428594459095 22.615118802401042
658.1458333333334 22.702152297836022 22.61482776015679
658.6458333333334 22.70288240376413 22.614536822961462
659.1458333333334 22.70362396684376 22.614242678114984
659.6458333333334 22.704358261774978 22.61396290566969
660.1458333333334 22.70510358967702 22.61367168680635
660.6458333333334 22.70585546615954 22.613401545744942
661.1458333333334 22.70661052951608 22.613121319174244
661.6458333333334 22.707380012362943 22.61283883568536
662.1458333333334 22.708159490285688 22.612560527410164
662.6458333333334 22.708934604121286 22.612286667321342
663.1458333333334 22.70971790280616 22.61200653073418
663.6458333333334 22.710518326964152 22.611735190305776
664.1458333333334 22.711322630679515 22.611471604964926
664.6458333333334 22.712126207329725 22.61119620338823
665.1458333333334 22.712948911493555 22.61092572038152
665.6458333333334 22.713775140094633 22.61066856355473
666.1458333333334 22.714602968597646 22.61040095721649
666.6458333333334 22.71543874179962 22.610136299490424
667.1458333333334 22.716279297965905 22.609882863054548
667.6458333333334 22.717125228726538 22.60962726601158
668.1458333333334 22.717989613979405 22.60936656627653
668.6458333333334 22.718850578530827 22.609111667893597
669.1458333333334 22.719714957152377 22.608859019527202
669.6458333333334 22.720590854184906 22.60860803410081
670.1458333333334 22.72147654470126 22.608362927496977
670.6458333333334 22.72235640560323 22.608108671915637
671.1458333333334 22.72324579681274 22.60786788081888
671.6458333333334 22.724146456392113 22.607615907665412
672.1458333333334 22.725052645536135 22.60737423903344
672.6458333333334 22.72595446958534 22.60713559560109
673.1458333333334 22.726864591015307 22.606897363771346
673.6458333333334 22.727782983166556 22.60666156363138
674.1458333333334 22.728699966517386 22.60641698658064
674.6458333333334 22.72963556796443 22.606191501325394
675.1458333333334 22.73057366944006 22.605950521975213
675.6458333333334 22.731509982641743 22.60573064531475
676.1458333333334 22.732451302858504 22.605500298591238
676.6458333333334 22.733399345202 22.605271047379194
677.1458333333334 22.734352117240867 22.605050202818553
677.6458333333334 22.735299491053503 22.604825681355848
678.1458333333334 22.73626851104177 22.604601732470822
678.6458333333334 22.737226179369536 22.60438775620183
679.1458333333334 22.73818658501832 22.604172931019928
679.6458333333334 22.739171280067595 22.60395920377025
680.1458333333334 22.74013087600097 22.603744293565203
680.6458333333334 22.741113126793632 22.60352814410751
681.1458333333334 22.742100252281666 22.60332294552154
681.6458333333334 22.74308903228698 22.60311358722801
682.1458333333334 22.74407691673465 22.602911009819127
682.6458333333334 22.745067342739382 22.602705595516642
683.1458333333334 22.746056983814373 22.60250460232934
683.6458333333334 22.747066223041923 22.602300457669667
684.1458333333334 22.748063524192933 22.602109908610988
684.6458333333334 22.749065257251715 22.60190786086509
685.1458333333334 22.7500703866645 22.601714070029747
685.6458333333334 22.751074904283666 22.601532462156793
686.1458333333334 22.752088262663523 22.60133637666303
686.6458333333334 22.753102707756252 22.601150433224323
687.1458333333334 22.754128412790294 22.60097208780337
687.6458333333334 22.755146616378326 22.6007835091061
688.1458333333334 22.75616801665684 22.60060036616847
688.6458333333334 22.75718671904837 22.600420255104158
689.1458333333334 22.75820787157718 22.60024892853825
689.6458333333334 22.759227284150466 22.600070491242604
690.1458333333334 22.760261415114567 22.599897909857688
690.6458333333334 22.761288372044707 22.599729705241053
691.1458333333334 22.762315834856928 22.59955860198634
691.6458333333334 22.763345778159426 22.5993954838303
692.1458333333334 22.764381626281015 22.599225076477598
692.6458333333334 22.765410493507346 22.599067595969405
693.1458333333334 22.76643788877545 22.598908464707993
693.6458333333334 22.767475958919142 22.59875636434255
694.1458333333334 22.768507159962226 22.598594065575984
694.6458333333334 22.76954077103487 22.598439736542115
