FastTrWP/PhaseSpace/IAs/snIa_0.55_30.00_0.17_0.10.csv
# %ECSV 0.9
# ---
# datatype:
# - {name: time-rel, datatype: float64}
# - {name: g, datatype: float64}
# - {name: i, datatype: float64}
# schema: astropy-2.0
time-rel g i
[from data line 286]
293.2916666666667 24.926001800948665 23.35565175933088
293.7916666666667 24.92144202433711 23.352497798731136
294.2916666666667 24.916862248193926 23.34935545564055
294.7916666666667 24.91230735475896 23.346208969395256
295.2916666666667 24.907776904218395 23.343087181626586
295.7916666666667 24.90323327952637 23.339957846224365
296.2916666666667 24.898704924792128 23.336831546368607
296.7916666666667 24.894226762547326 23.333721910059495
297.2916666666667 24.88968181958079 23.330613236582536
297.7916666666667 24.885183453232184 23.327519785969194
298.2916666666667 24.88071738773934 23.324428574166944
298.7916666666667 24.8762233253858 23.321357016524956
299.2916666666667 24.87176603610594 23.31827326571588
299.7916666666667 24.86730176722371 23.315197092457296
300.2916666666667 24.862838126188876 23.31213182932079
300.7916666666667 24.858412723132346 23.30907339101486
301.2916666666667 24.853953122760753 23.30603945756216
301.7916666666667 24.849537690521576 23.302993754935343
302.2916666666667 24.845124774801853 23.299952276061667
302.7916666666667 24.840706077569877 23.29690303734234
303.2916666666667 24.83630375012885 23.29388505167026
303.7916666666667 24.8319103890611 23.290865991151332
304.2916666666667 24.827533949011137 23.28785507118129
304.7916666666667 24.82316017753771 23.28485427907981
305.2916666666667 24.818788512783335 23.28184261361916
305.7916666666667 24.814421753723316 23.27885026674215
306.2916666666667 24.810071675899515 23.27586174622045
306.7916666666667 24.805730804294086 23.27288233216929
307.2916666666667 24.80137416327114 23.269900361834498
307.7916666666667 24.79706421189413 23.266929206195833
308.2916666666667 24.79271690491876 23.26396425247517
308.7916666666667 24.78840520544566 23.260993211172195
309.2916666666667 24.78410357061152 23.258056004738627
309.7916666666667 24.779793116000796 23.255094127046256
310.2916666666667 24.77552004128269 23.252158512460497
310.7916666666667 24.771237633725573 23.24921786633154
311.2916666666667 24.766952742490666 23.246283506887607
311.7916666666667 24.762684076478763 23.243352631923223
312.2916666666667 24.758411514034464 23.240436319524406
312.7916666666667 24.754156711669545 23.23752072990887
313.2916666666667 24.74990928626415 23.234604410160266
313.7916666666667 24.74567457635495 23.231699807200528
314.2916666666667 24.741425403589798 23.228795928742848
314.7916666666667 24.737216347758455 23.225902907739773
315.2916666666667 24.732983612532212 23.22302011812074
315.7916666666667 24.72875109257171 23.220120438699396
316.2916666666667 24.724564231608586 23.217250272949602
316.7916666666667 24.720352701431892 23.214365753414494
317.2916666666667 24.71617115669893 23.21150427223722
317.7916666666667 24.711974523897467 23.208633961861977
318.2916666666667 24.707787459737133 23.20577504432771
318.7916666666667 24.703630531521036 23.202919414234678
319.2916666666667 24.699454275455835 23.20006378854839
319.7916666666667 24.695306201407433 23.197221325387545
320.2916666666667 24.69114519950739 23.194383314908592
320.7916666666667 24.68699544024878 23.19153186794037
321.2916666666667 24.68285844542305 23.188704408654797
321.7916666666667 24.678720470623166 23.18587375091933
322.2916666666667 24.674580536436874 23.183055031169182
322.7916666666667 24.6704717200966 23.180228573362655
323.2916666666667 24.666358945796954 23.177421646292466
323.7916666666667 24.662249320225907 23.174616763385572
324.2916666666667 24.658159270922706 23.171797354977045
324.7916666666667 24.65404726433471 23.16899659391646
325.2916666666667 24.64996292707028 23.16619692659822
325.7916666666667 24.64588991610366 23.163416733293026
326.2916666666667 24.641801826239785 23.160623192891727
326.7916666666667 24.63773528043295 23.157841695554193
327.2916666666667 24.633670139814782 23.155071119940796
327.7916666666667 24.629623682951976 23.152291714294325
328.2916666666667 24.625586548436633 23.149538197283942
328.7916666666667 24.62154287337658 23.146778885091646
329.2916666666667 24.6175037917163 23.144019808172057
329.7916666666667 24.613483320139338 23.141270397114354
330.2916666666667 24.609465483697328 23.138524463300847
330.7916666666667 24.605462984265394 23.13577915580131
331.2916666666667 24.60145709162734 23.13303780776076
331.7916666666667 24.597453226682617 23.130311603434357
332.2916666666667 24.593468148760444 23.127589564106316
332.7916666666667 24.589469384189123 23.124859720468574
333.2916666666667 24.58550182789306 23.122145486800992
333.7916666666667 24.58150643357822 23.11943221272967
334.2916666666667 24.577563006932564 23.11672431001655
334.7916666666667 24.573594251072667 23.11401445469091
335.2916666666667 24.56965228207007 23.11131702983047
335.7916666666667 24.565699841505687 23.108621758288198
336.2916666666667 24.561758795550254 23.10594423123287
336.7916666666667 24.55783032501323 23.10324577157466
337.2916666666667 24.553892845465917 23.10056026121099
337.7916666666667 24.549969582533585 23.097897525866426
338.2916666666667 24.546090017908114 23.095214039841096
338.7916666666667 24.54215646726044 23.092551200818946
339.2916666666667 24.53825225900333 23.089882579187847
339.7916666666667 24.53435911384862 23.08723049695724
340.2916666666667 24.530474634153595 23.08456462315043
340.7916666666667 24.52658393873143 23.081914394408773
341.2916666666667 24.522718999762642 23.079269199455208
341.7916666666667 24.518832200341507 23.076623594658972
342.2916666666667 24.51498697854091 23.073987851139233
342.7916666666667 24.51111622910205 23.07134981836868
343.2916666666667 24.507277862885207 23.068723675788625
343.7916666666667 24.503432684176705 23.06609403966018
344.2916666666667 24.49958844897281 23.063474391976577
344.7916666666667 24.49574429456451 23.060847267968654
345.2916666666667 24.491905958680963 23.058247560861986
345.7916666666667 24.48807516410173 23.05562089108556
346.2916666666667 24.484274429545557 23.05301586670652
346.7916666666667 24.480464192000724 23.050420678398172
347.2916666666667 24.476650157279032 23.047813454489777
347.7916666666667 24.472853460598223 23.045213144287942
348.2916666666667 24.469066063554664 23.04262589356147
348.7916666666667 24.46527609718537 23.04002739054537
349.2916666666667 24.46148735067785 23.037450721500477
349.7916666666667 24.457697821828404 23.034875695060073
350.2916666666667 24.453931316382437 23.03229761487629
350.7916666666667 24.450160286360592 23.029724445918134
351.2916666666667 24.44641826425829 23.02714821939081
351.7916666666667 24.442655700758667 23.024577097747905
352.2916666666667 24.438904311508377 23.02202811947556
352.7916666666667 24.435153307182315 23.01946808749461
353.2916666666667 24.431409213377652 23.016909659246902
353.7916666666667 24.427689518382557 23.014351361481307
354.2916666666667 24.423956322231657 23.011808339526105
354.7916666666667 24.42021900949563 23.009263691557443
355.2916666666667 24.416505606383517 23.006708613568545
355.7916666666667 24.412789369080116 23.004181918940002
356.2916666666667 24.409088485425947 23.001653190415915
356.7916666666667 24.405387222428207 22.99911046865859
357.2916666666667 24.401694067203813 22.996578671480954
357.7916666666667 24.39799717139717 22.994053158110415
358.2916666666667 24.39431293197076 22.991535875080103
358.7916666666667 24.390623441709906 22.989013421342726
359.2916666666667 24.386941738553833 22.986500079341553
359.7916666666667 24.383275215786494 22.983985041224262
360.2916666666667 24.379604737287917 22.98148523830775
360.7916666666667 24.375940581236687 22.978976901951246
361.29166666666663 24.372273416663525 22.97647630031161
361.7916666666667 24.36861856568134 22.973972331026346
362.2916666666667 24.364962371529124 22.971466199950278
362.79166666666663 24.361297120106805 22.968966543168857
363.2916666666667 24.357600395594346 22.96646660008154
363.7916666666667 24.353946641050612 22.963960634341664
364.29166666666663 24.35023329854968 22.961458449746726
364.7916666666667 24.34656080570339 22.9589595424341
365.2916666666667 24.342871318049788 22.956454570121373
365.79166666666663 24.339184231519067 22.953950189533323
366.2916666666667 24.335492168447864 22.951456111829476
366.7916666666667 24.33177144249416 22.948954467027598
367.29166666666663 24.328091422895316 22.9464553996136
367.7916666666667 24.32438890814286 22.94395518264928
368.2916666666667 24.320687297843797 22.941457756059545
368.79166666666663 24.31697686376161 22.93896003276075
369.2916666666667 24.31328923890876 22.93646938926353
369.7916666666667 24.30960432641822 22.933981519278568
370.29166666666663 24.305915496670714 22.931499044880628
370.7916666666667 24.302208127878096 22.92900581731381
371.2916666666667 24.298528574802507 22.926516264253884
371.79166666666663 24.294850359427187 22.924047967931784
372.2916666666667 24.291152049962143 22.92156646977736
372.7916666666667 24.287503060498324 22.919100343835975
373.29166666666663 24.28381305898523 22.916624887113226
373.7916666666667 24.2801628561978 22.91416012434455
374.2916666666667 24.27650884003416 22.911679483626717
374.79166666666663 24.2728468393029 22.909228863406792
375.2916666666667 24.269209752657048 22.90677037974707
375.7916666666667 24.265569723644774 22.90432424472435
376.29166666666663 24.261962597629257 22.901876508410474
376.7916666666667 24.25831947810194 22.89942940517923
377.2916666666667 24.254705991393173 22.896981916881384
377.79166666666663 24.25110964807795 22.89454615289386
378.2916666666667 24.24750903952839 22.89211965862853
378.7916666666667 24.243920748365593 22.88968942382667
379.29166666666663 24.240349477937745 22.887269259441283
379.7916666666667 24.23679308547864 22.884850374711444
380.2916666666667 24.233249550769983 22.88244044236487
380.79166666666663 24.22970332406884 22.880033740720588
381.2916666666667 24.226168063039417 22.877629660817686
381.7916666666667 24.222649421829132 22.875235766548897
382.29166666666663 24.219134392451807 22.87283839325167
382.7916666666667 24.215643909225108 22.870467691050266
383.2916666666667 24.212169050026358 22.868085325704367
383.79166666666663 24.208703082999886 22.865711092691207
384.2916666666667 24.205244945405553 22.86335708886222
384.7916666666667 24.20179481222666 22.860995309581984
385.29166666666663 24.198376984991956 22.85864250043071
385.7916666666667 24.194964910568338 22.85628890518086
386.2916666666667 24.191595915355588 22.853951477492302
386.79166666666663 24.18821219090701 22.851613209781114
387.2916666666667 24.184858339806322 22.84929507063326
387.7916666666667 24.18151060046735 22.846979009103386
388.29166666666663 24.178177109966615 22.84465769710252
388.7916666666667 24.174855149054174 22.84234610862784
389.2916666666667 24.171556247179147 22.84006455439029
389.79166666666663 24.168296790036244 22.837763693278212
390.2916666666667 24.16501285384311 22.835484493164863
390.7916666666667 24.16177556684662 22.83321574581151
391.29166666666663 24.15853982634989 22.830951075205125
391.7916666666667 24.155348930959462 22.828685211560703
392.2916666666667 24.15214217360896 22.826435677181077
392.79166666666663 24.148972366302427 22.824193137503205
393.2916666666667 24.14581899676303 22.821961732498075
393.7916666666667 24.142683084239543 22.819730340530164
394.29166666666663 24.13959657814006 22.817520593183744
394.7916666666667 24.136487609950287 22.81531693030889
395.2916666666667 24.133413984689653 22.813115921206432
395.79166666666663 24.130377243488685 22.81092644602517
396.2916666666667 24.127340293109057 22.80873985544249
396.7916666666667 24.124321201847607 22.80656378635856
397.29166666666663 24.121349856705095 22.80440791078639
397.7916666666667 24.1183745915965 22.80225563737542
398.2916666666667 24.11544163784267 22.800101779887857
398.79166666666663 24.11251571327089 22.79797014968789
399.2916666666667 24.109587436738764 22.795845519426862
399.7916666666667 24.106683244942197 22.793708087648135
400.29166666666663 24.103791318400106 22.79159431823188
400.7916666666667 24.10088894302484 22.789464669277383
401.2916666666667 24.09799731890242 22.787353231675084
401.79166666666663 24.095126719434464 22.785242020474882
402.2916666666667 24.092252240712277 22.7831335175866
402.7916666666667 24.089404479077245 22.78103842944601
403.29166666666663 24.086551705464633 22.77894157191129
403.7916666666667 24.083699166797665 22.77684439194214
404.2916666666667 24.080868450121876 22.774749239046137
404.79166666666663 24.07802468586226 22.772671827359424
405.2916666666667 24.075206688679962 22.770589772532315
405.7916666666667 24.072412986575863 22.768511795968102
406.29166666666663 24.069612906530146 22.76645164365582
406.7916666666667 24.066812457977107 22.764383004129783
407.2916666666667 24.064032647802204 22.76231642197424
407.79166666666663 24.06125299974918 22.76026438528391
408.2916666666667 24.05850165149988 22.758216509806253
408.7916666666667 24.05574946739126 22.756163927301888
409.29166666666663 24.05300778460009 22.754130634865135
409.7916666666667 24.05027039354081 22.75209074338532
410.2916666666667 24.047542669473327 22.750068736194034
410.79166666666663 24.04485336801873 22.74804563808395
411.2916666666667 24.042156699723215 22.746024081644897
411.7916666666667 24.039464809997288 22.74400552750155
412.29166666666663 24.03678146754247 22.741994538776108
412.7916666666667 24.03413689159037 22.73999440013457
413.2916666666667 24.03146841591731 22.737997529135438
413.79166666666663 24.028833768688447 22.736008472511195
414.2916666666667 24.026193840599447 22.734021884407888
414.7916666666667 24.023579995072346 22.732042549065387
415.29166666666663 24.020975775079517 22.73007111872127
415.7916666666667 24.018381922398426 22.728105686268044
416.2916666666667 24.015783196241895 22.72613187507401
416.79166666666663 24.013222255937613 22.724177536511156
417.2916666666667 24.010666546686068 22.72223244298679
417.7916666666667 24.008115559682995 22.72028196329785
418.29166666666663 24.005590814751375 22.718342644709328
418.7916666666667 24.00306042150142 22.71640959901208
419.2916666666667 24.0005457408855 22.71448224881262
419.79166666666663 23.99805654876466 22.71256284824159
420.2916666666667 23.99557413744312 22.710649254014466
420.7916666666667 23.993097518133148 22.708737574841255
421.29166666666663 23.990649001077426 22.70683221928669
421.7916666666667 23.988206333376464 22.70494802547332
422.2916666666667 23.985787032064316 22.703050606682233
422.79166666666663 23.98335678510207 22.701167208240797
423.2916666666667 23.98096595745773 22.699301615933763
423.7916666666667 23.978576854629633 22.69741275578788
424.29166666666663 23.976214843867126 22.695560547981675
424.7916666666667 23.97385288811381 22.69370283365786
425.2916666666667 23.97151085965028 22.69185141929393
425.79166666666663 23.96916666045664 22.69001221340087
426.2916666666667 23.96685010225417 22.688175484864978
426.7916666666667 23.964538766666777 22.686345640822793
427.29166666666663 23.96226256295572 22.684515991031013
427.7916666666667 23.95998860149585 22.682698078975505
428.2916666666667 23.9577414896662 22.680898396273843
428.79166666666663 23.95550876503456 22.679089158188404
429.2916666666667 23.953269568728114 22.677301445457978
429.7916666666667 23.951062965702192 22.675505982639056
430.29166666666663 23.948848628843713 22.673720881202186
430.7916666666667 23.946678521901703 22.671947033512932
431.2916666666667 23.94449801342256 22.670185272856717
431.79166666666663 23.942356642493024 22.668420841537
432.2916666666667 23.94022649149097 22.66667174969353
432.7916666666667 23.938093462587737 22.664922459856292
433.29166666666663 23.936000811288526 22.663187297764953
433.7916666666667 23.933908464889452 22.661459685554743
434.2916666666667 23.931850013567132 22.65973238501795
434.79166666666663 23.929776266044716 22.658015202691022
435.2916666666667 23.927749460976706 22.656304683021876
435.7916666666667 23.92571366170465 22.654604687751974
436.29166666666663 23.923708248276764 22.652910864739585
436.7916666666667 23.92171587934363 22.65121873171825
