FastTrWP/PhaseSpace/IAs/snIa_0.4_20_-1_0.0.csv
# %ECSV 0.9
# ---
# datatype:
# - {name: time-rel, datatype: float64}
# - {name: g, datatype: float64}
# - {name: i, datatype: float64}
# schema: astropy-2.0
time-rel g i
[from data line 2774]
1370.2083333333333 -23.63918352075364 -26.210918813430965
1370.7083333333333 -23.638234963035146 -26.209928589353556
1371.2083333333333 -23.637320784008622 -26.208923916179426
1371.7083333333333 -23.636377472091745 -26.20791557931114
1372.2083333333333 -23.635473674446228 -26.206918535616623
1372.7083333333333 -23.634539106756698 -26.205910571386507
1373.2083333333333 -23.633618441962238 -26.20491027846559
1373.7083333333333 -23.632698821799544 -26.203915307547714
1374.2083333333333 -23.631742893570387 -26.202909523405204
1374.7083333333333 -23.630852863870487 -26.201906729015914
1375.2083333333333 -23.629939009377182 -26.200891056687485
1375.7083333333333 -23.629022239993077 -26.199894477558004
1376.2083333333333 -23.62809534417426 -26.1988872829027
1376.7083333333333 -23.627169030299697 -26.19787870856069
1377.2083333333333 -23.626250129428268 -26.196875306326714
1377.7083333333333 -23.625385464059157 -26.195867770516436
1378.2083333333333 -23.624490230332754 -26.194858291523712
1378.7083333333333 -23.623553120746664 -26.193853647420205
1379.2083333333333 -23.622641275140666 -26.192839041602042
1379.7083333333333 -23.621731392733185 -26.191831013275046
1380.2083333333333 -23.620868950963406 -26.1908303331032
1380.7083333333333 -23.619947407645697 -26.189800508093278
1381.2083333333333 -23.619061098788915 -26.188795173099535
1381.7083333333333 -23.618160793444765 -26.18778376322298
1382.2083333333333 -23.61731762934486 -26.186775003477063
1382.7083333333333 -23.6164168286092 -26.18576804596732
1383.2083333333333 -23.615509825736783 -26.184744868161552
1383.7083333333333 -23.61465150782756 -26.18373713705666
1384.2083333333333 -23.61374621264622 -26.182729584455178
1384.7083333333333 -23.612877471170243 -26.18170962819911
1385.2083333333333 -23.612013788354567 -26.18068031038318
1385.7083333333333 -23.611124002149353 -26.179686027817205
1386.2083333333333 -23.610216840640234 -26.178656165339017
1386.7083333333333 -23.609343271917744 -26.177633716941497
1387.2083333333333 -23.608458165637774 -26.176610615400612
1387.7083333333333 -23.607612567786987 -26.17560679649135
1388.2083333333333 -23.606731170321524 -26.17458273872211
1388.7083333333333 -23.605872954508314 -26.17356211173481
1389.2083333333333 -23.60501710917202 -26.172538418154687
1389.7083333333333 -23.604190725414345 -26.171525304711377
1390.2083333333333 -23.603337702050506 -26.170510639484252
1390.7083333333333 -23.602456225882804 -26.169485871367677
1391.2083333333333 -23.601579614148545 -26.168470121407175
1391.7083333333333 -23.6006869170979 -26.16743779854832
1392.2083333333333 -23.599893063693575 -26.166412751385764
1392.7083333333333 -23.599035961027887 -26.165395044670944
1393.2083333333333 -23.598209519704703 -26.164388874805763
1393.7083333333333 -23.597341535368596 -26.16333939732252
1394.2083333333333 -23.596475022625828 -26.16231671776027
1394.7083333333333 -23.59563112671061 -26.161284576871495
1395.2083333333333 -23.594808749359043 -26.160266245496842
1395.7083333333333 -23.59394177423903 -26.159231299224007
1396.2083333333333 -23.593092153042768 -26.158206479823065
1396.7083333333333 -23.59226592366737 -26.15718552349754
1397.2083333333333 -23.591439415491017 -26.156151112650004
1397.7083333333333 -23.590621824730604 -26.15512143096408
1398.2083333333333 -23.589783632198213 -26.15408306870978
1398.7083333333333 -23.588938316306496 -26.153065564227013
1399.2083333333333 -23.588058989842523 -26.152034543945845
1399.7083333333333 -23.58722386340746 -26.15099295607415
1400.2083333333333 -23.58644202835721 -26.149967920755977
1400.7083333333333 -23.585603841605554 -26.148934446294085
1401.2083333333333 -23.584758073444164 -26.147893322353628
1401.7083333333333 -23.583945319368876 -26.14686426047639
1402.2083333333333 -23.583116322550634 -26.145832746952156
1402.7083333333333 -23.582294431521376 -26.144790717639598
1403.2083333333333 -23.58148501206337 -26.143750869153465
1403.7083333333333 -23.58064308019868 -26.14271354057116
1404.2083333333333 -23.579857529422604 -26.14168569165446
1404.7083333333333 -23.579035360070705 -26.140643625249428
1405.2083333333333 -23.57821720210454 -26.139603828644667
1405.7083333333333 -23.577400724398935 -26.13856308237727
1406.2083333333333 -23.576554453004682 -26.137517089306993
1406.7083333333333 -23.575794794161492 -26.136489370002884
1407.2083333333333 -23.574971619928778 -26.135439763129465
1407.7083333333333 -23.574167618458723 -26.134402087403018
1408.2083333333333 -23.573361467018472 -26.133363764975567
1408.7083333333333 -23.572549139362046 -26.132318470665492
1409.2083333333333 -23.57179854008052 -26.131277884825117
1409.7083333333333 -23.570981014263896 -26.130231491826116
1410.2083333333333 -23.57014130434392 -26.129185590237945
1410.7083333333333 -23.569387919977387 -26.128144602295194
1411.2083333333333 -23.568582619635055 -26.127096493084974
1411.7083333333333 -23.567803520573705 -26.126058772396767
1412.2083333333333 -23.56696168926947 -26.124999011371763
1412.7083333333333 -23.56622872080869 -26.123955880870522
1413.2083333333333 -23.565433858396556 -26.122903419408807
1413.7083333333333 -23.564662103047382 -26.12186714221629
1414.2083333333333 -23.563846900737953 -26.120818956373824
1414.7083333333333 -23.56307346779339 -26.1197639129784
1415.2083333333333 -23.56230123361644 -26.118705453837883
1415.7083333333333 -23.56153809645294 -26.117652003939344
1416.2083333333333 -23.560789219504045 -26.11661601784371
1416.7083333333333 -23.56001622867521 -26.1155643463115
1417.2083333333333 -23.559189829059456 -26.114521550168256
1417.7083333333333 -23.55846692104491 -26.11344260662383
1418.2083333333333 -23.557664250048347 -26.112397940129718
1418.7083333333333 -23.55693497503733 -26.111343104903234
1419.2083333333333 -23.556151309062532 -26.110291816468457
1419.7083333333333 -23.555402516128897 -26.109233734526867
1420.2083333333333 -23.554646529727307 -26.10818995292493
1420.7083333333333 -23.553897864740783 -26.10712183672732
1421.2083333333333 -23.55314812417346 -26.106064386169344
1421.7083333333333 -23.55238821535995 -26.10501598252271
1422.2083333333333 -23.551592039711338 -26.10394747781973
1422.7083333333333 -23.550878957808653 -26.10288338924064
