FastTrWP/PhaseSpace/IAs/snIa_0.6_30_1_0.1.csv
# %ECSV 0.9
# ---
# datatype:
# - {name: time-rel, datatype: float64}
# - {name: g, datatype: float64}
# - {name: i, datatype: float64}
# schema: astropy-2.0
time-rel g i
[from data line 329]
140.6875 -23.70419971204501 -25.672622489547013
141.1875 -23.71111599611576 -25.679462810424518
141.6875 -23.718079879302874 -25.686264404853215
142.1875 -23.724956270503988 -25.69302305339142
142.6875 -23.73182397160409 -25.699798963120486
143.1875 -23.73869367657914 -25.70653131123906
143.6875 -23.745498690824924 -25.71322697565671
144.1875 -23.752292795779045 -25.719917224764668
144.6875 -23.759085366302344 -25.726570652931578
145.1875 -23.76580920065728 -25.733234961689636
145.6875 -23.772562616142995 -25.739817593157635
146.1875 -23.779226559258465 -25.74642630334541
146.6875 -23.785917246463075 -25.752983056802194
147.1875 -23.79253422472365 -25.759521372711234
147.6875 -23.79916993306944 -25.766051562726528
148.1875 -23.80579094164531 -25.772532779202052
148.6875 -23.81234799840567 -25.779012347888
149.1875 -23.818859747177243 -25.78544213850091
149.6875 -23.825389242801226 -25.791872508627137
150.1875 -23.831918860765185 -25.798274810648117
150.6875 -23.838357921104244 -25.80461000410655
151.1875 -23.844838223651518 -25.810963552784965
151.6875 -23.851224937719714 -25.817288909332827
152.1875 -23.85761217197303 -25.82358461863713
152.6875 -23.864022668093053 -25.829863166059177
153.1875 -23.87034893315569 -25.836096613864616
153.6875 -23.876672724002873 -25.842330370016562
154.1875 -23.882975254435937 -25.848530902203933
154.6875 -23.88926289444743 -25.85469189767658
155.1875 -23.895502528202567 -25.860860361337053
155.6875 -23.901714941495015 -25.866983311663546
156.1875 -23.90795485709612 -25.873082012013104
156.6875 -23.914128457788767 -25.87916712846637
157.1875 -23.920229869174356 -25.885226228414556
157.6875 -23.926368014895786 -25.89124970077315
158.1875 -23.932496711657407 -25.897274073433508
158.6875 -23.93853434833818 -25.903254795772774
159.1875 -23.9445945722213 -25.909210967947047
159.6875 -23.950648550331707 -25.915175640007053
160.1875 -23.956654799238926 -25.921129053074576
160.6875 -23.962651236836273 -25.92706211110286
161.1875 -23.96865014805436 -25.93298421360807
161.6875 -23.974588924579514 -25.938891816085473
162.1875 -23.980572102648715 -25.944792524413394
162.6875 -23.986533112731966 -25.950670189157023
163.1875 -23.99240974910491 -25.956532304684256
163.6875 -23.998282428609564 -25.962401971338785
164.1875 -24.00419554017631 -25.968226381344213
164.6875 -24.010004677975406 -25.97406482420662
165.1875 -24.0158790207477 -25.979868377773762
165.6875 -24.021708657476594 -25.985670166523892
166.1875 -24.027551700033072 -25.991457778560733
166.6875 -24.033303741670657 -25.997222392131086
167.1875 -24.039115569987498 -26.002960137341177
167.6875 -24.044864124784926 -26.008714030128395
168.1875 -24.050575397083325 -26.014427517177676
168.68749999999997 -24.05630562463707 -26.02012626614465
169.1875 -24.062012220204792 -26.025825381357024
169.6875 -24.067663027460895 -26.031487272565883
170.18749999999997 -24.07337812449149 -26.037137460876572
170.6875 -24.07901798890158 -26.042783453165825
171.1875 -24.084694586820333 -26.04840979914631
171.68749999999997 -24.09026073734674 -26.054026806542797
172.1875 -24.095880462733934 -26.059596547997902
172.6875 -24.101440503063007 -26.06516650815523
173.18749999999997 -24.107029141957867 -26.070722961312825
173.6875 -24.112556713676973 -26.076254366380496
174.1875 -24.118091858869303 -26.081777330835788
174.68749999999997 -24.12365685648018 -26.08727176468981
175.1875 -24.129121885007706 -26.092765772285922
175.6875 -24.134641165065617 -26.098221760667286
176.18749999999997 -24.1400865862082 -26.103652142278516
176.6875 -24.145568811795457 -26.10907230308058
177.1875 -24.150973432856823 -26.11449251794872
177.68749999999997 -24.156386734437085 -26.119890997070097
178.1875 -24.161804473101753 -26.125248655864194
178.6875 -24.167207763724086 -26.130602672919515
179.18749999999997 -24.17257625160066 -26.135930226863966
179.6875 -24.177936794441607 -26.141240276239095
180.1875 -24.183250523454216 -26.14653492731581
180.68749999999997 -24.188589235738363 -26.15181585794255
181.1875 -24.193896689289005 -26.157076942717786
181.6875 -24.199170092984733 -26.162307295579712
182.18749999999997 -24.204447988977837 -26.167517377492572
182.6875 -24.209730623052987 -26.172725716641366
183.1875 -24.21495878260011 -26.177892549239665
183.68749999999997 -24.220191681326178 -26.183053244808818
184.1875 -24.225443923504532 -26.188200602636122
184.6875 -24.23062326410985 -26.193318788089584
185.18749999999997 -24.23582160496839 -26.198409194963702
185.6875 -24.240958294216114 -26.20348319781092
186.1875 -24.246097246812926 -26.208549458412968
186.68749999999997 -24.25126415742784 -26.213568619838025
187.1875 -24.256352386326988 -26.218592809818464
187.6875 -24.261476311820953 -26.22360717275204
188.18749999999997 -24.266557195149176 -26.22856510774742
188.6875 -24.271642115532824 -26.233521535660703
189.1875 -24.276708658267843 -26.238461756025913
189.68749999999997 -24.281747732268165 -26.24337751809906
190.1875 -24.286801846797403 -26.24826733654703
190.6875 -24.291812879853715 -26.253129342368183
191.18749999999997 -24.296809420182175 -26.257991212786752
191.6875 -24.301808147352485 -26.2628290984161
192.1875 -24.306743410791604 -26.26763709441201
192.68749999999997 -24.31171066847321 -26.272427552526704
193.1875 -24.316676083491902 -26.27720049125798
193.6875 -24.32160343259865 -26.281950617829626
194.18749999999997 -24.326492205598512 -26.28667023645498
194.6875 -24.331391386433417 -26.29138066210386
195.1875 -24.336275645976443 -26.296063725418524
195.68749999999997 -24.34113025523517 -26.30072613984637
196.1875 -24.34600500583582 -26.305371595080874
196.6875 -24.350820044805825 -26.309988356378625
197.18749999999997 -24.35563253267285 -26.314602477345698
197.6875 -24.360468187111287 -26.31917673962662
198.1875 -24.365275679255 -26.323771905291437
198.68749999999997 -24.3700555209849 -26.32833653954489
199.1875 -24.374826354481556 -26.332893824017273
199.6875 -24.379575554364443 -26.33743779833349
200.18749999999997 -24.384358859923726 -26.341980747233677
200.6875 -24.389084636637747 -26.346494914521
201.1875 -24.393782674931607 -26.350998574879366
201.68749999999997 -24.398492624106463 -26.355504867391005
202.1875 -24.403181796661602 -26.359993860059674
202.6875 -24.407886980931863 -26.364463617334458
203.18749999999997 -24.412575963608635 -26.36894161452668
203.6875 -24.417237172385754 -26.37337537320081
204.1875 -24.42186800816677 -26.37782891804891
204.68749999999997 -24.426537059790423 -26.382254133374655
205.1875 -24.431138484826423 -26.386668834081945
205.6875 -24.43577903758872 -26.391072129166048
206.18749999999997 -24.440314545244824 -26.39546093331276
206.6875 -24.44493170466416 -26.399838964543676
207.1875 -24.449505699828965 -26.404199250025144
207.68749999999997 -24.45408277505983 -26.40855730554086
208.1875 -24.45862044540524 -26.41287966424605
208.6875 -24.46316727422374 -26.417225078977307
209.18749999999997 -24.46772463264886 -26.421530689272767
209.6875 -24.472237001911363 -26.42583348846788
210.1875 -24.476741609885618 -26.430122412239534
210.68749999999997 -24.481233729832166 -26.434376534325278
211.1875 -24.485717457878277 -26.438636087503337
211.6875 -24.49019110232511 -26.442875433232793
212.18749999999997 -24.494670201377282 -26.447113748803652
212.6875 -24.499133658225254 -26.451324948661362
213.1875 -24.503536355868036 -26.45553372585283
213.68749999999997 -24.50800471498065 -26.459719530474317
214.1875 -24.512400013642104 -26.46389487085349
214.6875 -24.5167814362665 -26.468047919440956
215.18749999999997 -24.521219347238322 -26.47218804529465
215.6875 -24.525644755141368 -26.476316311803533
216.1875 -24.529992044889056 -26.48044577456078
216.68749999999997 -24.5343606966512 -26.484540139989974
217.1875 -24.538704938466232 -26.488632866608363
217.6875 -24.543030487546773 -26.49270052092545
218.18749999999997 -24.54739901555616 -26.496759529655392
218.6875 -24.551717042286526 -26.500799835985184
219.1875 -24.556031092072207 -26.504833025515012
219.68749999999997 -24.560334509595833 -26.50884413286648
220.1875 -24.56462711113275 -26.512843200257954
220.6875 -24.568899089022178 -26.516838323107343
221.18749999999997 -24.573177052044862 -26.52078916569607
221.6875 -24.57747375193353 -26.524743860664273
222.1875 -24.581733687184805 -26.52868994416524
222.68749999999997 -24.58599167369141 -26.532621720787862
223.1875 -24.590221922855747 -26.536523904840628
223.6875 -24.59443846046693 -26.540416137497672
224.18749999999997 -24.59864993562746 -26.54428542042698
224.6875 -24.602845996340346 -26.54814943093266
225.1875 -24.607058252134976 -26.552000534068277
225.68749999999997 -24.611232476177875 -26.55582757134306
226.1875 -24.61545408258663 -26.5596437357198
226.6875 -24.61958944110121 -26.563452202547765
227.18749999999997 -24.623758493478253 -26.567221289912112
227.6875 -24.62790136239645 -26.57099934047477
228.1875 -24.632049163864377 -26.57474095547929
228.68749999999997 -24.63619412555422 -26.578496427345407
229.1875 -24.640312377112437 -26.582197344349368
229.6875 -24.644434347657192 -26.585915021109777
230.18749999999997 -24.64854910367649 -26.589602494612702
230.6875 -24.65263587268733 -26.5932711731758
231.1875 -24.65670633754453 -26.59693415245943
231.68749999999997 -24.660800231210697 -26.60057571065157
232.1875 -24.66485048092703 -26.604198762577095
232.6875 -24.668915250680847 -26.607813679795747
233.1875 -24.672969651360948 -26.611397857714802
233.6875 -24.677015577827717 -26.61498295432783
234.1875 -24.68104956802965 -26.618551054878093
234.6875 -24.685068412788517 -26.622092870668382
235.1875 -24.689100123368682 -26.625615051705292
235.6875 -24.693117373929052 -26.629128935144863
236.1875 -24.697111797582714 -26.63262665070834
236.6875 -24.70109254199594 -26.636117753704738
237.1875 -24.705084605537774 -26.639595307406356
237.6875 -24.70903179597557 -26.643060317041627
238.1875 -24.71302921352738 -26.64649768700105
238.6875 -24.71698412636165 -26.649938345937834
239.1875 -24.720929982050293 -26.653356129253766
239.6875 -24.724846663861392 -26.65676852786317
240.1875 -24.72877336698628 -26.66017808445619
240.6875 -24.73273475008812 -26.663559558008817
241.1875 -24.73661225971593 -26.66693600654331
241.6875 -24.740543549199145 -26.670295563227626
242.1875 -24.744412394562453 -26.673646737842745
242.6875 -24.74829752370922 -26.67697722783617
243.1875 -24.752190082130333 -26.68030470853818
243.6875 -24.7560492687902 -26.683620520141087
244.1875 -24.75990968692261 -26.686925331552924
244.6875 -24.763782569159204 -26.690223608802086
245.1875 -24.76762670764966 -26.693508338381125
245.6875 -24.771462375239675 -26.696772513835096
246.1875 -24.775305827315172 -26.700036034467708
246.6875 -24.779118181663115 -26.703288946315773
247.1875 -24.782923477745868 -26.706527717745487
247.6875 -24.786718255218858 -26.709752829520824
248.1875 -24.790560365588014 -26.71298022965475
248.6875 -24.794328115558834 -26.716175297746183
249.1875 -24.798100801885127 -26.71937617469482
249.6875 -24.801881702840024 -26.7225697353387
250.1875 -24.805632681765807 -26.725740705428727
250.6875 -24.80944253723898 -26.728914669688404
251.1875 -24.813169316420858 -26.732057909800492
251.6875 -24.81692386893051 -26.735204909350987
252.1875 -24.820659442245404 -26.73835256295931
252.6875 -24.8243843475575 -26.741473493941022
253.1875 -24.828109355059084 -26.744589363460364
253.6875 -24.831845541195197 -26.747705309493522
254.1875 -24.835533225247474 -26.750798343291763
254.6875 -24.839244008035344 -26.753897782011936
255.1875 -24.842938072899372 -26.756962077217143
255.6875 -24.84662368581377 -26.76003401011576
256.1875 -24.850313682463096 -26.7630988091334
256.6875 -24.854011298864425 -26.76615069384666
257.1875 -24.85767733864948 -26.769200772066707
257.6875 -24.86134038286763 -26.772232626674032
258.1875 -24.865000338036243 -26.775255873730973
258.6875 -24.868622954530466 -26.7782766917445
259.1875 -24.87229386803907 -26.781273538894673
259.6875 -24.87594276392983 -26.78428420486862
260.1875 -24.879569342845258 -26.787283616180616
260.6875 -24.883181402961313 -26.79026384399212
261.1875 -24.886807896041653 -26.793235970890677
261.6875 -24.890421496851506 -26.796208251617696
262.1875 -24.894017357546502 -26.79915494571538
262.6875 -24.897615804075034 -26.802115385307104
263.1875 -24.901195930152088 -26.805053736678857
263.6875 -24.904788757401654 -26.80799360333847
264.1875 -24.908367766054468 -26.810923882218663
264.6875 -24.911940873373197 -26.813841581817158
265.1875 -24.915504946251303 -26.816745054298803
265.6875 -24.91905233467453 -26.819662339241024
266.1875 -24.922613111181896 -26.822556837394377
266.6875 -24.92618006169153 -26.825448707008285
267.1875 -24.92972964327224 -26.82832900999317
267.6875 -24.933244179577745 -26.831195426497185
268.1875 -24.93678955836542 -26.83406960838632
268.6875 -24.940319546174536 -26.836924906036053
269.1875 -24.943843240457436 -26.839781966114305
269.6875 -24.94736207827451 -26.842621386480474
270.1875 -24.95085217534593 -26.8454533310736
270.6875 -24.954375915369702 -26.848294691488505
271.1875 -24.957853815625334 -26.851121079703248
271.6875 -24.961346469289825 -26.853941221540126
272.1875 -24.964818999439796 -26.85674893714594
272.6875 -24.968336149473323 -26.8595507674363
273.1875 -24.971801175615113 -26.86235530667737
273.6875 -24.97528161138089 -26.865143846039263
274.1875 -24.978742196953267 -26.867917735496306
274.6875 -24.982196808022927 -26.870710281654272
275.1875 -24.985653318924808 -26.873479703657686
275.6875 -24.98911035686863 -26.87623544917457
276.1875 -24.992526964812743 -26.87898720138019
276.6875 -24.995959713629254 -26.88173978239363
277.1875 -24.999396597019444 -26.88447864482403
277.6875 -25.002825503698695 -26.88720636127274
278.1875 -25.00620802134593 -26.889925961131794
278.6875 -25.00964004275836 -26.892653045577845
279.1875 -25.01302681946049 -26.895357790981933
279.6875 -25.016439158813178 -26.898071286177014
280.1875 -25.01982646621078 -26.900757591597532
280.6875 -25.023191084193922 -26.903451534462736
281.1875 -25.026563326170983 -26.90612737609664
281.6875 -25.029973296470438 -26.908795265784804
282.1875 -25.033324115342943 -26.9114755745887
282.6875 -25.036670748370426 -26.914127047426703
283.1875 -25.040042097686563 -26.916780306391885
283.6875 -25.043413689931814 -26.919430313994205
284.1875 -25.046747216129557 -26.92208012188906
284.6875 -25.050069877012827 -26.92470326921443
285.1875 -25.053408346013732 -26.927329169081116
285.6875 -25.056734440836983 -26.92995414594776
286.1875 -25.060037316380935 -26.932566831684053
286.6875 -25.063390987905976 -26.93517272783823
287.1875 -25.066688405140614 -26.937768110096492
287.6875 -25.069989204106527 -26.94036272071306
288.1875 -25.073311882697688 -26.942960099895416
288.6875 -25.07659513780569 -26.945552181173703
289.1875 -25.079899171397987 -26.94812323874789
289.6875 -25.083172896349247 -26.950702520945082
290.1875 -25.086431595131906 -26.953250985110234
290.6875 -25.089728742757874 -26.9558238239375
291.1875 -25.09297556722141 -26.958370279300077
291.6875 -25.096265688161562 -26.960922063218092
292.1875 -25.099525436287664 -26.963455283173356
292.6875 -25.10280058102122 -26.965994311125744
293.1875 -25.106021251411477 -26.9685315131343
293.6875 -25.10927690583353 -26.971050348644972
294.1875 -25.112518733707354 -26.973565943982713
294.6875 -25.11575655398846 -26.976085787032893
295.1875 -25.118996492634594 -26.978598278328096
295.6875 -25.122211854334825 -26.981089701861944
296.1875 -25.125438567655408 -26.98359612517832
296.6875 -25.128668307006045 -26.986092077647797
297.1875 -25.13187603766193 -26.98857707389193
297.6875 -25.13508436516362 -26.991047235677286
298.1875 -25.138273587930247 -26.993526360705047
298.6875 -25.141475401810702 -26.996000922499267
299.1875 -25.144696482737622 -26.998461796361877
299.6875 -25.147879488448623 -27.000920228880837
300.1875 -25.151047273384076 -27.00337174269987
300.6875 -25.154248781473317 -27.00582023193659
301.1875 -25.157438026496422 -27.00827807503512
