FastTrWP/PhaseSpace/IAs/snIa_0.70_30.00_-0.14_-0.01.csv
# %ECSV 0.9
# ---
# datatype:
# - {name: time-rel, datatype: float64}
# - {name: g, datatype: float64}
# - {name: i, datatype: float64}
# schema: astropy-2.0
time-rel g i
[from data line 685]
431.875 24.115157131893138 22.5613505310689
432.375 24.11379789499993 22.55982986198731
432.87499999999994 24.112457512561228 22.55830957024823
433.375 24.111086554692534 22.55680411209882
433.875 24.10976462781527 22.555297248728024
434.37499999999994 24.108453038245656 22.55380165073294
434.875 24.107141059271605 22.552298637365723
435.375 24.105832925557703 22.55080756881108
435.87499999999994 24.104530618775314 22.54932470998719
436.375 24.103243709384646 22.547840696636
436.875 24.101951033239448 22.54636363205574
437.37499999999994 24.10068116319751 22.54489542366024
437.875 24.099416791925062 22.543423936924118
438.375 24.09816079233678 22.541955965356955
438.87499999999994 24.09690744255435 22.54050119012779
439.375 24.095669576444756 22.539046889044677
439.875 24.094441989268752 22.53760015820812
440.37499999999994 24.093223124795383 22.53615027866666
440.875 24.091996261790722 22.534713359192274
441.375 24.090803252256396 22.5332810721139
441.87499999999994 24.089598918355883 22.53184040656206
442.375 24.08841151162587 22.530425487473526
442.875 24.087231166469707 22.52900165166796
443.37499999999994 24.086056792241543 22.527578979088503
443.875 24.08489391150658 22.526178846115542
444.375 24.083727282912704 22.524759305595094
444.87499999999994 24.08258249327298 22.52336236152031
445.375 24.08145560540637 22.521971177704387
445.875 24.08032115132535 22.52057762349187
446.37499999999994 24.07920191545399 22.519175951233784
446.875 24.078085226965356 22.51779727044007
447.375 24.076976436447545 22.516419778977166
447.87499999999994 24.075889852654207 22.515039061891716
448.375 24.074810196543478 22.513669370721598
448.875 24.07372369262168 22.512305998211183
449.37499999999994 24.072657039580335 22.510943737468395
449.875 24.071590098530855 22.509583262392017
450.375 24.070521513948485 22.508233076033125
450.87499999999994 24.069502941734278 22.50688355459609
451.375 24.06844445664598 22.505534698114165
451.875 24.067421165721846 22.50419749916723
452.37499999999994 24.066407582473538 22.50286670801378
452.875 24.065393666915014 22.50153271077291
453.375 24.064395815610272 22.500211556120064
453.87499999999994 24.06340206417662 22.49888906753941
454.375 24.062407135070888 22.49757482749221
454.875 24.06142541022238 22.49625996171993
455.37499999999994 24.060457400047206 22.494951742680986
455.875 24.059472423600855 22.493642116327823
456.375 24.058518624148103 22.49234365761797
456.87499999999994 24.057566605520595 22.491049530189528
457.375 24.05662204738601 22.489750616373364
457.875 24.055683495332474 22.488462153295288
458.37499999999994 24.054752053970944 22.487174196633045
458.875 24.053825309782944 22.485889606119024
459.375 24.052908430447246 22.484616237544014
459.87499999999994 24.05199260527876 22.483333236933976
460.375 24.051087306741756 22.482073406024668
460.875 24.05020545443605 22.480803089095293
461.37499999999994 24.049305710573318 22.47953756831942
461.875 24.048428956094398 22.478280247751723
462.375 24.04755198041289 22.4770315509118
462.87499999999994 24.04667506384522 22.475773014397134
463.375 24.045804234867305 22.474526704392495
463.875 24.04495824433932 22.473282472950707
464.37499999999994 24.044118403821972 22.47204740039981
464.875 24.043275791034155 22.470813053626518
465.375 24.042456662053922 22.469573253970253
465.87499999999994 24.041638502494553 22.4683494729246
466.375 24.040810695250727 22.467127072540375
466.875 24.03999625378517 22.465907352293012
467.37499999999994 24.03918665612446 22.464692907632656
467.875 24.038392444974374 22.463489257449126
468.375 24.037615921948976 22.46227252625919
468.87499999999994 24.03681772766626 22.461070497410745
469.375 24.036071860956962 22.459869333148106
469.875 24.035297575981872 22.45866658137091
470.37499999999994 24.03452432176652 22.457479239359866
470.875 24.03377635530777 22.45629581120841
471.375 24.033035347023585 22.45510950220076
471.87499999999994 24.032306310578754 22.453928707075498
472.375 24.03157590794072 22.45275300947389
472.875 24.03085755751256 22.451575305911113
473.37499999999994 24.030135570755988 22.450410466539275
473.875 24.02943990441747 22.449243560264804
474.375 24.02874368063365 22.448084874112723
474.87499999999994 24.028051999562056 22.44692909302938
475.375 24.027376973958763 22.44577460350586
475.875 24.026706123167713 22.44462847933889
476.37499999999994 24.026028720898225 22.44348309291603
476.875 24.02536354112213 22.442341486205013
477.375 24.02470566012521 22.441199095615772
477.87499999999994 24.024070807768865 22.440072235845506
478.375 24.02342867047981 22.43894435810128
478.875 24.022799496135697 22.437820334219612
479.37499999999994 24.02218156116886 22.43669786370971
479.875 24.021570909546224 22.43557899432105
480.375 24.020963019909857 22.43447257610115
480.87499999999994 24.020364498453223 22.433357577806937
481.375 24.019781773733225 22.432251119169152
481.875 24.019187341734202 22.431156451948482
482.37499999999994 24.0186147527322 22.430055579149638
482.875 24.018039791297777 22.42896981096775
483.375 24.017495070248046 22.427873497228003
483.87499999999994 24.01693277413476 22.42678631584223
484.375 24.016379560582592 22.42571012562784
484.875 24.0158532831857 22.424626757460775
485.37499999999994 24.015325477388778 22.423548724432763
485.875 24.014817635209855 22.42248533262314
486.375 24.014294884976607 22.42141560985974
486.87499999999994 24.0137942369962 22.420355750547664
487.375 24.01330620623364 22.41929845301458
487.875 24.012807624337746 22.418251265414057
488.37499999999994 24.01233839472305 22.417192625276986
488.875 24.01186180925557 22.416143589416258
489.375 24.011393953617688 22.41510570951987
489.875 24.010944286741648 22.41406859292651
490.375 24.01050668139093 22.41303368946052
490.875 24.010063249548303 22.41200748193873
491.375 24.00961973767529 22.410982118353164
491.875 24.00920423953219 22.409957203911922
492.375 24.00880204521517 22.408939738804932
492.875 24.008394965423847 22.40792853282197
493.375 24.00799464091834 22.406918169132272
493.875 24.007605707575117 22.40591250465294
494.375 24.007225226833903 22.404907083655864
494.875 24.006869246829478 22.40390776221629
495.375 24.0065032112161 22.40291189575727
495.875 24.006139653111767 22.401925744312905
496.375 24.005792963842406 22.400940217340555
496.875 24.005467321890475 22.39995366373082
497.375 24.005140353239707 22.398971445323035
497.875 24.004826729106043 22.397994178625567
498.375 24.004505684448937 22.397027554604666
498.875 24.004198964187747 22.396052294843138
499.375 24.00391493453716 22.395089262766884
499.875 24.003618275400292 22.39412611140591
500.375 24.003353091613185 22.393161887370052
500.875 24.003084830387355 22.39221192804518
501.375 24.002820010656436 22.39125831092842
501.875 24.002579007996356 22.39031195667252
502.375 24.002336105017882 22.389366967338006
502.875 24.002081900790376 22.388426590129853
503.375 24.00186668540149 22.38749021922061
503.875 24.00165689237793 22.38655492077738
504.375 24.00143860009888 22.38561976361408
504.875 24.001232103739145 22.384698774464177
505.375 24.00103009768756 22.383779496838123
505.875 24.00083658557589 22.382851575290793
506.375 24.00066595238342 22.38193641491916
506.875 24.000482767140152 22.381028054702718
507.375 24.00032638637694 22.38011947942713
507.875 24.000151813622566 22.379208174525196
508.375 24.0000102671561 22.378310040600986
508.875 23.999858022841384 22.377404094467416
509.375 23.999735803724445 22.376516170223084
509.875 23.99959678479619 22.375619964676517
510.375 23.999470259532394 22.37473347470925
510.875 23.99935669241724 22.37384866711475
511.375 23.999254425552415 22.37296549844973
511.875 23.999149011769816 22.372085609700726
512.375 23.999049914008804 22.37121023923401
512.875 23.998960573470022 22.370338367756673
513.375 23.99887198863675 22.3694710074888
513.875 23.99880005714568 22.368610184489576
514.375 23.998745270171824 22.367745075982665
514.875 23.998673819303594 22.366886991793557
515.375 23.99861602936233 22.366036576691247
515.875 23.998569678931684 22.365183612366582
516.375 23.998519359857156 22.364330710476995
516.875 23.998477305615914 22.363481818219036
517.375 23.998461580926914 22.36263854680309
517.875 23.998425921662772 22.361803803766843
518.375 23.99840723978974 22.36096314398605
518.875 23.99839455592246 22.360136559625573
519.375 23.99838770799351 22.359303823860973
519.875 23.998394366844174 22.358475042211012
520.375 23.99838502735519 22.357654589375933
520.875 23.998403447148483 22.35683617375123
521.375 23.998420098499317 22.356015762660476
521.875 23.99843688381666 22.355209157884453
522.375 23.998475613909154 22.354392168611245
522.875 23.99850195516679 22.353586442631233
523.375 23.99854047638806 22.352786647482695
523.875 23.998593504451478 22.351988062714476
524.375 23.998631178657174 22.351185920255304
524.875 23.99869314415993 22.35038944082302
525.375 23.998749115385564 22.349599330199514
525.875 23.998808400140042 22.348811465031403
526.375 23.99889329347962 22.348021826830262
526.875 23.99897070969025 22.347244417455265
527.375 23.999052626775388 22.34646508541985
527.875 23.999132738530996 22.34568701257333
528.375 23.999214981499016 22.344916016476652
528.875 23.99931955586137 22.344147594977166
529.375 23.999406745278115 22.343376934865763
529.875 23.999533174409123 22.34260805308676
530.375 23.99963653349698 22.341851096953004
530.875 23.999753340351532 22.341104793119072
531.375 23.999870450854086 22.340339148173122
531.875 23.99999844592739 22.339595779229732
532.375 24.00013900126907 22.338840207039897
532.875 24.00026024699471 22.338096174924292
533.375 24.000389994167403 22.337355605638187
533.875 24.00052114170551 22.336616016823776
534.375 24.000684519157577 22.33588044605359
534.875 24.000851257628245 22.335147363007902
535.375 24.000988283611676 22.334413341252613
535.875 24.001165861378023 22.333690124298798
536.375 24.001334117290295 22.332963858381618
536.875 24.001515161383374 22.332248823434494
537.375 24.001717353906113 22.331526567588497
537.875 24.00192167770269 22.330812777677686
538.375 24.002126863760125 22.330104309879523
538.875 24.002362565706164 22.32939439688338
539.375 24.002601475874748 22.328691133067665
539.875 24.002823597687033 22.32799080696153
540.375 24.003072709827386 22.32729375795891
540.875 24.00333133364135 22.326599833981604
541.375 24.003596811109134 22.325914422566523
541.875 24.00387416003897 22.32522273916971
542.375 24.00413352625591 22.324542461681375
542.875 24.004420841622714 22.323854348894244
543.375 24.00470569123401 22.32317799541307
543.875 24.00501234265361 22.322497121390775
544.375 24.005332057792543 22.321829563705332
544.875 24.005635726406055 22.321156626485894
545.375 24.005952769166225 22.320486568885265
545.875 24.006275906953437 22.319827152920404
546.375 24.006613930801954 22.3191646704353
546.875 24.006950281078385 22.318514888401353
547.375 24.007286760052068 22.317849551850063
547.875 24.00764654779991 22.317203953994266
548.375 24.007999601131203 22.31654928666017
548.875 24.008362862220515 22.315906557190395
549.375 24.008722380452138 22.31525727703151
549.875 24.00910122952269 22.314621093419234
550.375 24.00948616688837 22.313985168350353
550.875 24.0098741872281 22.313344863745574
551.375 24.010265648105566 22.312712916212266
551.875 24.010662461701546 22.312087319546883
552.375 24.011046850739305 22.31145942633106
552.875 24.01148070064601 22.31083016280513
553.375 24.01187363994643 22.310216230913767
553.875 24.01229097211616 22.30958945919238
554.375 24.01270012066018 22.308982930377027
554.875 24.013134631157293 22.308363470904986
555.375 24.013556365559605 22.30775309915687
555.875 24.014001479414556 22.307142448978105
556.375 24.014414488369113 22.306537467291786
556.875 24.014860207865546 22.30593503571052
557.375 24.015303575831464 22.305335726057965
557.875 24.015752016783463 22.304739583913893
558.375 24.01618853073306 22.304146536849036
558.875 24.01665379356807 22.303549968074144
559.375 24.017118470680053 22.30295970789655
559.875 24.017547729471968 22.30237128990567
560.375 24.018038284997132 22.301785514859525
560.875 24.018490063917607 22.301200905535403
561.375 24.018965947367477 22.30061742307406
561.875 24.019429342320606 22.300041022252923
562.375 24.019898036474345 22.299467605163557
562.875 24.020375727051103 22.29889157044399
563.375 24.020852397448813 22.298322440219135
563.875 24.021331350904124 22.297756839959774
564.375 24.0218005232159 22.297196520543036
564.875 24.02228205742584 22.296625195867577
565.375 24.022766114792677 22.296064667793175
565.875 24.023252415371932 22.295509322914814
566.375 24.023727642638942 22.294946629854415
566.875 24.024222643650663 22.29439994200152
567.375 24.024714463985326 22.293837438705463
567.875 24.02519950125764 22.29328461684372
568.375 24.025679248884366 22.29274095061838
568.875 24.026159132397105 22.292192115441004
569.375 24.026662856841035 22.29165062021714
569.875 24.02715167393533 22.291110209024684
570.375 24.02765561171332 22.290569028816304
570.875 24.028125928908246 22.290030189247968
571.375 24.028609173312944 22.289498898366894
571.875 24.02912432054519 22.288965344045465
572.375 24.029608870472078 22.288430031457946
572.875 24.030074992018324 22.287904680263058
573.375 24.03057695693304 22.28738332058444
573.875 24.031060754122578 22.286856428526697
574.375 24.031547100371636 22.28633178913585
574.875 24.03202544059694 22.285805786711308
575.375 24.03251409247417 22.285290000525055
575.875 24.03300977589374 22.284772050686943
576.375 24.03349423118195 22.28424663183384
576.875 24.033974921147397 22.28374667050619
577.375 24.034458232302423 22.2832337112097
577.875 24.034961352100197 22.28272696266208
578.375 24.03547072777409 22.282217156255303
578.875 24.035942419025677 22.28172075447113
579.375 24.036461881822806 22.28121133190571
579.875 24.03694950082713 22.280706992197565
580.375 24.037469615262314 22.280216697400817
580.875 24.037980386978685 22.279717045725732
581.375 24.038468888208115 22.27923006282058
581.875 24.038992419278866 22.278732872377706
582.375 24.039521736299854 22.27824237247216
582.875 24.040024412671013 22.277760369865554
583.375 24.040552672907005 22.277271958761823
583.875 24.041078633238833 22.276787280375544
584.375 24.04159405415993 22.276308657769327
584.875 24.04212725452215 22.275837666777196
585.375 24.042659785548555 22.275355542381618
585.875 24.043195930653248 22.274879977593947
586.375 24.043703998793895 22.274408950801174
586.875 24.044264018105693 22.273938468226465
587.375 24.04478726801319 22.27347231925975
587.875 24.04533453414084 22.273005367486988
588.375 24.045877299684605 22.272544479615405
588.875 24.046425273689568 22.272087462735406
589.375 24.04696963966213 22.27162769377066
589.875 24.0475141486824 22.271173523947194
590.375 24.04806760457602 22.270717714885308
590.875 24.048631352528382 22.270260834644535
591.375 24.049201582506562 22.26981612250504
591.875 24.049757614779352 22.26937182807051
592.375 24.050326929298357 22.268928731488522
592.875 24.050888046318924 22.268483350208115
593.375 24.05145928483458 22.268044829811867
593.875 24.05202579005882 22.267603361850448
594.375 24.05259671456861 22.267164885148475
594.875 24.053178873874504 22.26673940386537
595.375 24.05376310024225 22.266303821055683
595.875 24.054336764029287 22.26586985936762
596.375 24.05492160255646 22.265448349677204
596.875 24.05550137146143 22.26501828454756
597.375 24.05610286901321 22.2645972596276
597.875 24.056692934655835 22.26417908722812
598.375 24.05728998180387 22.263767214855086
598.875 24.05788358592651 22.263344437932304
599.375 24.05846714930341 22.262941373106997
599.875 24.05910038255766 22.26252625258208
600.375 24.059680760817102 22.26212078665513
600.875 24.060283313364135 22.261716047697192
601.375 24.060895512767203 22.261311263191978
601.875 24.061513790643595 22.260911655586963
602.375 24.062126261002646 22.260511893695096
602.875 24.06274626853469 22.260120587504243
