FastTrWP/PhaseSpace/IAs/snIa_0.68_30.00_-0.61_0.13.csv
# %ECSV 0.9
# ---
# datatype:
# - {name: time-rel, datatype: float64}
# - {name: g, datatype: float64}
# - {name: i, datatype: float64}
# schema: astropy-2.0
time-rel g i
[from data line 866]
593.4791666666666 24.64840517144701 22.247259027752364
593.9791666666666 24.648899137700223 22.246753311283655
594.4791666666666 24.649458943223536 22.246261412165687
594.9791666666666 24.649976522323755 22.245765599209175
595.4791666666666 24.650489862293536 22.245272285382292
595.9791666666666 24.651028572310683 22.2447754620175
596.4791666666666 24.651561860192885 22.244293303374075
596.9791666666666 24.652087902232633 22.243814561809494
597.4791666666666 24.652616498503697 22.24332936550146
597.9791666666666 24.653169462757162 22.242852067727405
598.4791666666666 24.653710117024037 22.242378216919214
598.9791666666666 24.654249616298735 22.2419023804118
599.4791666666666 24.654818243536646 22.241429462469902
599.9791666666666 24.655353163284225 22.240962627411744
600.4791666666666 24.655915310054198 22.240499827491806
600.9791666666666 24.65646643280992 22.240029115465255
601.4791666666666 24.657026087225304 22.239574905864718
601.9791666666666 24.65757804862184 22.239119190328438
602.4791666666666 24.658146545335406 22.238661089010115
602.9791666666666 24.658721880345734 22.238213512263187
603.4791666666666 24.659297586060145 22.237756886602916
603.9791666666666 24.659844157469287 22.237317457248793
604.4791666666666 24.660445021582937 22.236878658277384
604.9791666666666 24.661008059717453 22.23643495917402
605.4791666666666 24.661607545235444 22.235994797141405
605.9791666666666 24.662169084893186 22.235562553198637
606.4791666666666 24.662769638871296 22.235130691053655
606.9791666666666 24.663375432181795 22.23470193050005
607.4791666666666 24.663945766368837 22.234268985405578
607.9791666666666 24.664530287220387 22.23384721795984
608.4791666666666 24.665148966040057 22.233427534985168
608.9791666666666 24.665750174093453 22.23301514386252
609.4791666666666 24.66636612276144 22.232599619706647
609.9791666666666 24.66695906945756 22.23217965408326
610.4791666666666 24.667573549689294 22.23177534512093
610.9791666666666 24.66818747268554 22.231370393137485
611.4791666666666 24.668790985254823 22.230972814754647
611.9791666666666 24.6694018909524 22.230563644938883
612.4791666666666 24.67004606207031 22.230164493511598
612.9791666666666 24.67066001736978 22.229771323157212
613.4791666666666 24.671280857884238 22.229390378757262
613.9791666666666 24.67191165340475 22.228992217763594
614.4791666666666 24.672560624566767 22.228608706028268
614.9791666666666 24.67318235219562 22.22823194640176
615.4791666666666 24.67382122997052 22.22784802902137
615.9791666666666 24.674488552564476 22.227471538365542
616.4791666666666 24.67510544567698 22.227096677091296
616.9791666666666 24.675748155811874 22.22672877773036
617.4791666666666 24.67641156656076 22.226354163790884
617.9791666666666 24.677056046866724 22.225990449607384
618.4791666666666 24.677707343500618 22.225627585951855
618.9791666666666 24.678364514392545 22.225264457387965
619.4791666666666 24.679032131468887 22.22490414749538
619.9791666666666 24.679724010749574 22.22454925077541
620.4791666666666 24.680352111980227 22.22419908661276
620.9791666666666 24.681029313784997 22.223845085202505
621.4791666666666 24.681718607650716 22.22349999857812
621.9791666666666 24.68239035772286 22.22314946658942
622.4791666666666 24.68307767141048 22.22280599229383
622.9791666666666 24.68373537467949 22.222465443224657
623.4791666666666 24.684420296613347 22.222132085891594
623.9791666666666 24.685128741497625 22.221790439730846
624.4791666666666 24.685810235437195 22.22146233310745
624.9791666666666 24.686527021272052 22.221128538853307
625.4791666666666 24.687207536824435 22.22079875589234
625.9791666666666 24.68791464940827 22.22047349974437
626.4791666666666 24.688613437997063 22.220152285206993
626.9791666666666 24.689326823085587 22.21983557364469
627.4791666666666 24.69002347204954 22.219521145211665
627.9791666666666 24.690730780606437 22.21920071373715
628.4791666666666 24.691450971086844 22.218883959615493
628.9791666666666 24.69217308793461 22.21858461666026
629.4791666666666 24.692900542360775 22.21827596875137
629.9791666666666 24.693614723841158 22.217962068629355
630.4791666666666 24.69434522753588 22.2176656950036
630.9791666666666 24.695086395985047 22.217362100308215
631.4791666666666 24.695791910104216 22.217066726274357
631.9791666666666 24.696528513889696 22.216777457161268
632.4791666666666 24.697287408583367 22.21647564705441
632.9791666666666 24.698019745585576 22.216186069666225
633.4791666666666 24.698749135729127 22.215903174834118
633.9791666666666 24.69951685349548 22.215622005047862
634.4791666666666 24.700263640729617 22.215340981851625
634.9791666666666 24.701023946877395 22.215063556625864
635.4791666666666 24.70177603529265 22.214786562956252
635.9791666666666 24.702536898812664 22.214518986643704
636.4791666666666 24.70329608188051 22.214250204478667
636.9791666666666 24.70406674856935 22.213978167804967
637.4791666666666 24.704842217280813 22.21372081572997
637.9791666666666 24.705607364520187 22.213449132669368
638.4791666666666 24.706404234444438 22.213198188810907
638.9791666666666 24.707188179629206 22.21293901419884
639.4791666666666 24.707957789764375 22.21268374894907
639.9791666666666 24.70873630695032 22.21243365189466
640.4791666666666 24.7095130536021 22.2121807585134
640.9791666666666 24.71033036743325 22.211940014538666
641.4791666666666 24.71112695962112 22.211695336944445
641.9791666666666 24.71191764913766 22.211451868676058
642.4791666666666 24.712713346793763 22.211222193027783
642.9791666666666 24.713515605819044 22.210979690205342
643.4791666666666 24.714330655223623 22.210755994137514
643.9791666666666 24.715144600109582 22.210523086618274
644.4791666666666 24.715963765962098 22.210298920642263
644.9791666666666 24.716773581002116 22.210077389034403
645.4791666666666 24.717594314219067 22.209862191544957
645.9791666666666 24.718421242689214 22.209630788788715
646.4791666666666 24.71924841355746 22.209422864605912
646.9791666666666 24.72007820511206 22.20921061321054
647.4791666666666 24.72089069523278 22.20899879340361
647.9791666666666 24.721754845458193 22.20879743292993
648.4791666666666 24.722610302260456 22.20858699466232
648.9791666666666 24.723457359175576 22.208389311302614
649.4791666666666 24.724285984957184 22.208195672341834
649.9791666666666 24.72513259260368 22.20800301713672
650.4791666666666 24.725998317706065 22.207807381992303
650.9791666666666 24.72687448501102 22.207617742837158
651.4791666666666 24.72772980535851 22.207428197676276
651.9791666666666 24.728578376857904 22.207246022044696
652.4791666666666 24.72945768412282 22.20706483412495
652.9791666666666 24.730310241158655 22.206888498076104
653.4791666666666 24.73119791334439 22.206707544906322
653.9791666666666 24.73206977725894 22.206543297066975
654.4791666666666 24.73295400345601 22.206368312051108
654.9791666666666 24.733827136139908 22.206204567188284
655.4791666666666 24.73472716337107 22.206042693153417
655.9791666666666 24.73561903957432 22.205882968130947
656.4791666666666 24.736506814088628 22.205723053417806
656.9791666666666 24.73740824092784 22.20556555394761
657.4791666666666 24.738326179650624 22.20542383058286
657.9791666666666 24.73923289827756 22.20527123580252
658.4791666666666 24.74013888703663 22.20511976452848
658.9791666666666 24.74105629991374 22.204976229019945
659.4791666666666 24.74198230487438 22.20484348430686
659.9791666666666 24.74288677580035 22.204706602226256
660.4791666666666 24.74382979502726 22.204576519053134
660.9791666666666 24.744745826132757 22.204448692977298
661.4791666666666 24.745689533940585 22.204319232263188
661.9791666666666 24.746613558567038 22.20419817958795
662.4791666666666 24.747557566043454 22.2040797956979
662.9791666666666 24.74851311665514 22.203954795525398
663.4791666666666 24.74946112699152 22.203839904279036
663.9791666666666 24.750427820278507 22.203737091400843
664.4791666666666 24.751377207513634 22.203625171711572
664.9791666666666 24.75234513704676 22.203520887202583
665.4791666666666 24.7533111979949 22.203412924614657
665.9791666666666 24.7542700337657 22.203314271645294
666.4791666666666 24.755265258114708 22.20321992720304
666.9791666666666 24.75625157790724 22.203126293211696
667.4791666666666 24.757221362243953 22.203028993182095
667.9791666666666 24.758209699956954 22.202941672489764
668.4791666666666 24.759211569888002 22.202855827524218
668.9791666666666 24.76020433038144 22.202775367584092
669.4791666666666 24.761199654879466 22.202697293470113
669.9791666666666 24.76219019308822 22.202621342477677
670.4791666666666 24.763196781317195 22.2025391402548
670.9791666666666 24.76418461467874 22.20247447499886
671.4791666666666 24.76521612502602 22.202396992896162
671.9791666666666 24.76625047193427 22.202335898639234
672.4791666666666 24.767243475180848 22.202268308194533
672.9791666666666 24.76826256922294 22.202210252045337
673.4791666666666 24.769289104481715 22.202155091396477
673.9791666666666 24.770328705738848 22.202089831491985
674.4791666666666 24.771368643364738 22.202040699798694
674.9791666666666 24.772406254161584 22.201991066675216
675.4791666666666 24.773445935591628 22.201935274961812
675.9791666666666 24.7744902691297 22.201897856506655
676.4791666666666 24.775523695990067 22.201850741214994
676.9791666666666 24.77657755793758 22.20181169083927
677.4791666666666 24.777640858112125 22.201770288593316
677.9791666666666 24.77870002084118 22.20173472076191
678.4791666666666 24.77976470848263 22.20170402165753
678.9791666666666 24.780815214613405 22.201675841031914
679.4791666666666 24.781897620932874 22.201643651500596
679.9791666666666 24.782954179922747 22.201613358824236
680.4791666666666 24.784030220315756 22.201587540158762
680.9791666666666 24.785129637113364 22.201567064934338
681.4791666666666 24.78621156802014 22.20154421831205
681.9791666666666 24.78728022943109 22.2015324430282
682.4791666666666 24.78837031808927 22.20151461507216
682.9791666666666 24.789440684866374 22.20150152064754
683.4791666666666 24.79055392143472 22.20149572555377
683.9791666666666 24.791648540536077 22.201483061889714
684.4791666666666 24.79274808909542 22.20147571772335
684.9791666666666 24.793857015802224 22.20147455346529
685.4791666666666 24.794964703111614 22.201473739402836
685.9791666666666 24.79607778999913 22.201472846275184
686.4791666666666 24.79718373444806 22.20147270074781
686.9791666666666 24.798306850203176 22.201478496314586
687.4791666666666 24.799433017204457 22.20149032493232
687.9791666666666 24.800521907132314 22.201491129943474
688.4791666666666 24.8016536831472 22.20151122862338
688.9791666666666 24.80278103453713 22.201515697225286
689.4791666666666 24.803935056422773 22.201530565888845
689.9791666666666 24.80504137759556 22.201551829499504
690.4791666666666 24.806190169003237 22.201565452797233
690.9791666666666 24.807323580300444 22.201594035879584
691.4791666666666 24.808473048615237 22.201618838815275
691.9791666666666 24.80960008747237 22.20164478982287
692.4791666666666 24.81076275210433 22.20166814815315
692.9791666666666 24.811899838881473 22.201696386027884
693.4791666666666 24.81305217476582 22.201727247443177
693.9791666666666 24.81423405335516 22.201759785407333
694.4791666666666 24.81537765333944 22.20178921549178
694.9791666666666 24.816516346933177 22.201828517013126
695.4791666666666 24.81770173392533 22.201866679281423
695.9791666666666 24.81887010693622 22.201908416117867
696.4791666666666 24.82001347591023 22.20194865340543
