FastTrWP/PhaseSpace/IAs/snIa_0.33_30.00_-0.16_-0.06.csv
# %ECSV 0.9
# ---
# datatype:
# - {name: time-rel, datatype: float64}
# - {name: g, datatype: float64}
# - {name: i, datatype: float64}
# schema: astropy-2.0
time-rel g i
[from data line 670]
538.8125 22.82236551937877 22.791798069587127
539.3125 22.821386137158317 22.79057133308489
539.8125 22.820410327534468 22.78934933977829
540.3125 22.819446625882456 22.788134280246556
540.8125 22.81848956903389 22.786913961965276
541.3125 22.817539308567927 22.785717137987277
541.8125 22.816606002785793 22.784510149124905
542.3125 22.81567551124634 22.78332210676256
542.8125 22.814751630062325 22.78213216463909
543.3125 22.813839832477534 22.780949811752475
543.8125 22.81293625945556 22.779773845856344
544.3125 22.812029261075196 22.778601499473954
544.8125 22.811150591884356 22.777435828465606
545.3125 22.810257813191093 22.776275000894856
545.8125 22.809386413797927 22.775110204115435
546.3125 22.80851287949953 22.773958897826617
546.8125 22.807655328354258 22.772817149030082
547.3125 22.806810496481248 22.771673574307478
547.8125 22.80596173862993 22.77054379864616
548.3125 22.805122235577954 22.769412509129495
548.8125 22.804300444206312 22.768293570201322
549.3125 22.803475894528482 22.767164730290155
549.8125 22.80265868164911 22.76605049511179
550.3125 22.801847810276804 22.764943508176234
550.8125 22.801057644345335 22.763835835216067
551.3125 22.800270602545936 22.76273520406644
551.8125 22.799482610653662 22.761652021241435
552.3125 22.79870584296826 22.76054481354184
552.8125 22.797929407383037 22.759462756680144
553.3125 22.797172527224504 22.758386378196704
553.8125 22.796409941219167 22.757312849708672
554.3125 22.795667516561366 22.756238972913717
554.8125 22.79492547056924 22.75517397851206
555.3125 22.794185180830198 22.75411280513566
555.8125 22.793454374851237 22.753060461529376
556.3125 22.79274420387969 22.752005314126503
556.8125 22.79203344702961 22.750960417835955
557.3125 22.791318549090196 22.74991187628924
557.8125 22.790617533148072 22.74887721120736
558.3125 22.789920872509597 22.747839035930248
558.8125 22.78924356803945 22.746817549281747
559.3125 22.788551187112105 22.745792255896625
559.8125 22.78788148004592 22.74476707535918
560.3125 22.78721438170002 22.743751283987255
560.8125 22.78655335781961 22.74274360120713
561.3125 22.78590376591739 22.741727587555612
561.8125 22.785251746386134 22.74072889467142
562.3125 22.784611060598323 22.739724977369022
562.8125 22.783981520417043 22.738735515053364
563.3125 22.78334693636648 22.737739165412698
563.8125 22.782719726510162 22.736761481562795
564.3125 22.782109411272945 22.7357778178521
564.8125 22.78148872916361 22.734791227349103
565.3125 22.780888894932446 22.733818256121655
565.8125 22.780285379608305 22.732852256661182
566.3125 22.779704545076296 22.73187886455513
566.8125 22.779116966714355 22.73091556830813
567.3125 22.778548802261092 22.729968184953208
567.8125 22.777977626331666 22.729015359950345
568.3125 22.777426020068695 22.72807745222744
568.8125 22.77687611146711 22.727136219175442
569.3125 22.776330274164675 22.72620681233597
569.8125 22.775802908798628 22.725269469600732
570.3125 22.775272406826012 22.72436072820474
570.8125 22.774759686900925 22.72343907508923
571.3125 22.774247800159372 22.722524136439752
571.8125 22.77374788519673 22.72161756386497
572.3125 22.77324976001449 22.720718508369405
572.8125 22.772755759276965 22.71980929956196
573.3125 22.77228061260171 22.71892081883611
573.8125 22.771804502621244 22.718035847513654
574.3125 22.771335330275555 22.717146215279715
574.8125 22.770884061339252 22.716264384109213
575.3125 22.770428609063643 22.7153921134246
575.8125 22.769970969016033 22.71451621103214
576.3125 22.769540850215392 22.71364633225967
576.8125 22.769103021640017 22.712785512171706
577.3125 22.7686763162383 22.711921940066453
577.8125 22.768257707095408 22.711061721159666
578.3125 22.767838157548418 22.710219351688213
578.8125 22.767435882379168 22.70937126705942
579.3125 22.76703904135147 22.708523659282022
579.8125 22.766636961547388 22.70768452572394
580.3125 22.766239981715337 22.70685051554696
580.8125 22.76585818474055 22.706018119106698
581.3125 22.765475683376373 22.705186344076346
581.8125 22.765100201210263 22.704358567615888
582.3125 22.764737263652908 22.703535043141834
582.8125 22.764373070200406 22.702722263368944
583.3125 22.76401268958402 22.701906961699805
583.8125 22.763659132996132 22.701091596467574
584.3125 22.763310198319317 22.70028719064156
584.8125 22.762965431763362 22.699473730401266
585.3125 22.762624806420618 22.698675483623532
585.8125 22.762292662138233 22.697878771008316
586.3125 22.761959253271463 22.69708350773721
586.8125 22.761638420047152 22.69629485065728
587.3125 22.761317510920502 22.695504603692143
587.8125 22.761001231849164 22.69471436577628
588.3125 22.76069446031523 22.693932928748836
588.8125 22.760388483396223 22.69314271330761
589.3125 22.760080806793702 22.692361624263818
589.8125 22.75977798869373 22.69159380542402
590.3125 22.75948484424026 22.690812171642378
590.8125 22.759192183538467 22.690038927315506
591.3125 22.758900273016756 22.68926985206314
591.8125 22.758635563931747 22.68850968631497
592.3125 22.758341273573144 22.68774671272491
592.8125 22.758063189214685 22.686978795458387
593.3125 22.757788191869235 22.686224685461774
593.8125 22.75751740691245 22.685458426846278
594.3125 22.757247683867416 22.684706037255854
594.8125 22.756991598956844 22.683953871721005
595.3125 22.756725203543546 22.68319087808208
595.8125 22.756471136737524 22.68244756794492
596.3125 22.756213362780343 22.681704220586603
596.8125 22.75594957346366 22.680950503305915
597.3125 22.755707926367535 22.680211080918305
597.8125 22.755460128053056 22.679467379314268
598.3125 22.755219698720293 22.67872296443553
598.8125 22.754973472234354 22.677993228110374
599.3125 22.75473866187501 22.677249758779908
599.8125 22.754506271429054 22.676523396622844
600.3125 22.754282025363764 22.675784591552727
600.8125 22.754061126950038 22.675062140921174
601.3125 22.753838296491736 22.67433410380663
601.8125 22.753624254302043 22.67360808232509
602.3125 22.75342148304478 22.672896801498442
602.8125 22.75321372392568 22.672172821246228
603.3125 22.75300775000582 22.671462247320328
603.8125 22.752811702884955 22.670743204136635
604.3125 22.752618853669496 22.67003766024597
604.8125 22.75242780304271 22.66933423634851
605.3125 22.752238977187083 22.668626359631503
605.8125 22.752062745253593 22.6679215659594
606.3125 22.751882923243144 22.6672188387861
606.8125 22.751717558486867 22.666528059136482
607.3125 22.751553148224744 22.66583635915174
607.8125 22.751372288271583 22.665142225810047
608.3125 22.75122589896753 22.66445739423208
608.8125 22.751068698682765 22.66376480612825
609.3125 22.75091632909686 22.663085095375042
609.8125 22.750776670626387 22.662404920775558
610.3125 22.750626219817256 22.6617265203749
610.8125 22.750491584503216 22.66105420531053
611.3125 22.750363765485847 22.660381720436533
611.8125 22.75022673379032 22.659712750718086
612.3125 22.750105136221215 22.659051384439056
612.8125 22.749980076107036 22.65838101705978
613.3125 22.74987399883326 22.657718002443403
613.8125 22.74976307566717 22.65706032490798
614.3125 22.749655252135273 22.656407955195874
614.8125 22.749555725197407 22.655751848439234
615.3125 22.749463479435562 22.655101015387235
615.8125 22.749363936475483 22.654456648638188
616.3125 22.749279708894555 22.653812092931922
616.8125 22.749200116728076 22.6531664196916
617.3125 22.749113823855673 22.652524881850407
617.8125 22.74905149143236 22.651893737044904
618.3125 22.748968437496565 22.65125846313925
618.8125 22.748906156718892 22.650631671959246
619.3125 22.748845532461182 22.64999736943136
619.8125 22.748799455183367 22.64938416247866
620.3125 22.74874843849174 22.648765728492744
620.8125 22.74869523091716 22.648134639810674
621.3125 22.748655084496605 22.64752533854846
621.8125 22.748629944881444 22.646911892893385
622.3125 22.748600643359424 22.646298747741685
622.8125 22.74857167210943 22.645696347786078
623.3125 22.748543518413207 22.645088717980613
623.8125 22.748528539130103 22.64448777316996
624.3125 22.74852100176004 22.64389195927634
624.8125 22.748517138653312 22.64329957270497
625.3125 22.74851423164247 22.642701414626956
625.8125 22.748518183060998 22.642121185251483
626.3125 22.748527316353776 22.641526270914248
626.8125 22.748539919731915 22.640944210164978
627.3125 22.748561333279333 22.640365341015546
627.8125 22.74858600392625 22.63978496182732
628.3125 22.748609967883905 22.63921241604247
628.8125 22.748650816205682 22.63864386658781
629.3125 22.7486910353482 22.6380771910894
629.8125 22.74873158651936 22.63750815852079
630.3125 22.748771084517088 22.636949732856028
630.8125 22.748827449710404 22.636395693847945
631.3125 22.74888382908284 22.635830344504097
631.8125 22.748941224861625 22.63528475264352
632.3125 22.74901111166305 22.634731649972938
632.8125 22.74908579745775 22.63417589136294
633.3125 22.749153916387947 22.633627051547982
633.8125 22.749238833313346 22.633090824472823
634.3125 22.74932498070331 22.63253868875914
634.8125 22.749409624730777 22.631999333132363
635.3125 22.749503669488536 22.631466462954776
635.8125 22.749611468374642 22.63093580749143
636.3125 22.74970945355608 22.630400632600683
636.8125 22.749816240815907 22.62986867922261
637.3125 22.74992599746988 22.629351456466956
637.8125 22.75004955978922 22.628822668391653
638.3125 22.75017136219585 22.628301803533475
638.8125 22.750289948089332 22.627793680043506
639.3125 22.750414188591076 22.627278032797022
639.8125 22.750556875882246 22.626757108347093
640.3125 22.75069867683541 22.62625378396617
640.8125 22.75084170564611 22.625743097678495
641.3125 22.750988401726502 22.62523514298504
641.8125 22.75114669914622 22.624736146964896
642.3125 22.75130401610122 22.624234575467604
642.8125 22.75147146864944 22.623745727455965
643.3125 22.75163990408034 22.623244333192535
643.8125 22.75181247914729 22.622755335853316
644.3125 22.75199663825112 22.62227302893518
644.8125 22.75217620988262 22.621784261146487
645.3125 22.7523678777688 22.62131172976147
645.8125 22.75255641479101 22.62082741410606
646.3125 22.752763513633802 22.620349545349754
646.8125 22.752962651285383 22.619867076044414
647.3125 22.75317471962196 22.619403714463907
647.8125 22.753383461054653 22.618937404891554
648.3125 22.753604979049094 22.618468184963216
648.8125 22.75382301581699 22.618004069818127
649.3125 22.75405601307225 22.61754710284442
649.8125 22.754295025773935 22.617084869159378
650.3125 22.75453112044086 22.61662612648957
650.8125 22.75476340186662 22.616183386422854
651.3125 22.755020180843147 22.615734139649106
651.8125 22.755273938767942 22.615288111547734
652.3125 22.755526702438775 22.614851365434944
652.8125 22.755787583394206 22.614406154651356
653.3125 22.756059365394226 22.6139729072789
653.8125 22.756329513885586 22.613539880327696
654.3125 22.756609445429522 22.61310490544442
654.8125 22.756893573195075 22.612678004996102
655.3125 22.757185886312755 22.612254619419907
655.8125 22.75748027463014 22.61183131294457
656.3125 22.75777531666183 22.611415152794994
656.8125 22.7580734100621 22.610994457386532
657.3125 22.75839508854537 22.610592916096156
657.8125 22.75871071152197 22.610171004922933
658.3125 22.75902501095053 22.609765742649117
658.8125 22.75935754053787 22.609357024523405
659.3125 22.759684557890512 22.60896334203583
659.8125 22.760017465006136 22.608559037614008
660.3125 22.760366853108806 22.60816985785847
660.8125 22.760715402888863 22.607779314864104
661.3125 22.761060496812565 22.607386606393444
661.8125 22.761417090554037 22.607000321882058
662.3125 22.761787555175452 22.60661815103649
662.8125 22.762160751478127 22.60623834491525
663.3125 22.7625405972576 22.605859956789583
663.8125 22.762924267685168 22.605485304722194
664.3125 22.763322445036756 22.605112121178685
664.8125 22.763720793946337 22.604743906860932
665.3125 22.76411985238404 22.604377524093596
665.8125 22.764526544337148 22.604014053052836
666.3125 22.764944367103386 22.6036566620086
666.8125 22.76537110804901 22.60329650405453
667.3125 22.76580455441586 22.602947088661402
667.8125 22.766237161298317 22.60259271620775
668.3125 22.76667613407274 22.60223275203216
668.8125 22.76712723447143 22.601889926615385
669.3125 22.7675764920804 22.6015429528616
669.8125 22.768037551465138 22.60119963430028
670.3125 22.76850201104397 22.60086519975315
670.8125 22.768970289019983 22.60053519309681
671.3125 22.76944341687637 22.600207510629488
671.8125 22.76992188688851 22.59987061404931
672.3125 22.77041197919932 22.599544759963162
672.8125 22.77090067408743 22.59920965179022
673.3125 22.771394939667484 22.59889849335562
673.8125 22.771901065003732 22.598577946188662
674.3125 22.77239870398973 22.598254210032962
674.8125 22.772910535762747 22.597945777681844
675.3125 22.773425466914453 22.597638176083237
675.8125 22.77394683193762 22.597327802311895
676.3125 22.77447161732801 22.597022149745666
676.8125 22.775001668972415 22.596711787164683
677.3125 22.77553481661224 22.596415609681895
677.8125 22.776071333026543 22.596121481044996
678.3125 22.77661187689947 22.595832114329156
678.8125 22.777159494970785 22.59553129106813
679.3125 22.777717134136704 22.595242704142482
679.8125 22.778259066177498 22.594949467915445
680.3125 22.778821180279984 22.59466774576619
680.8125 22.779383944169123 22.59439422350644
681.3125 22.77995666615172 22.59411141718639
681.8125 22.780516471143795 22.5938313744652
682.3125 22.781099795652388 22.593561170689558
682.8125 22.781676092284073 22.593289460691743
683.3125 22.782251318606946 22.593023892709216
683.8125 22.782839365787424 22.59276100959612
684.3125 22.783425593562228 22.592490031590472
684.8125 22.784011551572778 22.592234370603986
685.3125 22.78461036986679 22.591970885801356
685.8125 22.785205981369714 22.591727460020333
686.3125 22.78580071712254 22.591470249885226
686.8125 22.786408164275983 22.591221074993044
687.3125 22.78702143199951 22.590971026947724
687.8125 22.787625679655754 22.59073363569893
688.3125 22.7882430971539 22.590489003964898
688.8125 22.788847721352713 22.59025131642478
689.3125 22.789470166131668 22.590011641688086
689.8125 22.790089205406048 22.589784324828287
690.3125 22.79071517299576 22.589547548820693
690.8125 22.79133477760873 22.589314598879895
691.3125 22.791967410484286 22.5890923084402
691.8125 22.792592618284427 22.588865646132554
692.3125 22.793224453330907 22.588647368554426
