FastTrWP/PhaseSpace/IAs/snIa_0.55_30.00_0.05_-0.16.csv
# %ECSV 0.9
# ---
# datatype:
# - {name: time-rel, datatype: float64}
# - {name: g, datatype: float64}
# - {name: i, datatype: float64}
# schema: astropy-2.0
time-rel g i
[from data line 363]
-235.5 24.056492780032595 23.475273249056773
-235.0 24.052082823504914 23.47221517153873
-234.5 24.04769777416886 23.469150030079206
-234.0 24.043291712253186 23.466112033246553
-233.5 24.038908851047914 23.46306350985462
-233.0 24.034539732018967 23.460024471170083
-232.5 24.03016455849489 23.456995735570764
-232.0 24.02580991038544 23.453971284101733
-231.5 24.02145803770281 23.450941392991215
-231.0 24.017116762205262 23.447929629177693
-230.5 24.012778736395248 23.44492950073945
-230.0 24.00844186227235 23.44193006764495
-229.5 24.004131578206376 23.4389309826787
-229.0 23.999812875922203 23.43593629258564
-228.5 23.995510259409695 23.432938801735595
-228.0 23.991216578820442 23.429965149414926
-227.5 23.98691665977647 23.42698037886382
-227.0 23.982610375608346 23.424021988359414
-226.5 23.978337395124584 23.421038212466602
-226.0 23.974058900290363 23.41809070206693
-225.5 23.969789962542876 23.415124021993776
-225.0 23.965530117704898 23.41216429398382
-224.5 23.961274255398514 23.409222916731082
-224.0 23.957025011704147 23.40627947120548
-223.5 23.952777495338694 23.403343828682814
-223.0 23.94854455233198 23.400410850372356
-222.5 23.944323980613085 23.397477537062006
-222.0 23.940103118935646 23.394561723475334
-221.5 23.93587823092116 23.39163660496974
-221.0 23.93166972780383 23.388718527040503
-220.5 23.927461047299843 23.385813359308322
-220.0 23.923279973642266 23.382905840513967
-219.5 23.919084815097182 23.38000196482003
-219.0 23.91488184217588 23.377120507602616
-218.5 23.91071934714596 23.37422104846567
-218.0 23.90654566990566 23.37132618144267
-217.5 23.902385373868533 23.36845855059922
-217.0 23.898230873488913 23.365568467535894
-216.5 23.894081897750045 23.362703058845323
-216.0 23.889917545748244 23.359825143524397
-215.5 23.885805648326844 23.356973308628977
-215.0 23.881673816896296 23.354115105643473
-214.5 23.877552550404207 23.351260495043434
-214.0 23.873438597722213 23.34841893321979
-213.5 23.86933344693744 23.345571499748793
-213.0 23.865240155474595 23.34275444433695
-212.5 23.86112742127841 23.339915764661733
-212.0 23.857047186618466 23.337091647422422
-211.5 23.852970328859953 23.33426433213864
-211.0 23.84890453254161 23.331446202689325
-210.5 23.844828370857762 23.328636489055974
-210.0 23.840768452477995 23.32583066598965
-209.5 23.83670803113872 23.323035490785585
-209.0 23.83267078216718 23.320235667777702
-208.5 23.828612058499647 23.317441574541803
-208.0 23.824587261053964 23.31465957440774
-207.5 23.820563794411296 23.31186835860825
-207.0 23.816550921562055 23.30908267964488
-206.5 23.812518691618457 23.306319596820106
-206.0 23.808525026886205 23.303553496747803
-205.5 23.80452251376518 23.300784919930734
-205.0 23.800527355970566 23.29801231237125
-204.5 23.796538779631135 23.295252174543123
-204.0 23.792560129953255 23.29250969200318
-203.5 23.788577725267835 23.289767659854515
-203.0 23.784614187137127 23.28702608285299
-202.5 23.780644510977588 23.284282882104105
-202.0 23.77668999440973 23.28155124263002
-201.5 23.77274304380957 23.278813679622697
-201.0 23.768781239915548 23.276099624290893
-200.5 23.76486043507885 23.27337856819994
-200.0 23.760923124753816 23.27065155866521
-199.5 23.75699844167835 23.267944262856908
-199.0 23.75306538105989 23.26522737680429
-198.5 23.749160156194673 23.26252923728002
-198.0 23.74525314367188 23.25982382062638
-197.5 23.741354747592055 23.25712126089797
-197.0 23.737452907164922 23.25443250026956
-196.5 23.73356221583323 23.25175263319952
-196.0 23.72967626927558 23.249058706568402
-195.5 23.7257963186309 23.246377904205886
-195.0 23.721923405872168 23.243700953685615
-194.5 23.71804916754467 23.241032015114932
-194.0 23.71419017638177 23.23835523223306
-193.5 23.71033282901138 23.235686832477377
-193.0 23.706480456846883 23.233024098992313
-192.5 23.702626682410518 23.23036869267437
-192.0 23.698788650772112 23.227719035967247
-191.5 23.69496394092917 23.225059460680853
-191.0 23.691134930791588 23.222416005441172
-190.5 23.687304210278285 23.219777388918374
-190.0 23.683482321813045 23.21713182303229
-189.5 23.679670048863017 23.2145001682846
-189.0 23.675870239384246 23.211864481940886
-188.5 23.6720639596822 23.209229208784187
-188.0 23.66826314184358 23.206607384280158
-187.5 23.664476424465903 23.20398538011362
-187.0 23.660688171650172 23.201367742793323
-186.5 23.65690664083829 23.198747638113893
-186.0 23.653133452252092 23.196134297336627
-185.5 23.64937143144648 23.193523700533646
-185.0 23.645606748455116 23.190916459160572
-184.5 23.641840273524345 23.188317969220705
-184.0 23.63808097826349 23.18571537860781
-183.5 23.634334153064557 23.1831157622945
-183.0 23.63058412556223 23.180531821193064
-182.5 23.626850248856663 23.17793948045612
-182.0 23.62311178074131 23.175352796127136
-181.5 23.619393580634448 23.172768386351063
-181.00000000000006 23.61566554478155 23.170197034797813
-180.5 23.611941816877213 23.167613123150062
-180.0 23.608201360019777 23.165034811450926
-179.50000000000006 23.6044734174305 23.162450952266642
-179.0 23.60071486353688 23.159865935502644
-178.5 23.596963007071192 23.1572926386824
-178.00000000000006 23.593206162496383 23.154706459387594
-177.5 23.58944675923764 23.152124397898838
-177.0 23.585690402420525 23.149548593568202
-176.50000000000006 23.581918147221508 23.146966027994065
-176.0 23.578152325469823 23.144389561840597
-175.5 23.574379006395784 23.141803019232874
-175.00000000000006 23.570606479338462 23.139232059537775
-174.5 23.566841380355825 23.136652830181212
-174.0 23.56307757798374 23.13408289605096
-173.50000000000006 23.559300540239718 23.13152084016952
-173.0 23.555536242472265 23.128941452444828
-172.5 23.55176762074609 23.126374140257543
-172.00000000000006 23.54800467971447 23.12380820089468
-171.5 23.544245515309807 23.12124354187025
-171.0 23.54049166983849 23.118680505661885
-170.50000000000006 23.53672952873454 23.116123159010186
-170.0 23.53298416801705 23.11356296246663
-169.5 23.529234627673453 23.11101448537145
-169.00000000000006 23.52549837730154 23.10847216290938
-168.5 23.52175807455467 23.105921838964214
-168.0 23.518034583519103 23.103382855626645
-167.50000000000006 23.514300024829694 23.10083770314096
-167.0 23.510602851431983 23.0983047813844
-166.5 23.506888567297167 23.095778044108435
-166.00000000000006 23.503191760722494 23.09325360771654
-165.5 23.499504650001967 23.09072798879276
-165.0 23.495821750522275 23.08821668427562
-164.50000000000006 23.49215743151522 23.08569639482649
-164.0 23.488504393240746 23.083198274020713
-163.5 23.48485059337595 23.080683644204175
-163.00000000000006 23.481205770499173 23.07819352600412
-162.5 23.47756861836341 23.07570653952307
-162.0 23.47395743885741 23.073215264847295
-161.50000000000006 23.470353371994584 23.070724432180167
-161.0 23.466751824516216 23.068251514487844
-160.5 23.46317192957052 23.06577950137457
-160.00000000000006 23.45961837659315 23.063320568255364
-159.5 23.45604582890964 23.060862433947648
-159.0 23.452512527007844 23.058402864638616
-158.50000000000006 23.448979398174604 23.055965474020766
-158.0 23.44547258090381 23.053531750165188
-157.5 23.44197487641006 23.051089765009507
-157.00000000000006 23.43847924464178 23.048663638806318
-156.5 23.435017763243454 23.046253880330532
-156.0 23.431571193162387 23.043842832858648
-155.50000000000006 23.42812503226751 23.041429570048933
-155.0 23.424700993238897 23.039030919987656
-154.5 23.42130717010714 23.03664178061286
-154.00000000000006 23.4179155392853 23.034251824975378
-153.5 23.414557064979846 23.031889078208142
-153.0 23.411186973702524 23.029520447499397
-152.50000000000006 23.40787157347219 23.027165398674537
-152.0 23.404542789489806 23.02479904009647
-151.5 23.4012479260336 23.022460001901553
-151.00000000000006 23.39796958417008 23.02012350407033
-150.5 23.39471457419573 23.017795621964726
-150.0 23.39147157372249 23.015465929127757
-149.50000000000006 23.388257255661355 23.013163511152484
-149.0 23.38504912786311 23.010858150693263
-148.5 23.381865820681433 23.008573755088314
-148.00000000000006 23.37871771426321 23.006282887288563
-147.5 23.3755826987154 23.004011693856246
-147.0 23.37245899282358 23.001734496951038
-146.50000000000006 23.369349319413942 22.999481800872044
-146.0 23.36628966239571 22.99723450820209
-145.5 23.36323960350203 22.995000785989795
-145.00000000000006 23.360205220419775 22.992772906354276
-144.5 23.357191975653862 22.99055016688446
-144.0 23.35420389217321 22.988341259742022
-143.50000000000006 23.351242083165587 22.986136560040862
-143.0 23.348284767356937 22.983945151144663
-142.5 23.345336090360476 22.981751127804383
-142.00000000000006 23.342394223765595 22.979563145727923
-141.5 23.33945028387059 22.977381021049847
-141.0 23.336520004800523 22.975187435598478
-140.50000000000006 23.333602598913068 22.97300850460752
-140.0 23.330689946940744 22.970851518698886
-139.5 23.327780538929204 22.968682696539325
-139.00000000000006 23.324889342951245 22.96652015072461
-138.5 23.32200495484395 22.964364072542153
-138.0 23.31912573767953 22.962208215284427
-137.50000000000006 23.31625745392394 22.96005859285453
-137.0 23.31340391061842 22.957906635908216
-136.5 23.31054974434494 22.955771387637668
-136.00000000000006 23.307711320230815 22.953645951034073
-135.5 23.304875090227494 22.951510540273436
-135.0 23.302054413368293 22.949390640030085
-134.50000000000006 23.299238065881717 22.94726727241428
-134.0 23.29645178350349 22.94516011649788
-133.5 23.29366047854188 22.943049559555725
-133.00000000000006 23.290874176834514 22.940956576773832
-132.5 23.28809928203381 22.938839375801066
-132.0 23.28534972284286 22.936758611476243
-131.50000000000006 23.282613508963056 22.93467002833884
-131.0 23.279867043714532 22.932592451901005
-130.5 23.277146205963945 22.93050632259874
-130.00000000000006 23.274438142167675 22.928444032127256
-129.5 23.271731186319876 22.926376154444924
-129.0 23.269036360841753 22.92431716029104
-128.50000000000006 23.26636842484112 22.922261788602395
-128.0 23.263697651499324 22.920217444053765
-127.5 23.261040211953098 22.918183499436985
-127.00000000000006 23.25840308396662 22.916144838491995
-126.5 23.255775859431655 22.914114815709624
-126.0 23.253158711606893 22.91209515227829
-125.50000000000006 23.25055445379929 22.91007267132322
-125.0 23.247966787207268 22.908060916926786
-124.5 23.245393355508895 22.906062539259256
-124.00000000000006 23.242819260275173 22.90405128815603
-123.5 23.2402759549641 22.902055278382612
-123.0 23.23772928716725 22.9000777793237
-122.50000000000006 23.235203249982387 22.898099388926315
-122.0 23.232694679357525 22.896119771051104
-121.5 23.23019510761541 22.894148834620278
-121.00000000000006 23.227701815283616 22.892196506976198
-120.5 23.225240871163155 22.89023553095175
-120.0 23.22277778917792 22.88828169323306
-119.50000000000006 23.22034480264508 22.88634488619504
-119.0 23.217910116323285 22.884407048079886
-118.5 23.215502326065405 22.882479462555104
-118.00000000000006 23.213091439820754 22.880557348824
-117.5 23.21071074595806 22.87864949989272
-117.0 23.20834398910929 22.87674180061685
-116.50000000000006 23.205985510557696 22.87484356591162
-116.0 23.203646219815546 22.872946100441723
-115.5 23.201314763644266 22.871066635464178
-115.00000000000006 23.199007238098744 22.86918379821146
-114.5 23.19670900477632 22.867312670014126
-114.0 23.19443138911963 22.865447555912617
-113.50000000000006 23.19216048813403 22.86358505680886
-113.0 23.189922891537947 22.861743474611693
-112.5 23.187679781811227 22.85988786574194
-112.00000000000006 23.18547512530925 22.85805214865856
-111.5 23.183265732903358 22.856219029133733
-111.0 23.181085892737233 22.85440801819979
-110.50000000000006 23.178909510836686 22.852588053021627
-110.0 23.176754243744462 22.85078150632964
-109.5 23.1746085434251 22.848981910400884
-109.00000000000006 23.1724900022056 22.847187859522272
-108.5 23.170397505698965 22.845403346959486
-108.0 23.168304639389653 22.84362637741684
-107.50000000000006 23.166225651003757 22.84185901306177
-107.0 23.164179296938627 22.84009483232687
-106.5 23.162129770003624 22.838344961658372
-106.00000000000006 23.160111409716663 22.83659129015209
-105.5 23.158093615799796 22.834856271115473
-105.0 23.15609994801205 22.83311756848539
-104.50000000000006 23.15410844103889 22.8313846696685
-104.0 23.15212415605487 22.82964891397984
-103.5 23.15015826049823 22.82793589784767
-103.00000000000006 23.148195571983187 22.826223707638267
-102.5 23.146241056284897 22.82450957398668
-102.0 23.144317512351996 22.82281096417347
-101.50000000000006 23.14240087668232 22.821113449048838
-101.0 23.1404771691226 22.819413358031348
-100.5 23.138580993067677 22.817732461788562
-100.00000000000006 23.136678443489096 22.816061183475945
-99.5 23.134818437436564 22.814371860049576
-99.0 23.132941611497206 22.81270686621327
-98.50000000000006 23.131078255567026 22.811039605254273
-98.0 23.12923052328971 22.80938310614211
-97.5 23.127413447749454 22.807724879300714
-97.00000000000006 23.12558068257598 22.806080136242525
-96.5 23.123772668545023 22.80444322483559
-96.0 23.12195896624916 22.802804704942204
-95.50000000000006 23.12017120833875 22.80116775403155
-95.0 23.118388112798588 22.799546715029315
-94.5 23.116621987337716 22.79792734897483
-94.00000000000006 23.114860009565174 22.796298817582613
-93.5 23.113106654589476 22.794699749131446
-93.0 23.111375452275794 22.79308918408998
-92.50000000000006 23.109646113086605 22.79149107007438
-92.0 23.107940683052423 22.789890891116514
-91.5 23.106234164763784 22.788312656635753
-91.00000000000006 23.104548051800574 22.78672474447081
-90.5 23.102867133406697 22.78515079523281
-90.0 23.10119309922095 22.78357355324866
-89.50000000000006 23.09952359893456 22.782001483980178
-89.0 23.09787677753072 22.780448110045377
-88.5 23.096237826014683 22.778888695008312
-88.00000000000006 23.094614708827738 22.777340608394546
-87.5 23.092996483196096 22.775791048421986
-87.0 23.091394565523533 22.77424976086249
-86.50000000000006 23.08980976957388 22.772718647505105
-86.0 23.088211083895757 22.771182980254324
-85.5 23.0866378843061 22.769665070005463
-85.00000000000006 23.085071742937203 22.768140360905797
-84.5 23.08352211962783 22.766630095779163
-84.0 23.081974146857704 22.76512283634766
-83.50000000000006 23.08045234580813 22.763612095673025
-83.0 23.078932220292813 22.762113413356122
-82.5 23.077411619646156 22.760620134549605
-82.00000000000006 23.07591924239962 22.759133769561977
-81.5 23.074432088403015 22.75765043948664
-81.0 23.072956135649925 22.756171322667416
-80.50000000000006 23.071489551017788 22.75470008089753
-80.0 23.070027063574926 22.753240717824255
-79.5 23.068589135436135 22.75177575574565
-79.00000000000006 23.067158830139725 22.75031705547885
-78.5 23.06572391306436 22.74886379316846
-78.0 23.064314623061314 22.747417552888063
-77.50000000000006 23.06291405574347 22.745973067593273
-77.0 23.06151902500377 22.744542434513853
-76.5 23.06013559914225 22.743103830532775
-76.00000000000006 23.05875941987276 22.741677446547257
-75.5 23.057403645977796 22.740261201441257
-75.0 23.056054010490104 22.738846356346436
-74.50000000000006 23.05471576408506 22.73742676944705
-74.0 23.053385095508887 22.73602167761449
-73.5 23.052071704260797 22.734635080323223
-73.00000000000006 23.05074869923012 22.73323454379655
-72.5 23.049464404458103 22.731834893811044
-72.0 23.04817268419582 22.7304570290498
-71.50000000000006 23.046901122929352 22.729079854632207
-71.0 23.045629404147473 22.727700390016217
-70.5 23.044370474146902 22.72633030276346
-70.00000000000006 23.04312862932541 22.724964806538924
-69.5 23.04188665623663 22.723605878874498
-69.0 23.040670714089735 22.722252792846632
-68.50000000000006 23.039459389653874 22.720896402169835
-68.0 23.03824607266315 22.719551063831066
-67.5 23.037046751577396 22.71820950769342
-67.00000000000006 23.035866281893405 22.716865824429178
-66.5 23.034685584341744 22.715542168539464
-66.0 23.033507838308953 22.714206445216732
