FastTrWP/PhaseSpace/IAs/snIa_0.63_30.00_1.59_0.01.csv
# %ECSV 0.9
# ---
# datatype:
# - {name: time-rel, datatype: float64}
# - {name: g, datatype: float64}
# - {name: i, datatype: float64}
# schema: astropy-2.0
time-rel g i
-503.5 26.995496005612107 25.402081118750672
-503.0 26.987041223877 25.393197854540333
-502.5 26.978651935880468 25.384339468197577
-502.0 26.97017896189756 25.37545804591676
-501.5 26.961745861035205 25.366631312576573
-501.0 26.95330220037484 25.357732424277287
-500.5 26.9449443484857 25.348832653630712
-500.0 26.936545289470036 25.33997220004213
-499.5 26.928116659296247 25.33106926967861
-499.0 26.91974091379319 25.32214314134945
-498.5 26.91140046317157 25.31319964876879
-498.0 26.90293971907609 25.304310863872914
-497.5 26.894560188922817 25.295365788970212
-497.0 26.886179802455548 25.286433390967005
-496.5 26.877808967090978 25.277489603493816
-496.0 26.869415363652422 25.268493791325458
-495.5 26.861043380443952 25.25950694641009
-495.0 26.852656875947126 25.25052287899699
-494.5 26.84426950079663 25.24153217773246
-494.0 26.835900098111654 25.232533539250262
-493.5 26.827533611198035 25.223465418764942
-493.0 26.819170751257868 25.214448090655214
-492.5 26.810820304328658 25.205366847127078
-492.0 26.802399838267092 25.19630886630482
-491.5 26.793997981202708 25.187209884983773
-491.0 26.785634606284656 25.178114467069406
-490.5 26.777268341073732 25.16901491567928
-490.0 26.768851102779646 25.15989152292251
-489.5 26.760518294297132 25.150734175396035
-489.0 26.752097046156777 25.14157987833407
-488.5 26.74372425679412 25.132407394521998
-488.0 26.73535305129139 25.123204182606905
-487.5 26.726956781173328 25.114013754981364
-487.0 26.71855396486185 25.1048268524017
-486.5 26.710208391751582 25.095628240613227
-486.0 26.7018167732498 25.086409756352413
-485.5 26.693436576185228 25.077255099061666
-485.0 26.685059046641214 25.06804490333345
-484.5 26.676765005078767 25.05886073492031
-484.0 26.668377162462207 25.049711664170413
-483.5 26.66005310167754 25.040510681644413
-483.0 26.651730532752808 25.031379412229036
-482.5 26.643441957233588 25.022215850611715
-482.0 26.63513316588324 25.013110700605242
-481.5 26.62684178125331 25.00396363976565
-481.0 26.618566492441662 24.994851756221447
-480.5 26.610353702266494 24.985747772074504
-480.0 26.60207191863155 24.976678829273983
-479.5 26.59386935399063 24.967612126342814
-479.0 26.585687524128183 24.95854910850824
-478.5 26.577484780218207 24.94949622839645
-478.0 26.5692418336892 24.940493766839644
-477.5 26.561136707200134 24.93150942040507
-477.0 26.552982874461804 24.922501798763097
-476.5 26.544880962177047 24.913559247717
-476.0 26.536764166758445 24.90460491356203
-475.5 26.52872939480246 24.895690642933793
-475.0 26.520641288532396 24.88676735320078
-474.5 26.51260722218956 24.877907714678777
-474.0 26.504531390339356 24.869046186300668
-473.5 26.496557628243206 24.860221109572663
-473.0 26.488584298194592 24.851405734178122
-472.5 26.480602375964686 24.84259776754952
-472.0 26.472661210116275 24.83385085518468
-471.5 26.46476844152863 24.82510575835288
-471.0 26.45690071985326 24.816389772781662
-470.5 26.449004161063385 24.807705706925663
-470.0 26.441126314254486 24.79903528584053
-469.5 26.43328715424807 24.790403768672622
-469.0 26.42552431108237 24.78181540587064
-468.5 26.41776423904264 24.77321031902808
-468.0 26.40996782455983 24.76464318486088
-467.5 26.402212875764818 24.756117122007662
-467.0 26.394516766798763 24.747617247081052
-466.5 26.38683661069292 24.73915088879825
-466.0 26.379218762586312 24.73070487267374
-465.5 26.371536108586874 24.72226969430325
-465.0 26.363949604530774 24.713908623456497
-464.5 26.35635405226882 24.705539207622987
-464.0 26.34882278882378 24.697215173728054
-463.5 26.3413020653131 24.68891269315447
-463.0 26.33377923366305 24.680624070988422
-462.5 26.32631367973545 24.672399950420267
-462.0 26.3188457417218 24.66419581859563
-461.5 26.311450701872605 24.656004902222524
-461.0 26.304007341871408 24.64787834172224
-460.5 26.296624961952926 24.639755498638657
-460.0 26.289301689224764 24.631662795781505
-459.5 26.282000450412166 24.623609349624083
-459.0 26.274710098703544 24.615600560933856
-458.5 26.267393904906825 24.60758740380382
-458.0 26.26019921367716 24.599623318636606
-457.5 26.25299283088893 24.591701075353395
-457.0 26.245804466861486 24.58379372170892
-456.5 26.238650216775937 24.57592263903287
-456.0 26.231528424586372 24.568074183238018
-455.5 26.224399831529517 24.560292481988824
-455.0 26.217286171530002 24.552524618665565
-454.5 26.21030805522734 24.544761078257466
-454.0 26.20327412797621 24.537078231267174
-453.5 26.196283535462747 24.52939851734798
-453.0 26.18931714346173 24.521759452954367
-452.5 26.1823976269454 24.51412859892429
-452.0 26.175505875823767 24.506552982049904
-451.5 26.16858649027315 24.499013299129512
-451.0 26.16174816811761 24.49149325830369
-450.5 26.15492624350969 24.484010329729262
-450.0 26.148126485700878 24.47655479101464
-449.5 26.141323192313383 24.46913865894526
-449.0 26.13458996151738 24.46175097428756
-448.5 26.127883242527048 24.45438883680943
-448.0 26.121229067262508 24.44705487295847
-447.5 26.114527190273222 24.439737742647623
-447.0 26.107839382008976 24.43244332756081
-446.5 26.101211589756108 24.425138571635024
-446.0 26.094562079328764 24.417871902529413
-445.5 26.087914122712704 24.410633147761338
-445.0 26.08133637153896 24.40339764272511
-444.5 26.074772600668098 24.396196242064143
-444.0 26.068180531945657 24.38900227187151
-443.5 26.06165482867198 24.381819551529347
-443.0 26.055109220439867 24.374665488914296
-442.5 26.048612066053963 24.367524854926618
-442.0 26.04211125759131 24.3604140543136
-441.5 26.03561604826471 24.353324733921674
-441.0 26.02914517181192 24.346256253052122
-440.5 26.02268321096231 24.339212085399264
-440.0 26.016252886005134 24.33215734756885
-439.5 26.0099076382663 24.325146214357815
-439.0 26.0034966871121 24.318155177712853
-438.5 25.99712438906836 24.311190563318675
-438.0 25.990753374223253 24.304245388711298
-437.5 25.98439383113606 24.297322018726494
-437.0 25.978112920300738 24.290406972262538
-436.5 25.971775757591466 24.283507884363917
-436.0 25.965535767212252 24.276662284104063
-435.5 25.95925988664451 24.2697969050497
-435.0 25.953005024124614 24.262976561703816
-434.5 25.94675513897444 24.256166583081963
-434.0 25.940581378484563 24.249393441518055
-433.5 25.934365747594256 24.242627156680683
-433.0 25.92819145756938 24.23589845425142
-432.5 25.92206306762852 24.229172765180714
-432.0 25.915921677248285 24.222482471443577
-431.5 25.909788451444015 24.215832633511415
-431.0 25.903700377228898 24.20916266276006
-430.5 25.897608353452924 24.20254380987583
-430.0 25.89155990570314 24.195939819604707
-429.5 25.885521432021918 24.189343894442963
-429.0 25.879510560466127 24.18278063393081
-428.5 25.873509407442473 24.176227956215417
-428.0 25.867536754225945 24.16973118473532
-427.5 25.86156509462863 24.163224393049422
-427.0 25.85563446359419 24.156746897908405
-426.5 25.849686615759598 24.150281908168225
-426.0 25.843769412249472 24.143846113405733
-425.5 25.83787350137638 24.137454449798177
-425.0 25.832019431355434 24.13106364602197
-424.5 25.82619778729773 24.12469710538426
-424.0 25.82036434860108 24.118352913738725
-423.5 25.814535332036503 24.112042759490883
-423.0 25.808735499368773 24.105741703939326
-422.5 25.802988624290265 24.099459592628946
-422.0 25.797178524760056 24.093211969339805
-421.5 25.791487026620025 24.086977182839465
-421.0 25.78577830213327 24.080777871763765
-420.5 25.7801010073708 24.07457604223108
-420.0 25.7744170207155 24.068414662610614
-419.5 25.768753505125407 24.062249339144188
-419.0 25.763105759856973 24.056135183573065
-418.5 25.75749230833326 24.05003751615237
-418.0 25.751883638697098 24.043958664097843
-417.5 25.746294111574613 24.037918341288847
-417.0 25.740755327082766 24.031880168739846
-416.5 25.73522180191119 24.025864615277026
-416.0 25.72965136170422 24.019878157694066
-415.5 25.724160964152496 24.01392583896815
-415.0 25.718699200094083 24.007951196806662
-414.5 25.71325188066808 24.002045526553374
-414.0 25.707765230607468 23.99614741935206
-413.5 25.70232291308029 23.99026620518832
-413.0 25.696933361153636 23.984392694710177
-412.5 25.691546479480664 23.978563341748647
-412.0 25.686185001145724 23.972759218412413
-411.5 25.680821263222285 23.96696125192038
-411.0 25.675506060149008 23.961191572834714
-410.5 25.670178213654186 23.955437542012184
-410.0 25.664867988719887 23.94971495459133
-409.5 25.659588401846904 23.94401983505937
-409.0 25.65431767709583 23.93832144414741
-408.5 25.64909660033709 23.932622704867974
-408.0 25.643839465767616 23.926951514332266
-407.5 25.638626713529064 23.92129680484778
-407.0 25.63343376762476 23.915625355937962
-406.5 25.628230081669514 23.909989453112757
-406.0 25.623052462064425 23.904357321462648
-405.5 25.61787074826979 23.89872765695293
-405.0 25.612708065750994 23.893131316257783
-404.5 25.607606900032533 23.88752950767174
-404.0 25.60243962534729 23.881948254199507
-403.5 25.597333948953818 23.876374133224616
-403.0 25.592238025646225 23.87081177095119
-402.5 25.587155992188304 23.865259388830268
-402.0 25.582097322207375 23.859727732628087
-401.5 25.57700598354302 23.854213256884425
-401.0 25.5719732034251 23.848718630162033
-400.5 25.56692080569976 23.843211979363126
-400.0 25.56192269151061 23.837739068021154
-399.5 25.55690466185172 23.832270765256787
-399.0 25.551918740523433 23.826829429301558
-398.5 25.546922766434164 23.82138748156322
-398.0 25.54196173403257 23.81597291719201
-397.5 25.536995148595704 23.810587682639518
-397.0 25.53206606261043 23.80520142888013
-396.5 25.52716428436316 23.799826382784065
-396.0 25.522244136278445 23.794459475278895
-395.5 25.517344289480683 23.789138272549106
-395.0 25.512455029689217 23.783801135214937
-394.5 25.507576819151012 23.778501136882724
-394.0 25.502717606169615 23.77321800876498
-393.5 25.497856189807116 23.76792466046533
-393.0 25.49303583094204 23.762696560495932
-392.5 25.48823157588963 23.757449210223633
-392.0 25.48344106986758 23.752224974059423
-391.5 25.47862711194753 23.747014723656367
-391.0 25.473851632540775 23.74182735873882
-390.5 25.46909630087243 23.73666572366895
-390.0 25.46435615543437 23.7315069735235
-389.5 25.45961517949761 23.726375306434843
-389.0 25.454877412637785 23.72125343083162
-388.5 25.45016952579939 23.716154006469615
-388.0 25.445480017586878 23.711084675163164
-387.5 25.44078261952731 23.706014278410326
-387.0 25.43610913513369 23.70097965486138
-386.5 25.431460125506632 23.695953726693403
-386.0 25.4268127090314 23.69095223776645
-385.5 25.42214632793919 23.685961899154094
-385.0 25.417520602724018 23.680999039869477
-384.5 25.412928725057466 23.676051063678724
-384.0 25.408329351758148 23.671116125578635
-383.5 25.403749419441375 23.666211779725792
-383.0 25.399147781904873 23.661331080817632
-382.5 25.394641077800138 23.656447707569903
-382.0 25.390061064826384 23.651592204765045
-381.5 25.3855340054561 23.646761225708612
-381.0 25.381025362447378 23.64194665399689
-380.5 25.37652180759092 23.637153030114174
-380.0 25.372019277623792 23.632385563433168
-379.5 25.367529265696707 23.62763145894749
-379.0 25.363063115093695 23.62290732545233
-378.5 25.358614838599998 23.618178963219513
-378.0 25.354165944610905 23.613495421174072
-377.5 25.349741457310614 23.608822247463806
-377.0 25.345332420267155 23.604175135823322
-376.5 25.34092376832821 23.599533072367862
-376.0 25.336536344264232 23.59492397139892
-375.5 25.332158364895335 23.59033312230778
-375.0 25.327776269040882 23.585762991337532
-374.5 25.323409650305273 23.581209393281664
-374.0 25.31910186683558 23.576681527860192
-373.5 25.314760745019342 23.572176657266834
-373.0 25.310452843982027 23.567678772037596
-372.5 25.306122543148007 23.563216156604145
-372.0 25.301829913878056 23.5587598381826
-371.5 25.297584550674863 23.55433521469253
-371.0 25.29329266440348 23.549922033558207
-370.5 25.289023135526847 23.54554102724306
-370.0 25.284785921660166 23.5411749958144
-369.5 25.280570133611697 23.53681086666684
-369.0 25.27632410972966 23.532447593613846
-368.5 25.27212874202729 23.52812174339799
-368.0 25.267906789520367 23.5237762186612
-367.5 25.26374462710365 23.519447586612706
-367.0 25.259540635180787 23.515147030071798
-366.5 25.25532763628659 23.51084631285563
-366.0 25.25120539080718 23.50654925644323
-365.5 25.247040692494267 23.502262242737935
-365.0 25.242902778097587 23.497992042120824
-364.5 25.238765315428 23.493721711655454
-364.0 25.234633609493763 23.489483433914387
-363.5 25.230528400119915 23.48523712817641
-363.0 25.226439665865094 23.48102620565819
-362.5 25.222349906792996 23.476809832097345
-362.0 25.21827307279927 23.472608226501084
-361.5 25.214176884500134 23.468419789952456
-361.0 25.21012365321907 23.46425005390584
-360.5 25.206067656799615 23.460078839437692
-360.0 25.202030533640393 23.455931967638584
-359.5 25.197972123260634 23.451782240649504
-359.0 25.193963549277303 23.447649305304278
-358.5 25.189930906290105 23.443540602037526
-358.0 25.18593420607385 23.439444594102422
-357.5 25.181943722553445 23.435344585442486
-357.0 25.177950725876528 23.43128108129685
-356.5 25.17397980427002 23.4272062949878
-356.0 25.170014822756745 23.423162856523646
-355.5 25.16607592252564 23.419123451466405
-355.0 25.162081591268517 23.415100296934558
-354.5 25.15813687911848 23.411100548289475
-354.0 25.15419471028688 23.407093526383072
-353.5 25.15028292539812 23.403115935776526
-353.0 25.14638131099243 23.399153566243122
-352.5 25.142483870113317 23.395186608445663
-352.0 25.13858341005811 23.391249282257903
-351.5 25.134727132259144 23.38731945133678
-351.0 25.130850792588358 23.383413738050322
-350.5 25.126935714136355 23.379515451607542
-350.0 25.123096144226725 23.375642937267816
-349.5 25.119258962968072 23.371767463694752
-349.0 25.115412248424374 23.36790951179243
-348.5 25.111568120148128 23.364076489452312
-348.0 25.10774509716876 23.360246926619894
-347.5 25.103928057372435 23.35643870587461
-347.0 25.100121774075596 23.35263891466407
-346.5 25.096319752941504 23.348859677852726
-346.0 25.092556473711557 23.34508700419232
-345.5 25.08876301782668 23.3413529898182
-345.0 25.084987764484637 23.33761417880239
-344.5 25.081222229990168 23.33389839888616
-344.0 25.077502893229347 23.330198076120162
-343.5 25.073730479026327 23.326501388027346
-343.0 25.07000132887847 23.32282836532284
-342.5 25.066277596688504 23.31917902387168
-342.0 25.062557528380808 23.31551878552378
-341.5 25.058842828389224 23.31189852469596
-341.0 25.055150689544107 23.308289821066165
-340.5 25.05143082561874 23.304693345634853
-340.0 25.047749103548114 23.30111513900292
-339.5 25.044087862816447 23.29755217592032
-339.0 25.040422292022754 23.2940006894301
-338.5 25.0367527243704 23.290480151594814
-338.0 25.033099858995627 23.286952333819876
-337.5 25.029473525188827 23.283459032469832
-337.0 25.02582477056673 23.27996819531669
-336.5 25.02220429157733 23.276506831073345
-336.0 25.018577004331153 23.273052041184187
-335.5 25.014975300541458 23.269618125602463
-335.0 25.01137317597906 23.2661990628377
-334.5 25.007778242993805 23.262795774555162
-334.0 25.004182911963035 23.259411211612843
-333.5 25.000620605657062 23.256047359950887
-333.0 24.99701686349452 23.252691714322115
-332.5 24.993469932076117 23.249362100790666
-332.0 24.98991871678086 23.246039301145125
-331.5 24.986359890188744 23.24273646956813
-331.0 24.98282372394714 23.239460917747955
-330.5 24.979285295331827 23.23617008096518
-330.0 24.975776684511626 23.232913436513222
-329.5 24.97227260312338 23.229663849456553
-329.0 24.96874376653387 23.22642537988422
-328.5 24.965261669527237 23.223203239207205
-328.0 24.96178151046058 23.22000027590853
-327.5 24.958286944472967 23.216806205030235
-327.0 24.95479511128556 23.213616537946095
-326.5 24.951339837779763 23.210433898620405
-326.0 24.94788492524535 23.207281245303903
-325.5 24.944434059090568 23.204131653522758
-325.0 24.940985605907354 23.200996977718056
-324.5 24.937538805782644 23.197868276479994
-324.0 24.934114271996318 23.194755047613054
-323.5 24.930712639184193 23.19164957761
-323.0 24.92728435223347 23.188561093637897
