FastTrWP/PhaseSpace/IAs/snIa_0.63_30.00_0.22_-0.06.csv
# %ECSV 0.9
# ---
# datatype:
# - {name: time-rel, datatype: float64}
# - {name: g, datatype: float64}
# - {name: i, datatype: float64}
# schema: astropy-2.0
time-rel g i
[from data line 2139]
624.0 25.408030375992436 22.842626578673407
624.5 25.409413436430558 22.843721311926952
625.0 25.410754893077623 22.84481511768272
625.5 25.41210312836959 22.845909392535532
626.0 25.413459270135004 22.847001354290413
626.5 25.414805304034928 22.848093996663664
627.0 25.4161616215818 22.849195317716507
627.5 25.417503785970727 22.85029446811833
628.0 25.418805578860685 22.851400745282593
628.5 25.420172371897777 22.85250955622777
629.0 25.421505662103222 22.853605749740538
629.5 25.42284330694773 22.85471851010581
630.0 25.424155438207265 22.855825335592254
630.5 25.425450510338223 22.856937005735027
631.0 25.426801959138526 22.858053284726537
631.5 25.428083955279966 22.85915759732709
632.0 25.42940962463202 22.860284165278223
632.5 25.43071682695701 22.861390693414997
633.0 25.43200829680458 22.862520670114925
633.5 25.433314477009525 22.86363659545662
634.0 25.43458944789417 22.86476346175142
634.5 25.43590523771812 22.865885010379188
635.0 25.437220619297257 22.86700886165646
635.5 25.43849350044949 22.86813264322738
636.0 25.439779157588042 22.869253742869272
636.5 25.44106605924359 22.870386048702965
637.0 25.44234886564071 22.871516156966543
637.5 25.443641104064724 22.872647412755516
638.0 25.444922411408225 22.873780002668838
638.5 25.446218042233628 22.874914115636635
639.0 25.44748642472573 22.876046843957354
639.5 25.448773037946992 22.877180297843612
640.0 25.45003355721185 22.878313804627833
640.5 25.45130052035748 22.879461186074362
641.0 25.452568765298714 22.88059395871008
641.5 25.453828802497856 22.881735427377933
642.0 25.45510599661172 22.882876519072685
642.5 25.456370341892676 22.88402734283462
643.0 25.457637914420886 22.885157715836133
643.5 25.458883660501023 22.886305292212057
644.0 25.46016187690371 22.88744690848712
644.5 25.461415299739024 22.888596322376888
645.0 25.46269902046273 22.889741474914096
645.5 25.46393611440191 22.890881137443728
646.0 25.465196587783964 22.892028328043192
646.5 25.466461552235184 22.893173435537307
647.0 25.467707237469916 22.89432013290999
647.5 25.468989582818075 22.895473626241873
648.0 25.47022698936093 22.89662048501922
648.5 25.471493503331224 22.89777473082203
649.0 25.47274353025491 22.898918402314273
649.5 25.474013322693917 22.900064261240907
650.0 25.47527893193263 22.9012263989593
650.5 25.47652481853647 22.90236982293017
651.0 25.477772920260193 22.90352359751583
651.5 25.479058823931457 22.904676288168517
652.0 25.48029023492656 22.905832960884528
652.5 25.4815731677736 22.906976939420165
653.0 25.482827534271806 22.908131191222264
653.5 25.484117486552687 22.909290335890798
654.0 25.485358358253688 22.910432954209124
654.5 25.48662244588634 22.911589302458406
655.0 25.4878806892083 22.912736087734366
655.5 25.489161790364424 22.913890803922353
656.0 25.49042341144164 22.915042665812905
656.5 25.491680013177678 22.916203682903266
657.0 25.492965601487438 22.917356489876198
657.5 25.49425818816554 22.918512668403643
658.0 25.49550333773791 22.919654213960634
658.5 25.4967812613927 22.920801084987595
659.0 25.498063861421087 22.921955842728106
659.5 25.499352019022517 22.923105230823314
660.0 25.500634894985442 22.924268224788204
660.5 25.501907932515206 22.925412118871343
661.0 25.50323329530601 22.92656531170544
661.5 25.50450144677945 22.92771723319596
662.0 25.505779143547073 22.928858878371496
662.5 25.507099915028164 22.93000966441896
663.0 25.508363731797647 22.931164940228893
663.5 25.509698287694007 22.932308052624496
664.0 25.51097456524616 22.93345661078742
664.5 25.512249172659853 22.93460832539177
665.0 25.51351591589509 22.935767834350163
665.5 25.51484820182536 22.936920655304146
666.0 25.516136327573875 22.938075562276655
666.5 25.517441507848226 22.939221157402013
667.0 25.518712164854538 22.940377185826215
667.5 25.52000147239818 22.94153891381913
668.0 25.521326597471425 22.942685477887515
668.5 25.52261410148249 22.943851249417037
669.0 25.523926291204184 22.945000315536575
669.5 25.52516980432333 22.946159651687076
670.0 25.5264627375904 22.947311284976788
670.5 25.527766636566426 22.948476405500617
671.0 25.529034894386452 22.949631097418532
671.5 25.530359927611435 22.95078935772586
672.0 25.531617013968976 22.95194594996662
672.5 25.532908042838514 22.953105261169465
673.0 25.534195010702877 22.954268666504024
673.5 25.535497508567246 22.955432426781172
674.0 25.53681262793413 22.956594426586427
674.5 25.53808372185449 22.95775505978549
675.0 25.539376525820675 22.958918210434934
675.5 25.540676967143256 22.96008174895844
676.0 25.541960649312667 22.96123816036782
676.5 25.543268342196974 22.962399991201046
677.0 25.544527989640734 22.963561574452065
677.5 25.545821101758154 22.964726114158857
678.0 25.547134400584085 22.96589286194271
678.5 25.548395568843016 22.967061750261742
679.0 25.54969619195171 22.968220821659312
679.5 25.551005107252443 22.969386015253118
680.0 25.552306774296802 22.970561777311378
680.5 25.553568225077903 22.971712830228256
681.0 25.554890422852306 22.97288844754156
681.5 25.556177823241526 22.974050896058756
682.0 25.557458144630914 22.975220213607752
682.5 25.558738016793395 22.976385218958658
683.0 25.56004313309468 22.977549013623385
683.5 25.561351240403557 22.97871941360799
684.0 25.562626499286324 22.979889262706408
684.5 25.563929685248667 22.98106092280456
685.0 25.565246325750355 22.98221803445804
685.5 25.566532550686773 22.98338870532688
686.0 25.567840929197423 22.984567248067624
686.5 25.5691028916895 22.985728386463574
687.0 25.570430293149627 22.9868980471924
687.5 25.57171962966111 22.988073126512255
688.0 25.5730114509225 22.989240782559506
688.5 25.574307417935035 22.99040843489038
689.0 25.575616039246924 22.99157833935221
689.5 25.57691138015191 22.992748270736097
690.0 25.578201284929605 22.993921537174256
690.5 25.579504284478716 22.995096668710538
691.0 25.580815283402956 22.99626288357271
691.5 25.5821381796332 22.997438387423422
692.0 25.58340745973519 22.998611351746693
692.5 25.58471566513414 22.999774098231022
693.0 25.586034846705004 23.000954603503665
693.5 25.587328474612665 23.002126725542162
694.0 25.588652864552564 23.0032896166966
694.5 25.589974120701054 23.004459406473945
695.0 25.591240128560493 23.00563885764278
695.5 25.592588324761465 23.00680070236105
696.0 25.593911119486453 23.00798837504052
696.5 25.595195687896577 23.009161674070768
697.0 25.596486246631038 23.010326112184117
697.5 25.597809825251705 23.011501370959913
698.0 25.599121231122922 23.012673697828884
698.5 25.600445866797404 23.013848184032998
699.0 25.601743560485787 23.015020794102632
699.5 25.603075976202835 23.01618793711899
700.0 25.604417995449115 23.017365828657667
700.5 25.605722702119845 23.018534383098803
701.0 25.60704312468516 23.01970699455736
701.5 25.608359985404576 23.0208731169615
702.0 25.60967278199709 23.02205701835014
702.5 25.611002473715146 23.023227578161844
703.0 25.6123693659407 23.024397249733084
703.5 25.61363896627906 23.02557499979001
704.0 25.61496188440617 23.026749994214228
704.5 25.616315756867223 23.0279218834125
705.0 25.617621517811656 23.029094029855507
705.5 25.618976371524322 23.030266406643758
706.0 25.620307528607384 23.031449137739045
706.5 25.621642109020538 23.032618012732833
707.0 25.622976244635165 23.0337898309121
707.5 25.62428954998065 23.034973780745666
708.0 25.625633695140767 23.036147964465737
708.5 25.626898708209005 23.037327931850662
709.0 25.62824159524947 23.038493158374195
709.5 25.629599039370092 23.03967974723888
710.0 25.630935455772136 23.040851220007546
710.5 25.632252328628873 23.04202644416581
711.0 25.63362695328141 23.04319466292608
711.5 25.634932879613853 23.04439438037654
712.0 25.636265270735148 23.04555300654784
712.5 25.6376167801244 23.046733231797432
713.0 25.63893908971913 23.047916645817725
713.5 25.64027449967434 23.04909140280834
714.0 25.64159772253685 23.050264834388365
714.5 25.642974302250426 23.051448919809367
715.0 25.644277595705063 23.052636926823368
715.5 25.645623713528664 23.053801607924683
716.0 25.646977923299595 23.054985610418804
716.5 25.648288877425447 23.056159353347255
717.0 25.649657802659924 23.05733497184725
717.5 25.65097596325424 23.058508241644816
718.0 25.652307369974608 23.059691016069863
718.5 25.653662704997554 23.060874574227714
719.0 25.655017877564752 23.062057010085596
719.5 25.656362254181545 23.063235369423133
720.0 25.65769732862114 23.064406445689354
720.5 25.65904076563019 23.065595340942565
721.0 25.660405263084158 23.066767823945305
721.5 25.661734740260563 23.067944284092622
722.0 25.66307144054871 23.069133662591305
722.5 25.66443820635243 23.07031719599349
723.0 25.665817665233543 23.071487576604802
723.5 25.667152850138443 23.072666296916676
724.0 25.668481834462604 23.073853746322154
724.5 25.669820595824085 23.075034572324142
725.0 25.671186605669874 23.076215747764934
725.5 25.67253295930776 23.077394033268295
726.0 25.673889674046492 23.078571528608002
726.5 25.675236977587467 23.079763291791615
727.0 25.676611381338216 23.080940665914724
727.5 25.677947244712843 23.08211177397183
728.0 25.679293537384766 23.083308641839384
728.5 25.68065280963621 23.084479624990294
729.0 25.68200438377547 23.085666100689313
729.5 25.683363003481077 23.086843500042914
730.0 25.68470508940959 23.08801609567748
730.5 25.686074517476037 23.089209891447474
731.0 25.687421039731177 23.09039135559346
731.5 25.688786609274633 23.091574723011924
732.0 25.690154459011683 23.0927528796474
732.5 25.69147363994849 23.0939387231072
733.0 25.692845646209456 23.095109923422598
733.5 25.694244945521866 23.0962850500476
734.0 25.695577546303227 23.097476123537433
734.5 25.696992154371653 23.0986624802143
735.0 25.698288303501663 23.099836795649395
735.5 25.699656480603036 23.10102277678872
736.0 25.701023803391102 23.102201746489687
736.5 25.70237297521536 23.1033766935101
737.0 25.70373783117803 23.104566509923234
737.5 25.7050986448913 23.105747306595468
738.0 25.70650189996308 23.106929220429247
738.5 25.707829248340953 23.108109120384338
739.0 25.709233862160463 23.109288869831808
739.5 25.71056766613678 23.11047970056052
740.0 25.71195143588642 23.111655894442833
740.5 25.713317007656777 23.112829527111685
741.0 25.714686726494094 23.114011535346933
741.5 25.716017307591468 23.11519789619973
742.0 25.71739004913979 23.11638414181381
742.5 25.71878280523245 23.117559633986552
743.0 25.720159497103623 23.11873787941034
743.5 25.72151568541582 23.119918566888813
744.0 25.722896712619022 23.12110072561326
744.5 25.72426263999749 23.122286154478257
745.0 25.725636580748308 23.12346347132232
745.5 25.727032032524445 23.124651534067976
746.0 25.728389781511734 23.12583866601606
746.5 25.729755263799497 23.127024857984484
747.0 25.731139785841254 23.128198917965324
747.5 25.73249713165639 23.129388714875212
748.0 25.733900364386738 23.130573719191702
748.5 25.73525027607687 23.131752912135678
749.0 25.73664938026171 23.132938577128282
749.5 25.73801295936979 23.134123314240455
750.0 25.739403997127866 23.13529944503983
750.5 25.74077180468725 23.13648649336863
751.0 25.742164306941167 23.1376689481379
751.5 25.74353302705225 23.13886057237361
752.0 25.74492720357355 23.140045088184458
752.5 25.746265282046433 23.141216904749214
753.0 25.747697216917494 23.142393017664805
753.5 25.749079480494682 23.143591187753728
754.0 25.75047275004986 23.14477001810609
754.5 25.751838531096833 23.14594617921454
755.0 25.75322238918079 23.147139295452284
755.5 25.754595656215592 23.14831837027096
756.0 25.755993657432047 23.14950142465197
756.5 25.757364257493812 23.150682547530383
757.0 25.75875955251461 23.15187273096102
757.5 25.760177213191618 23.153056986012558
758.0 25.761539297763505 23.154238945257582
758.5 25.76292033923384 23.15542001091722
759.0 25.764303725730077 23.156604863748438
759.5 25.76568320310118 23.15778282789042
760.0 25.767071434622423 23.15896858731625
760.5 25.768472102536826 23.160151568109345
761.0 25.76984255417568 23.161339128454212
761.5 25.771271110237954 23.162523295490463
762.0 25.772677910465177 23.163696765651743
762.5 25.774032138722728 23.164884616353554
763.0 25.775450067627542 23.166065649948298
763.5 25.77681370614604 23.167244132979125
764.0 25.77822579436731 23.168428794417302
764.5 25.779626576302206 23.169617897564414
765.0 25.780990173077175 23.170793810591576
765.5 25.78237967694561 23.17196996563764
766.0 25.78381472120838 23.17315696499989
766.5 25.78522960844598 23.1743314075444
767.0 25.78658933419382 23.175518446912665
767.5 25.787990855179412 23.176706071270342
768.0 25.789419643487403 23.17788013832282
768.5 25.790770442839555 23.179059690549884
769.0 25.79217073859931 23.180240759893977
769.5 25.793595788227165 23.18142741693827
770.0 25.794952594505848 23.182603915036598
770.5 25.796375086090976 23.18378564616083
771.0 25.797772326679734 23.184959458363576
771.5 25.799170058549038 23.18613698310819
772.0 25.80056170753278 23.18730358226894
772.5 25.801955585280943 23.188497437183784
773.0 25.803361376042268 23.189674721568295
773.5 25.804768099175753 23.190858683421393
774.0 25.806153529462907 23.192031100533935
774.5 25.807561226712743 23.193205422485875
775.0 25.808995095278494 23.194382509119023
775.5 25.810338330266234 23.19556221205747
776.0 25.811758789719814 23.19673574785805
776.5 25.813197458745492 23.197907937934104
777.0 25.814571424500944 23.199086621267732
777.5 25.815980969654557 23.200255502135377
778.0 25.817382725194218 23.201432390275947
778.5 25.818773485077024 23.202609268113857
779.0 25.82021776699516 23.203783304741414
779.5 25.821570823492024 23.20495849808843
780.0 25.822983996024384 23.20613322527874
780.5 25.824371109331747 23.207299293832726
781.0 25.82580364831245 23.208474706741427
781.5 25.827188618938774 23.20964721365462
782.0 25.828600108704624 23.21082177289087
782.5 25.829987415184288 23.211979950068415
783.0 25.831384584063436 23.213152340394288
783.5 25.83277965682203 23.214320216345733
784.0 25.83421621653073 23.21549218666556
784.5 25.835564085636875 23.2166555250594
785.0 25.836971757764022 23.217819482523968
785.5 25.83839295305609 23.218998078606457
786.0 25.839789717787166 23.220153798659556
786.5 25.841158202404046 23.221325523358466
787.0 25.842591508894582 23.222481827839406
787.5 25.84396668983854 23.223653930442904
788.0 25.84538080184433 23.224804304097376
788.5 25.84675144688433 23.225970988221864
789.0 25.848176865812988 23.22712624409639
789.5 25.849581039613323 23.22829946819457
790.0 25.85097456277031 23.229460055791638
790.5 25.852358425671888 23.230621257814796
791.0 25.85375296396481 23.231771220206383
791.5 25.855163993397085 23.232933084454515
792.0 25.856580343590593 23.234085147452657
792.5 25.857965761542793 23.23526133193996
793.0 25.85935498924993 23.23641887969518
793.5 25.860761272893708 23.23757476763422
794.0 25.862162302529107 23.238736619166104
794.5 25.8635535990988 23.239899697011964
795.0 25.864922281599757 23.241054074341623
795.5 25.866352144624546 23.24221519464189
796.0 25.867782478204827 23.243364728216637
796.5 25.86915165736082 23.244522645325407
797.0 25.870569040670915 23.245688422867566
797.5 25.871984058901862 23.246842181797934
798.0 25.873361670776546 23.24799570810159
798.5 25.8747819330557 23.24915754382986
799.0 25.87618746960494 23.250306857240098
799.5 25.877567515147252 23.251476540941674
800.0 25.879013990527913 23.25261989005326
800.5 25.880398069324848 23.253785363301894
801.0 25.881816292841464 23.25494183186514
801.5 25.88323601562656 23.256101251787733
802.0 25.884634011846238 23.257251548863685
802.5 25.886047224102274 23.258409848007418
803.0 25.887454495783334 23.25956790507845
803.5 25.88886239088434 23.260731142554416
804.0 25.89029517011504 23.261881923994792
804.5 25.89171936066969 23.263035375914896
805.0 25.89313191948014 23.264199207977555
805.5 25.894554630321913 23.26535614949647
806.0 25.89597628619704 23.26651468073665
806.5 25.897439438492604 23.26766843989434
807.0 25.89883505783785 23.268827447211557
807.5 25.900276582633197 23.269982742666542
808.0 25.901691252022946 23.27114434326461
