FastTrWP/PhaseSpace/IAs/snIa_0.41_30.00_2.22_0.07.csv
# %ECSV 0.9
# ---
# datatype:
# - {name: time-rel, datatype: float64}
# - {name: g, datatype: float64}
# - {name: i, datatype: float64}
# schema: astropy-2.0
time-rel g i
[from data line 1077]
139.0 23.211596880971168 22.297624512591124
139.5 23.212454372261256 22.297571842631243
140.0 23.213318711314944 22.29752668465681
140.5 23.214167281821556 22.297489624949556
141.0 23.215024603081332 22.297452478292033
141.5 23.215893234494153 22.29740840795561
142.0 23.2167552586189 22.297371901900753
142.5 23.217622356938197 22.29733877457917
143.0 23.218503467412543 22.297305619710514
143.5 23.219383282715867 22.29727293013449
144.0 23.220243322083025 22.297243123060227
144.5 23.22112603640866 22.2972134432488
145.0 23.22201973311089 22.297189776071576
145.5 23.222908380639637 22.297163782341862
146.0 23.223790540096402 22.297139527212934
146.5 23.224685030788773 22.297116441336232
147.0 23.22557419651934 22.297094983706927
147.5 23.226473254274836 22.297080415156177
148.0 23.227368782745565 22.29706835123903
148.5 23.228268111387898 22.297047262292917
149.0 23.22917528057666 22.29703579789359
149.5 23.230087159472536 22.297029522469906
150.0 23.230989840420797 22.297015545637386
150.5 23.23188318624414 22.297004810351208
151.0 23.232802991323037 22.29699786683243
151.5 23.233725116780185 22.296993870880755
152.0 23.23462993139255 22.296983438577254
152.5 23.235558005002737 22.296981019923855
153.0 23.236473491470537 22.296979419588325
153.5 23.237388156970518 22.29698061111688
154.0 23.238314408553805 22.296984852736237
154.5 23.239235099324247 22.29698290894547
155.0 23.240158148955725 22.29698694625398
155.5 23.241076874653928 22.29699549447979
156.0 23.242004350067393 22.29699766885853
156.5 23.242939241736682 22.297003807598305
157.0 23.243874220238993 22.297019410370655
157.5 23.24480405320756 22.297022560058593
158.0 23.24573530672909 22.297039847394867
158.5 23.246667345986445 22.29705693294848
159.0 23.24759933898637 22.297067798207046
159.5 23.248537967143044 22.29707847882072
160.0 23.249470977687192 22.297095920790806
160.5 23.25040645232603 22.297110725756475
161.0 23.251340675637948 22.297125782848575
161.5 23.25228059874822 22.29714985424299
162.0 23.253222657809776 22.297170247524246
162.5 23.254175044609458 22.297189557101717
163.0 23.255110331138376 22.29721681795363
163.5 23.256033678574063 22.29723430631949
164.0 23.256981087099263 22.297259219299413
164.5 23.2579112479197 22.297285551607388
165.0 23.258859540760266 22.297311165107278
165.5 23.259805607087078 22.297336594159848
166.0 23.260742063729317 22.29736347081682
166.5 23.261684525389224 22.29739560596319
167.0 23.262630505455448 22.29742780164773
167.5 23.263568043620246 22.297456203450817
168.0 23.264510053746875 22.297486385945465
168.5 23.26544251745956 22.297523806918804
169.0 23.266386470632746 22.297550116975856
169.5 23.267325118416622 22.297585443384634
170.0 23.268272733238287 22.29762126269273
170.5 23.26920101932393 22.29765797204147
171.0 23.27013752977312 22.297694510714827
171.5 23.271083056307976 22.297726909955013
172.0 23.272016457252704 22.297764711632336
172.5 23.27295976528778 22.29780614165543
173.0 23.273884378376053 22.297844253965486
173.5 23.274826022256853 22.297880020770755
174.0 23.275752024645943 22.297922332117878
174.5 23.276688736295025 22.297967073259915
175.0 23.277619344972983 22.29801025015824
175.5 23.278563983376923 22.298050057811423
176.0 23.27948596644676 22.298095496418995
176.5 23.280424392568012 22.29813822871118
177.0 23.28136413956348 22.298188720890092
177.5 23.28229335019687 22.29823329004752
178.0 23.283230277241543 22.298282755131368
178.5 23.28416109952319 22.29833182070268
179.0 23.285107348468994 22.29838394710628
179.5 23.28604490556444 22.298434441186625
180.0 23.286984523971995 22.298486071203687
180.5 23.287919853627326 22.298545887761637
181.0 23.288851671023878 22.298600177746817
181.5 23.28980130529329 22.298654833831865
182.0 23.290730809563893 22.298715145685797
182.5 23.291680492375626 22.29876792732599
183.0 23.29261924509484 22.29883358862983
183.5 23.293566652032762 22.298892644699325
184.0 23.294502260485643 22.298954057612413
184.5 23.295440135059934 22.299018357787755
185.0 23.296385983926942 22.299079104088335
185.5 23.297336373204303 22.299144466694855
186.0 23.298278980034755 22.299205018664615
186.5 23.29922351117682 22.299271660783127
187.0 23.30015684428172 22.299338332315315
187.5 23.301113249013813 22.29940844881321
188.0 23.30206369806758 22.299478595135366
188.4999999999999 23.302999472518252 22.2995565633523
189.0 23.30394447693303 22.29962574024105
189.5 23.304899501305513 22.299700754617987
189.9999999999999 23.305844464330534 22.299765675453905
190.5 23.30679851349252 22.299841893794383
191.0 23.3077382715242 22.299918590763056
191.4999999999999 23.30868742111835 22.299994355919843
192.0 23.30964119484284 22.300073141984093
192.5 23.310568005637716 22.300148491019726
192.9999999999999 23.31153109677281 22.300231351217185
193.5 23.31248181851879 22.300312486203744
194.0 23.31343949929861 22.30039363180446
194.4999999999999 23.314384464871303 22.300475840185054
195.0 23.315329451609635 22.300559199650827
195.5 23.316290323445838 22.300649833456006
195.9999999999999 23.31723193980501 22.3007370395877
196.5 23.318196784519202 22.300816963186914
197.0 23.319143764540684 22.3009064158064
197.4999999999999 23.32008854762904 22.300994471764547
198.0 23.32104732751592 22.301081355868867
198.5 23.322001159392368 22.301171785416326
198.9999999999999 23.322951144227936 22.30126554116818
199.5 23.323891863957577 22.301353958935177
200.0 23.32485298215922 22.301450641758525
200.4999999999999 23.325804918378704 22.301549215713084
201.0 23.32675405424112 22.301640963455185
201.5 23.327719041527573 22.30173457336963
201.9999999999999 23.32866690781576 22.30183660088229
202.5 23.329623849894197 22.301937446983512
203.0 23.330574722034626 22.30203100398116
203.4999999999999 23.331543165229203 22.302128475567606
204.0 23.332490354138056 22.302228266929557
204.5 23.333444280074875 22.302329817273623
204.9999999999999 23.334404840875578 22.3024356330718
205.5 23.335350608838716 22.302537477337687
206.0 23.33631605216189 22.30263416207571
206.4999999999999 23.337268108072777 22.302748510520892
207.0 23.338223686488234 22.302850127550983
207.5 23.33917528172204 22.302962952023016
207.9999999999999 23.340152998553407 22.303064400204285
208.5 23.341100269619393 22.303178581717273
209.0 23.34205473714625 22.303291862250845
209.4999999999999 23.34301505246411 22.303397303673677
210.0 23.34396592300517 22.303512181245395
210.5 23.344935900762223 22.303627985667234
210.9999999999999 23.345885844903297 22.303738783411696
211.5 23.346854124273225 22.303855108062862
212.0 23.34781349894542 22.303974978129055
212.4999999999999 23.348780203993655 22.304094259084003
213.0 23.349722207459223 22.304206506230997
213.5 23.35067822128066 22.304326942327187
213.9999999999999 23.351643792831084 22.30444537681882
214.5 23.352601637586172 22.304564042596652
215.0 23.353558680859877 22.304688044629998
215.4999999999999 23.3545252183978 22.304814888300804
216.0 23.355500425198876 22.304942929194933
216.5 23.35645191909687 22.305062802843857
216.9999999999999 23.35741201665209 22.305191494136846
217.5 23.35838060269691 22.305321107315375
218.0 23.359339691524163 22.305448847488577
218.4999999999999 23.360299986566865 22.305577421019397
219.0 23.361265014727213 22.30570988778309
219.5 23.362228403227153 22.305844856393517
219.9999999999999 23.363195826802603 22.30597481944013
220.5 23.364167139179525 22.306105254756936
221.0 23.36511611782857 22.306243237323567
221.4999999999999 23.366087194813304 22.306375660462137
222.0 23.36705748402952 22.30651801499006
222.5 23.368015772013422 22.30665463241252
222.9999999999999 23.368979876913944 22.30679110790267
223.5 23.369947357021434 22.306926086049017
224.0 23.370914739456516 22.307071335200874
224.4999999999999 23.371868419892664 22.307209548805055
225.0 23.37285245128871 22.307352163894297
225.5 23.373823125555994 22.3074945191807
225.9999999999999 23.37478757669816 22.307633369687263
226.5 23.375747483541197 22.30778627782442
227.0 23.376716564813623 22.30792755950163
227.4999999999999 23.377684019719965 22.308078325264262
228.0 23.378656299920785 22.308223849541115
228.5 23.37962530822219 22.308372883480594
228.9999999999999 23.380585696684744 22.308517308055155
229.5 23.38156073353457 22.308676544550174
230.0 23.382534796353998 22.308825325373313
230.4999999999999 23.383497591954132 22.308981483527997
231.0 23.3844766412874 22.309133087341028
231.5 23.385433269956945 22.309284947990644
231.9999999999999 23.386402916182995 22.309433844227236
232.5 23.3873755403604 22.30959608719435
233.0 23.38835256612198 22.309743643084712
233.4999999999999 23.389319376715704 22.309907907822044
234.0 23.390289083116134 22.310068690132564
234.5 23.3912664485402 22.310229053334574
234.9999999999999 23.39223429487471 22.31038662885791
235.5 23.39321101242444 22.310548904426778
236.0 23.394185925108637 22.310715827098065
236.4999999999999 23.395152033033387 22.310870816771452
237.0 23.39612715254081 22.311034149646268
237.5 23.397105341383075 22.311196203723448
237.9999999999999 23.398074270277604 22.31136665400087
238.5 23.399045740905 22.311524195049618
239.0 23.400030898176446 22.311696320717097
239.4999999999999 23.400994584643236 22.311866262357594
240.0 23.40197514711806 22.31203031683663
240.5 23.40294714965013 22.312203282877757
240.9999999999999 23.403928891239847 22.312372824028863
241.5 23.404892125475023 22.312544300447733
242.0 23.40587008341521 22.31271787660105
242.4999999999999 23.406838086775153 22.31288680453229
243.0 23.40780692234699 22.31305886950188
243.5 23.408789750924367 22.313230480977857
243.9999999999999 23.409762627673253 22.31341396423014
244.5 23.4107464593247 22.313585912676757
245.0 23.41170999231086 22.313764978082364
245.4999999999999 23.41269223255813 22.313946111704176
246.0 23.41365945677005 22.314126706084384
246.5 23.414643859941098 22.314301368344893
246.9999999999999 23.415609748799806 22.314488542740026
247.5 23.41658166027798 22.31466487829097
248.0 23.41755187434627 22.31484906340446
248.4999999999999 23.418527338930208 22.3150328604553
249.0 23.419502725442634 22.31522133175126
249.5 23.420467556565733 22.315402523812566
249.9999999999999 23.421443751308573 22.3155939756453
250.5 23.422419662222048 22.315783108986217
251.0 23.423409742891774 22.315969823334626
251.4999999999999 23.424354741503173 22.316158586058027
252.0 23.425340643389532 22.316346622504003
252.5 23.426318515010948 22.316542882830788
252.9999999999999 23.427277513855547 22.316732933633546
253.5 23.428269872786185 22.31692692813413
254.0 23.429233339287983 22.317122523754694
254.4999999999999 23.43021525728132 22.317316265323242
255.0 23.431187777730035 22.317518870898763
255.5 23.432159263318507 22.317713433507535
255.9999999999999 23.43312943981043 22.317910964570178
256.5 23.434109376973886 22.318104787195445
257.0 23.43508143949243 22.318309467835014
257.4999999999999 23.436070206615636 22.31851408697727
258.0 23.437044811786343 22.31871209651562
258.5 23.438020376107165 22.318910373943922
258.9999999999999 23.439000698052173 22.319119561515972
259.5 23.43998238801177 22.319318931592676
260.0 23.440953143833347 22.31952800953145
260.4999999999999 23.44193669431149 22.319729451076675
261.0 23.442922686144247 22.31994046537762
261.5 23.44390351064404 22.320144168080695
261.9999999999999 23.444883427366694 22.320351451029662
262.5 23.445876705541732 22.32056011028466
263.0 23.44684548743924 22.320773974863314
263.4999999999999 23.44782547630784 22.320983412670763
264.0 23.4488273501772 22.32120220857763
264.5 23.449809138355473 22.321411429218138
264.9999999999999 23.450791923613735 22.32161691014023
265.5 23.451777315141523 22.32183988116722
266.0 23.452770828767665 22.32205187415897
266.4999999999999 23.45376139819557 22.322271725951964
267.0 23.454750039992533 22.32248664148965
267.5 23.455748516760877 22.322703060744576
267.9999999999999 23.45673369585186 22.322925231694907
268.5 23.457733134583442 22.323139403567186
269.0 23.458727127012537 22.323360140105457
269.4999999999999 23.459716952476157 22.323585326254104
270.0 23.46071018077964 22.323806356654753
270.5 23.46170823468031 22.324025819081005
270.9999999999999 23.462720603979186 22.324255741343894
271.5 23.46371358847504 22.324476814422162
272.0 23.464706496534102 22.324701019344634
272.4999999999999 23.46571428656784 22.324930779054647
273.0 23.466723994437398 22.325152057339874
273.5 23.467726863246078 22.325376656786172
273.9999999999999 23.468724710093795 22.325610395557504
274.5 23.46974229490813 22.325842953293012
275.0 23.470752991883042 22.326067166286386
275.4999999999999 23.471752148623615 22.32629983329266
276.0 23.472763850700893 22.32653319387664
276.5 23.473782863023427 22.32676429975681
276.9999999999999 23.474789899111947 22.32699905163759
277.5 23.475810712532933 22.327230031563886
278.0 23.476823268289188 22.327468283069397
278.4999999999999 23.47783035220251 22.327694636222365
279.0 23.478845279576728 22.32794241556747
279.5 23.47987093512152 22.32818027356832
279.9999999999999 23.48088795472759 22.328422322269468
280.5 23.48191061086901 22.32865945404913
281.0 23.482926394639414 22.328896074376637
281.4999999999999 23.483954159512376 22.329141171235367
282.0 23.484968912737024 22.32938061481304
282.5 23.485997213459136 22.32962505291781
282.9999999999999 23.487022784210684 22.329868671474205
283.5 23.488035231593383 22.33011190855811
284.0 23.489060111372197 22.33035938122311
284.4999999999999 23.490084742814243 22.330608920167773
285.0 23.49111180367793 22.330860115478103
285.5 23.492150546210702 22.33110127202043
285.9999999999999 23.49316459056029 22.331358391504207
286.5 23.494193348720515 22.331603999253087
287.0 23.495239100739006 22.331861822493437
287.4999999999999 23.496250190215576 22.33211165284007
288.0 23.497290309141306 22.33236646469761
288.5 23.49832030634575 22.332618703644794
288.9999999999999 23.499345360570366 22.33287449138875
289.5 23.500384297646594 22.333131974684846
290.0 23.501416684974053 22.333396457986588
290.4999999999999 23.502453912550564 22.33364189159804
291.0 23.503498027233 22.3339044626784
291.5 23.504541206938512 22.33415798669594
291.9999999999999 23.505575459173787 22.334420444930373
292.5 23.506620180914453 22.33468048079239
293.0 23.50765560165491 22.334943968197777
293.4999999999999 23.508699972183507 22.33521104812326
294.0 23.509741607175194 22.335472888948907
294.5 23.51078841630743 22.335734658780137
294.9999999999999 23.511825783905987 22.335998283916545
295.5 23.512877331138814 22.336267672470814
296.0 23.513930203592682 22.33652900309594
296.4999999999999 23.51496749820409 22.336801756277712
297.0 23.516024808062546 22.337064754664517
297.5 23.517069102269197 22.337341594961902
297.9999999999999 23.51811648131587 22.337611490999706
298.5 23.51916801562964 22.337876089732536
299.0 23.520223722155997 22.338147044987945
299.4999999999999 23.521267260232737 22.338424201704257
300.0 23.522342757221665 22.338702291385893
300.5 23.52338159669131 22.33896434038559
300.9999999999999 23.524450148252917 22.33924545755297
301.5 23.525510105696995 22.339525290846723
302.0 23.52656547837808 22.33979460879814
302.4999999999999 23.527631027447036 22.340072301365588
303.0 23.528674451001464 22.340355733289023
303.5 23.52975832964122 22.34063139141778
303.9999999999999 23.530820076930517 22.34091060012682
304.5 23.531883963336764 22.341191107401244
305.0 23.5329462782463 22.341473426094755
305.4999999999999 23.53401511708631 22.341750717272237
306.0 23.53507689158959 22.342035933988747
306.5 23.53615209504541 22.342320166767642
306.9999999999999 23.537232435892562 22.342599375377258
307.5 23.538295192619636 22.342888161031652
308.0 23.539372441763142 22.34317492157739
308.4999999999999 23.540455205702557 22.34346387475673
309.0 23.541543053171697 22.343737543003055
309.5 23.542600071858452 22.344034284545792
309.9999999999999 23.54368486832884 22.344321907715383
310.5 23.544767696955148 22.344607667768397
311.0 23.545838803793963 22.344900746760644
311.4999999999999 23.546920635414985 22.34518883900149
