FastTrWP/PhaseSpace/IAs/snIa_0.36_30.00_0.69_-0.08.csv
# %ECSV 0.9
# ---
# datatype:
# - {name: time-rel, datatype: float64}
# - {name: g, datatype: float64}
# - {name: i, datatype: float64}
# schema: astropy-2.0
time-rel g i
[from data line 1075]
112.5 22.894530006683013 22.584789706767094
113.0 22.89535058069842 22.584689758101394
113.5 22.896165591407822 22.584580470713806
114.0 22.896985906519603 22.584485161142172
114.5 22.89781377900033 22.584386141459696
115.0 22.89864527076317 22.58428411108781
115.5 22.89946684950454 22.584196139451013
116.0 22.900303496361474 22.58411138269434
116.5 22.901124938436265 22.58401254760258
117.0 22.901966938655782 22.5839267004533
117.5 22.902801554795218 22.583845083159165
118.0 22.903633472600763 22.583757847419555
118.5 22.904480335751177 22.58368087693675
119.0 22.905320158614167 22.58359423178546
119.5 22.906157731325536 22.58351161209305
120.0 22.90700659299184 22.583429260109686
120.5 22.90785239758798 22.583359289510962
121.0 22.908694091020678 22.583282188415758
121.5 22.909542336742064 22.58321217458079
122.0 22.910384554329326 22.583138158856162
122.5 22.911236986807996 22.583068930069246
123.0 22.912092365853685 22.582998285991785
123.5 22.912943709208275 22.582938807544192
124.0 22.913795057409637 22.582871284818722
124.5 22.91465491305037 22.582811612717567
125.0 22.915498388950297 22.582751405822204
125.5 22.916356152503788 22.58269517169801
126.0 22.917220352109588 22.582633294960385
126.5 22.91806845890955 22.58257825881167
127.0 22.91893173970179 22.5825227132841
127.5 22.919790946613222 22.582469653987054
128.0 22.920652945229207 22.582422295885305
128.5 22.92150379612348 22.582368285638758
129.0 22.92236560757269 22.582322170833407
129.5 22.92322556274401 22.582266693587062
130.0 22.924092204628714 22.582235660037753
130.5 22.924956337565142 22.58218991076978
131.0 22.92581802349587 22.58214569304719
131.5 22.926688311131226 22.582112686391657
132.0 22.927564853202625 22.58206995940207
132.5 22.928428686940133 22.582045416171425
133.0 22.929305182021874 22.58201160892088
133.5 22.930180153183876 22.581976378856353
134.0 22.931060375241202 22.58195063269047
134.5 22.931939563824542 22.581921201027736
135.0 22.93282065768497 22.58189060503048
135.5 22.933711555380544 22.581863402995495
136.0 22.93459286230228 22.58185237476052
136.5 22.93548053113757 22.581829222920963
137.0 22.93637180172532 22.581801159975427
137.5 22.93726803066585 22.58179620810179
138.0 22.938158601972653 22.581778274077994
138.5 22.939050583730012 22.581764269418308
139.0 22.939950733527134 22.581750148153255
139.5 22.940838808059183 22.581734297857064
140.0 22.941746996236088 22.581731531283857
140.5 22.942649961675713 22.58172613736532
141.0 22.94354384836799 22.581727178832107
141.5 22.944459044372806 22.581719547807623
142.0 22.945374971662353 22.58171850181824
142.5 22.94627584059448 22.581718598324315
143.0 22.947179759959056 22.581718805190665
143.5 22.948102564556642 22.581733248785877
144.0 22.949012391982173 22.581738555345158
144.4999999999999 22.949940663746666 22.58173616661253
145.0 22.950847857562174 22.581746664434807
145.5 22.951769708903228 22.581761521354572
145.9999999999999 22.95268924774063 22.581771481417455
146.5 22.953621593567924 22.581787560534195
147.0 22.954542489099943 22.581802250844525
147.4999999999999 22.95545668097493 22.581821508488243
148.0 22.956394100620678 22.581838530905372
148.5 22.957319236818854 22.581862320741592
148.9999999999999 22.95826125103082 22.581878072331133
149.5 22.95918994172766 22.58190731658612
150.0 22.960123498515802 22.581929757274423
150.4999999999999 22.961065691105404 22.58195742972226
151.0 22.96199770147359 22.581988919363557
151.5 22.96293999835287 22.582021308716016
151.9999999999999 22.963874070610878 22.58205619191413
152.5 22.964819367476576 22.58208546690709
153.0 22.965771650263864 22.582127523532527
153.4999999999999 22.966716322127773 22.582157994014924
154.0 22.96766622905201 22.582205256663297
154.5 22.968620589125138 22.582239394653026
154.9999999999999 22.969567335354235 22.582282008093255
155.5 22.970513608922776 22.58232317961746
156.0 22.971474127089863 22.582373747754787
156.4999999999999 22.972430393582112 22.58242040901136
157.0 22.97338639026394 22.582473921910314
157.5 22.974347905444713 22.582516196210577
157.9999999999999 22.975318344353376 22.582575482106265
158.5 22.976268995054212 22.582625586517562
159.0 22.977238333611613 22.582677027204
159.4999999999999 22.978194621890083 22.58273660567695
160.0 22.979166083063575 22.582800538185715
160.5 22.980139131122538 22.582861707350084
160.9999999999999 22.981099458098456 22.58292372769338
161.5 22.98208102216867 22.582979186006654
162.0 22.983064781576843 22.583045533432905
162.4999999999999 22.98403576209239 22.58311347256101
163.0 22.985000522818613 22.583180808842123
163.5 22.985980186027383 22.583251952278335
163.9999999999999 22.98697750698578 22.583325519908794
164.5 22.987951135778225 22.58339479894039
165.0 22.98893731052509 22.58347256743409
165.4999999999999 22.989917956820968 22.583546575051127
166.0 22.99091156094445 22.583629256755767
166.5 22.99190436664071 22.583709670093278
166.9999999999999 22.99289785578938 22.58379110666747
167.5 22.993896332063937 22.583881248655008
168.0 22.99488407245424 22.58395446553824
168.4999999999999 22.995884507472827 22.584047746340804
169.0 22.996895771393163 22.584136714496612
169.5 22.997897923328452 22.584228216817625
169.9999999999999 22.998899072529547 22.584321486407163
170.5 22.99990924954787 22.58441405783412
171.0 23.000915715148782 22.58451316876178
171.4999999999999 23.00192588861138 22.584612548192382
172.0 23.002945139864217 22.58471146524669
172.5 23.003956871506304 22.584811160345794
172.9999999999999 23.00496486201066 22.58491349732344
173.5 23.005989601686878 22.58501557856991
174.0 23.007002931245278 22.58512326395355
174.4999999999999 23.00803115378464 22.585229541770406
175.0 23.009054796959294 22.585335340953776
175.5 23.010082858446786 22.58544692124181
175.9999999999999 23.011109612934316 22.585565149709407
176.5 23.01213478345886 22.58568064361502
177.0 23.013159228499216 22.58579732413944
177.4999999999999 23.014198059984352 22.585909526406326
178.0 23.015229945852845 22.586030149645907
178.5 23.016263914606295 22.58615030764275
178.9999999999999 23.01730085911599 22.586275693107368
179.5 23.01834094178275 22.586397714546486
180.0 23.01938723444077 22.586522160118356
180.4999999999999 23.020427103008494 22.586650305351306
181.0 23.02147067870053 22.586778509555593
181.5 23.02250999931666 22.58690357027264
181.9999999999999 23.023565539246658 22.587041417403558
182.5 23.024605630450672 22.587181973923585
183.0 23.02566628564191 22.587309671788304
183.4999999999999 23.02672342268375 22.587444564995756
184.0 23.02777178023621 22.587585537748417
184.5 23.028826225560746 22.587719099557276
184.9999999999999 23.029886894958732 22.58787317865505
185.5 23.030946175276448 22.58800836609541
186.0 23.03200370021409 22.58815878267771
186.4999999999999 23.033057379012185 22.58830348138753
187.0 23.034126181211878 22.58844730948512
187.5 23.035186016361365 22.58859489516683
187.9999999999999 23.036259937742575 22.588740480042784
188.5 23.037325460131683 22.58889382459437
189.0 23.03839930740695 22.589047424505196
189.4999999999999 23.039469812272827 22.589198630078577
190.0 23.04053729307336 22.58936548514203
190.5 23.04162120187459 22.589518637088013
190.9999999999999 23.04269072935268 22.589682316162193
191.5 23.04377325078785 22.589844982721395
192.0 23.044853319833987 22.59000808416589
192.4999999999999 23.04593014833599 22.590171255428267
193.0 23.04701221699938 22.59032974514769
193.5 23.04809845327845 22.590503603021798
193.9999999999999 23.049183933452074 22.590665442415315
194.5 23.050262931475338 22.590839914935493
195.0 23.05135424218431 22.591010425846786
195.4999999999999 23.0524366774476 22.591179694807323
196.0 23.053531921736642 22.59135464575733
196.5 23.05463285392763 22.59152266565563
196.9999999999999 23.055731226449186 22.59170274967937
197.5 23.05683569716529 22.591892580707572
198.0 23.05793055827728 22.59206498686496
198.4999999999999 23.059047993544752 22.59224677627873
199.0 23.0601531729858 22.592435588492176
199.5 23.061262630159078 22.592606894367535
199.9999999999999 23.062372869761965 22.59280103287655
200.5 23.06349794572027 22.59298960361358
201.0 23.064603545678423 22.593170220418397
201.4999999999999 23.065731728044323 22.593363547444206
202.0 23.066856631161965 22.593555034078054
202.5 23.06797475493593 22.59374381169454
202.9999999999999 23.069108905618503 22.593940724493912
203.5 23.070236659469543 22.594139141959978
204.0 23.071357747200636 22.594333099991854
204.4999999999999 23.072498211677328 22.594539389974347
205.0 23.073623125323373 22.594731258239456
205.5 23.074763843923442 22.594941744349008
205.9999999999999 23.07590056842976 22.59515714976083
206.5 23.077043930490206 22.595352312143284
207.0 23.078185221640467 22.595557038233007
207.4999999999999 23.079318154740697 22.595772947877137
208.0 23.080466112757605 22.595975436240032
208.5 23.08162282898604 22.59618434520695
208.9999999999999 23.082767346301086 22.596407269072238
209.5 23.0839128468492 22.59661504986182
210.0 23.085061247575972 22.596840966060277
210.4999999999999 23.08620933134288 22.59705468806107
211.0 23.087366269174822 22.597284819890398
211.5 23.08852254404668 22.597502101079204
211.9999999999999 23.089675416247132 22.597718632797978
212.5 23.090826076948265 22.597944621255195
213.0 23.092002519967856 22.59817908579776
213.4999999999999 23.093155161175147 22.598401379623244
214.0 23.09431039671064 22.59863532744501
214.5 23.095480167587898 22.598872693969692
214.9999999999999 23.09663661497443 22.59909779538986
215.5 23.097796986836077 22.599333975255643
216.0 23.098970480776465 22.59957884935822
216.4999999999999 23.1001257977847 22.599817880087663
217.0 23.101305844540384 22.600065119132577
217.5 23.102460012858415 22.600305931070363
217.9999999999999 23.103634389873502 22.600553787147536
218.5 23.104803524010755 22.60079600503222
219.0 23.105969776484017 22.60104483699169
219.4999999999999 23.107141666345665 22.601300367352177
220.0 23.108304011920417 22.601554269240644
220.5 23.1094750608761 22.601795192270288
220.9999999999999 23.110657648629296 22.602062625700437
221.5 23.111823273963033 22.602318226861083
222.0 23.112990675292252 22.602585325816882
222.4999999999999 23.1141636351104 22.602837412985547
223.0 23.115325882577878 22.603103254911936
223.5 23.116506746368437 22.603371305024467
223.9999999999999 23.117690046519964 22.603646727370542
224.5 23.118853076784713 22.603912097878712
225.0 23.12003044200207 22.60418805919042
225.4999999999999 23.12120126657332 22.60445785382039
226.0 23.12237011539724 22.604728338423765
226.5 23.123545192187237 22.605011001493075
226.9999999999999 23.12471237232547 22.60529886847438
227.5 23.125892913184195 22.605574413765154
228.0 23.127061066428297 22.60586335825279
228.4999999999999 23.128238321328762 22.60613937730692
229.0 23.12942307673569 22.606431382138563
229.5 23.13059928954804 22.606724095167475
229.9999999999999 23.131767347059906 22.607010138946766
230.5 23.132947454739472 22.607299708786798
231.0 23.13413121887143 22.607602360782696
231.4999999999999 23.135313850917562 22.607899296547004
232.0 23.1365041601077 22.608198219675035
232.5 23.13767573140252 22.60849856964708
232.9999999999999 23.13886627556514 22.608801991181604
233.5 23.14005705469927 22.609105348865363
234.0 23.141240394448793 22.609416556530668
234.4999999999999 23.142425981508268 22.609722573411556
235.0 23.143612764701786 22.610032025489243
235.5 23.14480773484525 22.610347909391436
235.9999999999999 23.14599540547656 22.61065416791563
236.5 23.147190985752502 22.610979927947653
237.0 23.148368323621675 22.61129271661901
237.4999999999999 23.149574415911584 22.611612213984106
238.0 23.150769656537683 22.611939226829264
238.5 23.151975868813615 22.612261175153833
238.9999999999999 23.15315528459535 22.612572382166533
239.5 23.15435733523873 22.612909851481188
240.0 23.15556141631156 22.613241638913863
240.4999999999999 23.15675437451713 22.61356854915728
241.0 23.157960036687108 22.61391116212245
241.5 23.159155267707252 22.614240277610417
241.9999999999999 23.160355036548644 22.614585225633277
242.5 23.16156162801173 22.614922559333483
243.0 23.162757409339505 22.61525444153852
243.4999999999999 23.163966539864905 22.615596274431336
244.0 23.1651771745533 22.615936468779903
244.5 23.16638869140546 22.61629003864986
244.9999999999999 23.167589982335738 22.61662869961686
245.5 23.16879673727968 22.616977547519916
246.0 23.170003881131617 22.61734102650056
246.4999999999999 23.171209466735704 22.617688286609386
247.0 23.172419705072528 22.618049279364186
247.5 23.173628215661005 22.61839929111141
247.9999999999999 23.17482861774613 22.61876081711104
248.5 23.176054849016666 22.619117249370024
249.0 23.177268071136602 22.61947420166543
249.4999999999999 23.178467466864827 22.61984711768622
250.0 23.179685826157804 22.62021183588791
250.5 23.180909663895267 22.620578729213925
250.9999999999999 23.182126598633744 22.620945650580722
251.5 23.18333962640876 22.62131834498949
252.0 23.184552079422936 22.62169369776677
252.4999999999999 23.185766526164624 22.622069251398717
253.0 23.186989602692098 22.622436083972296
253.5 23.18820570163532 22.622824459631143
253.9999999999999 23.189429171551453 22.62319491623067
254.5 23.190634473458882 22.623578010744975
255.0 23.19185995164962 22.623957346473063
255.4999999999999 23.193081971133754 22.624349385469927
256.0 23.194297864627544 22.62472906069374
256.5 23.19552318474954 22.62512487425313
256.9999999999999 23.196732258550124 22.625511767067454
257.5 23.197957870573433 22.625907091952143
258.0 23.19918355599483 22.62630117425602
258.4999999999999 23.20042099261482 22.626696385745447
259.0 23.201629053850112 22.627095915715092
259.5 23.202858929197685 22.627496563331988
259.9999999999999 23.204082165456366 22.627891669349548
260.5 23.205307440188797 22.62830107479622
261.0 23.206524004045722 22.628704175351672
261.4999999999999 23.207753335135553 22.629108764812468
262.0 23.20898977011133 22.629517796270143
262.5 23.210208405752656 22.62992789381013
262.9999999999999 23.211437924600467 22.630340743322186
263.5 23.212670249981233 22.630758413844386
264.0 23.21389351000016 22.631175246239664
264.4999999999999 23.21513228319544 22.631594069904434
265.0 23.21635478988179 22.632014624261227
265.5 23.21759042378289 22.632442039478192
265.9999999999999 23.218825579180876 22.632861739445623
266.5 23.2200503028033 22.633287351078057
267.0 23.221288306000687 22.63371832083617
267.4999999999999 23.222520870208538 22.634146618610075
268.0 23.223746409658112 22.634580312668415
268.5 23.224996195795438 22.63501457927184
268.9999999999999 23.226213229567236 22.635437729829697
269.5 23.227463693836757 22.635888222777076
270.0 23.228703493288965 22.636332933548672
270.4999999999999 23.229937269746014 22.636767020965603
271.0 23.231176973105285 22.637216576309278
271.5 23.2324162910311 22.6376559534828
271.9999999999999 23.233662789759485 22.63810639744939
272.5 23.234892594642247 22.638557649981095
273.0 23.23613842969809 22.63901487312699
273.4999999999999 23.237379349461907 22.639460259364256
274.0 23.238615880690844 22.639920123844767
274.5 23.23987232363241 22.640373136846815
274.9999999999999 23.241111612813953 22.640835187065463
275.5 23.242351295244326 22.64129427615496
276.0 23.243597108777223 22.641765562195882
276.4999999999999 23.244848490991103 22.642220122239976
277.0 23.24609783663022 22.642687202696308
277.5 23.247345038854416 22.643154655536538
277.9999999999999 23.248605760102908 22.64362608766949
278.5 23.24986044635816 22.644097500139885
279.0 23.25109960480857 22.64457687959645
279.4999999999999 23.252354241887684 22.645044128950822
280.0 23.253603975799656 22.645518353745867
280.5 23.25484955588572 22.645997144798045
280.9999999999999 23.25610644490752 22.64648096151827
281.5 23.2573585939493 22.64696139362758
282.0 23.258608853729513 22.647448197458058
282.4999999999999 23.259871287914017 22.647927806288504
283.0 23.261130392208894 22.648418606890477
283.5 23.26238587174106 22.648907626936538
