FastTrWP/PhaseSpace/IAs/snIa_0.33_30.00_-0.16_-0.06.csv
# %ECSV 0.9
# ---
# datatype:
# - {name: time-rel, datatype: float64}
# - {name: g, datatype: float64}
# - {name: i, datatype: float64}
# schema: astropy-2.0
time-rel g i
[from data line 1345]
876.3124999999999 23.210734333498415 22.675122879978442
876.8125 23.21220198428204 22.67583709862042
877.3125 23.213690160413016 22.676561811487616
877.8124999999999 23.215175110785804 22.677301441298134
878.3125 23.216645260499178 22.67802837044811
878.8125 23.218128365081384 22.678765215214447
879.3124999999999 23.219609439610554 22.679513154798542
879.8125 23.221107265945253 22.680253071161715
880.3125 23.222587947043877 22.68099111177312
880.8124999999999 23.224082236348757 22.68173452770354
881.3125 23.225571595858213 22.68248847380578
881.8125 23.227078685312126 22.683237891994253
882.3124999999999 23.22855389969149 22.68399302727711
882.8125 23.230054828641748 22.684755956254076
883.3125 23.231558946873136 22.68551075763807
883.8124999999999 23.23305595201095 22.686273829879124
884.3125 23.234559528854707 22.687039791854883
884.8125 23.23606263068846 22.687815745381098
885.3124999999999 23.23756231748172 22.68858280224055
885.8125 23.23905983213588 22.689356215823896
886.3125 23.24056742628894 22.690138382216354
886.8124999999999 23.2420640318497 22.690922167580826
887.3125 23.243586536009584 22.691702967427787
887.8125 23.24508430606601 22.69249431775767
888.3124999999999 23.246614289893405 22.693289616714974
888.8125 23.248111227268176 22.694068912767168
889.3125 23.24963925342315 22.69486586913501
889.8124999999999 23.251150096746464 22.69567303148719
890.3125 23.252668595445595 22.69648447783378
890.8125 23.2541887438863 22.697284975001985
891.3124999999999 23.255700219426863 22.698095202405074
891.8125 23.25722404461631 22.698908333311163
892.3125 23.25874924937686 22.699719234487468
892.8124999999999 23.26026242546309 22.700549910667146
893.3125 23.26179386933363 22.701373400410063
893.8125 23.26332925518617 22.702196332038582
894.3124999999999 23.26486921180164 22.70301993006203
894.8125 23.266388467143386 22.703852396230594
895.3125 23.267923007303853 22.704676509129506
895.8124999999999 23.269462494101468 22.705524654038438
896.3125 23.270987150291432 22.706364780333885
896.8125 23.272531022125786 22.70720466441685
897.3124999999999 23.27406673078916 22.70805936333575
897.8125 23.275608764999113 22.70890030869328
898.3125 23.277146017557918 22.709752408692566
898.8124999999999 23.278694584675996 22.710606402608178
899.3125 23.28023980375447 22.711471890205534
899.8125 23.281786802946634 22.712333122927753
900.3124999999999 23.283319793827953 22.7131967483226
900.8125 23.284887678201784 22.714067208789043
901.3125 23.286418493316525 22.714937722147166
901.8124999999999 23.28798981901304 22.715818135428925
902.3125 23.289528104620125 22.716697264865605
902.8125 23.291105883470905 22.71756353477059
903.3124999999999 23.292660458648005 22.718448493617267
903.8125 23.294216676673255 22.719338076839023
904.3125 23.295778301668648 22.720225160733413
904.8124999999999 23.29734760541601 22.721119873578107
905.3125 23.29891589398365 22.722017273571495
905.8125 23.300471974865857 22.722918143271773
906.3124999999999 23.302049624002798 22.7238147759393
906.8125 23.30361825477214 22.724716155135496
907.3125 23.305178525106797 22.725629071874046
907.8124999999999 23.30676891534802 22.726536201537527
908.3125 23.308341349497308 22.727444586467428
908.8125 23.30991106249096 22.72836549609096
909.3124999999999 23.311496044038982 22.729284339156678
909.8125 23.313074055712704 22.730212658823366
910.3125 23.314653446525796 22.73112736889461
910.8124999999999 23.316244822302913 22.732065714755482
911.3125 23.317836546594958 22.732989822771046
911.8125 23.319427170755755 22.733924727493232
912.3124999999999 23.321016050044943 22.73486484252803
912.8125 23.32261110661789 22.735813038405762
913.3125 23.324206983807887 22.736756052976347
913.8124999999999 23.325795486433574 22.737694730453754
914.3125 23.327397856570826 22.738642567990368
914.8125 23.329001645885143 22.73959659134341
915.3124999999999 23.33060175788027 22.74054713690424
915.8125 23.332204230672712 22.741509018324095
916.3125 23.333809352706197 22.7424686071924
916.8124999999999 23.335430974102497 22.743439558034304
917.3125 23.337037819761875 22.744412566721792
917.8125 23.33865373570717 22.745395652639825
918.3124999999999 23.340269946581266 22.746377429866563
918.8125 23.34189329459479 22.74738032047985
919.3125 23.34349996250633 22.748370175711784
919.8124999999999 23.34513497604658 22.749371371074368
920.3125 23.346764221007078 22.750371764227033
920.8125 23.348392990216787 22.75138976427156
921.3124999999999 23.350022890270846 22.75240715265291
921.8125 23.351659065980943 22.753423406344947
922.3125 23.35328734915796 22.7544439826802
922.8124999999999 23.354921636850303 22.755479236795285
923.3125 23.356564990349877 22.75651506114855
923.8125 23.35820916369936 22.757544484276874
924.3124999999999 23.35985019801655 22.758590028297803
924.8125 23.36148463860264 22.759633658516307
925.3125 23.363150584611205 22.76067841460918
925.8124999999999 23.364792226750545 22.761725075180653
926.3125 23.36644729054779 22.762784311761642
926.8125 23.36808935049571 22.763847766023808
927.3124999999999 23.36975996395589 22.764904239326956
927.8125 23.37141257197147 22.7659707171027
928.3125 23.373069203826464 22.767039381790447
928.8124999999999 23.37473578967527 22.768103750133676
929.3125 23.376406986497543 22.76919059625605
929.8125 23.37806674924025 22.770258862630097
930.3124999999999 23.379730239072956 22.771334772722366
930.8125 23.381402140460835 22.772421372440178
931.3125 23.383076720376597 22.773507429256764
931.8124999999999 23.38473761328774 22.774584911322805
932.3125 23.386411251964073 22.77567024169764
932.8125 23.388087983215865 22.776766380418128
933.3124999999999 23.389777546508377 22.777853549657774
933.8125 23.391449880972218 22.778945441929164
934.3125 23.39313137996466 22.78004769948557
934.8124999999999 23.394813017505722 22.78114185291853
935.3125 23.396487100192825 22.782236832134302
935.8125 23.3981866097226 22.78333226345906
936.3124999999999 23.399864169759365 22.784430738339
936.8125 23.401554076864016 22.785539799150172
937.3125 23.40324829549582 22.78663062987707
937.8124999999999 23.404938529519775 22.787735571158663
938.3125 23.406623721178747 22.788846796567626
938.8125 23.40831805618248 22.789931865840018
939.3124999999999 23.41001190672992 22.79104518470765
939.8125 23.41170685955349 22.792147131833506
940.3125 23.413406766743773 22.793245712504785
940.8124999999999 23.415101501402532 22.79435088296712
941.3125 23.416806674232767 22.795450663454105
941.8125 23.41850457155301 22.79654737519437
942.3124999999999 23.42020265852061 22.797654171070146
942.8125 23.421905897522986 22.798755961481202
943.3125 23.423616799372052 22.799864252816164
943.8124999999999 23.42531506531092 22.80095038890668
944.3125 23.42701633040466 22.80205203485653
944.8125 23.428732814981444 22.80315430353946
945.3124999999999 23.430431199367888 22.804248187608813
945.8125 23.432142910480472 22.80533881072344
946.3125 23.433847407264178 22.80642783066597
946.8124999999999 23.435572702877792 22.807530609978773
947.3125 23.437272660349056 22.8086144360447
947.8125 23.43898522641997 22.80970126714873
948.3124999999999 23.44069126594478 22.810798957397136
948.8125 23.442407503441515 22.811892387008577
949.3125 23.444132461130728 22.81298853564808
949.8124999999999 23.445852294366635 22.81409069524217
950.3125 23.447576277027487 22.81517864706796
950.8125 23.449302829007866 22.81628525675519
951.3124999999999 23.45101365794198 22.817397034780438
951.8125 23.452752063723572 22.818497365269938
952.3125 23.45446642339939 22.819605443166612
952.8124999999999 23.45619954569701 22.820714568458712
953.3125 23.457931494122313 22.82182824341934
953.8125 23.459662982332826 22.822935896107353
954.3124999999999 23.461386681881436 22.82405169010348
954.8125 23.463129613841854 22.825172510032807
955.3125 23.464863680864276 22.82629103791485
955.8124999999999 23.466606233271033 22.827405543564456
956.3125 23.468346529267837 22.828525203445103
956.8125 23.470079268116525 22.8296411222734
957.3124999999999 23.471829721919523 22.830763130877273
957.8125 23.473563329619974 22.831891771349294
958.3125 23.475315228547107 22.8330121707079
958.8124999999999 23.47706656183817 22.834137611050885
959.3125 23.4788162573423 22.835262039276696
959.8125 23.480568608428996 22.83638788930839
960.3124999999999 23.48232044796362 22.837515535718566
960.8125 23.48406822663253 22.838643337929348
961.3125 23.485825512389322 22.839765015036924
961.8124999999999 23.487580132784437 22.84088701634292
962.3125 23.489334558554628 22.842019751223436
962.8125 23.491092161362825 22.84314308305937
963.3124999999999 23.492863858686196 22.8442819214844
963.8125 23.494622385224137 22.845406219629126
964.3125 23.49637779187958 22.84653565237186
964.8124999999999 23.49814612065465 22.847664176998247
965.3125 23.499915002659975 22.848785869683837
965.8125 23.501678165320996 22.84991701421938
966.3124999999999 23.50344377106333 22.85103462021164
966.8125 23.50521670687335 22.85216646125834
967.3125 23.50698668069218 22.853285002509107
967.8124999999999 23.508756696084653 22.85441480940711
968.3125 23.51053895582048 22.855535963160523
968.8125 23.512297004824067 22.85665586530216
969.3124999999999 23.51407847290737 22.857786927587462
969.8125 23.515858417025175 22.858907163551194
970.3125 23.517631543052083 22.860032232251722
970.8124999999999 23.51941514123688 22.86115440825881
971.3125 23.52118396876449 22.86227089467918
971.8125 23.522974548134602 22.863382149218594
972.3124999999999 23.524758563280365 22.86450042145607
972.8125 23.526527461292122 22.86560966941311
973.3125 23.52832388461308 22.866729621074473
973.8124999999999 23.530115036585148 22.867837655011098
974.3125 23.53189837994551 22.868946382192455
974.8125 23.533683330576388 22.870052411689056
975.3124999999999 23.53547223340084 22.871153146088538
975.8125 23.53726034760117 22.872263682794642
976.3125 23.53904360795778 22.87335716936582
976.8124999999999 23.540843545395568 22.874463507533207
977.3125 23.542630450571007 22.875547097196293
977.8125 23.54442316691039 22.87664188979839
978.3124999999999 23.546234868685055 22.877738911953806
978.8125 23.548019766488085 22.878825711829375
979.3125 23.549829522972875 22.879910701339263
979.8124999999999 23.551599490308078 22.88100526912269
980.3125 23.553408756462318 22.88208307555959
980.8125 23.555205294714163 22.883171295782972
981.3124999999999 23.55700860707122 22.88424869605942
981.8125 23.558801220590617 22.885328814102472
982.3125 23.560602317597304 22.886411686672716
982.8124999999999 23.562411304964993 22.88748830122897
983.3125 23.564210617102205 22.88857215010102
983.8125 23.566020550260113 22.889645546946497
984.3124999999999 23.56782100393057 22.890721551477746
984.8125 23.569621261260863 22.89179795387605
985.3125 23.57143794863195 22.892870140593704
985.8124999999999 23.57325192600763 22.89394731786654
986.3125 23.57504688487111 22.895007442442274
986.8125 23.576873454987503 22.896080305484503
987.3124999999999 23.578686193844685 22.89714985532907
987.8125 23.58049932875354 22.89821322601786
988.3125 23.58230471143399 22.899284072203866
988.8124999999999 23.58412822549983 22.900346921805554
989.3125 23.58594117553426 22.901415337003215
989.8125 23.587760155418596 22.902472626501577
990.3124999999999 23.589576689893423 22.903537204807183
990.8125 23.591388744168064 22.904600350165467
991.3125 23.59321602980335 22.905665442703942
991.8124999999999 23.59504456618272 22.90672632808658
992.3125 23.596868159023018 22.907778101445757
992.8125 23.59870360676908 22.908830861411545
993.3124999999999 23.600522909642482 22.909895029631432
993.8125 23.60235978797064 22.91095122673473
994.3125 23.6041732779125 22.911997576913162
994.8124999999999 23.6060123481383 22.91305368448304
995.3125 23.607833710712413 22.91410891795875
995.8125 23.609672450049178 22.9151525542367
996.3124999999999 23.611512162273314 22.91620477901608
996.8125 23.613345073145787 22.917256824121566
997.3125 23.6151836362231 22.9183006309035
997.8125 23.617021707091546 22.919355770973297
998.3125 23.61886860259714 22.920400947423573
998.8125 23.620713073381637 22.921453121923076
999.3125 23.622560832619833 22.92247958660363
999.8125 23.624402520354586 22.92353400488465
1000.3125 23.626256990926056 22.924568872229635
1000.8125 23.628092564825938 22.925614476489002
1001.3125 23.629949256841975 22.926668463077956
1001.8125 23.631796096919047 22.92769864245325
1002.3125 23.633652628485343 22.928737868719896
1002.8125 23.635505415106508 22.92977497508418
1003.3125 23.63736283824785 22.93081136769818
1003.8125 23.639225656891078 22.931849382216342
1004.3125 23.641082363176903 22.9328860764193
1004.8125 23.64294751791725 22.93391807599136
1005.3125 23.644808439825418 22.934941313109775
1005.8125 23.646672206442272 22.93598529629668
1006.3125 23.648544728188835 22.937012132955907
1006.8125 23.650402007323162 22.938044079296787
1007.3125 23.65228981663963 22.939081136374043
1007.8125 23.65415044748405 22.940103411551096
1008.3125 23.65602928465578 22.941135118722865
1008.8125 23.657913945257718 22.942163774529668
1009.3125 23.659776128948042 22.943186292209766
1009.8125 23.661653834284714 22.94421833437855
1010.3125 23.663528112924258 22.94524138217072
1010.8125 23.665424637751503 22.94626726650829
1011.3125 23.667301015385412 22.947293692675913
1011.8125 23.669185913433132 22.948309531235324
1012.3125 23.671088205407326 22.94933820596468
1012.8125 23.672973159571036 22.950357370010774
1013.3125 23.674864227349172 22.951365823606107
1013.8125 23.67675827802549 22.952390399588975
1014.3125 23.678652122033277 22.953407526412324
1014.8125 23.680536896730956 22.954420756228735
1015.3125 23.682435433141244 22.955438499119346
1015.8125 23.684342024835253 22.95644396324571
1016.3125 23.68623883096908 22.957462540434186
1016.8125 23.68814681039428 22.958467843252382
1017.3125 23.6900328343356 22.959483771975677
1017.8125 23.691951805332838 22.960482754874647
1018.3125 23.69384662508636 22.961503371862747
1018.8125 23.695754966242774 22.962508992985136
1019.3125 23.697659600843764 22.96350734278142
1019.8125 23.699587245579593 22.964512723472406
1020.3125 23.70148752069438 22.96551501704095
1020.8125 23.70341438785158 22.966525428834142
1021.3125 23.705322036086205 22.967517231821347
1021.8125 23.70722955443869 22.968521365152313
1022.3125 23.70916396535978 22.96951123645947
1022.8125 23.711081300099575 22.97051253495168
1023.3125 23.713003106515668 22.971507856682486
1023.8125 23.7149186280487 22.972508165100763
1024.3125 23.716855424808315 22.973506107755814
1024.8125 23.718769888831037 22.974502816331494
1025.3125 23.72070022927152 22.975488784609443
1025.8125 23.722635422021952 22.976489461507317
1026.3125 23.724571996689306 22.97747411998337
1026.8125 23.72650418280474 22.978469123086732
1027.3125 23.728443938981044 22.97944753820065
1027.8125 23.73037777545326 22.980432917432406
1028.3125 23.73232129563599 22.98142476086931
1028.8125 23.7342457190084 22.982405572526922
1029.3125 23.736204380391122 22.98338757946293
1029.8125 23.738152693327123 22.984373553598513
1030.3125 23.740107827359328 22.98536562413412
1030.8125 23.742040472612413 22.986336884275683
1031.3125 23.743991907359174 22.9873191144469
1031.8125 23.745943356406244 22.988304727705533
1032.3125 23.747901221903497 22.989282706090947
1032.8125 23.749855485769125 22.99025209232537
1033.3125 23.751820138318852 22.99122840939436
1033.8125 23.75377467199305 22.992193960264178
1034.3125 23.75575931987591 22.993172562228352
1034.8125 23.757722750172057 22.994149184336763
1035.3125 23.759682508978127 22.995118191905615
1035.8125 23.761653447841134 22.996097159289675
1036.3125 23.763638852813326 22.99706674844833
1036.8125 23.76559566846791 22.998025328159585
1037.3125 23.767568064853645 22.99899540703725
1037.8125 23.769560477767136 22.999959559954554
1038.3125 23.771543169812666 23.00093273127571
1038.8125 23.773517800223228 23.001890950629658
1039.3125 23.775512195076374 23.002863191481584
