FastTrWP/PhaseSpace/IAs/snIa_0.42_30.00_0.24_0.06.csv
# %ECSV 0.9
# ---
# datatype:
# - {name: time-rel, datatype: float64}
# - {name: g, datatype: float64}
# - {name: i, datatype: float64}
# schema: astropy-2.0
time-rel g i
[from data line 1445]
904.1666666666666 23.88432218004899 22.41386639916563
904.6666666666665 23.88584647380618 22.414455976156113
905.1666666666666 23.887375336385183 22.415056624586832
905.6666666666666 23.888913948657656 22.41564279801492
906.1666666666665 23.890442434486047 22.416243079664465
906.6666666666666 23.89198212151404 22.416841115703715
907.1666666666666 23.89351097971445 22.41744712387338
907.6666666666665 23.895027223617372 22.418053459502506
908.1666666666666 23.89656467106796 22.418659480698608
908.6666666666666 23.898096459060966 22.41926330132202
909.1666666666665 23.8996257630995 22.41986399943338
909.6666666666666 23.901187655307545 22.420484269647897
910.1666666666666 23.90271101442925 22.42109240212232
910.6666666666665 23.90424656490021 22.421707062668858
911.1666666666666 23.905794073099965 22.422323432270975
911.6666666666666 23.907330411836206 22.422941541420126
912.1666666666665 23.908868432824807 22.423564061535547
912.6666666666666 23.910420531990514 22.424179093807926
913.1666666666666 23.91195975439023 22.42479807570751
913.6666666666665 23.91350419835588 22.425418488825436
914.1666666666666 23.915052369905773 22.426047753572643
914.6666666666666 23.916601621465468 22.426672166514
915.1666666666665 23.918147445014174 22.42731003931532
915.6666666666666 23.919694629792843 22.427934406658032
916.1666666666666 23.921233990840427 22.428569565345285
916.6666666666665 23.9227982336153 22.429201018430945
917.1666666666666 23.9243580351831 22.429841238373527
917.6666666666666 23.925900674866412 22.43048257467151
918.1666666666665 23.927452287991372 22.431118003684198
918.6666666666666 23.9290129580287 22.431765729296707
919.1666666666666 23.93056826230346 22.432406930432446
919.6666666666665 23.932121638862252 22.43305200366803
920.1666666666666 23.933678909767092 22.433692359181165
920.6666666666666 23.935253104927842 22.434349714423483
921.1666666666665 23.936819839354126 22.434997073944523
921.6666666666666 23.938370374025 22.43564753223969
922.1666666666666 23.93993274391757 22.43630682470275
922.6666666666665 23.94149808088049 22.436958921424473
923.1666666666666 23.943067600637292 22.43761399445408
923.6666666666666 23.944644769035015 22.438273134365218
924.1666666666665 23.94619276005099 22.43893774283073
924.6666666666666 23.94776971946474 22.439601510216164
925.1666666666666 23.949335334113094 22.440260603362137
925.6666666666665 23.950906571797447 22.440931392275893
926.1666666666666 23.952496210850217 22.4416023825926
926.6666666666666 23.954063487583777 22.442270782405526
927.1666666666665 23.955631174420166 22.44293677034595
927.6666666666666 23.957209797854837 22.443613448713393
928.1666666666666 23.958801518741332 22.44428872913347
928.6666666666665 23.960382226476394 22.44495883039246
929.1666666666666 23.961956241445527 22.44564225658499
929.6666666666666 23.96355093060455 22.446323492744277
930.1666666666665 23.965122794485524 22.447001774940134
930.6666666666666 23.966722726077187 22.447687861934284
931.1666666666666 23.96829803478451 22.44836860905018
931.6666666666665 23.96987954814156 22.449052971396085
932.1666666666666 23.97148199921807 22.44974445891023
932.6666666666666 23.97306368484603 22.45042923921938
933.1666666666665 23.974655452751918 22.451122814147183
933.6666666666666 23.976266243744572 22.451816235561587
934.1666666666666 23.977855408681638 22.45251638173492
934.6666666666665 23.97945437935779 22.453213603000496
935.1666666666666 23.981046282802943 22.45391886492319
935.6666666666666 23.982653220707228 22.454619634268404
936.1666666666665 23.984251766278195 22.45532719843162
936.6666666666666 23.985851301065075 22.456040559877053
937.1666666666666 23.987471664712277 22.45675055346695
937.6666666666665 23.989077959245225 22.45746256072556
938.1666666666666 23.990683458913914 22.458176773481068
938.6666666666666 23.99229299175405 22.45889462755231
939.1666666666665 23.993909713034984 22.45961878384219
939.6666666666666 23.99552710119668 22.460347080644212
940.1666666666666 23.99712864655514 22.46107442387779
940.6666666666665 23.998750680469186 22.46180423472438
941.1666666666666 24.000357597632206 22.462534117863136
941.6666666666666 24.001988683915258 22.46326563674583
942.1666666666665 24.003600529579636 22.46399888480504
942.6666666666666 24.005226842323523 22.46473450400526
943.1666666666666 24.00685320141177 22.465482659569915
943.6666666666665 24.008473781598745 22.466206355830384
944.1666666666666 24.01011091573901 22.466961533053848
944.6666666666666 24.01172881975019 22.467702574551957
945.1666666666665 24.013361623696248 22.468452841700262
945.6666666666666 24.0149943061213 22.46920060799389
946.1666666666666 24.016624910783804 22.469948299725743
946.6666666666665 24.018260326565475 22.470702662845206
947.1666666666666 24.019888646149816 22.471456732353285
947.6666666666666 24.021526836980765 22.472212001753004
948.1666666666665 24.02316704321983 22.472966123493137
948.6666666666666 24.0247967382024 22.473727082165947
949.1666666666666 24.026439722512713 22.474487588265827
949.6666666666665 24.02807467245523 22.475250003818164
950.1666666666666 24.02971044789842 22.476011013153784
950.6666666666666 24.031362809821122 22.476783641444232
951.1666666666665 24.033005452276846 22.477546847650338
951.6666666666666 24.034627456204397 22.478307889383764
952.1666666666666 24.036289553267384 22.479082125554616
952.6666666666665 24.037946329669225 22.47985277961291
953.1666666666666 24.039587170291647 22.480625578197664
953.6666666666666 24.04123487006901 22.481394032523006
954.1666666666665 24.042892614140598 22.482168248113986
954.6666666666666 24.04453561726902 22.48294372175097
955.1666666666666 24.046187554628542 22.483716289227196
955.6666666666665 24.04783843315123 22.48450178869485
956.1666666666666 24.04949877228043 22.48527231496242
956.6666666666666 24.051144428051533 22.48605510863923
957.1666666666665 24.052811995865447 22.486836707366592
957.6666666666666 24.054458279640972 22.487615194481737
958.1666666666666 24.056110269204343 22.488398260865768
958.6666666666665 24.057780152929066 22.489174918190127
959.1666666666666 24.059448611772538 22.489961082731785
959.6666666666666 24.061091101329346 22.49074543500726
960.1666666666665 24.062760795537756 22.491532413870978
960.6666666666666 24.064414723664246 22.492320396576947
961.1666666666666 24.06608988183546 22.493108993787004
961.6666666666665 24.067743491291825 22.493886962459047
962.1666666666666 24.0694164660866 22.494681882780387
962.6666666666666 24.07107044159165 22.495457237681187
963.1666666666665 24.07273828411887 22.49625356506676
963.6666666666666 24.074414716001947 22.497040273935273
964.1666666666666 24.076076136153503 22.497826476318828
964.6666666666665 24.077746303718545 22.4986152833886
965.1666666666666 24.079414227911474 22.499410084184944
965.6666666666666 24.081080398141705 22.5001964656672
966.1666666666665 24.082753964305788 22.500989215327074
966.6666666666666 24.084417675770577 22.501772958454435
967.1666666666666 24.086089197413823 22.502566168055687
967.6666666666665 24.087756636786825 22.50335030405983
968.1666666666666 24.089441766710923 22.504143542837326
968.6666666666666 24.09110360846819 22.5049395170253
969.1666666666665 24.092784592073578 22.5057352245152
969.6666666666666 24.094465244493154 22.50653095372861
970.1666666666666 24.09614191358651 22.50732520540341
970.6666666666665 24.097797551581262 22.508127657178303
971.1666666666666 24.099490966269673 22.50892108639064
971.6666666666666 24.101183899309817 22.50972259191766
972.1666666666665 24.102854733732542 22.510527739587456
972.6666666666666 24.104538316077104 22.511329391903967
973.1666666666666 24.106232275661853 22.51213784348547
973.6666666666665 24.107896835002173 22.512948962601644
974.1666666666666 24.10958420283409 22.513760372556064
974.6666666666666 24.11128672143613 22.514564694446477
975.1666666666665 24.112967904746565 22.515376730129567
975.6666666666666 24.11466385203684 22.516183242442875
976.1666666666666 24.116341299725516 22.517007506422324
976.6666666666665 24.118046706420564 22.51781139432202
977.1666666666666 24.11972227698605 22.518630250589684
977.6666666666666 24.1214146227705 22.519443144420862
978.1666666666665 24.123116971698167 22.520265541144184
978.6666666666666 24.124815848438686 22.52108359386795
979.1666666666666 24.126508131708665 22.521905670724042
979.6666666666665 24.128202401817834 22.522723762913294
980.1666666666666 24.129884549031004 22.52354909323777
980.6666666666666 24.131595749523605 22.52436535329316
981.1666666666665 24.133299280986755 22.52519164539642
981.6666666666666 24.1349963563899 22.526013425426274
982.1666666666666 24.136699117379866 22.52683932298403
982.6666666666665 24.138396059058408 22.52767052172679
983.1666666666666 24.140100833430704 22.528501357900183
983.6666666666666 24.141799552661265 22.529329758528878
984.1666666666665 24.143513851088127 22.530153665583516
984.6666666666666 24.145224556222203 22.530984346777213
985.1666666666666 24.146917293792555 22.531808433960254
985.6666666666665 24.14863324854415 22.532649799706967
986.1666666666666 24.15034458092255 22.533475344914752
986.6666666666666 24.152047453474612 22.53430854428547
987.1666666666665 24.153764410235993 22.53514812389782
987.6666666666666 24.155476164843904 22.53597333866267
988.1666666666666 24.157186337990538 22.53681179534511
988.6666666666665 24.158888965295212 22.537643234591226
989.1666666666666 24.160610399523875 22.53848413913907
989.6666666666666 24.162331053228698 22.5393182855916
990.1666666666665 24.164051026028247 22.540161941948572
990.6666666666666 24.165765182707833 22.54099732232327
991.1666666666666 24.167468416577343 22.541828947984477
991.6666666666665 24.169188665883304 22.542675120732824
992.1666666666666 24.170915354064178 22.543509996668135
992.6666666666666 24.172633490208423 22.54434282895085
993.1666666666665 24.17434676208845 22.54518752272483
993.6666666666666 24.176076249237855 22.546032684012218
994.1666666666666 24.177790934006566 22.546867534104223
994.6666666666665 24.179510055114793 22.547707913648164
995.1666666666666 24.18123905667594 22.548554152075727
995.6666666666666 24.182970284884146 22.54940122147576
996.1666666666665 24.184690728488818 22.550239048757412
996.6666666666666 24.18641200499918 22.551075012768273
997.1666666666666 24.188129597860623 22.551923622883812
997.6666666666665 24.189874511609318 22.552763777715693
998.1666666666666 24.191589516379963 22.55360437564398
998.6666666666666 24.193322705853152 22.55443628582904
999.1666666666666 24.195038569632285 22.555288827534614
999.6666666666666 24.196784665867902 22.556125145612405
1000.1666666666666 24.198513014316326 22.556968666711825
1000.6666666666666 24.200235805419112 22.557812033728407
1001.1666666666666 24.201977367918026 22.5586560752452
1001.6666666666666 24.203703157562725 22.55949876596169
1002.1666666666666 24.20544482519397 22.56034131384255
1002.6666666666666 24.2071548633368 22.561181012909927
1003.1666666666666 24.20890841615669 22.562038211415448
1003.6666666666666 24.210629816097693 22.562877466501963
1004.1666666666666 24.212359451643948 22.56371530795912
1004.6666666666666 24.214110689703073 22.564562541600736
1005.1666666666666 24.215835496201944 22.565410491944505
1005.6666666666666 24.217568756370937 22.56624825886043
1006.1666666666666 24.21930970577317 22.567100883932277
1006.6666666666666 24.22103991233644 22.567949751414854
1007.1666666666666 24.222795620813997 22.568787861221583
1007.6666666666666 24.22453044275364 22.569637585898743
1008.1666666666666 24.22626535797982 22.57048427582321
1008.6666666666666 24.228004513332966 22.571334425127098
1009.1666666666666 24.22974147422886 22.572183241432814
1009.6666666666666 24.23147571683004 22.57303140053469
1010.1666666666666 24.2332302471959 22.573884992856033
1010.6666666666666 24.234964179245875 22.574737433851197
1011.1666666666666 24.236706662383746 22.57558540181117
1011.6666666666666 24.23846681951708 22.576435047731266
1012.1666666666666 24.240207471555664 22.577292373488387
1012.6666666666666 24.241950453048055 22.57814060935417
1013.1666666666666 24.24369345144475 22.578993060454128
1013.6666666666666 24.24544630553485 22.579848319012243
1014.1666666666666 24.24718773419835 22.58070101499257
1014.6666666666666 24.248925119999917 22.581557741457182
1015.1666666666666 24.250698752221137 22.582408009784416
1015.6666666666666 24.252450581668526 22.583264850345564
1016.1666666666666 24.2541971485456 22.58412596665878
1016.6666666666666 24.25594372478029 22.584974810604052
1017.1666666666666 24.257695250320754 22.585839067018533
1017.6666666666666 24.259468425986693 22.586691584071588
1018.1666666666666 24.261217707110227 22.587546561993822
1018.6666666666666 24.262984574742255 22.58840687221096
1019.1666666666666 24.264722608872095 22.589272746841296
1019.6666666666666 24.266492039765684 22.59013492881401
1020.1666666666666 24.268229608130415 22.59099942662152
1020.6666666666666 24.26998189304571 22.59185440514837
1021.1666666666666 24.271754015579873 22.59271621807031
1021.6666666666666 24.273519050668064 22.593575672916472
1022.1666666666666 24.275273019327873 22.59444681058249
1022.6666666666666 24.27703415590337 22.595303225962308
1023.1666666666666 24.27879318917611 22.596177185473707
1023.6666666666666 24.280559256585686 22.597034919269827
1024.1666666666667 24.28233789579853 22.597902367468258
1024.6666666666667 24.28410468675895 22.598768818113882
1025.1666666666667 24.28587667889486 22.599640256994924
1025.6666666666667 24.287628215594147 22.600506267983928
1026.1666666666667 24.289400959340703 22.60137531817582
1026.6666666666667 24.291183634981415 22.60224022246955
1027.1666666666667 24.292953862214233 22.603106311998154
1027.6666666666667 24.29471642590063 22.60398609786826
1028.1666666666667 24.296506572633092 22.604866586395268
1028.6666666666667 24.298281148234693 22.605726842149195
1029.1666666666667 24.30005196290704 22.606612416708003
1029.6666666666667 24.301839007664565 22.607476872827135
1030.1666666666667 24.30361208784733 22.608354506478996
1030.6666666666667 24.305388579098196 22.609227563467833
1031.1666666666667 24.307149240579772 22.610103427268413
1031.6666666666667 24.30895293120631 22.61098302288222
1032.1666666666667 24.31074066302873 22.61185824887013
1032.6666666666667 24.3125419505775 22.612732869389767
1033.1666666666667 24.314310893107866 22.613620472316263
1033.6666666666667 24.31609839925703 22.614493820124704
1034.1666666666667 24.317889900675013 22.615369482429667
1034.6666666666667 24.319679748979173 22.616255715183073
1035.1666666666667 24.32146704273451 22.617138161716145
1035.6666666666667 24.323273631607446 22.618020034447216
1036.1666666666667 24.325044559068253 22.618897628587163
1036.6666666666667 24.3268651209998 22.619783048831895
1037.1666666666667 24.328645389411456 22.62066877684973
1037.6666666666667 24.33044394677988 22.62156263779903
1038.1666666666667 24.332242947512313 22.622441676367476
1038.6666666666667 24.334042593434674 22.623326852219844
1039.1666666666667 24.335836380187992 22.62421675538206
1039.6666666666667 24.33763570242922 22.625107579966922
1040.1666666666667 24.339439915196287 22.625992513912642
1040.6666666666667 24.341232750203115 22.626873982475665
1041.1666666666667 24.343044893597394 22.627777417679248
1041.6666666666667 24.34485407545498 22.628665503021296
1042.1666666666667 24.346654818182273 22.62955147436069
1042.6666666666667 24.348471422668865 22.630442270239488
1043.1666666666667 24.3502678713963 22.6313373958495
1043.6666666666667 24.352062623175748 22.63222901032472
1044.1666666666667 24.35388690267745 22.63311885411026
1044.6666666666667 24.35569656339075 22.63401136973164
1045.1666666666667 24.357499611742636 22.634907036958744
1045.6666666666667 24.359323630744214 22.635793525581605
1046.1666666666667 24.36112355078246 22.636701790224663
1046.6666666666667 24.362943577660495 22.63759868760445
1047.1666666666667 24.36477004023753 22.63849597116908
