FastTrWP/PhaseSpace/IAs/snIa_0.58_30.00_0.56_0.04.csv
# %ECSV 0.9
# ---
# datatype:
# - {name: time-rel, datatype: float64}
# - {name: g, datatype: float64}
# - {name: i, datatype: float64}
# schema: astropy-2.0
time-rel g i
[from data line 2350]
1292.3125 25.91673784521035 22.960420495350895
1292.8125 25.91873077619227 22.961389768050147
1293.3125 25.92070144699975 22.962370782820752
1293.8125 25.922635504018867 22.963341159637004
1294.3125 25.92461487010806 22.964316546590325
1294.8125 25.926614110219035 22.965290771138292
1295.3125 25.928561559181457 22.966269834623823
1295.8125 25.930550679213336 22.96725173692132
1296.3125 25.932518098105376 22.968225818528012
1296.8125 25.934527065478925 22.96919918994316
1297.3125 25.93649507871108 22.970178200943664
1297.8125 25.93853058609518 22.971142100327274
1298.3125 25.9405220575358 22.972123529788632
1298.8125 25.942524069461022 22.973103108187686
1299.3125 25.944501276884946 22.97408387424612
1299.8125 25.946514108117803 22.97505648185438
1300.3125 25.948538642138807 22.97603105972296
1300.8125 25.950558822182686 22.97700515241454
1301.3125 25.95258036031895 22.977976666111417
1301.8125 25.95456775621187 22.97895868696802
1302.3125 25.956598378664538 22.979929138438866
1302.8125 25.95862132891945 22.980899374888445
1303.3125 25.960651323840274 22.981882830329404
1303.8125 25.962714127050855 22.98285705040373
1304.3125 25.9647702319375 22.983822879131054
1304.8125 25.966783085586766 22.984801375353495
1305.3125 25.96887175834052 22.98577471593206
1305.8125 25.970913039427717 22.986741678548874
1306.3125 25.97297484197758 22.987714777493295
1306.8125 25.97501880883538 22.988689486280794
1307.3125 25.977143150160607 22.989653644723287
1307.8125 25.97918918636274 22.9906188277686
1308.3125 25.981246914176644 22.991592831166937
1308.8125 25.98337322122495 22.992561008213926
1309.3125 25.98545877452547 22.993540990316962
1309.8125 25.98754687494705 22.994503178724706
1310.3125 25.989637298767644 22.995458006992337
1310.8125 25.99173165837481 22.996443400118526
1311.3125 25.99388406421469 22.997409992105915
1311.8125 25.99595177233401 22.998374834482043
1312.3125 25.99811162182926 22.9993380434545
1312.8125 26.000205523206162 23.000301969271597
1313.3125 26.00233384712211 23.001270768088666
1313.8125 26.004488689827276 23.0022441035021
1314.3125 26.006611111998584 23.0032077069087
1314.8125 26.00877140367875 23.004174862209634
1315.3125 26.01088150338932 23.005135346822282
1315.8125 26.013043533019328 23.0061116656195
1316.3125 26.015214226559475 23.007064098886136
1316.8125 26.017349621720875 23.008029338127088
1317.3125 26.01951281412068 23.008996447223332
1317.8125 26.0216929028676 23.00996183753369
1318.3125 26.023843125645627 23.010928913101353
1318.8125 26.026014450033237 23.011900792399793
1319.3125 26.028193037891576 23.012865110743945
1319.8125 26.030352932834468 23.013824561659227
1320.3125 26.032549377680336 23.014787390522674
1320.8125 26.034715945719032 23.015760597818495
1321.3125 26.036848214689662 23.01672367164659
1321.8125 26.039086920415567 23.017693599779676
1322.3125 26.041265172082227 23.018658414794203
1322.8125 26.043472408411983 23.019618999008806
1323.3125 26.04566105754834 23.020592082561883
1323.8125 26.04786731556935 23.021557031413327
1324.3125 26.050064460173267 23.022523031630612
1324.8125 26.052293103047344 23.023494251298256
1325.3125 26.05449429660429 23.0244643002289
1325.8125 26.05671901096116 23.02543407277321
1326.3125 26.058919936785863 23.026396027371476
1326.8125 26.061137140221213 23.027364916545704
1327.3125 26.063367357390746 23.028340449329345
1327.8125 26.065570706544392 23.029304916617818
1328.3125 26.06779453466581 23.030281006987888
1328.8125 26.07001091856544 23.031251315003995
1329.3125 26.072234573727798 23.032221727852683
1329.8125 26.074465255212264 23.033187338992942
1330.3125 26.07669324476442 23.034159108155844
1330.8125 26.078928811070377 23.035142146713138
1331.3125 26.08115371998471 23.036111233270038
1331.8125 26.083402695503096 23.037083093363528
1332.3125 26.085609156878206 23.038053662377077
1332.8125 26.087849546568272 23.039029631399867
1333.3125 26.09011516549066 23.040005368183635
1333.8125 26.09235843168028 23.040979508852445
1334.3125 26.09457641706673 23.041959685101425
1334.8125 26.096820282882 23.042936443046077
1335.3125 26.099088363405304 23.043913664766716
1335.8125 26.101321712481862 23.044888605326662
1336.3125 26.103550562195267 23.045875779092647
1336.8125 26.105806609085565 23.046851539862963
1337.3125 26.108058892766056 23.047836685873225
1337.8125 26.110309353733477 23.048813290340114
1338.3125 26.112536169914094 23.049798209712037
1338.8125 26.114802466094915 23.050784632401356
1339.3125 26.117037229553453 23.051770487765406
1339.8125 26.119295414928075 23.05275574367012
1340.3125 26.121487574673697 23.053741045733894
1340.8125 26.123741583633098 23.05472503692298
1341.3125 26.12602560126731 23.055714613634123
1341.8125 26.12827271783136 23.056709445136207
1342.3125 26.130534146605942 23.057701781562088
1342.8125 26.132762834451448 23.05867847119051
1343.3125 26.135038465120502 23.059674715253106
1343.8125 26.13730246385994 23.060662316079462
1344.3125 26.13953591161547 23.06165515776477
1344.8125 26.141853279926565 23.062651685612355
1345.3125 26.14413513753595 23.063638438731605
1345.8125 26.146410413438804 23.064615555066656
1346.3125 26.14867082229801 23.065612844211543
1346.8125 26.150951446946827 23.066596530804627
1347.3125 26.153210833710347 23.067596278885098
1347.8125 26.155553052239725 23.06858125777231
1348.3125 26.157830948364097 23.069582283947
1348.8125 26.160131731701398 23.070568576134644
1349.3125 26.162414278413095 23.071557946899457
1349.8125 26.1647242419661 23.072554242366614
1350.3125 26.167030685561645 23.073544030322594
1350.8125 26.1693598674236 23.074542307487533
1351.3125 26.17164523031699 23.075529434861252
1351.8125 26.173943191617305 23.076531413535758
1352.3125 26.17626788302124 23.077527000052164
1352.8125 26.178576939669536 23.078523465714284
1353.3125 26.180903518739306 23.079518896532623
1353.8125 26.18321940853918 23.080514879484085
1354.3125 26.18555610869169 23.081504799443962
1354.8125 26.187866024611285 23.082509636049235
1355.3125 26.190182327529126 23.08349486548767
1355.8125 26.19252798074534 23.084493972221725
1356.3125 26.19488189981963 23.08549574792075
1356.8125 26.197201439190835 23.08649114873955
1357.3125 26.199571262773592 23.087502296788074
1357.8125 26.20185745317287 23.088495422859875
1358.3125 26.204161390991906 23.089497066020538
1358.8125 26.206511015020983 23.090501240893712
1359.3125 26.20889842057588 23.091503576372617
1359.8125 26.211208677497545 23.092488416073703
1360.3125 26.213555074696856 23.093510433137677
1360.8125 26.215890863012866 23.09450786051386
1361.3125 26.21823464643679 23.09551802385897
1361.8125 26.220619039537723 23.096528211711064
1362.3125 26.2229718607843 23.097527984470666
1362.8125 26.225276760777962 23.098519005421466
1363.3125 26.227643828475216 23.09954371846861
1363.8125 26.229989039992113 23.100543907519338
1364.3125 26.232344450292707 23.10155606083753
1364.8125 26.234676374977113 23.102561352851684
1365.3125 26.23703581894094 23.103580304879124
1365.8125 26.23938914067056 23.104588344789864
1366.3125 26.241744434052052 23.105601882996236
1366.8125 26.244061313222073 23.106609152956405
1367.3125 26.246438358623152 23.10762988703636
1367.8125 26.248777774878015 23.108639188247558
1368.3125 26.25113518147547 23.109652762639218
1368.8125 26.2534904273664 23.11067477214664
1369.3125 26.255804721162782 23.111686554961853
1369.8125 26.258197945971883 23.112703076086127
1370.3125 26.260546476017762 23.113730828585304
1370.8125 26.26284205013274 23.114739792877476
1371.3125 26.265220432274624 23.115757731761096
1371.8125 26.26755272444725 23.116787988890604
1372.3125 26.269925617938053 23.11781570705429
1372.8125 26.27224327037549 23.118829912671654
1373.3125 26.274606792951182 23.11985195176945
1373.8125 26.276929429282013 23.1208877608351
1374.3125 26.279324577954867 23.12192001555912
1374.8125 26.28162876986364 23.122940977624083
1375.3125 26.283972781422555 23.12396748380792
1375.8125 26.286283553948348 23.124999144383878
1376.3125 26.288639492757063 23.126031123117038
1376.8125 26.290971605744847 23.127062477093286
1377.3125 26.293309689197045 23.128098185856874
1377.8125 26.295592671685924 23.129132357370146
1378.3125 26.297961540413777 23.130159739057646
1378.8125 26.300328418538015 23.131198725893775
1379.3125 26.30265613392611 23.132241739350793
1379.8125 26.304924510530107 23.133274384014108
1380.3125 26.30723897907744 23.13431194083308
1380.8125 26.309599853832097 23.135352596392167
1381.3125 26.311950022862483 23.136400461475635
1381.8125 26.314224795990903 23.137442226061676
1382.3125 26.31654982503269 23.138476853120412
1382.8125 26.31890555879089 23.139526947795098
1383.3125 26.32123743589095 23.140568983245743
1383.8125 26.32353260515554 23.14162418670506
1384.3125 26.325851067048625 23.142677085251258
1384.8125 26.328189745235026 23.143711768348364
1385.3125 26.330536344272378 23.144772541327356
1385.8125 26.332885518417974 23.1458085972988
1386.3125 26.335164011028525 23.146863078241925
1386.8125 26.337488257874348 23.14791555266922
1387.3125 26.33980736798343 23.148968595054793
1387.8125 26.34213176904991 23.15003273731491
1388.3125 26.34447026074219 23.151082007271043
1388.8125 26.34679348673889 23.15214204283499
1389.3125 26.349112864650365 23.153197733089456
1389.8125 26.35146138345807 23.154252041624034
1390.3125 26.353768899747116 23.155319766836385
1390.8125 26.35612362877741 23.156379115256037
1391.3125 26.35839579948438 23.157434256669234
1391.8125 26.360719969741254 23.158498376033787
1392.3125 26.363064130601384 23.15956129438048
1392.8125 26.36533677508364 23.160622092589307
1393.3125 26.36768263633178 23.161689780241915
1393.8125 26.36999635564733 23.162749875242223
1394.3125 26.37234296575467 23.16381835963286
1394.8125 26.374640698553296 23.164882975258756
1395.3125 26.376939087372314 23.165962024016192
1395.8125 26.379274044431543 23.167026163077004
1396.3125 26.381620875418598 23.1680899773683
1396.8125 26.383931638778808 23.16915381577358
1397.3125 26.386224861763893 23.170234215452098
1397.8125 26.388557137269004 23.17130219425188
1398.3125 26.390828260774335 23.17237750405986
1398.8125 26.39315197006985 23.173446210799973
1399.3125 26.395511122622644 23.174528388097087
1399.8125 26.39777089258963 23.175606538326132
1400.3125 26.400128931812326 23.176669698546064
1400.8125 26.402392444306958 23.177748565161128
1401.3125 26.40472200131373 23.17882464545584
1401.8125 26.406992848490876 23.1799075066338
1402.3125 26.409281906736947 23.180986905749666
1402.8125 26.41159434622882 23.182070998585882
1403.3125 26.413919765124753 23.183143103817038
1403.8125 26.416218409107536 23.184236482231437
1404.3125 26.41850275577149 23.185306489144033
1404.8125 26.420791025903757 23.186400779478106
1405.3125 26.423100600510345 23.187475365434057
1405.8125 26.42542352383385 23.18856203532019
1406.3125 26.427649813372163 23.189645374239323
1406.8125 26.429951441551346 23.19073993973493
1407.3125 26.43226123049009 23.19181918500384
1407.8125 26.434503180658236 23.192907474379957
1408.3125 26.436786969721165 23.194001535563768
1408.8125 26.43905169188657 23.195088427423542
1409.3125 26.44136292543505 23.196179023210654
1409.8125 26.443638285902182 23.19726633379865
1410.3125 26.44589611019935 23.198355846802198
1410.8125 26.448153194908613 23.199442566507216
1411.3125 26.450458759504407 23.200535132001324
1411.8125 26.452760243831616 23.20162468412761
1412.3125 26.454971684441674 23.202716533317854
1412.8125 26.457246408426034 23.203813509112408
1413.3125 26.45952813966049 23.20490240987667
1413.8125 26.461778511364457 23.20600284487472
1414.3125 26.46402782887726 23.20710556483405
1414.8125 26.466301375618478 23.20820092515193
1415.3125 26.468554947281113 23.209296440041733
1415.8125 26.47079825764116 23.210394069748066
