FastTrWP/PhaseSpace/IAs/snIa_0.4_20_0.0_0.1.csv
# %ECSV 0.9
# ---
# datatype:
# - {name: time-rel, datatype: float64}
# - {name: g, datatype: float64}
# - {name: i, datatype: float64}
# schema: astropy-2.0
time-rel g i
[from data line 2227]
1097.2291666666667 -24.601873290329532 -26.88195911652846
1097.7291666666667 -24.59995300600111 -26.881281052192012
1098.2291666666667 -24.598071481974717 -26.880599079610974
1098.7291666666667 -24.59619241112058 -26.879924972351542
1099.2291666666667 -24.594233366151215 -26.879236007254796
1099.7291666666667 -24.592354987318284 -26.87856121665326
1100.2291666666667 -24.590471796335912 -26.877875799048013
1100.7291666666667 -24.58858109111727 -26.877194657487724
1101.2291666666667 -24.586671600190826 -26.87651638044111
1101.7291666666667 -24.584759165570425 -26.87583089159841
1102.2291666666667 -24.58286173876004 -26.875146839660662
1102.7291666666667 -24.58096247551933 -26.874460770396222
1103.2291666666667 -24.579051855083456 -26.87377341097871
1103.7291666666667 -24.57715759313922 -26.8730982254335
1104.2291666666667 -24.57525474155272 -26.87241865255001
1104.7291666666667 -24.573384990351013 -26.871736838667953
1105.2291666666667 -24.57148664727296 -26.871047715519857
1105.7291666666667 -24.569546768541727 -26.870368102081777
1106.2291666666667 -24.56765003795293 -26.869682920095173
1106.7291666666667 -24.565764265822352 -26.868996861935276
1107.2291666666667 -24.56386296066941 -26.86831222477241
1107.7291666666667 -24.56194927339181 -26.867621154439604
1108.2291666666667 -24.56004230516851 -26.86694890531467
1108.7291666666667 -24.558149515567408 -26.866250377478032
1109.2291666666667 -24.55623186377239 -26.86557549653226
1109.7291666666667 -24.55434363513982 -26.864892763579228
1110.2291666666667 -24.55244508178971 -26.864202036399682
1110.7291666666667 -24.55057343911294 -26.86352001923278
1111.2291666666667 -24.548649632129166 -26.862820765174295
1111.7291666666667 -24.546735140254153 -26.862141082694954
1112.2291666666667 -24.544845343264512 -26.861452829951176
1112.7291666666667 -24.54294685906507 -26.86077078202716
1113.2291666666667 -24.541053017578477 -26.860084253972147
1113.7291666666667 -24.539164759390495 -26.85939017204326
1114.2291666666667 -24.537202750010813 -26.858706710556493
1114.7291666666667 -24.53533897967336 -26.85802384326266
1115.2291666666667 -24.533451137515613 -26.857323436371175
1115.7291666666667 -24.53152928005207 -26.85664139029837
1116.2291666666667 -24.529663851951618 -26.85595754718319
1116.7291666666667 -24.527730196412293 -26.85527204183376
1117.2291666666667 -24.525850372866916 -26.85457899022538
1117.7291666666667 -24.52396132831057 -26.85388235358603
1118.2291666666667 -24.522067407310622 -26.853205117577666
1118.7291666666667 -24.52018333883272 -26.852519424155258
1119.2291666666667 -24.518270083259758 -26.85181611646986
1119.7291666666667 -24.516373283145153 -26.85113163910071
1120.2291666666667 -24.514516689578375 -26.850440625007295
1120.7291666666667 -24.512601809500683 -26.849753537173747
1121.2291666666667 -24.510724566829275 -26.849074067322846
1121.7291666666667 -24.508814935438984 -26.848375965955317
1122.2291666666667 -24.50691756937609 -26.84769409192522
1122.7291666666667 -24.505023203023466 -26.84700777001868
1123.2291666666667 -24.503154696044355 -26.846313850256834
1123.7291666666667 -24.501267995669835 -26.84563305676648
1124.2291666666667 -24.49934065630654 -26.844939612333857
1124.7291666666667 -24.497468987008254 -26.84423914765754
1125.2291666666667 -24.495583073463123 -26.84356219871667
1125.7291666666667 -24.493731925911128 -26.84286741001181
1126.2291666666667 -24.491800329579743 -26.842174582346118
1126.7291666666667 -24.489947208443013 -26.841483134160132
1127.2291666666667 -24.488069587612806 -26.840796673854285
1127.7291666666667 -24.486152695431866 -26.840105159011483
1128.2291666666667 -24.48430315551285 -26.839418650705458
1128.7291666666667 -24.48240370837582 -26.83873080712263
1129.2291666666667 -24.480541364185363 -26.83803899204358
1129.7291666666667 -24.478664080675525 -26.837347491674546
1130.2291666666667 -24.476772486329118 -26.836660994958933
1130.7291666666667 -24.474888713356442 -26.835965081001902
1131.2291666666667 -24.473017375157365 -26.835283954646115
1131.7291666666667 -24.471138207947057 -26.834599997173232
1132.2291666666667 -24.469271289390008 -26.83390728187074
1132.7291666666667 -24.46742547270191 -26.83322419192865
1133.2291666666667 -24.46554571668596 -26.832535920479636
1133.7291666666667 -24.46366773178912 -26.831843026818373
1134.2291666666667 -24.46179870688642 -26.83115325979404
1134.7291666666667 -24.459941557115332 -26.830464437940797
1135.2291666666667 -24.45809428897892 -26.82977386796479
1135.7291666666667 -24.45621358568319 -26.829098454681922
1136.2291666666667 -24.454337177341973 -26.82840325020265
1136.7291666666667 -24.452492005078664 -26.827722182273554
1137.2291666666667 -24.450630674236944 -26.82702523353609
1137.7291666666667 -24.448795916364602 -26.82633578348775
1138.2291666666667 -24.446907969444815 -26.825643961672228
1138.7291666666667 -24.445067912126753 -26.82496747152788
1139.2291666666667 -24.443248357055587 -26.82427593014655
1139.7291666666667 -24.44136390066834 -26.823586746273932
1140.2291666666667 -24.439508391610563 -26.822897626449794
1140.7291666666667 -24.43767723159914 -26.822210032592935
1141.2291666666667 -24.43582131507179 -26.821523124472073
1141.7291666666667 -24.433979709673537 -26.820843005011746
1142.2291666666667 -24.432150379994905 -26.820151450858173
1142.7291666666667 -24.43033260177682 -26.8194678736701
1143.2291666666667 -24.428458744424425 -26.81877582868898
1143.7291666666667 -24.426629593262557 -26.818088591860313
1144.2291666666667 -24.42478988788347 -26.817408499923637
1144.7291666666667 -24.42297323947599 -26.81671751963792
1145.2291666666667 -24.42112918011873 -26.816024904975926
1145.7291666666667 -24.41929073501572 -26.81534193045678
1146.2291666666667 -24.41746186513676 -26.81465097222588
1146.7291666666667 -24.41564494061271 -26.81397121707576
1147.2291666666667 -24.413802082228848 -26.813286975480487
1147.7291666666667 -24.411972484570864 -26.81259291322793
1148.2291666666667 -24.41016994853789 -26.811914529237832
1148.7291666666667 -24.40832099338985 -26.811222120553445
1149.2291666666667 -24.406497154248214 -26.810522235619985
1149.7291666666667 -24.404682613214064 -26.80985050418184
1150.2291666666667 -24.40287294485227 -26.80915001035214
1150.7291666666667 -24.401061063010925 -26.808465290348572
1151.2291666666667 -24.39924661273567 -26.80778710169041
1151.7291666666667 -24.3974208727211 -26.80710384314476
1152.2291666666667 -24.39560820807536 -26.806416072408567
1152.7291666666667 -24.393794163005616 -26.80571561312583
1153.2291666666667 -24.391972275847444 -26.805040987104263
1153.7291666666667 -24.39016869403246 -26.804351255467008
1154.2291666666667 -24.388359405115715 -26.80365503818439
1154.7291666666667 -24.3865797166225 -26.80297037430783
1155.2291666666667 -24.38475230430373 -26.802280206514407
1155.7291666666667 -24.382934079337865 -26.801596909108554
1156.2291666666667 -24.381148056380198 -26.800905932461063
1156.7291666666667 -24.37931163433508 -26.80022297015853
1157.2291666666667 -24.377532708757048 -26.799533270715195
1157.7291666666667 -24.375720769674743 -26.798843883239122
1158.2291666666667 -24.37390257330509 -26.798155484355984
1158.7291666666667 -24.37212663524512 -26.797457276579078
1159.2291666666667 -24.370325889085265 -26.796773968380446
1159.7291666666667 -24.368518495200313 -26.796092858836197
1160.2291666666667 -24.366687416710224 -26.79540639636869
1160.7291666666667 -24.364921181672948 -26.794708607092982
1161.2291666666667 -24.36312098950358 -26.79402416610456
1161.7291666666667 -24.36131653513218 -26.793331837493604
1162.2291666666667 -24.35952011463339 -26.79264517675299
1162.7291666666667 -24.357716286759164 -26.791956157396648
1163.2291666666667 -24.355935078388686 -26.791261532747054
1163.7291666666667 -24.354154709436934 -26.790564380598248
1164.2291666666667 -24.35235685569017 -26.789890024199508
1164.7291666666667 -24.350544962514398 -26.789189847715356
1165.2291666666667 -24.348775399236647 -26.788505317989426
1165.7291666666667 -24.346960437975582 -26.787808961908937
1166.2291666666667 -24.345176862677885 -26.787123584855873
1166.7291666666667 -24.343370464648967 -26.78642804181869
1167.2291666666667 -24.341599910268425 -26.785742400092815
1167.7291666666667 -24.33983258937383 -26.785053053813446
1168.2291666666667 -24.338000799017657 -26.784354821495462
1168.7291666666667 -24.336262815280335 -26.783663821526172
1169.2291666666667 -24.334458427309485 -26.782980898356353
1169.7291666666667 -24.332664056822566 -26.782276499382547
1170.2291666666667 -24.33089627251637 -26.781586187851882
1170.7291666666667 -24.329128699342554 -26.78089734378171
1171.2291666666667 -24.32732707368883 -26.780209177123993
1171.7291666666667 -24.32554985937 -26.779503258540906
1172.2291666666667 -24.323743253155424 -26.778814404462302
1172.7291666666667 -24.32197111584258 -26.778127568044706
1173.2291666666667 -24.32018560242128 -26.77742881167205
1173.7291666666667 -24.318425981622692 -26.77673534729972
1174.2291666666667 -24.31664461609751 -26.776040589985005
1174.7291666666667 -24.31491023104631 -26.77534831597386
1175.2291666666667 -24.313136089136083 -26.77465726447806
1175.7291666666667 -24.311337894086982 -26.77396229075709
1176.2291666666667 -24.309571932594068 -26.773265199764413
1176.7291666666667 -24.307829858690397 -26.77257443781042
1177.2291666666667 -24.306052124034068 -26.771872814404396
1177.7291666666667 -24.304276772834427 -26.771180128456656
1178.2291666666667 -24.302542805302416 -26.770493420338024
1178.7291666666667 -24.30076403965078 -26.769791358437903
1179.2291666666667 -24.2990213491396 -26.769093909924933
1179.7291666666667 -24.297244634591173 -26.768402519600905
1180.2291666666667 -24.29550884796631 -26.767703335939164
1180.7291666666667 -24.293755604459477 -26.76702078134173
1181.2291666666667 -24.29198672283563 -26.76631873724256
1181.7291666666667 -24.290236613280186 -26.765620362386898
1182.2291666666667 -24.288494209837786 -26.764930117859485
1182.7291666666667 -24.28672899388953 -26.76423721746748
1183.2291666666667 -24.284993510723694 -26.763540254950968
1183.7291666666667 -24.28324338557344 -26.76285077532299
1184.2291666666667 -24.281504030407454 -26.762151229709232
1184.7291666666667 -24.279745731892795 -26.761454759482213
1185.2291666666667 -24.278010689634467 -26.760753015621198
1185.7291666666667 -24.27627622686952 -26.76006178897111
1186.2291666666667 -24.274545991433772 -26.759367488932458
1186.7291666666667 -24.27280370391092 -26.758654865482264
1187.2291666666667 -24.2710572651435 -26.75796306075213
1187.7291666666667 -24.269320307222266 -26.757275218604022
1188.2291666666667 -24.26761174484756 -26.756579662368594
1188.7291666666667 -24.26585518362529 -26.755876722335476
1189.2291666666667 -24.264106262592293 -26.75518737459537
1189.7291666666667 -24.262397720447275 -26.75448258810379
1190.2291666666667 -24.260655839948345 -26.75378704465864
1190.7291666666667 -24.258922478333456 -26.753088651948293
1191.2291666666667 -24.25717868064543 -26.752382919548904
1191.7291666666667 -24.255491466341557 -26.751688199521872
1192.2291666666667 -24.253780807271404 -26.75098464247715
1192.7291666666667 -24.252040309212532 -26.750297376537382
1193.2291666666667 -24.250275990684138 -26.74958935723875
1193.7291666666667 -24.248584496386552 -26.74889544219187
1194.2291666666667 -24.24688291651146 -26.748198083511923
1194.7291666666667 -24.24514462325702 -26.747500991607296
1195.2291666666667 -24.243437226103275 -26.746794756085357
1195.7291666666667 -24.241695726575223 -26.746110797389587
1196.2291666666667 -24.239989158670276 -26.745394949801984
1196.7291666666667 -24.23828785071624 -26.74469982087953
1197.2291666666667 -24.23652759809596 -26.744013147003276
1197.7291666666667 -24.234842617414568 -26.743307549518647
1198.2291666666667 -24.23311998951375 -26.742602129173445
1198.7291666666667 -24.23140452859571 -26.74190399952311
1199.2291666666667 -24.22969474975141 -26.741206363314916
1199.7291666666667 -24.227983709723382 -26.740505956419078
1200.2291666666667 -24.2262702689211 -26.739806186418665
1200.7291666666667 -24.22456815684379 -26.739102289066246
1201.2291666666667 -24.222825858873705 -26.73840520743672
1201.7291666666667 -24.221147913950002 -26.737699557472535
1202.2291666666667 -24.219440516132376 -26.736998196773868
1202.7291666666667 -24.217725915901156 -26.736302532608036
1203.2291666666667 -24.21603464555878 -26.73559281203209
1203.7291666666667 -24.214334233017297 -26.734895552536937
1204.2291666666667 -24.212600538432913 -26.734186411472397
1204.7291666666667 -24.21094174223185 -26.733494132447895
1205.2291666666667 -24.209203693498452 -26.732789504374516
1205.7291666666667 -24.207510794784778 -26.732086859413734
1206.2291666666667 -24.205849277980143 -26.731384980301435
1206.7291666666667 -24.20413241911791 -26.730678179378092
1207.2291666666667 -24.20241960898407 -26.729967562201402
1207.7291666666667 -24.200764421149973 -26.729265227342314
1208.2291666666667 -24.199046153453835 -26.728560747403314
1208.7291666666667 -24.197350536649363 -26.72786761784039
1209.2291666666667 -24.1956811334205 -26.727166733675997
1209.7291666666667 -24.19398235591445 -26.726450937144254
1210.2291666666667 -24.192301582026232 -26.725747729754367
1210.7291666666667 -24.190617860325947 -26.725039347917324
1211.2291666666667 -24.188924488802858 -26.724342154043832
1211.7291666666667 -24.1872495518064 -26.72363502299369
1212.2291666666667 -24.185570070502088 -26.722921116483672
1212.7291666666667 -24.18387396177102 -26.72222627473747
1213.2291666666667 -24.182204587084634 -26.721513792506812
1213.7291666666667 -24.180527119913883 -26.72081612347473
1214.2291666666667 -24.178880669338746 -26.720113416284
1214.7291666666667 -24.177207794740077 -26.719408660972285
1215.2291666666667 -24.175529085475425 -26.718700014271867
1215.7291666666667 -24.173887799492242 -26.717982396938265
1216.2291666666667 -24.172198289827847 -26.717279772060124
1216.7291666666667 -24.17054595731412 -26.71657380093613
1217.2291666666667 -24.168870003479665 -26.715872086147073
1217.7291666666667 -24.1672146676314 -26.715164183258373
1218.2291666666667 -24.165560646011066 -26.714459657056672
1218.7291666666667 -24.16388044411617 -26.713744367268145
1219.2291666666667 -24.16220647019205 -26.71304392132653
1219.7291666666667 -24.160567796120024 -26.712337576538022
1220.2291666666667 -24.158882379177395 -26.71162711995976
1220.7291666666667 -24.15727266950503 -26.71091945304555
1221.2291666666667 -24.155605439264644 -26.710212862729094
1221.7291666666667 -24.153936081544188 -26.709501658353535
1222.2291666666667 -24.152296208017013 -26.708790340384176
1222.7291666666667 -24.15064124480416 -26.70809961566881
1223.2291666666667 -24.148993685575142 -26.707387935361577
1223.7291666666667 -24.147355171685735 -26.70667485785666
1224.2291666666667 -24.14566958568017 -26.705963325723733
1224.7291666666667 -24.144081090254694 -26.705263161018152
1225.2291666666667 -24.14243783725221 -26.7045575771632
1225.7291666666667 -24.140807534226163 -26.703840297255503
1226.2291666666667 -24.13917125263678 -26.70312978568144
1226.7291666666667 -24.137542227976457 -26.702426055657938
1227.2291666666667 -24.13589199352397 -26.70172507216254
1227.7291666666667 -24.134234634766685 -26.701009582133125
1228.2291666666667 -24.132652122957353 -26.700307486571813
1228.7291666666667 -24.131006303831867 -26.699599710006098
1229.2291666666667 -24.129382553434795 -26.69888812765544
1229.7291666666667 -24.127790718976193 -26.698168876173117
1230.2291666666667 -24.126114459033342 -26.697471476493092
1230.7291666666667 -24.12451428857984 -26.69675884908198
1231.2291666666667 -24.12288220424912 -26.696044561731618
1231.7291666666667 -24.121293086872264 -26.695343240123456
1232.2291666666667 -24.11962544012459 -26.69463504234708
1232.7291666666667 -24.118023439438442 -26.693927241569956
1233.2291666666667 -24.116440556421807 -26.69322063605623
1233.7291666666667 -24.114836196098484 -26.692517612108013
