FastTrWP/PhaseSpace/IAs/snIa_0.46_30.00_0.84_0.08.csv
# %ECSV 0.9
# ---
# datatype:
# - {name: time-rel, datatype: float64}
# - {name: g, datatype: float64}
# - {name: i, datatype: float64}
# schema: astropy-2.0
time-rel g i
[from data line 576]
452.0833333333333 23.53234744105643 22.652221793908282
452.58333333333326 23.530595923704546 22.650626977204897
453.0833333333333 23.528867633266096 22.649021669103373
453.5833333333333 23.527134515084928 22.647422186160604
454.08333333333326 23.525409756651015 22.64583414255005
454.5833333333333 23.52369863217133 22.64425855647591
455.0833333333333 23.521985178658916 22.64267088501452
455.58333333333326 23.5202905601361 22.64109354288461
456.0833333333333 23.51859604300057 22.639526196065965
456.5833333333333 23.516923237744965 22.637967159748186
457.08333333333326 23.5152555388926 22.6364022715995
457.5833333333333 23.51357962996139 22.63485167458688
458.0833333333333 23.511926778872958 22.633296105687315
458.58333333333326 23.510276542233292 22.631757095922875
459.0833333333333 23.508640290192517 22.630224890832334
459.5833333333333 23.506995839168397 22.628694455515785
460.08333333333326 23.50537092937158 22.627164254432806
460.5833333333333 23.503761234483825 22.625641500623356
461.0833333333333 23.50215327073096 22.62412530006355
461.58333333333326 23.500536965210333 22.6226080735334
462.0833333333333 23.498959185334275 22.621109718344602
462.5833333333333 23.497371460233726 22.61960115829224
463.08333333333326 23.495804021519163 22.618111445776947
463.5833333333333 23.494236510515996 22.616613962975624
464.0833333333333 23.492670427556565 22.61513154460357
464.58333333333326 23.491115215209124 22.613651765055938
465.0833333333333 23.489574482584437 22.612176255007064
465.5833333333333 23.488034947882145 22.610707807871954
466.08333333333326 23.486515564943478 22.609238789639704
466.5833333333333 23.48499702959067 22.60777839443425
467.0833333333333 23.48347323371864 22.606321429574457
467.58333333333326 23.481978681701655 22.604872065679224
468.0833333333333 23.48048241735384 22.60342353863322
468.5833333333333 23.4789963069561 22.601982161020192
469.08333333333326 23.477514208732607 22.600547994117907
469.5833333333333 23.476040751679463 22.599121282727825
470.0833333333333 23.474578423230163 22.59769614588851
470.58333333333326 23.473116208335615 22.596272525114394
471.0833333333333 23.47167555675439 22.5948668917944
471.5833333333333 23.47023220566896 22.59345095553622
472.08333333333326 23.468785566449696 22.59204496398069
472.5833333333333 23.467368433236192 22.590647015285036
473.0833333333333 23.465963445181522 22.589257887404266
473.58333333333326 23.464552462041908 22.587857010349097
474.0833333333333 23.463149095024608 22.586473140589646
474.5833333333333 23.461750167054465 22.585088362825452
475.08333333333326 23.460365683219027 22.583718868832356
475.5833333333333 23.458987109682226 22.582351836779967
476.0833333333333 23.457623001361156 22.58098899780613
476.58333333333326 23.45626419692224 22.579630172912665
477.0833333333333 23.45490986329404 22.578272298639614
477.5833333333333 23.453577083703987 22.57692080348314
478.08333333333326 23.45222389171784 22.575582153925318
478.5833333333333 23.450901579091237 22.574230936060896
479.0833333333333 23.449573177265965 22.572901695074176
479.58333333333326 23.448260569835483 22.571566467004555
480.0833333333333 23.44695431164032 22.570245256535703
480.5833333333333 23.445672480004816 22.568921905880078
481.08333333333326 23.444362840570136 22.567608579174923
481.5833333333333 23.443086098843207 22.566297984981926
482.0833333333333 23.44182037974109 22.56499541334657
482.58333333333326 23.440547883426525 22.56369562038391
483.0833333333333 23.43928933360026 22.562391747291358
483.5833333333333 23.438038390399633 22.561114292341827
484.08333333333326 23.43680137401102 22.559818627885228
484.5833333333333 23.43555871693917 22.558541499571664
485.0833333333333 23.434337564906986 22.557267121117835
485.58333333333326 23.433107612690108 22.555996094067048
486.0833333333333 23.431904134977522 22.554732819342576
486.5833333333333 23.430694863906734 22.553474097630072
487.0833333333333 23.429490950414007 22.552207315294737
487.5833333333333 23.428309299171776 22.550950160388027
488.0833333333333 23.427114540666068 22.549701469490557
488.5833333333333 23.42592964399892 22.548458228358854
489.0833333333333 23.42475520490033 22.54721524929707
489.5833333333333 23.423591547150536 22.545974564314108
490.0833333333333 23.422437104127685 22.54474961544352
490.5833333333333 23.421280697929006 22.54351810422273
491.0833333333333 23.420131793084387 22.54228471281159
491.5833333333333 23.41898482493077 22.541072481722104
492.0833333333333 23.417863707632254 22.539856468936392
492.5833333333333 23.416729738471265 22.538645270314625
493.0833333333333 23.415608095103085 22.537439420609104
493.5833333333333 23.414508775610486 22.536240216197086
494.0833333333333 23.413401401486503 22.5350406105439
494.5833333333333 23.4122957522035 22.533848636370962
495.0833333333333 23.411198870402234 22.532656854970146
495.5833333333333 23.41011601145965 22.531469582715143
496.0833333333333 23.409029452342565 22.53028945622443
496.5833333333333 23.40796220324879 22.529119249083806
497.0833333333333 23.406896021589617 22.52793405560912
497.5833333333333 23.40584383528022 22.526767030980388
498.0833333333333 23.404785092997805 22.525610543811915
498.5833333333333 23.403741960608052 22.524445591235352
499.0833333333333 23.402703008149484 22.523295686417892
499.5833333333333 23.40167172745097 22.522149056226475
500.0833333333333 23.400659061118624 22.520991669601894
500.5833333333333 23.39962306876654 22.519861954260584
501.0833333333333 23.39862204463474 22.51871591207287
501.5833333333333 23.397608166157386 22.517575321113142
502.0833333333333 23.396622432480623 22.516452951174806
502.5833333333333 23.395624912685147 22.5153261481113
503.0833333333333 23.39464094647169 22.514204781996376
503.5833333333333 23.393671392089544 22.51308357013699
504.0833333333333 23.392705393764114 22.511980796194347
504.5833333333333 23.391745569600996 22.510868523281353
505.0833333333333 23.390784428272955 22.50976786179589
505.5833333333333 23.38983773524021 22.50867498852572
506.0833333333333 23.388897182393997 22.507582002941497
506.5833333333333 23.387964914078733 22.506487772536342
507.0833333333333 23.387034380672965 22.505404903685825
507.5833333333333 23.38611980244312 22.504320527969686
508.0833333333333 23.38519745847996 22.503253123698897
508.5833333333333 23.384304025360425 22.502182202743448
509.0833333333333 23.383402968622047 22.501107175968166
509.5833333333333 23.382514117472336 22.50004416577581
510.0833333333333 23.381633132234096 22.49898358496054
510.5833333333333 23.380753919460467 22.49793195024199
511.0833333333333 23.3798867795916 22.496882920477784
511.5833333333333 23.37901429962221 22.49584716712058
512.0833333333334 23.37816876393163 22.4947965456398
512.5833333333334 23.377313297127692 22.49375848900092
513.0833333333334 23.37647898279538 22.492729216262923
513.5833333333334 23.37564073696875 22.49170270870036
514.0833333333334 23.37482158425781 22.49067941414626
514.5833333333334 23.374008615158637 22.489665806791063
515.0833333333334 23.373196366996027 22.48865277918366
515.5833333333334 23.372392321083105 22.4876466134669
516.0833333333334 23.371590345967853 22.48663549082945
516.5833333333334 23.370797604051337 22.485630395280406
517.0833333333334 23.370019180452964 22.484641673252362
517.5833333333334 23.369249378470847 22.4836524558484
518.0833333333334 23.368484237303825 22.48266217772357
518.5833333333334 23.367729412978527 22.48167840084356
519.0833333333334 23.366983453344474 22.48070531588109
519.5833333333334 23.36623183792367 22.479729618895476
520.0833333333334 23.3654936119978 22.478766093948916
520.5833333333334 23.36476389951222 22.477800119906753
521.0833333333334 23.364054558590666 22.476840300897795
521.5833333333334 23.3633263622457 22.475887029421205
522.0833333333334 23.3626230421864 22.474937239736988
522.5833333333334 23.36192068927085 22.473987334613767
523.0833333333334 23.361220553005957 22.473048772489207
523.5833333333334 23.360539410268228 22.47211853812281
524.0833333333334 23.359863336258584 22.471180512332545
524.5833333333334 23.359190394218277 22.47026004025001
525.0833333333334 23.358518538592627 22.469325513961323
525.5833333333334 23.35787078934802 22.468410412012915
526.0833333333334 23.357216170040168 22.467495015170236
526.5833333333334 23.35656700388317 22.46658475690795
527.0833333333334 23.355931982128254 22.46567983401533
527.5833333333334 23.35530439011775 22.464774344651282
528.0833333333334 23.354680803438942 22.463879986232904
528.5833333333334 23.354056606803205 22.462981456857577
529.0833333333334 23.35344534767383 22.46209112725648
529.5833333333334 23.352847861971462 22.4612070919663
530.0833333333334 23.352255420506744 22.46032922862606
530.5833333333334 23.351655771388256 22.459452540284474
531.0833333333334 23.351075181972497 22.458573441019066
531.5833333333334 23.35051059080959 22.457708628688387
532.0833333333334 23.34992894362262 22.456835585679094
532.5833333333334 23.349361253256156 22.455978149288732
533.0833333333334 23.34879998219034 22.45511808083673
533.5833333333334 23.348252449676178 22.454265077326127
534.0833333333334 23.347715144829504 22.45341366744738
534.5833333333334 23.34715703155664 22.452567093691368
535.0833333333334 23.346632599777195 22.451729522658297
535.5833333333334 23.346110643789086 22.450888530387356
536.0833333333334 23.34558213180156 22.45004946739854
536.5833333333334 23.345065092865514 22.449221670526008
537.0833333333334 23.344556077139384 22.44839406663345
537.5833333333334 23.34406727577395 22.44756594643328
538.0833333333334 23.343572444597292 22.446746099003512
538.5833333333334 23.34307218657414 22.445928471679384
539.0833333333334 23.342592139428756 22.445119653521196
539.5833333333334 23.34211411068852 22.444306041784415
540.0833333333334 23.341638890573382 22.443502766851534
540.5833333333334 23.341177480017407 22.4427009243502
541.0833333333334 23.340721328815594 22.44190029879638
541.5833333333334 23.34027112755667 22.441103137718503
542.0833333333334 23.33982236206589 22.440311697396062
542.5833333333334 23.339379348644588 22.439519849371003
543.0833333333334 23.338947130265556 22.438735130885373
543.5833333333334 23.33850638393713 22.437955744793232
544.0833333333334 23.338077127788218 22.437171267630532
544.5833333333334 23.33766086864925 22.4364000998334
545.0833333333334 23.337259839836264 22.43562741179998
545.5833333333334 23.33684007254854 22.434858661537206
546.0833333333334 23.336446601967374 22.43409109461069
546.5833333333334 23.336047423147544 22.43331882954106
547.0833333333334 23.335660282306804 22.432568899579636
547.5833333333334 23.335281181243076 22.43180192744291
548.0833333333334 23.334891885779065 22.431055820926904
548.5833333333334 23.334515374997153 22.430306301738856
549.0833333333334 23.334153415567712 22.429552937308607
549.5833333333334 23.33378382123321 22.4288086908364
550.0833333333334 23.3334236690524 22.428068824767426
550.5833333333334 23.33307662856467 22.427324453749314
551.0833333333334 23.332740747455492 22.426595522590596
551.5833333333334 23.332387853099696 22.42586106998097
552.0833333333334 23.332046842750245 22.425133797554203
552.5833333333334 23.33172156818939 22.42440099342504
553.0833333333334 23.33139336564523 22.42368222930249
553.5833333333334 23.331071850782546 22.422958890093966
554.0833333333334 23.33075288996156 22.422234940792176
554.5833333333334 23.330447462381713 22.421528585341783
555.0833333333334 23.330142902211296 22.420811535301244
555.5833333333334 23.329844004121107 22.420098384118845
556.0833333333334 23.329548910381234 22.419396494109314
556.5833333333334 23.329273808776225 22.41869682469027
557.0833333333334 23.328989833027638 22.418006551252553
557.5833333333334 23.32872974080022 22.41730534594222
558.0833333333334 23.328459623541775 22.41661881157599
558.5833333333334 23.32819795694072 22.415933927572027
559.0833333333334 23.327961432788072 22.415251495027306
559.5833333333334 23.327714072226865 22.41458051806992
560.0833333333334 23.327463526150968 22.41390190601353
560.5833333333334 23.327239492603447 22.41323832617312
561.0833333333334 23.327018126454774 22.41257245018078
561.5833333333334 23.326807652120994 22.411904696166513
562.0833333333334 23.32658997544574 22.411242160130996
562.5833333333334 23.326390932549515 22.410595579616842
563.0833333333334 23.326190329731368 22.409937431768014
563.5833333333334 23.3259970512901 22.409293097588304
564.0833333333334 23.325801959148706 22.408645836357103
564.5833333333334 23.325636545135623 22.408008191896897
565.0833333333334 23.325459008183948 22.40736906754412
565.5833333333334 23.32528453914522 22.406733759908217
566.0833333333334 23.325122956084567 22.40610130444002
566.5833333333334 23.32497350080896 22.405471966502404
567.0833333333334 23.32482058402913 22.40484410632826
567.5833333333334 23.324655697482424 22.404216157807184
568.0833333333334 23.324517366179 22.403603407240738
568.5833333333334 23.324393642040647 22.402987427076813
569.0833333333334 23.324254281335982 22.40237519072009
569.5833333333334 23.324145409019707 22.401759945692895
570.0833333333334 23.32401523820009 22.401148099936172
570.5833333333334 23.32389087898699 22.400536767996574
571.0833333333334 23.323777338225263 22.39994976342542
571.5833333333334 23.323669059664592 22.399339907240993
572.0833333333334 23.323578569837117 22.39874244866605
572.5833333333334 23.323482880537597 22.39814760854579
573.0833333333334 23.323396737213237 22.397553725295158
573.5833333333334 23.323303851722557 22.396957765663053
574.0833333333334 23.32321789902704 22.39636687389705
574.5833333333334 23.323144928617936 22.395788914209525
575.0833333333334 23.32306432026039 22.39520160587115
575.5833333333334 23.32300235990697 22.39462075494755
576.0833333333334 23.322930342641822 22.394037963517643
576.5833333333334 23.322871858155786 22.393462556280372
577.0833333333334 23.322816355890915 22.392885722187813
577.5833333333334 23.322774277869506 22.39230535772031
578.0833333333334 23.322731666314844 22.39173528149999
578.5833333333334 23.32268318347236 22.39116522011585
579.0833333333334 23.322632445271644 22.390596263651858
579.5833333333334 23.322600180758354 22.390027998221488
580.0833333333334 23.32257037599428 22.389467564239226
580.5833333333334 23.322534902633958 22.388905942570453
581.0833333333334 23.322516689474895 22.388337449700412
581.5833333333334 23.32249741796317 22.387779631875993
582.0833333333334 23.322479321957626 22.387219190681314
582.5833333333334 23.322462045058074 22.386663470082567
583.0833333333334 23.322439606667494 22.386107627795614
583.5833333333334 23.322440969866882 22.38555707831417
584.0833333333334 23.322440606172815 22.384995297415095
584.5833333333334 23.322425609111647 22.38444356198859
585.0833333333334 23.322433634295482 22.383891310209446
585.5833333333334 23.32244248129461 22.383340676431764
586.0833333333334 23.322453233087202 22.382794500767105
586.5833333333334 23.322455078461616 22.38224835145713
587.0833333333334 23.322462413779345 22.381699698385358
587.5833333333334 23.322491085354752 22.381158687170327
588.0833333333334 23.322503080436462 22.380612359764566
588.5833333333334 23.322523286295166 22.380063510595413
589.0833333333334 23.322539172748602 22.379523657137504
589.5833333333334 23.32256205435382 22.378983623690758
590.0833333333334 23.322603604187265 22.3784452739069
590.5833333333334 23.32262190042863 22.377902147705527
591.0833333333334 23.322660777372313 22.377362103309842
591.5833333333334 23.322697256385055 22.376828068924123
592.0833333333334 23.322743370443234 22.376296739549467
592.5833333333334 23.322786939440352 22.3757603417079
593.0833333333334 23.322845164898304 22.375230770853562
593.5833333333334 23.322886226752612 22.374702923503076
594.0833333333334 23.322956627282302 22.374175515070583
594.5833333333334 23.323007075625508 22.37364367472878
595.0833333333334 23.323069163374207 22.373117608816024
595.5833333333334 23.32314504945333 22.37259821116359
