FastTrWP/PhaseSpace/IAs/snIa_0.39_30.00_0.24_0.07.csv
# %ECSV 0.9
# ---
# datatype:
# - {name: time-rel, datatype: float64}
# - {name: g, datatype: float64}
# - {name: i, datatype: float64}
# schema: astropy-2.0
time-rel g i
[from data line 2087]
1228.25 24.82561128667704 23.015547769214706
1228.75 24.82762236987599 23.016254767770995
1229.25 24.82958810208704 23.016952663097435
1229.75 24.831554765288153 23.01764546281619
1230.25 24.833533660409714 23.018344011360675
1230.75 24.83549948213704 23.01903228713772
1231.25 24.837465010662033 23.01972376570522
1231.75 24.83944774414666 23.02040597149557
1232.25 24.84139010647776 23.021087548556487
1232.75 24.843338000689556 23.02177389098601
1233.25 24.845287058162498 23.022446360971237
1233.75 24.84723477210482 23.023125712355203
1234.25 24.849197764389366 23.023800845973604
1234.75 24.8511298711584 23.024473500992606
1235.25 24.85306405011346 23.025135437093635
1235.75 24.85498558465029 23.025796283762432
1236.25 24.85693465187913 23.026459118398876
1236.75 24.858880453223268 23.027124012451385
1237.25 24.860784839203337 23.02778766987247
1237.75 24.862679514901977 23.028432144354845
1238.25 24.86462798990543 23.029097307879788
1238.75 24.866526564929398 23.029748460442654
1239.25 24.868429719755873 23.030391098311263
1239.75 24.870355580570354 23.031042409325416
1240.25 24.872258374084154 23.031685830866763
1240.75 24.874190861941024 23.032330261580682
1241.25 24.876089416851556 23.032974551498913
1241.75 24.877963843777803 23.033619439009698
1242.25 24.879884048801436 23.03425065568264
1242.75 24.88176826383824 23.03490574955783
1243.25 24.88367937569751 23.03553032838324
1243.75 24.88556372724164 23.036176325869
1244.25 24.887458599077338 23.036812327864688
1244.75 24.889356959212634 23.03743899750488
1245.25 24.891250525430895 23.038074161374293
1245.75 24.893137833055654 23.03870883626564
1246.25 24.89499908976281 23.039335103372167
1246.75 24.89689066412489 23.03996542137329
1247.25 24.898784461828534 23.04060111122107
1247.75 24.900673559617843 23.04123052341868
1248.25 24.902545620724368 23.041861856764086
1248.75 24.90444085861458 23.042471671656077
1249.25 24.906312093026877 23.04310124222759
1249.75 24.90818805016805 23.043729888810812
1250.25 24.910081055201548 23.044345799139336
1250.75 24.911945426298736 23.044979725936123
1251.25 24.91383521333072 23.04561365046295
1251.75 24.91571931775315 23.0462209441989
1252.25 24.917601409763638 23.046852367823245
1252.75 24.919479972264398 23.04747468982747
1253.25 24.92135726921017 23.048091863469075
1253.75 24.92325328544046 23.048729426721074
1254.25 24.925134131534744 23.049344912466655
1254.75 24.927009963774513 23.049963220729374
1255.25 24.928886252562176 23.050596247487046
1255.75 24.930769867163892 23.051221579766143
1256.25 24.93265734994896 23.051840217390655
1256.75 24.934550898976514 23.052455112945495
1257.25 24.936446013960207 23.05309292523684
1257.75 24.938326279046805 23.053720551030743
1258.25 24.940225434070577 23.054337585178132
1258.75 24.942110155003018 23.054968795236547
1259.25 24.943991411579702 23.05559510783187
1259.75 24.945899368697884 23.056230848841803
1260.25 24.947789962343613 23.056850329220122
1260.75 24.949658826112934 23.057474376209967
1261.25 24.95157982307141 23.058113541040555
1261.75 24.95345765934133 23.05872652351876
1262.25 24.95533258477507 23.059337485373433
1262.75 24.957227895740672 23.059959540904487
1263.25 24.959096310701632 23.060585012175558
1263.75 24.960962361807514 23.061196879590224
1264.25 24.962833736242054 23.061811159722225
1264.75 24.96471329494876 23.062425656113405
1265.25 24.966575673552853 23.063038064653373
1265.75 24.968444449163837 23.06365143313963
1266.25 24.970315416553497 23.064256492235792
1266.75 24.97219331729193 23.064877099508337
1267.25 24.97406468906054 23.065483925161637
1267.75 24.97591446432532 23.06608222458223
1268.25 24.97776826488222 23.06669450917715
1268.75 24.97963469566008 23.067290820977146
1269.25 24.981516935594982 23.067893712562437
1269.75 24.983361854621702 23.068506122809467
1270.25 24.985201551081815 23.069111110293868
1270.75 24.987084839724538 23.069716245166063
1271.25 24.988914812558303 23.070302789036162
1271.75 24.990772460880187 23.07091386636241
1272.25 24.99261507776289 23.0715111299808
1272.75 24.994484002256456 23.07210154293434
1273.25 24.99633777884522 23.072704981913326
1273.75 24.99816708356382 23.073303024981815
1274.25 25.000026407794103 23.07390072771668
1274.75 25.00188581929688 23.074503391630227
1275.25 25.003726583842894 23.075090997859267
1275.75 25.005567940553778 23.07568612063961
1276.25 25.007432489131304 23.07629402335618
1276.75 25.009261759588178 23.07689224133013
1277.25 25.011099422729185 23.077488958443844
1277.75 25.01296120542111 23.07807316283853
1278.25 25.014812141418986 23.078672601906185
1278.75 25.016659156972665 23.079267759508888
1279.25 25.0185051062694 23.079859819149572
1279.75 25.020358551120697 23.08046131290462
1280.25 25.022199442265833 23.081067013527115
1280.75 25.0240435870001 23.081649196960264
1281.25 25.025884868203725 23.08225110954031
1281.75 25.027731865868724 23.082842758865738
1282.25 25.029592171397404 23.083441089311773
1282.75 25.0314191279069 23.084042820139356
1283.25 25.033256971373085 23.084640831812134
1283.75 25.035122700257872 23.08524225444089
1284.25 25.036982698942087 23.085837982033684
1284.75 25.03884232480567 23.086446591337513
1285.25 25.04070503183118 23.087037977282847
1285.75 25.04251481310291 23.08764152799483
1286.25 25.044402287475073 23.08823935547852
1286.75 25.046264552333337 23.08883497851522
1287.25 25.048125437934733 23.089427951329327
1287.75 25.049980622781685 23.090049686145456
1288.25 25.05181435827478 23.09065192124531
1288.75 25.053700811645196 23.09125951241319
1289.25 25.055552068905094 23.09186304912902
1289.75 25.05743682189118 23.092472615569385
1290.25 25.059296831634338 23.093078078242208
1290.75 25.06116735269078 23.093688480364982
1291.25 25.063056434827224 23.094305168325846
1291.75 25.064919654396153 23.094916099570355
1292.25 25.06679674337967 23.095524985988085
1292.75 25.068681373727863 23.096146692901016
1293.25 25.07056005897432 23.09675791448512
1293.75 25.072436372333577 23.097375831257494
1294.25 25.07433355835395 23.097985648469535
1294.75 25.07621586617981 23.098596955908036
1295.25 25.078096136330934 23.099217515150233
1295.75 25.079995205645716 23.099827962964113
1296.25 25.08189691254129 23.100442646241767
1296.75 25.083760116501796 23.101063635298647
1297.25 25.08564923790926 23.101681386171556
1297.75 25.087526744076992 23.102300684854082
1298.25 25.089424715376666 23.102920036035194
1298.75 25.0913364232659 23.103549298060514
1299.25 25.09321358735816 23.10415703798174
1299.75 25.09510117499775 23.104776131978205
1300.25 25.096989706149312 23.10540974732634
1300.75 25.09891970183121 23.10602219238242
1301.25 25.100788680559877 23.106645953109357
1301.75 25.1026640414875 23.10726320458842
1302.25 25.104571966431482 23.10788642161598
1302.75 25.1064801099807 23.108515297200363
1303.25 25.108369841697787 23.109131908718055
1303.75 25.110271649935907 23.109747572611283
1304.25 25.11214661445676 23.110367627174053
1304.75 25.114061739985857 23.11099818781321
1305.25 25.115959888153697 23.111626059387884
1305.75 25.117861221867624 23.112247197478478
1306.25 25.119748563919785 23.112870484125768
1306.75 25.121682895233413 23.11349442320322
1307.25 25.12354513232411 23.11411608669676
1307.75 25.125461161519137 23.114747314760514
1308.25 25.127364907547122 23.115371563266795
1308.75 25.12923638020258 23.11599292453618
1309.25 25.131173905090463 23.116618383375602
1309.75 25.13305215365417 23.117249208150096
1310.25 25.134968936309185 23.11787888312407
1310.75 25.13688631749818 23.11850326848578
1311.25 25.138793495915227 23.119125675254427
1311.75 25.140665741241015 23.119757849462445
1312.25 25.142565835995462 23.120390489050994
1312.75 25.144485829731916 23.12101087646083
1313.25 25.146380335198998 23.121638758579913
1313.75 25.148287923232147 23.12226478703065
1314.25 25.150180264184343 23.122891223178996
1314.75 25.15208161065399 23.12352378610526
1315.25 25.154003327195742 23.124149476641914
1315.75 25.15591742736114 23.12477673094458
1316.25 25.15780003388331 23.12540372882166
1316.75 25.15972010690109 23.126041473201052
1317.25 25.161623148291472 23.126669518562927
1317.75 25.163517186788937 23.127288050341747
1318.25 25.16540971362796 23.12792011785822
1318.75 25.167324840708144 23.12855267879489
1319.25 25.16920985298129 23.129183511555333
1319.75 25.17110586833428 23.129816100279513
1320.25 25.173009604326868 23.130438641516488
1320.75 25.174920288440944 23.13107654485281
1321.25 25.176826797815693 23.131715072327033
1321.75 25.178728300870212 23.13232485834121
1322.25 25.18062080651994 23.132962229727045
1322.75 25.1825199387784 23.133592017890997
1323.25 25.18442058750992 23.13423126282916
1323.75 25.18632417281583 23.134857424190255
1324.25 25.188220682676366 23.135493036910685
1324.75 25.190130117938025 23.136122550422566
1325.25 25.19201545584572 23.136750810383507
1325.75 25.193883522406523 23.137387241185053
1326.25 25.19576434111928 23.13801003544643
1326.75 25.197678802652202 23.138643335896315
1327.25 25.19957888397817 23.139279228175347
1327.75 25.201466070598396 23.139909776183103
1328.25 25.203380344289133 23.14054844843412
1328.75 25.205242417015 23.1411689990092
1329.25 25.207152606083767 23.141809649328987
1329.75 25.209065600667472 23.14243787175506
1330.25 25.210948445392816 23.143068226120956
1330.75 25.212824391741975 23.143714312092257
1331.25 25.214730834261644 23.1443540508825
1331.75 25.216654049754084 23.144980201300417
1332.25 25.218528403334084 23.145619219422745
1332.75 25.220445084420348 23.146252354187517
1333.25 25.22231809345438 23.146876251364272
1333.75 25.22420590671846 23.14752238311675
1334.25 25.226098082588276 23.14815488729677
1334.75 25.228006154276855 23.14879328238133
1335.25 25.229893464515136 23.149427945801353
1335.75 25.231780084720356 23.150061142788463
1336.25 25.233680783289834 23.150707557459498
1336.75 25.235578193616046 23.151334365699498
1337.25 25.23747750236693 23.151974338244962
1337.75 25.239374927048132 23.15261745914643
1338.25 25.241253997104454 23.153250995876945
1338.75 25.243137414572363 23.153887503406278
1339.25 25.24502130353622 23.15452837268726
1339.75 25.24690054004125 23.15516275991265
1340.25 25.248813858231504 23.15580492009813
1340.75 25.250702643956835 23.156434129419594
1341.25 25.252602778863526 23.157079850801978
1341.75 25.25446970613575 23.157717645773626
1342.25 25.25638138419157 23.158352872698437
1342.75 25.25822652204362 23.15899341285302
1343.25 25.260139351768537 23.159643358780826
1343.75 25.262014953583964 23.160270391870537
1344.25 25.263920476351288 23.16092058348633
1344.75 25.265800797339505 23.16156054059579
1345.25 25.26767924753819 23.16218862255254
1345.75 25.269565839147493 23.1628395909475
1346.25 25.27144181276151 23.16347529351885
1346.75 25.273327223490313 23.164110229523306
1347.25 25.275195768510518 23.16474628294747
1347.75 25.277091579128886 23.16540264290465
1348.25 25.278954885583822 23.166040541712082
1348.75 25.28080772377013 23.16666950956717
1349.25 25.2827064916719 23.1673168923534
1349.75 25.284601642799103 23.167957271899784
1350.25 25.286460240948525 23.168590861093833
1350.75 25.288333162143108 23.169232436677945
1351.25 25.29019436388552 23.169878967239264
1351.75 25.292076948974298 23.170514682060567
1352.25 25.293937654406577 23.171167072058246
1352.75 25.295822073728615 23.17179793105037
1353.25 25.297673071704754 23.172440703150524
1353.75 25.299538949183926 23.173079998201068
1354.25 25.301419405732815 23.173719609064364
1354.75 25.303257559667323 23.174366354080572
1355.25 25.30512905261814 23.174995637992634
1355.75 25.30701481195319 23.175647476100984
1356.25 25.308871864055916 23.176277419076904
1356.75 25.310708896479962 23.17692244687011
1357.25 25.312564577532374 23.177566583830007
1357.75 25.314421890480965 23.178200817001674
1358.25 25.31625849690153 23.1788398486433
1358.75 25.3181236766703 23.179478246592183
1359.25 25.319973061961765 23.180124606966395
1359.75 25.32181051533998 23.180765193309533
1360.25 25.323683629042286 23.18140398615661
1360.75 25.325523046592338 23.182038797051735
1361.25 25.327359063945984 23.182680150808142
1361.75 25.329223930451242 23.18333660160008
1362.25 25.331054013693162 23.183965672024257
1362.75 25.332867153275274 23.184596517934484
1363.25 25.334709880449445 23.185246459734273
1363.75 25.336547925623275 23.18587573733305
1364.25 25.338371415595407 23.186526485218373
1364.75 25.34023730067929 23.187167197092684
1365.25 25.342058127041064 23.187804044645425
1365.75 25.343871044929386 23.188454215613945
1366.25 25.345696484929157 23.189086427462083
1366.75 25.34753332216239 23.189725887664913
1367.25 25.349320993612867 23.190356287816805
1367.75 25.351167718381305 23.19100607210306
1368.25 25.353008571356362 23.191645070119492
1368.75 25.35481969553519 23.19228677775711
1369.25 25.356585734963645 23.192916747165384
1369.75 25.35842054934021 23.193567245008623
1370.25 25.360231990594563 23.19420808842932
1370.75 25.36203750992753 23.194843963803166
1371.25 25.36384215111097 23.195489948963722
1371.75 25.36566434969501 23.196123548784723
1372.25 25.367443774025254 23.19676630195825
1372.75 25.369261832931777 23.19739899568484
1373.25 25.37108251949111 23.198053866585454
1373.75 25.37290089786626 23.19869636640846
1374.25 25.37467912379571 23.199322791145352
1374.75 25.37647087735894 23.19997770033037
1375.25 25.37829152693827 23.200612168090938
1375.75 25.380084905734826 23.20125934604823
1376.25 25.381885997251906 23.201898825466543
1376.75 25.383647888961676 23.202533897314797
1377.25 25.38546252683119 23.203185623606952
1377.75 25.387228555884214 23.20381612105721
1378.25 25.389045996288324 23.204462342972686
1378.75 25.39081949141326 23.20509610006171
1379.25 25.392620637881528 23.20574919752234
1379.75 25.39439284812228 23.206390920065086
1380.25 25.396193048108813 23.207036427832037
1380.75 25.397953858359994 23.20768777663673
1381.25 25.399766407679234 23.208311005574203
1381.75 25.401532313561795 23.20897124797988
1382.25 25.403330041713296 23.209612084781824
1382.75 25.405124367130604 23.210251243262267
1383.25 25.40690347818679 23.21089411964474
1383.75 25.408690764287233 23.211532929157663
1384.25 25.41044706919012 23.212181529313554
1384.75 25.412236224983214 23.21281939908574
1385.25 25.41404304445148 23.213467566985635
1385.75 25.415782945860272 23.214111733459127
1386.25 25.41757636353409 23.21475137681601
1386.75 25.419343692868416 23.215397215788173
1387.25 25.42115313357487 23.21603976925971
1387.75 25.422914216754712 23.216690100525366
1388.25 25.42466219503393 23.217338230409975
1388.75 25.426434741856404 23.21798177615697
1389.25 25.428269931646955 23.218626119427945
1389.75 25.430032077452395 23.219269358060117
1390.25 25.431788135205842 23.219915834805427
1390.75 25.43356472094585 23.2205599321645
1391.25 25.435340217752277 23.221205675366274
1391.75 25.437100315693975 23.22184972435862
1392.25 25.438882912360196 23.222509504304337
1392.75 25.440691287934364 23.223147453364152
1393.25 25.4424459901689 23.223798965697338
1393.75 25.44419151122884 23.224445220277307
1394.25 25.445979151493226 23.22508738028805
1394.75 25.44776034750026 23.225747573666563
1395.25 25.44952979354296 23.226384541769
1395.75 25.451280570959305 23.22703554764024
1396.25 25.453049795082432 23.227680484252943
1396.75 25.454811702874082 23.22832796212396
1397.25 25.456559566273494 23.22897676754714
1397.75 25.45834139694712 23.22963856960925
1398.25 25.460091442545455 23.230283590943202
1398.75 25.461833123549752 23.230935284948853
1399.25 25.463600884406546 23.23158325820973
1399.75 25.46534535299088 23.232226900532464
1400.25 25.467113117862738 23.23287805912099
1400.75 25.468856303381372 23.233522967238617
1401.25 25.47060381409906 23.234177854011655
1401.75 25.472351689753708 23.23482827351647
1402.25 25.47410188517667 23.23547654817642
1402.75 25.47584070040554 23.23612295975874
1403.25 25.47759708643921 23.2367813684704
1403.75 25.479329192145723 23.237421101984836
1404.25 25.48106064580431 23.238076442063402
