FastTrWP/PhaseSpace/IAs/snIa_0.41_30.00_2.22_0.07.csv
# %ECSV 0.9
# ---
# datatype:
# - {name: time-rel, datatype: float64}
# - {name: g, datatype: float64}
# - {name: i, datatype: float64}
# schema: astropy-2.0
time-rel g i
156.29166666666666 26.98189522108889 24.886658156858577
156.79166666666666 26.956942206130297 24.877532461446954
157.29166666666666 26.932233192764453 24.868419998180528
157.79166666666666 26.907558734113568 24.85934697330856
158.29166666666666 26.883104631136195 24.850276211290744
158.79166666666666 26.85885040817383 24.84121903950555
159.29166666666666 26.834746330230704 24.832163573924504
159.79166666666666 26.810782779849017 24.823169003519897
160.29166666666666 26.78705952554468 24.81416019807667
160.79166666666666 26.763483414023128 24.80517760840515
161.29166666666666 26.74011700816361 24.796223214761074
161.79166666666666 26.71692828796234 24.787300790591452
162.29166666666666 26.693923889721994 24.778388412656874
162.79166666666666 26.671128563326455 24.76953297295536
163.29166666666666 26.648475236610164 24.760653020997392
163.79166666666666 26.62601630102653 24.751824192237017
164.29166666666666 26.603779151710306 24.74300701294799
164.79166666666666 26.581734398821126 24.734209905597115
165.29166666666666 26.55981207341238 24.725459578142765
165.79166666666666 26.538203192213654 24.716718408918684
166.29166666666666 26.5167285399421 24.70800751963612
166.79166666666666 26.495430147400562 24.69933879990211
167.29166666666666 26.47433567694471 24.690679380360887
167.79166666666666 26.453443944611376 24.682066137852345
168.29166666666663 26.432688053278838 24.673440811774853
168.79166666666666 26.41215438753443 24.664888610654963
169.29166666666666 26.391813427032638 24.65635059197001
169.79166666666663 26.371616044605013 24.647850250835056
170.29166666666666 26.351652635968183 24.63935487624108
170.79166666666666 26.33183811967987 24.63092686961936
171.29166666666663 26.312204844650964 24.62250190300423
171.79166666666666 26.29277272169333 24.614087174116023
172.29166666666666 26.273501538563483 24.60575332333699
172.79166666666663 26.254387173672775 24.597414807805404
173.29166666666666 26.235493660425988 24.58911482745908
173.79166666666666 26.216709457323645 24.580848005211568
174.29166666666663 26.198156506232564 24.57261934936383
174.79166666666666 26.17975414041638 24.564424845827627
175.29166666666666 26.161513318794075 24.556249883781778
175.79166666666663 26.143445017733423 24.548119601037396
176.29166666666666 26.12552090540521 24.54001528128865
176.79166666666666 26.107799383777447 24.53194893292356
177.29166666666663 26.090228670013772 24.523923129465253
177.79166666666666 26.072759582543664 24.51589497674901
178.29166666666666 26.055534113403542 24.507952634572547
178.79166666666663 26.038403949951707 24.499993337034166
179.29166666666666 26.02145795652988 24.492092161395014
179.79166666666666 26.004658452443316 24.484226707804165
180.29166666666663 25.98801328757615 24.476405708559703
180.79166666666666 25.971526873115913 24.468586062789722
181.29166666666666 25.955147715225007 24.460806276307796
181.79166666666663 25.938941892523843 24.453075929949158
182.29166666666666 25.922876666193137 24.445378110337824
182.79166666666666 25.907012177254664 24.437703409766243
183.29166666666663 25.89123706701261 24.430062651379053
183.79166666666666 25.87561387519965 24.422469624650276
184.29166666666666 25.860101910037518 24.414905930971784
184.79166666666663 25.84473230366603 24.40736531126726
185.29166666666666 25.829509244908188 24.399867440332375
185.79166666666666 25.814465538366797 24.392392284619703
186.29166666666663 25.799499382307577 24.384988335976363
186.79166666666666 25.784679204730256 24.377576672826326
187.29166666666666 25.769998822153223 24.370219613481478
187.79166666666663 25.755439775494345 24.36289342260519
188.29166666666666 25.740957796780503 24.355586568622826
188.79166666666666 25.726607186223255 24.3483048660546
189.29166666666663 25.71226925697266 24.341033874872725
189.79166666666666 25.698016052463096 24.33380673426675
190.29166666666666 25.68391295490831 24.32657915047535
190.79166666666663 25.669813887604427 24.319375902322275
191.29166666666666 25.655851033224188 24.31219987539212
191.79166666666666 25.641962897337876 24.30502931407776
192.29166666666663 25.6281206382978 24.29790531294993
192.79166666666666 25.614381661746627 24.290775293781195
193.29166666666666 25.60069893196247 24.283686460084617
193.79166666666663 25.587114982070073 24.276614789665057
194.29166666666666 25.57364299856819 24.2695687635458
194.79166666666666 25.56022011335412 24.262525532213676
195.29166666666663 25.54691609494502 24.255514259276616
195.79166666666666 25.533669096616155 24.248531237964926
196.29166666666666 25.520487476264098 24.241580677266906
196.79166666666663 25.50740135318742 24.23465036147761
197.29166666666666 25.494384359893367 24.227708086810008
197.79166666666666 25.48148205224581 24.22082646007012
198.29166666666663 25.46862622919027 24.213955028389783
198.79166666666666 25.455844646436905 24.207108616889123
199.29166666666666 25.44313006534974 24.20027113861601
199.79166666666663 25.43054106239206 24.193492882885078
200.29166666666666 25.41799053632426 24.186688366422054
200.79166666666666 25.405539157894133 24.179949034149498
201.29166666666663 25.39315696467836 24.17321141067363
201.79166666666666 25.380873460734815 24.1664914430117
202.29166666666666 25.36864826553773 24.159791254232985
202.79166666666663 25.35648601166923 24.153136533201675
203.29166666666666 25.34444472229268 24.14649631832051
203.79166666666666 25.332442027238585 24.139866199985654
204.29166666666663 25.320533072006942 24.133267679640372
204.79166666666666 25.308694427819333 24.126702822075714
205.29166666666666 25.296922426583887 24.12015593868581
205.79166666666663 25.285229185397288 24.113621691049044
206.29166666666666 25.273614809520055 24.107120139523936
206.79166666666666 25.262071116737104 24.100642962962
207.29166666666663 25.250587028442748 24.094199043975678
207.79166666666666 25.239225348109407 24.08774489404493
208.29166666666666 25.227861210152245 24.081348517355305
208.79166666666663 25.21661087310588 24.07495848171584
209.29166666666666 25.20545070579535 24.068589122506317
209.79166666666666 25.19432520744846 24.062256817250475
210.29166666666663 25.183267565903606 24.055952874530302
210.79166666666666 25.172300265444 24.049640105234374
211.29166666666666 25.161435159522405 24.043379810782632
211.79166666666663 25.150614514236963 24.03714335893651
212.29166666666666 25.139809513503458 24.030888465547548
212.79166666666666 25.129117067728657 24.024710962384745
213.29166666666663 25.118511266018192 24.018528313282893
213.79166666666666 25.107948256902787 24.012374735531218
214.29166666666666 25.09747527989859 24.006237653231498
214.79166666666663 25.087046224840638 24.000143383264817
215.29166666666666 25.07668743779272 23.99406482424231
215.79166666666666 25.066409128184578 23.98799542380653
216.29166666666663 25.05616636689076 23.981965081702818
216.79166666666666 25.045995867326376 23.97595626153165
217.29166666666666 25.035900130592935 23.969957932012342
217.79166666666663 25.025884125556345 23.963993559819833
218.29166666666666 25.015934297962787 23.958054455057333
218.79166666666666 25.00600785125171 23.95213952314436
219.29166666666663 24.996169685915014 23.946231289554383
219.79166666666666 24.986413612086004 23.940359200357797
220.29166666666666 24.976682381667704 23.9345051308202
220.79166666666663 24.967031737004575 23.928682723875767
221.29166666666666 24.95741215326952 23.92288201742675
221.79166666666666 24.947895039763655 23.91710484759752
222.29166666666663 24.938396917043345 23.91133829845625
222.79166666666666 24.928919368183603 23.90556450252969
223.29166666666666 24.919458821832947 23.89982810643388
223.79166666666663 24.910024714448994 23.894074800479128
224.29166666666666 24.900618169757504 23.888335736685914
224.79166666666666 24.891256264245065 23.882623653728558
225.29166666666663 24.881938208027627 23.876914425296725
225.79166666666666 24.872626523600104 23.871240865296116
226.29166666666666 24.863380264476106 23.865563911593828
226.79166666666663 24.854144647793305 23.859919141142974
227.29166666666666 24.844948273686246 23.854260696719855
227.79166666666666 24.835780131413422 23.848627234804596
228.29166666666663 24.826682456068426 23.843014848594937
228.79166666666666 24.817587688984062 23.837402167916512
229.29166666666666 24.80857748647339 23.83182049501832
229.79166666666663 24.799553283002336 23.826236326815145
230.29166666666666 24.79058751749267 23.820683666957493
230.79166666666666 24.781667592798975 23.815143477346727
231.29166666666663 24.772780535738473 23.80960939943813
231.79166666666666 24.763928905015007 23.80410026453169
232.29166666666666 24.75513180694748 23.798604548866447
232.79166666666666 24.746363649715857 23.793119892355776
233.29166666666666 24.737648617640893 23.78767097648271
233.79166666666666 24.72897938330933 23.782238812370387
234.29166666666666 24.720363206095225 23.77681414822021
234.79166666666666 24.71179016155638 23.771404188742604
235.29166666666666 24.70324669464169 23.766017510402428
235.79166666666666 24.694729854551888 23.76063977380202
236.29166666666666 24.68630822731244 23.75529201625211
236.79166666666666 24.677907656354243 23.74995648017919
237.29166666666666 24.669538169615013 23.744644081637524
237.79166666666666 24.66122349555534 23.739350426046258
238.29166666666666 24.6529539315886 23.73407283905006
238.79166666666666 24.64472289723998 23.728819210910572
239.29166666666666 24.63653882477956 23.72357127676746
239.79166666666666 24.628432342709033 23.718359818595395
240.29166666666666 24.620356207390657 23.71316386294697
240.79166666666666 24.612300908828537 23.707988506043492
241.29166666666666 24.604333378580034 23.702832209780386
241.79166666666666 24.596374967616704 23.6977018298262
242.29166666666666 24.58849209094288 23.692571020365154
242.79166666666666 24.580646271431526 23.68747591404157
243.29166666666666 24.572835759685546 23.682415392362795
243.79166666666666 24.565097699901482 23.67735710063463
244.29166666666666 24.55738968184951 23.672318840598592
244.79166666666666 24.54975951219616 23.667309012455867
245.29166666666666 24.54215675282552 23.66233259019179
245.79166666666666 24.534615806528915 23.657356833070335
246.29166666666666 24.527103200089087 23.652418002891075
246.79166666666666 24.519649540129866 23.647480068741544
247.29166666666666 24.51225010726609 23.642574376655915
247.79166666666666 24.50488429799405 23.637697384755253
248.29166666666666 24.497569273753793 23.632840563807626
248.79166666666666 24.490318889049792 23.627997902420518
249.29166666666666 24.48311380021569 23.623182593788957
249.79166666666666 24.47596425728436 23.618389299773103
250.29166666666666 24.46885504073506 23.613620001261037
250.79166666666666 24.461769925812323 23.608879883739313
251.29166666666666 24.454777367206297 23.604145338069106
251.79166666666666 24.44779926392386 23.59943502398879
252.29166666666666 24.440886683183937 23.594762489925838
252.79166666666666 24.434031669472212 23.590118350435624
253.29166666666666 24.427219851425672 23.585477703967914
253.79166666666666 24.42043946262007 23.580867982279706
254.29166666666666 24.413728630631304 23.576278549106714
254.79166666666666 24.407066264791204 23.571712096999224
255.29166666666666 24.400454976112375 23.56717615156527
255.79166666666666 24.393883540709158 23.56264456304619
256.2916666666667 24.387315773935295 23.558139827226903
256.7916666666667 24.38078602532707 23.553643027102325
257.2916666666667 24.374263112644318 23.54913571119361
257.7916666666667 24.36776702744269 23.544669979692042
258.2916666666667 24.361303287957334 23.54019181485078
258.7916666666667 24.35485186771274 23.535752606507927
259.2916666666667 24.34841670223415 23.531304869966302
259.7916666666667 24.342027590254453 23.52687650427232
260.2916666666667 24.335647920953015 23.522465445857105
260.7916666666667 24.329283384023714 23.518049320573663
261.2916666666667 24.32296293582982 23.513661087529947
261.7916666666667 24.316666681350313 23.509273800273967
262.2916666666667 24.310379220930443 23.504902614668197
262.7916666666667 24.30411611334645 23.500559940911813
263.2916666666667 24.29790482979771 23.496214346311906
263.7916666666667 24.291693621455707 23.491888300398717
264.2916666666667 24.285528711177953 23.487581215763655
264.7916666666667 24.27938007032854 23.48328033189885
265.2916666666667 24.273258742544396 23.47900344402991
265.7916666666667 24.267182158822177 23.474722303269782
266.2916666666667 24.26112037097559 23.470465244001602
266.7916666666667 24.255077045084533 23.466228244633612
267.2916666666667 24.249082636804665 23.461997464359833
267.7916666666667 24.243121001394563 23.457783042661866
268.2916666666667 24.237156990713405 23.453586019899216
268.7916666666667 24.2312442665613 23.449411167867538
269.2916666666667 24.22536891732477 23.445237680298593
269.7916666666667 24.219505141878916 23.441089351864047
270.2916666666667 24.213685007006234 23.436967554588257
270.7916666666667 24.207893932102 23.432834450292358
271.2916666666667 24.20213231761995 23.428728357874263
271.7916666666667 24.19640523668418 23.424653656092566
272.2916666666667 24.190706215557796 23.42057392818993
272.7916666666667 24.185025441362402 23.41652797389041
273.2916666666667 24.179398412908174 23.412490234442487
273.7916666666667 24.173791339997166 23.408459602290815
274.2916666666667 24.16821976761772 23.404457255456773
274.7916666666667 24.16269335296239 23.40046676492095
275.2916666666667 24.157159713934114 23.396498834507916
275.7916666666667 24.151686239295355 23.39255195321936
276.2916666666667 24.146259195823173 23.388611189704434
276.7916666666667 24.140843595436543 23.384697390582506
277.2916666666667 24.135463854478445 23.38078918777117
277.7916666666667 24.13011970062261 23.376899464329995
278.2916666666667 24.124821838044348 23.373038642552046
278.7916666666667 24.119549640716794 23.369191970087464
279.2916666666667 24.114305224525033 23.365344725750944
279.7916666666667 24.109102135585676 23.361544229756493
280.2916666666667 24.103907072900324 23.35775025809573
280.7916666666667 24.098793988124893 23.353964671914873
281.2916666666667 24.093669082326443 23.350203027608487
281.7916666666667 24.088602770574834 23.346470583827937
282.2916666666667 24.08357463704382 23.34274078522221
282.7916666666667 24.078576627972264 23.33904153692417
283.2916666666667 24.073594976287712 23.335342949285454
283.7916666666667 24.068664677941726 23.33168161950272
284.2916666666667 24.063778084080468 23.328033054003534
284.7916666666667 24.05890838762632 23.324399546453343
285.2916666666667 24.054086012688103 23.32078705152789
285.7916666666667 24.04929932898842 23.31719488856429
286.2916666666667 24.04454308312227 23.313620369856103
286.7916666666667 24.039822119792408 23.31006703927615
287.2916666666667 24.035140083939144 23.306522781719423
287.7916666666667 24.03048492637304 23.303012095477097
288.2916666666667 24.025884915973876 23.299515615728296
288.7916666666667 24.021305938989435 23.296042319449356
289.2916666666667 24.01676597455473 23.292581329273126
289.7916666666667 24.0122640049808 23.28914595927079
290.2916666666667 24.007776595081978 23.285699056219688
290.7916666666667 24.003326208802505 23.282303249957433
291.2916666666667 23.99888383274202 23.278903031262193
291.7916666666667 23.994469851278424 23.275520291353246
292.2916666666667 23.99010378872856 23.272144553354494
292.7916666666667 23.985755165559176 23.268805023940274
293.2916666666667 23.98143236351536 23.265464996303024
293.7916666666667 23.97713010094586 23.262133840263953
294.2916666666667 23.97284727844205 23.258829085846166
294.7916666666667 23.96858136192073 23.255542925589484
295.2916666666667 23.96435983938959 23.252261813569277
295.7916666666667 23.960145941672618 23.24900099162221
296.2916666666667 23.955969981880628 23.245744046476897
296.7916666666667 23.951813487879527 23.24249292561008
297.2916666666667 23.9476832269444 23.239270971460527
297.7916666666667 23.943545052256564 23.236060287682946
298.2916666666667 23.93946319346729 23.232854308945893
