FastTrWP/PhaseSpace/IAs/snIa_0.6_30_0.0_-0.1.csv
# %ECSV 0.9
# ---
# datatype:
# - {name: time-rel, datatype: float64}
# - {name: g, datatype: float64}
# - {name: i, datatype: float64}
# schema: astropy-2.0
time-rel g i
[from data line 2774]
1363.4583333333333 -24.249273836840274 -26.70721941212362
1363.9583333333333 -24.24877369617402 -26.706017431570885
1364.4583333333333 -24.24824864403783 -26.704798499315526
1364.9583333333333 -24.24773064012141 -26.70360160812553
1365.4583333333333 -24.247209463773643 -26.702394148451518
1365.9583333333333 -24.246694423286907 -26.701185605000788
1366.4583333333333 -24.246175032068557 -26.699978006466473
1366.9583333333333 -24.245687012438392 -26.698769617095664
1367.4583333333333 -24.2451483749433 -26.69756258411647
1367.9583333333333 -24.244614112872085 -26.696350443024038
1368.4583333333333 -24.244102926657042 -26.69514255779539
1368.9583333333333 -24.24357732624174 -26.693933230833796
1369.4583333333333 -24.243022588757018 -26.692722619599184
1369.9583333333333 -24.24247613346422 -26.691512609995307
1370.4583333333333 -24.24191474457732 -26.69030346957406
1370.9583333333333 -24.241389212560264 -26.689088138182644
1371.4583333333333 -24.24083475288331 -26.687865563010973
1371.9583333333333 -24.240287981110548 -26.68666547672494
1372.4583333333333 -24.23970206201567 -26.68544376087421
1372.9583333333333 -24.239148797365054 -26.68424802449227
1373.4583333333333 -24.23858354946146 -26.683027522412598
1373.9583333333333 -24.238007734487557 -26.68181533779721
1374.4583333333333 -24.237423691170775 -26.680596673224343
1374.9583333333333 -24.236849140233943 -26.679390815071542
1375.4583333333333 -24.236269226062067 -26.678180706883783
1375.9583333333333 -24.235646659181313 -26.67695854262098
1376.4583333333333 -24.235015607792313 -26.6757435672547
1376.9583333333333 -24.234435158574566 -26.674532634845253
1377.4583333333333 -24.233804092441392 -26.67332586628735
1377.9583333333333 -24.233173785249868 -26.67210091612718
1378.4583333333333 -24.232543339868045 -26.670885790926214
1378.9583333333333 -24.231916686231955 -26.669661407342147
1379.4583333333333 -24.231241113411773 -26.668456322795954
1379.9583333333333 -24.23060473346129 -26.667224915364667
1380.4583333333333 -24.229883875038688 -26.666020475899558
1380.9583333333333 -24.2292374601479 -26.66479587915091
1381.4583333333333 -24.228567671307957 -26.66357666287661
1381.9583333333333 -24.22783169685583 -26.66235791498817
1382.4583333333333 -24.227140320316465 -26.66114003690261
1382.9583333333333 -24.226446882311787 -26.659918886414133
1383.4583333333333 -24.225717607951363 -26.658705826628868
1383.9583333333333 -24.224991232943477 -26.657481480785407
1384.4583333333333 -24.224227082817876 -26.656258314545525
1384.9583333333333 -24.223462711297508 -26.6550422866568
1385.4583333333333 -24.22272397703829 -26.65382298446829
1385.9583333333333 -24.221886224553213 -26.652592142172523
1386.4583333333333 -24.22111992477823 -26.651368279955694
1386.9583333333333 -24.22033818843144 -26.650149044503113
1387.4583333333333 -24.219513356624958 -26.648924841414075
1387.9583333333333 -24.218691323494852 -26.647696720283953
1388.4583333333333 -24.217820442250492 -26.646478740911913
1388.9583333333333 -24.217019124672635 -26.645251327540734
1389.4583333333333 -24.216157374076236 -26.644028821641488
1389.9583333333333 -24.215302145284237 -26.64279929316023
1390.4583333333333 -24.214448219293793 -26.64156442665426
1390.9583333333333 -24.213598708912638 -26.64035249879424
1391.4583333333333 -24.212689618442372 -26.639103316006466
1391.9583333333333 -24.21182090598155 -26.637894307038067
1392.4583333333333 -24.21094645100171 -26.636669669071303
1392.9583333333333 -24.210025494329315 -26.635423054088868
1393.4583333333333 -24.209166905050697 -26.634196454450247
1393.9583333333333 -24.20822762161459 -26.632968424590565
1394.4583333333333 -24.207315099330668 -26.63173507611755
1394.9583333333333 -24.206389353656284 -26.630506550867477
1395.4583333333333 -24.20548211038796 -26.629274395981604
1395.9583333333333 -24.204534978477593 -26.628040215684273
1396.4583333333333 -24.20361373793011 -26.626809819969882
1396.9583333333333 -24.202661754646062 -26.625569776428378
1397.4583333333333 -24.20169352836238 -26.62434147981194
1397.9583333333333 -24.200735600740696 -26.623117094719873
1398.4583333333333 -24.19975901670844 -26.621867454796956
1398.9583333333333 -24.198805547739227 -26.620638588320652
1399.4583333333333 -24.197827956044136 -26.619407497967316
1399.9583333333333 -24.196808643003784 -26.618172275071576
1400.4583333333333 -24.195837531493428 -26.616927016417353
1400.9583333333333 -24.1948161180989 -26.615690377627985
1401.4583333333333 -24.19383478751286 -26.614461250306576
1401.9583333333333 -24.19279365252074 -26.613216365667434
1402.4583333333333 -24.191784642932674 -26.611978762867952
1402.9583333333333 -24.19075533828213 -26.610740949179508
1403.4583333333333 -24.18971442493422 -26.60951099012417
1403.9583333333333 -24.188696714217066 -26.60826772586759
1404.4583333333333 -24.187607375917164 -26.607030582061437
1404.9583333333333 -24.186522169092477 -26.605790476483023
1405.4583333333333 -24.185512172221458 -26.604558886082987
1405.9583333333333 -24.1844403273014 -26.603308989603597
1406.4583333333333 -24.183341057007063 -26.602076392687085
1406.9583333333333 -24.18223763018203 -26.600828017871923
1407.4583333333333 -24.181156611444585 -26.59959089506747
1407.9583333333333 -24.180043997529218 -26.598357352560136
1408.4583333333333 -24.178955044208088 -26.597100423193044
1408.9583333333333 -24.177844922649307 -26.595870466156416
1409.4583333333333 -24.176690635776865 -26.59462545304548
1409.9583333333333 -24.175582071256983 -26.593385647256078
1410.4583333333333 -24.17442487482316 -26.59214102313741
1410.9583333333333 -24.173300378948692 -26.59090529996975
1411.4583333333333 -24.17212805206772 -26.589661022167583
1411.9583333333333 -24.170953864580518 -26.588412754548095
1412.4583333333333 -24.16980050689858 -26.587170683705658
1412.9583333333333 -24.16864922228136 -26.58593596812798
1413.4583333333333 -24.16747864979685 -26.58469613593936
1413.9583333333333 -24.16626370620388 -26.58344279286668
1414.4583333333333 -24.165075077015224 -26.582202397024112
1414.9583333333333 -24.1638858841213 -26.58096056551672
1415.4583333333333 -24.162658201135784 -26.579719264038317
1415.9583333333333 -24.161438746172536 -26.57846889028366
