FastTrWP/PhaseSpace/IAs/snIa_0.6_20_1_-0.1.csv
# %ECSV 0.9
# ---
# datatype:
# - {name: time-rel, datatype: float64}
# - {name: g, datatype: float64}
# - {name: i, datatype: float64}
# schema: astropy-2.0
time-rel g i
[from data line 664]
318.125 -26.71072820994513 -27.616501333871014
318.625 -26.710741778404177 -27.616978800156954
319.125 -26.71075520668073 -27.61745761926331
319.625 -26.710750081162043 -27.61792780162275
320.125 -26.71074356176051 -27.618399556238103
320.625 -26.710741464417094 -27.61886618644756
321.125 -26.710724007165766 -27.619321678712552
321.625 -26.710686131387472 -27.61978508366905
322.125 -26.710660889908233 -27.620237830921425
322.625 -26.7106190501563 -27.620697303356888
323.125 -26.71058551206285 -27.621150572765153
323.625 -26.710533536135376 -27.621599961821577
324.125 -26.710486588878688 -27.622047375347634
324.625 -26.710409190808694 -27.622490643483253
325.125 -26.710338257918632 -27.62292627244031
325.625 -26.710278555715533 -27.623363344606005
326.125 -26.710204055223073 -27.623800965953954
326.625 -26.71012301895455 -27.62423066077846
327.125 -26.71003194779431 -27.62465978491535
327.625 -26.70993746217207 -27.62508921726419
328.125 -26.709840557682103 -27.62550876911615
328.625 -26.709727976225743 -27.625928017605613
329.125 -26.709618102071126 -27.626354116337488
329.625 -26.70949496230054 -27.626771026974026
330.125 -26.709380228941125 -27.62718390361354
330.625 -26.709259186561326 -27.627599922981638
331.125 -26.70913172813069 -27.628004338541384
331.625 -26.708986663158925 -27.628417080237213
332.125 -26.708833059002078 -27.628819537066306
332.625 -26.70870367125856 -27.629230486273354
333.125 -26.708552294419068 -27.62963036336318
333.625 -26.708394553439568 -27.630032178318615
334.125 -26.70824097156338 -27.630425247165796
334.625 -26.708068504310305 -27.63082524470036
335.125 -26.70790842106507 -27.631228689686495
335.625 -26.707728043590503 -27.631612705783198
336.125 -26.707552604030255 -27.632003053034282
336.625 -26.707372058300667 -27.632395299278038
337.125 -26.70717834792469 -27.632777964158336
337.625 -26.70699169810909 -27.633168790581202
338.125 -26.70679625133768 -27.633558797998056
338.625 -26.706596167936063 -27.633933313503334
339.125 -26.70640434706973 -27.634314774526032
339.625 -26.70619538679216 -27.63469560344145
340.125 -26.705985224797672 -27.635074833710746
340.625 -26.70577085691111 -27.635449319789657
341.125 -26.705550741857902 -27.635825435431357
341.625 -26.70534367949047 -27.636199787445477
342.125 -26.705107052898292 -27.636570308491354
342.625 -26.704883476354073 -27.636936066750653
343.125 -26.70464650174214 -27.637313942013563
343.625 -26.7044276729421 -27.637683790479986
344.125 -26.704176766459014 -27.638053374504313
344.625 -26.70393768623583 -27.63841741160064
345.125 -26.70370637577689 -27.638781977727444
345.625 -26.703453058820777 -27.639154739186026
346.125 -26.703201353379548 -27.639513371017387
346.625 -26.70295138269335 -27.63987957220527
347.125 -26.702700880314065 -27.640245833350534
347.625 -26.70243469693291 -27.640600102574325
348.125 -26.702170308212885 -27.640961722485905
348.625 -26.701911605770114 -27.641320940791758
349.125 -26.70164515724207 -27.641679970797483
349.625 -26.701372016848545 -27.642043278272954
350.125 -26.701110126125478 -27.642404559600962
350.625 -26.700840816879868 -27.642754269683188
351.125 -26.700559546059228 -27.643114019669518
351.625 -26.700295581535983 -27.64346634713071
352.125 -26.700004768737948 -27.64382638796468
352.625 -26.69970765181546 -27.644172868306004
353.125 -26.699438864752132 -27.644524392990736
353.625 -26.699135908612238 -27.64487940892197
354.125 -26.6988432628818 -27.645226062790535
354.625 -26.698536736917102 -27.6455734420384
355.125 -26.698234929415285 -27.645915400549384
355.625 -26.697915519585976 -27.64626348676348
356.125 -26.697607802211362 -27.646609108089393
356.625 -26.697291338300595 -27.64695066701483
357.125 -26.6969713079947 -27.64729144674437
357.625 -26.696647766685054 -27.647632181957835
358.125 -26.696326600699383 -27.64796592743362
358.625 -26.695984265037218 -27.64829673203122
359.125 -26.695649966434903 -27.648634347457687
359.625 -26.69531057004749 -27.648965366164035
360.125 -26.69496887847593 -27.64929394859285
360.625 -26.694618952778434 -27.649623953988787
361.125 -26.694271105952566 -27.6499580567134
361.625 -26.693908978245503 -27.650282811516398
362.125 -26.69355320292308 -27.650606545922503
362.625 -26.6931791455374 -27.650936497968907
363.125 -26.692819304356746 -27.651252147515105
363.625 -26.692437516588456 -27.65157406650998
364.125 -26.692064383173655 -27.651901579853124
364.625 -26.69169154418388 -27.65221622074129
365.125 -26.69129980505811 -27.652531692676803
365.625 -26.69090405486736 -27.652842108907947
366.125 -26.690517694062116 -27.65315923755498
366.625 -26.690113734976116 -27.653468629301884
367.125 -26.68971664775418 -27.65378315892571
367.625 -26.689312071277325 -27.6540949327905
368.125 -26.68890048779597 -27.654399795516493
368.625 -26.68849640276938 -27.65470609321374
369.125 -26.688074715107028 -27.6550125862067
369.625 -26.68764448919697 -27.65530854189091
370.125 -26.68722240908796 -27.655610739764214
370.625 -26.68678364639949 -27.65590894031817
371.12499999999994 -26.686346400424227 -27.65621616380836
371.625 -26.68591090452704 -27.656506278417726
372.125 -26.68546857717617 -27.656803241922585
372.62499999999994 -26.68501864274253 -27.657096847977385
373.125 -26.684565476757747 -27.65738521490232
373.625 -26.68410051963525 -27.657675752031064
374.12499999999994 -26.683642293075756 -27.657963218546247
374.625 -26.683169481057114 -27.65824618793935
375.125 -26.682699861106748 -27.658535553858105
375.62499999999994 -26.682224396678542 -27.658821643326192
376.125 -26.681739199726067 -27.65910109669278
376.625 -26.681254164356876 -27.65938421494267
377.12499999999994 -26.68077045103905 -27.659663307044184
377.625 -26.680284381962466 -27.65994274312147
378.125 -26.679786369637775 -27.660213964307736
378.62499999999994 -26.67927500806051 -27.660492894307414
379.125 -26.678778002550317 -27.660758083700316
379.625 -26.678256628048523 -27.66103352717447
380.12499999999994 -26.677737783394242 -27.661304430897076
380.625 -26.67722353079689 -27.66157012873545
381.125 -26.676691547255714 -27.66183578046473
381.62499999999994 -26.676173593250002 -27.66209854989902
382.125 -26.675635262373838 -27.66236629599136
382.625 -26.67508665248451 -27.662620555387342
383.12499999999994 -26.67453814378257 -27.662881976439223
383.625 -26.67399726651851 -27.663137482656765
384.125 -26.673433879564072 -27.6633962740734
384.62499999999994 -26.672874822046893 -27.66364781487113
385.125 -26.67231087115613 -27.663899736691707
385.625 -26.67173652844314 -27.664150070125146
386.12499999999994 -26.67117123212167 -27.664395406542035
386.625 -26.670585421383812 -27.664649846029654
387.125 -26.67001049578492 -27.664884498809514
387.62499999999994 -26.66941536847969 -27.66513351347477
388.125 -26.668820478910426 -27.665369612808874
388.625 -26.668231134625575 -27.665613663977993
389.12499999999994 -26.667633819489133 -27.665858213729454
389.625 -26.66702095675673 -27.66609251593588
390.125 -26.666398562919916 -27.66632727898997
390.62499999999994 -26.665781853264278 -27.66655886027897
391.125 -26.665158980799756 -27.666790689787337
391.625 -26.664540301011733 -27.66702887352933
392.12499999999994 -26.663906018900715 -27.667253861522102
392.625 -26.663266939665803 -27.667480442142786
393.125 -26.66262874564655 -27.66769869628836
393.62499999999994 -26.66198624107473 -27.667924627559707
394.125 -26.661333781571766 -27.66815364863181
394.625 -26.660684743399166 -27.66837525371858
395.12499999999994 -26.66001142578383 -27.668594855813375
395.625 -26.659350832824064 -27.6688123077136
396.125 -26.65869392069107 -27.669031578109966
396.62499999999994 -26.65801836926196 -27.669244856065802
397.125 -26.657339736632906 -27.669457195019707
397.625 -26.65665059130987 -27.669667754792297
398.12499999999994 -26.655955327919383 -27.669886412752508
398.625 -26.655264834414805 -27.670092914314637
399.125 -26.654572099022836 -27.670299487429645
399.62499999999994 -26.653876954085284 -27.67050277953174
400.125 -26.653157679544115 -27.670707822648044
400.625 -26.652449609157305 -27.67092046975176
401.12499999999994 -26.651727937763873 -27.67111866658388
401.625 -26.651007945079492 -27.671314940692866
402.125 -26.650286498109047 -27.671512060887437
402.62499999999994 -26.649546639853483 -27.671710724627054
403.125 -26.648802892558972 -27.67190400724867
403.625 -26.64806709966474 -27.672098463807252
404.12499999999994 -26.647318114923042 -27.67228646954241
404.625 -26.646571303972063 -27.672484498499685
405.125 -26.645810984227843 -27.67267630921692
405.62499999999994 -26.64505735353555 -27.672863364124662
406.125 -26.644282845492263 -27.673042179542506
406.625 -26.643511549839136 -27.673229682430105
407.12499999999994 -26.6427220640753 -27.67341675747771
407.625 -26.64195470520301 -27.67359504395457
408.125 -26.641154775436483 -27.67377119889923
408.62499999999994 -26.640371385347684 -27.673947876284707
409.125 -26.63958623853405 -27.674127723857488
409.625 -26.638766632627274 -27.67429962716561
410.12499999999994 -26.63796171743701 -27.674471467623462
410.625 -26.637153266427646 -27.674656076268068
411.125 -26.636332790454823 -27.674808750491025
411.62499999999994 -26.63551523740307 -27.674978587663034
412.125 -26.634676388702 -27.675148988005507
412.625 -26.633848774078785 -27.67531388464244
413.12499999999994 -26.633009921613745 -27.675476299562277
413.625 -26.632162781576383 -27.67564197208643
414.125 -26.631315639607593 -27.675792826192538
414.62499999999994 -26.630463584217267 -27.675955711671023
415.125 -26.629600691322896 -27.676109807387416
415.625 -26.62872602212657 -27.676259857083192
416.12499999999994 -26.62786280655832 -27.67642175448112
416.625 -26.626983972818596 -27.67656536247697
417.125 -26.62610233261828 -27.676719999008807
417.62499999999994 -26.625227002793004 -27.676866620442905
418.125 -26.624325324850666 -27.6770154993052
418.625 -26.62343185413349 -27.677155479434337
419.12499999999994 -26.622529916278665 -27.67730217559208
419.625 -26.621613157333677 -27.677439054399006
420.125 -26.620701244691432 -27.677577584114292
420.62499999999994 -26.619772729643138 -27.67772891026719
421.125 -26.61885458894695 -27.67784830429172
421.625 -26.617932834358147 -27.67799004995958
422.12499999999994 -26.616981737812047 -27.678120152201732
422.625 -26.61604805038724 -27.678254123859478
423.125 -26.615104996361616 -27.67837691569379
423.62499999999994 -26.614148537562336 -27.67850743368173
424.125 -26.613182913858346 -27.678630170540558
424.625 -26.612217957800045 -27.67875545242749
425.12499999999994 -26.611242972052377 -27.67887801148821
425.625 -26.610271344894212 -27.678997185439414
426.125 -26.60928951393966 -27.67911426378315
426.62499999999994 -26.60831586856937 -27.679228936083597
427.125 -26.607316090928613 -27.67934878118943
427.625 -26.60631493453949 -27.67945824905255
428.12499999999994 -26.60530633783981 -27.67957134424181
428.625 -26.604295128019633 -27.679682744048705
429.125 -26.60327531950559 -27.679787843509253
429.62499999999994 -26.60223954303964 -27.679895904830936
430.125 -26.601199135120133 -27.679995781618473
430.625 -26.600147926831987 -27.68010156405741
431.12499999999994 -26.59908974025275 -27.680195720645656
431.625 -26.59801702260493 -27.680297499839092
432.125 -26.596950561747658 -27.680396143612334
432.62499999999994 -26.59585930382498 -27.680485120415117
433.125 -26.594781597135892 -27.68058197640081
433.625 -26.59366513977147 -27.680672978137117
434.12499999999994 -26.592573808771878 -27.680758898995972
434.625 -26.591446592228493 -27.680851791677657
435.125 -26.590336205131972 -27.680936511163118
435.62499999999994 -26.589206951013047 -27.681019692191498
436.125 -26.588063759454048 -27.68110006676985
436.625 -26.586920603055752 -27.68117653229166
437.12499999999994 -26.585770693384944 -27.681257228328935
437.625 -26.584598554368277 -27.68133662542351
438.125 -26.58343936383087 -27.681415931139295
438.62499999999994 -26.58226583696399 -27.681485777623887
439.125 -26.581096354893795 -27.68155977581479
439.625 -26.579901906563364 -27.68162140951144
440.12499999999994 -26.578714338627258 -27.681695530559956
440.625 -26.577523002221884 -27.681761764408172
441.125 -26.576301646208613 -27.681826215772848
441.62499999999994 -26.575097403574564 -27.681886399101515
442.125 -26.573889005628804 -27.681952763106402
442.625 -26.572656896994374 -27.68200988848525
443.12499999999994 -26.571437983981472 -27.68206937720445
443.625 -26.570199419260657 -27.68212870357829
444.125 -26.568967330221728 -27.682182964251712
444.62499999999994 -26.567709986947424 -27.682234423099498
445.125 -26.566471597783597 -27.682285811827985
445.625 -26.565205196051558 -27.682344077020208
446.12499999999994 -26.56394974090821 -27.682391287581645
446.625 -26.5626863775902 -27.682439552721387
447.125 -26.56141856923203 -27.68248011020338
447.62499999999994 -26.560140765025388 -27.68252300759047
448.125 -26.55887228231958 -27.682571693628688
448.625 -26.55757913325826 -27.682617389224873
449.12499999999994 -26.55629184739226 -27.682651622538607
449.625 -26.555005549871574 -27.68269019403387
450.125 -26.553710736341984 -27.682725008834442
450.62499999999994 -26.55241185305301 -27.682764383575797
451.125 -26.551107853280968 -27.682799180977327
451.625 -26.549809109974287 -27.68282590393185
452.12499999999994 -26.54849715117557 -27.682859323076435
452.625 -26.547193630519182 -27.682890177985435
453.125 -26.545870857843706 -27.682917539212823
453.62499999999994 -26.54455694144667 -27.68294111165508
454.125 -26.54323724075418 -27.682970340066554
454.625 -26.541911060853046 -27.682999296758712
455.12499999999994 -26.540578951031115 -27.68302208007185
455.625 -26.539258734036387 -27.68304330597904
456.125 -26.537941961395507 -27.683058076924503
456.62499999999994 -26.536591839412516 -27.68307380535232
457.125 -26.53526525595762 -27.683098221330525
457.625 -26.533924833033172 -27.683110806100256
458.12499999999994 -26.532589832687947 -27.683129756763215
458.625 -26.531242506742643 -27.683144435824047
459.125 -26.529915183684384 -27.68315746950663
459.62499999999994 -26.5285611937494 -27.68316301041139
460.125 -26.52721725521831 -27.683174188075512
460.625 -26.52587335358694 -27.683186461397682
461.12499999999994 -26.52452829894386 -27.683187952876963
461.625 -26.52317437476497 -27.683204183320818
462.125 -26.521836377981817 -27.683201496419265
462.62499999999994 -26.520492234869735 -27.68320901364445
463.125 -26.519142400075573 -27.68321066345433
463.625 -26.51779011175746 -27.683212768007138
464.12499999999994 -26.516441081753236 -27.683209598774894
464.625 -26.515095257746395 -27.683209705053674
465.125 -26.51374837657751 -27.683206912933937
465.62499999999994 -26.512408239462136 -27.683203350857177
466.125 -26.511060447708502 -27.68319901665757
466.625 -26.509710121326826 -27.683192347848667
467.12499999999994 -26.508351955515547 -27.683180918793944
467.625 -26.506996482544245 -27.683172769253698
468.125 -26.5056356659058 -27.683164801744557
468.62499999999994 -26.504260186007617 -27.68315062306484
469.125 -26.50287962156711 -27.683137637753482
469.625 -26.50150841106571 -27.683126271792908
470.12499999999994 -26.500122368596056 -27.683102870789273
470.625 -26.498722439216778 -27.683085499325585
471.125 -26.49732160779109 -27.683066488824473
471.62499999999994 -26.495920454210022 -27.683042468736833
472.125 -26.49452992804612 -27.683013815092274
472.625 -26.493117201183498 -27.68299376054771
473.12499999999994 -26.491693646944373 -27.68295961957856
473.625 -26.49027996796174 -27.68294259584904
474.125 -26.488853549297602 -27.682908854894123
474.62499999999994 -26.48742952171153 -27.68287614103766
475.125 -26.48599386639994 -27.68284405149509
475.625 -26.484552825904974 -27.682813234501012
476.12499999999994 -26.48311482401345 -27.682774003940388
476.625 -26.481659846780737 -27.682742753678845
477.125 -26.48022087202753 -27.682703537416188
477.62499999999994 -26.478770911688233 -27.68266363302752
478.125 -26.47731415672739 -27.682609484299498
