FastTrWP/PhaseSpace/IAs/snIa_0.34_30.00_-0.08_0.08.csv
# %ECSV 0.9
# ---
# datatype:
# - {name: time-rel, datatype: float64}
# - {name: g, datatype: float64}
# - {name: i, datatype: float64}
# schema: astropy-2.0
time-rel g i
[from data line 1037]
717.875 23.001821822091767 22.393895190346203
718.375 23.002593478139094 22.393793600861688
718.875 23.00337267324472 22.393706895025353
719.375 23.00415887974421 22.393606256233923
719.875 23.004939375883595 22.393520845342806
720.375 23.005724856061622 22.393429102349664
720.875 23.00651905512491 22.393351724411808
721.375 23.00729967237092 22.39326425602456
721.875 23.008086649841545 22.39318186672202
722.375 23.008882532345446 22.393100590637204
722.875 23.00968310173264 22.393025351516957
723.375 23.010478973050155 22.392954809332668
723.875 23.01127091000819 22.39288730402221
724.375 23.012069739512743 22.392813657509723
724.875 23.012867065754765 22.392753749416254
725.375 23.01367056203599 22.392684697048452
725.875 23.01448052228502 22.392631043133996
726.375 23.01528770189227 22.392572073893156
726.875 23.01609346602379 22.392513599021587
727.375 23.016912473329896 22.392467064497175
727.875 23.017727060448465 22.392416682916554
728.375 23.018545637069472 22.39237289368279
728.875 23.019360720978792 22.392321172067156
729.375 23.020184764681126 22.39228007034764
729.875 23.021011102048714 22.39224218053105
730.375 23.02183765413171 22.392199364309757
730.875 23.02266924456599 22.392166682770707
731.375 23.023506697270438 22.392141419194886
731.875 23.024349280616846 22.392103343185052
732.375 23.025201037763114 22.392078135969825
732.875 23.026036243889784 22.392063354820607
733.375 23.02687705967887 22.392035990303214
733.875 23.027730102443247 22.39201543240988
734.375 23.028575662365224 22.392004908593925
734.875 23.02943028341393 22.391988780512545
735.375 23.030291630763312 22.391970060476986
735.875 23.031148425821492 22.39197264757299
736.375 23.032009234774208 22.391963529664917
736.875 23.032878053789677 22.391958302488597
737.375 23.033747196793634 22.391952427883094
737.875 23.03461395261597 22.39195958978286
738.375 23.03549139040743 22.391963131665076
738.875 23.036372347209955 22.391967340840893
739.375 23.037242915570516 22.391976804619375
739.875 23.038121630433924 22.391988103200706
740.375 23.0390087826996 22.392000691088306
740.875 23.039899181953412 22.392025160060186
741.3749999999999 23.0407787204866 22.3920321649644
741.875 23.041666228439823 22.392057745993963
742.375 23.042569397661467 22.39207806870187
742.8749999999999 23.043467654396203 22.392104422312183
743.375 23.04436433252905 22.392136259615413
743.875 23.045259501276693 22.392160899254154
744.3749999999999 23.046170200266424 22.392189850083035
744.875 23.047077172125533 22.392235291071458
745.375 23.047989894540926 22.392269684905063
745.8749999999999 23.048889863707043 22.392308140360498
746.375 23.04981196002817 22.392349251796336
746.875 23.05071961953964 22.392396422266
747.3749999999999 23.051643960583736 22.392438724758406
747.875 23.052571762751597 22.392492364895524
748.375 23.053491314589035 22.392542008325336
748.8749999999999 23.054422546893075 22.392591037534242
749.375 23.055346421906204 22.392653511278997
749.875 23.05627871550431 22.39271467327316
750.3749999999999 23.05722356587905 22.392772054444087
750.875 23.058156263376432 22.3928397856696
751.375 23.059090193159342 22.39290325701109
751.8749999999999 23.060034800885347 22.39297021193825
752.375 23.060973985138816 22.393050344805538
752.875 23.06192064783022 22.39310816744316
753.3749999999999 23.062878289281894 22.39319051765529
753.875 23.063831637759424 22.393260900679408
754.375 23.064783801066927 22.393351565649553
754.8749999999999 23.06572979663268 22.393428211669995
755.375 23.066701935959024 22.393512262955376
755.875 23.067653992537473 22.393603106461516
756.3749999999999 23.068619336044925 22.393687482075034
756.875 23.06958723188819 22.393782448115367
757.375 23.070553557874614 22.393866399876778
757.8749999999999 23.071533066046786 22.393966224140215
758.375 23.07249848726467 22.394061956891264
758.875 23.073490738113456 22.394169951169243
759.3749999999999 23.074461354932133 22.394271213207013
759.875 23.075438772796588 22.394374020220713
760.375 23.076427872420872 22.394487972408207
760.8749999999999 23.07742184195376 22.39459117699017
761.375 23.078413780760044 22.39470620784254
761.875 23.079414799221148 22.394828275453502
762.3749999999999 23.080415702916387 22.394942164213948
762.875 23.081411571225182 22.395060356274627
763.375 23.08242050736446 22.395186244521568
763.8749999999999 23.08342830515208 22.395315959874576
764.375 23.084431934392505 22.39543420886454
764.875 23.08543853869596 22.395569249791244
765.3749999999999 23.086462787019787 22.39570721362568
765.875 23.087480241026675 22.395835190373575
766.375 23.08850795983373 22.3959800538766
766.8749999999999 23.08952832846876 22.396123652217025
767.375 23.090566047532654 22.39626104921575
767.875 23.09159363400959 22.39640986359089
768.3749999999999 23.092618638984806 22.396550993154385
768.875 23.093661610759327 22.396706903898462
769.375 23.094698283131258 22.396860137380102
769.8749999999999 23.095743595665912 22.397013028502762
770.375 23.09678419623583 22.397166228966597
770.875 23.097825438025154 22.397328537711417
771.3749999999999 23.098877274229153 22.397491576294712
771.875 23.099928048720134 22.397652243332207
772.375 23.10099068042454 22.397818749776665
772.8749999999999 23.10204878169155 22.397993297017095
773.375 23.103107793177664 22.3981586703107
773.875 23.104171901236306 22.398330554486826
774.3749999999999 23.105236724873492 22.39851050572478
774.875 23.106312273426926 22.398685004468707
775.375 23.1073797031532 22.398868287829593
775.8749999999999 23.10845229038824 22.399049475590125
776.375 23.109519467568337 22.399231010917724
776.875 23.110605186114448 22.39941875990827
777.3749999999999 23.111692676387907 22.399610020123223
777.875 23.112767387588683 22.399805723558785
778.375 23.113857471156933 22.400000865503387
778.8749999999999 23.114947158986343 22.400191851349803
779.375 23.11604249610861 22.400388566500958
779.875 23.11713087986619 22.400586733142372
780.3749999999999 23.118230867556143 22.400796905930736
780.875 23.11933712989681 22.400996113522158
781.375 23.120434928981307 22.40120677873587
781.8749999999999 23.121528393076073 22.401410782774445
782.375 23.122642717191447 22.401628517206852
782.875 23.12376282736208 22.401841349312566
783.3749999999999 23.124856609130383 22.402053827181014
783.875 23.12598415695055 22.40226750243185
784.375 23.127089641545986 22.402494857757684
784.8749999999999 23.128208481752086 22.402716651103894
785.375 23.129336448112 22.402939057435045
785.875 23.130459860797362 22.403167517336563
786.3749999999999 23.131582664115015 22.403399434400605
786.875 23.132720105944887 22.403630159937215
787.375 23.133844808056324 22.403856292668294
787.8749999999999 23.134980426900476 22.40408672251775
788.375 23.136107402895327 22.40433120114288
788.875 23.13724701618431 22.404569995299276
789.3749999999999 23.138388591845093 22.404805978701358
789.875 23.13953093490054 22.405055962764497
790.375 23.14067676166605 22.405298707148035
790.8749999999999 23.141827558030435 22.405549586473875
791.375 23.14298832611258 22.40579800743776
791.875 23.144142122381055 22.406053069149948
792.3749999999999 23.145311276029492 22.40630228515527
792.875 23.146482802518648 22.40655694791297
793.375 23.147650543259587 22.406823952810342
793.8749999999999 23.148824245230465 22.40708194727376
794.375 23.150002769984393 22.407339031134804
794.875 23.151189561270304 22.40760943998628
795.3749999999999 23.152369013367075 22.407873950257546
795.875 23.153564177461217 22.408144368952925
796.375 23.154750022797494 22.408424054931967
796.8749999999999 23.15595408776179 22.408691161425676
797.375 23.157151068541747 22.40896845743258
797.875 23.1583513357905 22.40924629273726
798.3749999999999 23.159554367797305 22.409523970138384
798.875 23.160776011166234 22.40981081804518
799.375 23.161988387936955 22.410096628296866
799.8749999999999 23.16319305347184 22.410390010623207
800.375 23.16441613197007 22.410672842709335
800.875 23.165641927549462 22.41097205540936
801.3749999999999 23.166844141299094 22.411260259356855
801.875 23.1680822280285 22.41155577075833
802.375 23.169306640116606 22.41185528332947
802.8749999999999 23.170535926667675 22.412157782260508
803.375 23.17176948810733 22.412455480831763
803.875 23.173003380053178 22.412768499533797
804.3749999999999 23.174247209510867 22.41307669258884
804.875 23.175494212093884 22.413387300069658
805.375 23.176723909005823 22.413700295950658
805.8749999999999 23.17797279173837 22.414018939148484
806.375 23.17921516008129 22.414332508744003
806.875 23.180470529467343 22.414656846901625
807.3749999999999 23.181715218070842 22.414980471121684
807.875 23.182965867366736 22.41531164531784
808.375 23.184228627889016 22.41563934318566
808.8749999999999 23.185487002510413 22.41596994184413
809.375 23.186737275412344 22.41630128602538
809.875 23.18799993500988 22.416638762880584
810.3749999999999 23.189255264033335 22.416975352579893
810.875 23.190524113287868 22.417315402531685
811.375 23.191786514244832 22.417650581058496
811.8749999999999 23.19305166978036 22.417997573029417
812.375 23.194312939938243 22.418347787140995
812.875 23.19559290095048 22.41869825150356
813.3749999999999 23.19685231960596 22.419049528544548
813.875 23.198120013247518 22.41940497460838
814.375 23.199393703067393 22.41976598182763
814.8749999999999 23.20066187564674 22.4201250014115
815.375 23.201937588731493 22.420487530396585
815.875 23.203192910337073 22.420844079428793
816.3749999999999 23.204475795892666 22.421211436652214
816.875 23.205755864667935 22.42158682037841
817.375 23.207020729662485 22.421965516607088
817.8749999999999 23.20829731998243 22.422333707120465
818.375 23.209573748002708 22.422716297237972
818.875 23.210850194698512 22.42309219216437
819.3749999999999 23.212120732900804 22.42347536610588
819.875 23.21339092272089 22.42386071077265
820.375 23.214675270423783 22.424249778224773
820.8749999999999 23.215937132919535 22.42463994198015
821.375 23.21721193711161 22.425034663592104
821.875 23.21849951576102 22.42542918015169
822.3749999999999 23.2197781668376 22.42582476664814
822.875 23.221057333021626 22.426225728836663
823.375 23.22233911321163 22.42663152807916
823.8749999999999 23.223624755523478 22.427041902969176
824.375 23.2249080023848 22.427443629098697
824.875 23.226181833944093 22.42786232241365
825.3749999999999 23.227476174861806 22.428275200620075
825.875 23.22876809497334 22.428691926984506
826.375 23.23005683313228 22.429112612731462
826.8749999999999 23.23134308614845 22.429537078300655
827.375 23.232649538848896 22.42995802124364
827.875 23.233941306985756 22.43038761079245
828.3749999999999 23.235247269790055 22.4308177835346
828.875 23.23655403759314 22.431249627560923
829.375 23.23785068579138 22.431691671818935
829.8749999999999 23.239154090605027 22.432127687668167
830.375 23.24045983789926 22.43256418556781
830.875 23.241766852618483 22.433000043678604
831.3749999999999 23.243071796869152 22.433452629398314
831.875 23.244383745252488 22.433902286083335
832.375 23.24570326156667 22.434351632477807
832.8749999999999 23.24701190231373 22.43481061774745
833.375 23.248316676852202 22.435266158703968
833.875 23.249634436225225 22.435717914174415
834.3749999999999 23.250958505975934 22.436180017011665
834.875 23.252287634017158 22.436647748451783
835.375 23.25359580196704 22.437114578282124
835.8749999999999 23.254922389883053 22.437581260241203
836.375 23.256242366497823 22.43805442701859
836.875 23.25755736554436 22.438521821692294
837.3749999999999 23.258896578906466 22.439006285470683
837.875 23.260211789903163 22.43948289628333
838.375 23.261543729734214 22.439965986678445
838.8749999999999 23.262882401111575 22.44044719855717
839.375 23.26421502268394 22.4409339867467
839.875 23.265526658749593 22.441422615708323
840.3749999999999 23.266869734574428 22.441918159097934
840.875 23.26820146056886 22.442410261625948
841.375 23.269546350061276 22.442907184619205
841.8749999999999 23.270881370602314 22.443406120604877
842.375 23.272226380442117 22.44390671260269
842.875 23.27355893986067 22.444409682129958
843.3749999999999 23.274901483768936 22.444922486020523
843.875 23.276246233776675 22.4454249990197
844.375 23.277587459826734 22.445932229186912
844.8749999999999 23.278925976774808 22.446448099531572
845.375 23.280271463015648 22.446966778675474
845.875 23.28161936128266 22.447483826028396
846.3749999999999 23.282956898355494 22.44800292272317
846.875 23.28430198145945 22.44853218528676
847.375 23.285658628002246 22.449058708861354
847.8749999999999 23.2870036293612 22.449586025722446
848.375 23.288356549675715 22.45011349699343
848.875 23.289720469474243 22.45064629050265
849.3749999999999 23.29106057078974 22.45118259408269
849.875 23.292416136225945 22.45171659985796
850.375 23.293778709319962 22.45225737698517
850.8749999999999 23.295133564263807 22.4528061039638
851.375 23.296476170392808 22.453345203106437
851.875 23.297840578769314 22.453889697193475
852.3749999999999 23.29919432936152 22.454443247681247
852.875 23.300544690526557 22.454997985505415
853.375 23.30191604864467 22.455551309075968
853.8749999999999 23.303266946995294 22.45611813247902
854.375 23.304628193795235 22.456669417728445
854.875 23.305999208442625 22.457231716165932
855.3749999999999 23.30735574923944 22.45780174644612
855.875 23.30872235176812 22.458366091282702
856.375 23.310090604724145 22.4589401810865
856.8749999999999 23.31145757961398 22.459511526410513
857.375 23.312823179554428 22.46009259832842
857.875 23.31418204682352 22.46067241908438
858.3749999999999 23.315552619344324 22.46125529085752
858.875 23.31693137592196 22.46184213791735
859.375 23.318298370898724 22.462422830460454
859.8749999999999 23.31967452737298 22.46301266678651
860.375 23.321052558749876 22.46360371544839
860.875 23.322426126015504 22.464198342957484
861.3749999999999 23.323803873193427 22.46479777939993
861.875 23.3251770967195 22.465399790452828
862.375 23.326556207298452 22.46600358023177
862.8749999999999 23.327934706501303 22.466606054160692
863.375 23.329315413168064 22.467221022308877
863.875 23.33070291621672 22.467831856001506
864.3749999999999 23.332088498267588 22.46843668690401
864.875 23.333468562563652 22.469054424103803
865.375 23.334861181750153 22.469671643826743
865.8749999999999 23.336246378586594 22.470300358632407
866.375 23.337640886300658 22.4709228813851
866.875 23.339031133442134 22.471556489403824
867.3749999999999 23.34041195520697 22.47217812811302
867.875 23.341820970940553 22.472811978240564
868.375 23.343194996873912 22.473440331236834
868.8749999999999 23.344601894742183 22.474078755661377
869.375 23.34599430542174 22.474721907659752
869.875 23.34739802528706 22.475368321455193
870.3749999999999 23.348799153071745 22.476012153001946
870.875 23.350206349560054 22.476664897462282
871.375 23.35159521248499 22.477306836070177
871.8749999999999 23.353004118749816 22.47796542689008
872.375 23.354412757964912 22.478609914048082
872.875 23.355806266326518 22.479273545984082
873.3749999999999 23.35721460176867 22.47993850565225
873.875 23.35863270069023 22.480596288266778
874.375 23.360032689058837 22.48125737763749
874.8749999999999 23.361443802607468 22.481932487836033
875.375 23.36285650455165 22.482596621223493
875.875 23.364284645909503 22.483274207987243
876.3749999999999 23.365694462038014 22.483946486874636
876.875 23.367113219918384 22.484617065085956
877.375 23.36852961564861 22.485297715075223
877.8749999999999 23.369938660781827 22.485987400009762
878.375 23.371351706637835 22.48666994172023
878.875 23.372786831552467 22.487350402857544
879.3749999999999 23.37420448644258 22.488047619900883
879.875 23.375627525014266 22.488737093278036
880.375 23.377062057728864 22.489438374794553
880.8749999999999 23.378482526417944 22.49012935121014
881.375 23.37991095365219 22.490830857117196
881.875 23.381332759629654 22.491523176202968
882.3749999999999 23.38277329051786 22.492240246905396
882.875 23.384207598677037 22.49295193017688
