FastTrWP/PhaseSpace/IAs/snIa_0.49_30.00_0.54_-0.04.csv
# %ECSV 0.9
# ---
# datatype:
# - {name: time-rel, datatype: float64}
# - {name: g, datatype: float64}
# - {name: i, datatype: float64}
# schema: astropy-2.0
time-rel g i
[from data line 362]
-243.5 24.015474409991967 23.280625746270744
-243.0 24.011706123101956 23.277892917601584
-242.5 24.007951945039533 23.275177967496216
-242.0 24.0042147794439 23.272462846773845
-241.5 24.000473195649068 23.269741951403276
-241.0 23.996742882194862 23.267028750263663
-240.5 23.993010843946525 23.26432634337456
-240.0 23.989295089338036 23.26162485604818
-239.5 23.985586155343157 23.258923756488237
-239.0 23.981875244116402 23.256232471156398
-238.5 23.978182218538535 23.253545154675813
-238.0 23.9745032239476 23.250869651899308
-237.5 23.970818988845323 23.248200272210976
-237.0 23.967139662185744 23.245525363088944
-236.5 23.963482495870476 23.242849846226747
-236.0 23.959829884981467 23.240194443363396
-235.5 23.956177767580265 23.237544856940335
-235.0 23.952528236392403 23.234884895656002
-234.5 23.948901257296598 23.232247367129627
-234.0 23.945273302453227 23.229595619514324
-233.5 23.941643979541716 23.226959991193503
-233.0 23.938033573445065 23.224336218717255
-232.5 23.934429474530546 23.22170301036154
-232.0 23.93082426423716 23.2190872854876
-231.5 23.927225404840357 23.21646202688692
-231.0 23.923630878016674 23.21384175402168
-230.5 23.920067381461685 23.211236939492856
-230.0 23.916478147356553 23.208639606701528
-229.5 23.91292279686391 23.20602770087597
-229.0 23.90935936442707 23.203446229074544
-228.5 23.90581099067195 23.20085489338706
-228.0 23.902264345011943 23.198266904261637
-227.5 23.89872224562366 23.195683899282788
-227.0 23.895185772865265 23.193102963869716
-226.5 23.891667674573164 23.190531815649805
-226.0 23.888148608738376 23.187961438132678
-225.5 23.88462969275194 23.185388529495693
-225.0 23.881104147865297 23.18283085198764
-224.5 23.877624646544213 23.18028599426046
-224.0 23.874123650352757 23.177731577997072
-223.5 23.87063496741709 23.175187767336396
-223.0 23.867150486369386 23.172640416958266
-222.5 23.863671672091012 23.170100184755338
-222.0 23.860204046818442 23.167566456770633
-221.5 23.856739556812276 23.165037858804514
-221.0 23.85328038563351 23.162500695841814
-220.5 23.84983138282169 23.159978367885714
-220.0 23.84637732332511 23.15745478906768
-219.5 23.842931269981015 23.15494583165155
-219.0 23.83950767571447 23.152429756555154
-218.5 23.836083387855123 23.149922239287243
-218.00000000000006 23.83264761516469 23.14742840477818
-217.5 23.82923334550283 23.14491592297651
-217.0 23.82581625960119 23.142423453699568
-216.50000000000006 23.822423004978074 23.13992532440436
-216.0 23.81902380235266 23.137436611737368
-215.5 23.815612293974 23.13495595307662
-215.00000000000006 23.812221913460803 23.132461378445534
-214.5 23.808839800423648 23.12999003873773
-214.0 23.8054544446174 23.127517081258404
-213.50000000000006 23.80209557550895 23.125044203899563
-213.0 23.798715305352438 23.122579561226964
-212.5 23.79534172037812 23.120116149587417
-212.00000000000006 23.79200458519633 23.117648349454743
-211.5 23.788644884163585 23.115188692864848
-211.0 23.785299817709568 23.112737363851373
-210.50000000000006 23.78196545888556 23.11029533340303
-210.0 23.778628429326606 23.10785069285075
-209.5 23.775298872239237 23.105397085929006
-209.00000000000006 23.771975357632954 23.102964921453154
-208.5 23.76864438980913 23.100528959446702
-208.0 23.765320593558386 23.098091004048968
-207.50000000000006 23.762022965361812 23.095652827842997
-207.0 23.758714045894294 23.093230000899368
-206.5 23.75541286119169 23.09079707105395
-206.00000000000006 23.752113638062603 23.088381314544097
-205.5 23.748830967732065 23.085965106025025
-205.0 23.745532773766133 23.083550946477175
-204.50000000000006 23.742256862071468 23.08113957054458
-204.0 23.738986721209507 23.078732190879506
-203.5 23.735688521769486 23.076319252559028
-203.00000000000006 23.73239871138093 23.073907045060835
-202.5 23.72910517288431 23.07149677728099
-202.0 23.72581794802802 23.069076906393818
-201.50000000000006 23.722527710694568 23.0666786028185
-201.0 23.719220920215566 23.064260098298245
-200.5 23.71592954916768 23.061855142121047
-200.00000000000006 23.712639587827056 23.05945231126314
-199.5 23.709339673130813 23.05703692668427
-199.0 23.706032789080012 23.05462614274664
-198.50000000000006 23.702743691524937 23.052219066554134
-198.0 23.699445787916773 23.049817227926894
-197.5 23.696157371888905 23.047415338785726
-197.00000000000006 23.69286016729374 23.045018797322655
-196.5 23.689567001641052 23.04261806542605
-196.0 23.68629129958169 23.040223316181837
-195.50000000000006 23.682999179368203 23.037824948965714
-195.0 23.679720776541515 23.035429671944318
-194.5 23.676444302586106 23.033045096370977
-194.00000000000006 23.673169769980206 23.03066262510309
-193.5 23.66991489639218 23.028284622336997
-193.0 23.666646358967988 23.02589464246292
-192.50000000000006 23.663396423418806 23.02352528553266
-192.0 23.660146800833168 23.021157929856315
-191.5 23.656894907233617 23.018782713518014
-191.00000000000006 23.653648005599614 23.016409508933897
-190.5 23.650424212960193 23.01404856842258
-190.0 23.64719043508046 23.011695249075565
-189.50000000000006 23.64397402336521 23.009345230733764
-189.0 23.640766545666235 23.006999112807836
-188.5 23.637560301385957 23.004643648358716
-188.00000000000006 23.63437041913331 23.002316481753134
-187.5 23.631173604832387 22.99997604973161
-187.0 23.628003769377564 22.997647727042963
-186.50000000000006 23.624832321635996 22.995326929155247
-186.0 23.621674765382718 22.993001111104327
-185.5 23.6185222991857 22.99068553142877
-185.00000000000006 23.6153873946426 22.988377145381598
-184.5 23.612249249919568 22.986070248552572
-184.0 23.60914195495877 22.98377530274296
-183.50000000000006 23.606019901937408 22.981482190547577
-183.0 23.602915077010444 22.97919005697411
-182.5 23.599835080402475 22.97691974334967
-182.00000000000006 23.596766229907935 22.97464018077219
-181.5 23.593688579776835 22.97237250898107
-181.0 23.59064810566215 22.970114498755144
-180.50000000000006 23.58760817617761 22.967862043372087
-180.0 23.584580151883465 22.965612844476627
-179.5 23.581566094848977 22.963360571775105
-179.00000000000006 23.578564510301273 22.96113403788405
-178.5 23.57556650517828 22.958903433515736
-178.0 23.5726002737875 22.95668715398454
-177.50000000000006 23.569634651841533 22.95447368026889
-177.0 23.566702516078944 22.95226285720688
-176.5 23.56375936761846 22.95007285172791
-176.00000000000006 23.560840208049434 22.947877343016504
-175.5 23.55794127144478 22.94569296657661
-175.0 23.555055545163164 22.9435169314834
-174.50000000000006 23.55217658107943 22.941351019101738
-174.0 23.549314766878297 22.93919297287767
-173.5 23.546476556710935 22.93703737365363
-173.00000000000006 23.543644873416184 22.93489428597329
-172.5 23.540832205632967 22.932768739907882
-172.0 23.538039216537193 22.930641783385045
-171.50000000000006 23.535263090694084 22.928527454425762
-171.0 23.532499392303787 22.92641398188236
-170.5 23.529751875368056 22.924313091332742
-170.00000000000006 23.52702055729511 22.922224975123807
-169.5 23.52432028797249 22.920141846872937
-169.0 23.521620688896494 22.918065587044964
-168.50000000000006 23.518944840766785 22.916005848461577
-168.0 23.51626519337822 22.91394077331438
-167.5 23.51360032565872 22.911880808666766
-167.00000000000006 23.51094208335008 22.90983200404135
-166.5 23.508283434022896 22.907783677308306
-166.0 23.505636384397654 22.90573559123921
-165.50000000000006 23.502990655636037 22.903690546478547
-165.0 23.500366624747258 22.90165912478638
-164.5 23.49774575539211 22.899622463453795
-164.00000000000006 23.49512288420158 22.897598700635776
-163.5 23.49252501207515 22.895566967031797
-163.0 23.489908019379364 22.89355963367519
-162.50000000000006 23.487312575692822 22.891548940647468
-162.0 23.484730947905433 22.889532896144903
-161.5 23.482136581950073 22.88752617433493
-161.00000000000006 23.479582275222825 22.885520692452236
-160.5 23.477014735770734 22.883529040484113
-160.0 23.47445818134668 22.88153759928273
-159.50000000000006 23.471912968319394 22.879557580038057
-159.0 23.46936296523908 22.87757578350049
-158.5 23.466852575781758 22.875604171936526
-158.00000000000006 23.464319587442755 22.873624525717787
-157.5 23.461816866064154 22.871667318501796
-157.0 23.459315533463734 22.869705874357354
-156.50000000000006 23.456817136153965 22.867748845467535
-156.0 23.454329769128606 22.865794408903014
-155.5 23.451859951677644 22.863856539402178
-155.00000000000006 23.449390409700563 22.86192725433542
-154.5 23.44694137648549 22.85998189676308
-154.0 23.44449717732865 22.85805565006459
-153.50000000000006 23.442063038687376 22.856130588752073
-153.0 23.439630148254 22.854211338501784
-152.5 23.43721292756054 22.852312379019338
-152.00000000000006 23.43480953497224 22.85040946756578
-151.5 23.43241036592195 22.848507235153438
-151.0 23.43002446955872 22.846615631580217
-150.50000000000006 23.427656994272382 22.8447270862442
-150.0 23.425274724451974 22.842840477522223
-149.5 23.422930916011925 22.840957784229253
-149.00000000000006 23.42059051028435 22.839095523716214
-148.5 23.4182604021297 22.837230832530086
-148.0 23.415940339320535 22.8353767907039
-147.50000000000006 23.41362083157926 22.83352372340927
-147.0 23.411318630826173 22.831682857997293
-146.5 23.409032925405796 22.82984127219748
-146.00000000000006 23.406760741142413 22.82801378832375
-145.5 23.40449508633093 22.826185583074235
-145.0 23.40224339520564 22.824361285176774
-144.50000000000006 23.399999199982883 22.82254629777976
-144.0 23.397766692839625 22.8207395352616
-143.5 23.395534771743478 22.818943527447285
-143.00000000000006 23.393335811775184 22.817150631060848
-142.5 23.3911318806954 22.81536819999853
-142.0 23.388950394457378 22.813583956359665
-141.50000000000006 23.386780104783895 22.811803673406086
-141.0 23.38462111585236 22.810042723536526
-140.5 23.38247025171311 22.808277981933372
-140.00000000000006 23.38033502201715 22.806526025265228
-139.5 23.37821584292552 22.804776612582273
-139.0 23.37609629822646 22.80303716924196
-138.50000000000006 23.374013030102855 22.801304070717975
-138.0 23.371915957508314 22.799580280581644
-137.5 23.36984052595764 22.79785956170229
-137.00000000000006 23.367783840502014 22.7961470292949
-136.5 23.36573180479407 22.794448534673638
-136.0 23.36370540960328 22.79274446699551
-135.50000000000006 23.361679564334313 22.79105332476867
-135.0 23.35968011135117 22.789380511803266
-134.5 23.357675006019235 22.787697455562164
-134.00000000000006 23.355697778847436 22.786028217352335
-133.5 23.35372687624501 22.784360851544037
-133.0 23.351770515561327 22.782710147045762
-132.50000000000006 23.349827863164776 22.781059768770795
-132.0 23.347894230999017 22.779421528556764
-131.5 23.3459613408017 22.777783205750634
-131.00000000000006 23.34405016311852 22.77614819981384
-130.5 23.342134081917937 22.774523281442285
-130.0 23.340243770902475 22.772902562969467
-129.50000000000006 23.338359574112246 22.771287568829305
-129.0 23.33647242541291 22.769676638878494
-128.5 23.334590682579343 22.768073675930893
-128.00000000000006 23.332740885456328 22.766478458439675
-127.5 23.33088117179581 22.764881811911543
-127.0 23.32903963167755 22.76329413345352
-126.50000000000006 23.327211763715 22.761705939729445
-126.0 23.325383316698588 22.76013448948556
-125.5 23.323555939577155 22.758560462265798
-125.00000000000006 23.321758266247315 22.75699425784664
-124.5 23.319967279251262 22.755432507386686
-124.0 23.31817344538877 22.753876209805675
-123.50000000000006 23.316393884475932 22.752322487950643
-123.0 23.314613377542855 22.750775578556496
-122.5 23.312858676634658 22.74924186446816
-122.00000000000006 23.311100457887623 22.74770317965133
-121.5 23.309362784581282 22.74617390242879
-121.0 23.307633651770665 22.74464846451807
-120.50000000000006 23.305903408279853 22.74312676378436
-120.0 23.304193543389417 22.74161402344552
-119.5 23.302477840871955 22.740103513580088
-119.00000000000006 23.300785853822042 22.738591979113956
-118.5 23.29909127864811 22.737104400188983
-118.0 23.297417014902166 22.73561031270296
-117.50000000000006 23.295742633232006 22.734116804765627
-117.0 23.294084515849516 22.73263949987023
-116.5 23.292430949990617 22.731163472142235
-116.00000000000006 23.290792158560407 22.729684929512672
-115.5 23.289138767777715 22.728222712071684
-115.0 23.287517875457958 22.726760494787715
-114.50000000000006 23.2859100516858 22.725299566328808
-114.0 23.284298951729685 22.723858038901852
-113.5 23.2826854283893 22.722403676439406
-113.00000000000006 23.28109978257931 22.720969596161304
-112.5 23.279527562423628 22.719536800880338
-112.0 23.27794364577356 22.718103629901893
-111.50000000000006 23.2763776316009 22.71667063604752
-111.0 23.274826781671077 22.715254642905748
-110.5 23.273287612315883 22.713838659245404
-110.00000000000006 23.271741150063864 22.71242675820198
-109.5 23.27021493158421 22.711026519875684
-109.0 23.268693573866784 22.70962349092169
-108.50000000000006 23.267179045645157 22.708225478180953
-108.0 23.26567586499496 22.70683810263876
-107.5 23.264179407124335 22.705451695615647
-107.00000000000006 23.262698284179656 22.70406879828529
-106.5 23.261223705954215 22.70270049137298
-106.0 23.259756105002243 22.701337793340496
-105.50000000000006 23.258305589522813 22.699965105594583
-105.0 23.25684355496859 22.6986096494627
-104.5 23.255398506223113 22.697251841818446
-104.00000000000006 23.25397216626329 22.69590348928149
-103.5 23.25254497083207 22.69456406047809
-103.0 23.25112613743459 22.69322456679987
-102.50000000000006 23.249720886457656 22.691893467362142
-102.0 23.24832235695036 22.69056280914455
-101.5 23.246932950513806 22.689242428845446
-101.00000000000006 23.24555394237874 22.68791853269041
-100.5 23.2441763933205 22.686612810803037
-100.0 23.24282209531251 22.685297152350003
-99.50000000000006 23.241459429019415 22.68399208813269
-99.0 23.240113919148175 22.68269490223885
-98.5 23.238773110452353 22.681406217712095
-98.00000000000006 23.237453955509856 22.680110655829992
-97.5 23.236130455018245 22.678841147285652
-97.0 23.23481513537797 22.67755397564901
-96.50000000000006 23.233506802502717 22.676278960473518
-96.0 23.232206666885627 22.675010239364084
-95.5 23.230925566031093 22.67373303545526
-95.00000000000006 23.2296340949215 22.672479891298103
-94.5 23.22836019870119 22.671229240045434
-94.0 23.227090572899915 22.66997898489137
-93.50000000000006 23.225830570901053 22.6687290400844
-93.0 23.22456852732589 22.667482610174908
-92.5 23.223332302126142 22.666244658239776
-92.00000000000006 23.222081644240497 22.66501385020861
-91.5 23.220855686626027 22.663778656421165
-91.0 23.219636717123898 22.66254733899867
-90.5 23.218405278810188 22.661327809780502
-90.0 23.217211428799942 22.660113586123995
-89.5 23.216000644446364 22.658899072114576
-89.0 23.214800021988996 22.65768830349156
-88.5 23.21362106084317 22.65649187234505
-88.0 23.212438495757183 22.655295005112173
-87.5 23.211268228088905 22.654091660002184
-87.0 23.210101768122307 22.65289589302941
-86.5 23.2089428630295 22.6517133935112
-86.0 23.207787147778536 22.650535235115715
-85.5 23.206656006825575 22.649351505448227
-85.0 23.205506547873902 22.648179981811417
-84.5 23.204387778125998 22.647007982968592
-84.0 23.203267166764885 22.645845238064993
-83.5 23.202150327884056 22.64468528281389
-83.0 23.201052348431453 22.643530259609843
-82.5 23.199940450526423 22.642379408168996
-82.0 23.198856443372385 22.641234612246368
-81.5 23.197775376768632 22.64009310708542
-81.0 23.196692694523513 22.638947139567293
-80.5 23.195628851235043 22.63781640523408
-80.0 23.194570118442908 22.636681923188945
-79.5 23.193510437606978 22.635561380183013
-79.0 23.192464640805387 22.634439958278215
-78.5 23.191428617789306 22.633323183104366
-78.0 23.190401495569834 22.632209174355786
-77.5 23.189368701775845 22.63110852007334
-77.0 23.188358442910513 22.630009343720552
-76.5 23.18734947692631 22.628900616072983
-76.0 23.18635684389687 22.62781304533741
-75.5 23.185361344471612 22.62672703290297
