FastTrWP/PhaseSpace/IAs/snIa_0.58_30.00_0.56_0.04.csv
# %ECSV 0.9
# ---
# datatype:
# - {name: time-rel, datatype: float64}
# - {name: g, datatype: float64}
# - {name: i, datatype: float64}
# schema: astropy-2.0
time-rel g i
117.3125 26.994744739779726 25.032165542226092
117.8125 26.98269762517771 25.023122820074576
118.3125 26.97075351572257 25.014086205627617
118.8125 26.95884770576719 25.005081891157822
119.3125 26.947079504490038 24.996123011005736
119.8125 26.935346516434816 24.987230233375485
120.3125 26.92360792673807 24.97835198039878
120.8125 26.912043941915247 24.969531295401822
121.3125 26.900419986453766 24.9607390445598
121.8125 26.888988162360196 24.951999749932394
122.3125 26.877605560185085 24.943276704593707
122.8125 26.866285629184414 24.93462450540687
123.3125 26.854995804589837 24.92598076195021
123.8125 26.843771757886365 24.917404505128566
124.3125 26.832670878267958 24.908869266797907
124.8125 26.821646125583186 24.900337884555263
125.3125 26.810599123285932 24.891870156937692
125.8125 26.799708276277308 24.883437314294184
126.3125 26.788836001800284 24.875054175729005
126.8125 26.77802655100638 24.866706287302478
127.3125 26.767338947638137 24.858383070382768
127.8125 26.756712065433828 24.85010498681811
128.3125 26.74605225678867 24.841877681241623
128.8125 26.735510672007088 24.833630759328763
129.3125 26.72494170105115 24.825436291895592
129.8125 26.714467512745124 24.817251911564053
130.3125 26.70399811108613 24.809104258816845
130.8125 26.693473488818398 24.80095350464188
131.3125 26.683208050593077 24.792862665216617
131.8125 26.672853151582885 24.784744117512197
132.3125 26.662580975029144 24.776697763744053
132.8125 26.6522852986663 24.76863888348742
133.3125 26.642071189987675 24.760628790998705
133.8125 26.631925758775687 24.75263187661885
134.3125 26.621779987940435 24.744656473624133
134.8125 26.611679102760274 24.73672919691106
135.3125 26.60165860115395 24.728798729192327
135.8125 26.591634268742848 24.720900845270087
136.3125 26.581638782229167 24.713039068146422
136.8125 26.571722933938744 24.70517949959245
137.3125 26.56184712765836 24.6973664754193
137.8125 26.55199565579629 24.689580851690906
138.3125 26.542198129483616 24.681822623655812
138.8125 26.532418207699916 24.674055214963516
139.3125 26.522687806002097 24.66634844783096
139.8125 26.513090601373506 24.658651179615482
140.3125 26.50342214725912 24.650982077761824
140.8125 26.49388200220642 24.6433568793238
141.3125 26.48428061192886 24.635735019833255
141.8125 26.474820552495466 24.628149358922364
142.3125 26.465332439787286 24.62058781044235
142.8125 26.4559562169844 24.613054327141434
143.3125 26.446495180807194 24.605546056402506
143.8125 26.437228113561275 24.598077919649516
144.3125 26.427924059052042 24.59063191028627
144.8125 26.418662444311607 24.583184196754377
145.3125 26.409496091811505 24.575798021045753
145.8125 26.40029728854293 24.56841877247673
146.3125 26.391193084951503 24.561068025441763
146.8125 26.38209919690415 24.553761223849648
147.3125 26.373125199561287 24.546466460230462
147.8125 26.364140210417574 24.539175460649428
148.3125 26.35513560429118 24.53195436901634
148.8125 26.346227412453672 24.524758067499572
149.3125 26.337410698035043 24.517573464194218
149.8125 26.32856434817515 24.510410142633326
150.3125 26.319759724143385 24.503290352918135
150.8125 26.311068714850336 24.49619882693382
151.3125 26.302334600600044 24.489105784644337
151.8125 26.2936876695807 24.48205637424685
152.3125 26.285098154054147 24.47504009012099
152.8125 26.27650822578339 24.468037971521706
153.3125 26.26796836836835 24.461080414438744
153.8125 26.259493886213534 24.454124816860773
154.3125 26.251027003791396 24.44722796643771
154.8125 26.242628685816378 24.440336963700755
155.3125 26.234222538972624 24.433480774561282
155.8125 26.22590012357612 24.426639975477453
156.3125 26.217658320998964 24.41982210690346
156.8125 26.209391201665877 24.413064106513524
157.3125 26.20116460746015 24.40630950298528
157.8125 26.192982755721367 24.399586541019556
158.3125 26.184883839449277 24.392901656042476
158.8125 26.176796254764703 24.386224711291828
159.3125 26.168745682474736 24.379592558450245
159.8125 26.16074682317993 24.372964077620388
160.3125 26.1527486591981 24.366377432025846
160.8125 26.144820290773563 24.3598095782588
161.3125 26.136942813468128 24.353276900074693
161.8125 26.129067141342595 24.346761850707757
162.3125 26.1212498671776 24.340299847873005
162.8125 26.11348601649611 24.333828948738084
163.3125 26.105779235945455 24.32740096245446
163.8125 26.09806129169634 24.320994951942275
164.3125 26.09041153785595 24.314616634808054
164.8125 26.082756833748984 24.308265700047187
165.3125 26.075232089552753 24.301934176296175
165.8125 26.067658826080553 24.295631459776207
166.3125 26.06016405491786 24.289353837102738
166.8125 26.052628343241206 24.283092604060442
167.3125 26.045173058732587 24.276818852928635
167.8125 26.037748721265924 24.270582537004
168.3125 26.030316363883863 24.264349063200473
168.81249999999997 26.02297733408784 24.258146736117947
169.3125 26.015598596891984 24.25194626121341
169.8125 26.008301451240207 24.245765123608717
170.31249999999997 26.001004527440784 24.23958971762454
170.8125 25.99376708807247 24.233455015023296
171.3125 25.986513401335074 24.227313011290363
171.81249999999997 25.979304226296456 24.221191969785924
172.3125 25.972100483376547 24.21509385023652
172.8125 25.96495114720925 24.209030797302255
173.31249999999997 25.957849207215617 24.20295052110844
173.8125 25.950707977760974 24.196905946811253
174.3125 25.943646137723626 24.190862108287536
174.81249999999997 25.936579735629778 24.184856739783896
175.3125 25.92958970881325 24.1788552123096
175.8125 25.92257821216391 24.172882337185126
176.31249999999997 25.915589138732493 24.16691855608963
176.8125 25.908651399855543 24.160978421096928
177.3125 25.90176137306612 24.155052443984193
177.81249999999997 25.894852591431203 24.149146522598826
178.3125 25.88798080940547 24.143263701501372
178.8125 25.881131245040475 24.137400831184912
179.31249999999997 25.874309615831827 24.131542493083842
179.8125 25.867521831662064 24.125719994066554
180.3125 25.860745500461093 24.119909462419024
180.81249999999997 25.853995124333807 24.114116192159884
181.3125 25.84725525725726 24.108350117952444
181.8125 25.840571769350102 24.102593714339847
182.31249999999997 25.83393744787571 24.096853055712927
182.8125 25.82727650734942 24.091141801767595
183.3125 25.82063722247929 24.085442360658263
183.81249999999997 25.814033252941314 24.079769575351303
184.3125 25.807449588651124 24.074113756159242
184.8125 25.80089655686464 24.068477878897884
185.31249999999997 25.79437695841475 24.062867702570504
185.8125 25.787842995688045 24.057276559867127
186.3125 25.781370917868948 24.051702867162096
186.81249999999997 25.7748911635737 24.04614968313972
187.3125 25.768465737277747 24.04060724139341
187.8125 25.762044907796465 24.035097051567714
188.31249999999997 25.755650603766966 24.029611633856067
188.8125 25.74928956629548 24.024133539499417
189.3125 25.742936312599674 24.018684345683656
189.81249999999997 25.73660588181577 24.013259288093668
190.3125 25.73030084217226 24.00785465313788
190.8125 25.724009161219 24.002468661320165
191.31249999999997 25.717693590402767 23.99708015578071
191.8125 25.711489369013208 23.991740412702853
192.3125 25.705259425137 23.986413671375818
192.81249999999997 25.699053279671954 23.981112058958768
193.3125 25.69290219024646 23.975838057833485
193.8125 25.686714440087016 23.97055838916934
194.31249999999997 25.68060591313423 23.96531996278483
194.8125 25.674496500511292 23.960094562267177
195.3125 25.668383546008243 23.954907014097998
195.81249999999997 25.662324496921798 23.949736933090495
196.3125 25.656260669441437 23.9445702276045
196.8125 25.650203257126925 23.939432709960325
197.31249999999997 25.6442066428071 23.93430589956826
197.8125 25.638207518477053 23.929219983422705
198.3125 25.632257383229646 23.92416714803296
198.81249999999997 25.626280427919106 23.91910599049913
199.3125 25.620351528142947 23.91407705348509
199.8125 25.6144445236874 23.909078679777572
200.31249999999997 25.608551691122983 23.90408222785057
200.8125 25.60266926034283 23.899133074158726
201.3125 25.596830853244057 23.894178584090852
201.81249999999997 25.590980520079995 23.88927078394484
202.3125 25.585159897019896 23.884362758950925
202.8125 25.579355031291655 23.87949309407832
203.31249999999997 25.573583404933288 23.874620678527698
203.8125 25.56782803809272 23.869785835501695
204.3125 25.56207529222811 23.864975401848923
204.81249999999997 25.556374978409867 23.860155510262526
205.3125 25.55065510262378 23.855350782557526
205.8125 25.54497645546462 23.850575578287764
206.31249999999997 25.53931878018499 23.845784865662772
206.8125 25.53369424401765 23.841032579742908
207.3125 25.52803555329107 23.83627842799951
207.81249999999997 25.522426886574983 23.831547315712875
208.3125 25.516805002062295 23.826823095416444
208.8125 25.511269231364672 23.8221116171422
209.31249999999997 25.505678375615297 23.81739370374515
209.8125 25.500146053071276 23.8127261279241
210.3125 25.49461678992776 23.808048606896474
210.81249999999997 25.48908665470703 23.80339303091873
211.3125 25.483618040190088 23.798738340063732
211.8125 25.478132380485576 23.79409672361371
212.31249999999997 25.472666435023182 23.789490744563476
212.8125 25.46724443091234 23.784878177697863
213.3125 25.461780837974878 23.780283758974278
213.81249999999997 25.456385389621353 23.775715316162977
214.3125 25.450963818883608 23.771148122541184
214.8125 25.44560296236703 23.76659599293916
215.31249999999997 25.440234695807888 23.762064259964575
215.8125 25.434902157739458 23.757542186158723
216.3125 25.429539218116652 23.753030570026546
216.81249999999997 25.42419544546703 23.748527559502616
217.3125 25.418916903319975 23.74405005024983
217.8125 25.413623021819518 23.739582258396492
218.31249999999997 25.40833880432445 23.73512497507651
218.8125 25.40308045897342 23.730696829607155
219.3125 25.397835761965947 23.726275049335147
219.81249999999997 25.39258299066642 23.72186359474427
220.3125 25.3873801938322 23.717482244408927
220.8125 25.38219105883027 23.713084973496663
221.31249999999997 25.376968933470962 23.708734890226264
221.8125 25.371794506629396 23.704387355442826
222.3125 25.36664356840069 23.700041702530434
222.81249999999997 25.361496353158778 23.695716291907573
223.3125 25.356330286200283 23.691425893099883
223.8125 25.351227063669626 23.687131369459276
224.31249999999997 25.34609501308934 23.68285326057087
224.8125 25.341000814065644 23.67860092731337
225.3125 25.335920978027488 23.674343868202325
225.81249999999997 25.33086511431383 23.670114560440236
226.3125 25.325771127419898 23.665905145068052
226.8125 25.3207340901535 23.661695347779176
227.31249999999997 25.31570451752074 23.657514381134803
227.8125 25.310681755545655 23.65334696470847
228.3125 25.305681737955503 23.649193652155958
228.81249999999997 25.300691632324064 23.645054592238278
229.3125 25.295725280600667 23.640939986583753
229.8125 25.29072476632857 23.636821923662925
230.31249999999997 25.28577025548124 23.63273200709065
230.8125 25.280829360069525 23.62865466401809
231.3125 25.275894232794286 23.624594968034106
231.81249999999997 25.27096754135602 23.620545061362733
232.3125 25.266067629004482 23.616510009861603
232.8125 25.261157450075117 23.61249896540036
233.3125 25.25626873887909 23.608501446950765
233.8125 25.251398287901218 23.604527475106867
234.3125 25.246520968634925 23.600552718434407
234.8125 25.241672075790472 23.59659624929591
235.3125 25.236846832114004 23.59265372794026
235.8125 25.232003356434053 23.58873730375987
236.3125 25.227202491661025 23.58483025418881
236.8125 25.22237537255311 23.580938555755253
237.3125 25.21757112917029 23.577058911717824
237.8125 25.212773228415326 23.57321968577256
238.3125 25.20800858528589 23.569370879870956
238.8125 25.203234419043092 23.565546848130978
239.3125 25.198472390822303 23.561729406418298
239.8125 25.19373265720532 23.557936838891933
240.3125 25.189018424781967 23.554156969202396
240.8125 25.184251726979973 23.55040216683222
241.3125 25.17956935103549 23.546649348901724
241.8125 25.174864846204006 23.54290876346353
242.3125 25.170150338837367 23.539199171861558
242.8125 25.165482717951 23.53549130525989
243.3125 25.160818304389903 23.531779311511833
243.8125 25.156152145209987 23.52811923776943
244.3125 25.151504833871115 23.524451888095335
244.8125 25.146876335995255 23.520788015599976
245.3125 25.142244599777904 23.517149917813388
245.8125 25.1376474116465 23.51351760521805
246.3125 25.133008828946288 23.509903034935892
246.8125 25.128464389404897 23.506305095061055
247.3125 25.12386783795478 23.50270069913787
247.8125 25.119303108369785 23.49911395876169
248.3125 25.114717547603224 23.49554698464031
248.8125 25.110172820629106 23.491985743069517
249.3125 25.105624606075878 23.488444584817465
249.8125 25.10110080628734 23.484909339205284
250.3125 25.09661001865083 23.481390407464907
250.8125 25.09206374710109 23.477867199529552
251.3125 25.087585406669497 23.474364186586058
251.8125 25.08308048784768 23.470869624888337
252.3125 25.078617719599634 23.46739337535
252.8125 25.07412889072311 23.46393985994012
253.3125 25.06968667901386 23.460492390370735
253.8125 25.06521917824599 23.4570424263857
254.3125 25.060778627319905 23.453596515833507
254.8125 25.056328235846628 23.450171052278574
255.3125 25.051939126546316 23.44675968450433
255.8125 25.047499995059717 23.443347413144792
256.3125 25.04312888035968 23.43995306149222
256.8125 25.038727377648144 23.436575376607678
257.3125 25.03434750295199 23.433202171556328
257.8125 25.029958492059038 23.429832663597523
258.3125 25.025614033367415 23.426465508817053
258.8125 25.02124073700166 23.423132669859164
259.3125 25.016906314531226 23.419787461942327
259.8125 25.01255317242442 23.416474681314288
260.3125 25.008210677500273 23.413151444355996
260.8125 25.003913267059914 23.4098474389831
261.3125 24.999587566441306 23.406548191458057
261.8125 24.995305861444272 23.403248859367118
262.3125 24.990989223354447 23.399984133023032
262.8125 24.986714725262843 23.39670278329845
263.3125 24.98242323987813 23.39344354742098
263.8125 24.978169081360882 23.39018578925235
264.3125 24.973920214071754 23.386946512168166
264.8125 24.969647634233716 23.383710503385473
265.3125 24.96541232909045 23.38048801620286
265.8125 24.961151544503117 23.377267069170795
266.3125 24.956959649596833 23.374060048725624
266.8125 24.95272049793907 23.370858357689116
267.3125 24.948539316243522 23.367666782397947
267.8125 24.944318214640493 23.364477964393878
268.3125 24.940122514057997 23.36131226724739
268.8125 24.93593747806522 23.358126026606698
269.3125 24.931763600173383 23.354978179947917
269.8125 24.927595995623413 23.35181733462738
270.3125 24.92340949516145 23.34868134192101
270.8125 24.91926555783545 23.345541446249637
271.3125 24.915117659580112 23.34240796633918
271.8125 24.91097204877125 23.33928827651373
272.3125 24.906870696217254 23.33616902694706
272.8125 24.902722116251887 23.333069164322616
273.3125 24.898615365484016 23.329964992150387
273.8125 24.894507068428883 23.32687120825313
274.3125 24.890403521294154 23.323805361291654
274.8125 24.886320570087594 23.320719827939143
275.3125 24.882245076486246 23.317656756010376
275.8125 24.878145155705788 23.314592555235688
276.3125 24.874076625028852 23.31153474399294
276.8125 24.87002030191437 23.3084844646407
277.3125 24.86596235049714 23.305450731605923
277.8125 24.86192198091031 23.302414275378066
278.3125 24.85786460804023 23.29939107933142
278.8125 24.853823618546137 23.29635553084728
279.3125 24.849794230288722 23.29334435260025
279.8125 24.845797947968045 23.290342727892018
280.3125 24.841762208785234 23.287342431247232
280.8125 24.83777175386521 23.284350622661883
281.3125 24.833772270234732 23.281360922118502
281.8125 24.82977997972712 23.278395061385243
282.3125 24.825795948932292 23.2754262320822
282.8125 24.82184016018289 23.272469360585333
283.3125 24.81787527796961 23.26951183695197
283.8125 24.813920115067916 23.266565260656243
284.3125 24.809949966407526 23.263628412811897
284.8125 24.806033437068805 23.26068744198196
