FastTrWP/PhaseSpace/IAs/snIa_0.41_30.00_0.72_0.12.csv
# %ECSV 0.9
# ---
# datatype:
# - {name: time-rel, datatype: float64}
# - {name: g, datatype: float64}
# - {name: i, datatype: float64}
# schema: astropy-2.0
time-rel g i
[from data line 1445]
898.1041666666666 23.81866722011535 22.34064094148227
898.6041666666666 23.82004718413765 22.341147085986783
899.1041666666665 23.821403957282428 22.341656069528124
899.6041666666666 23.82275946479938 22.342163983065188
900.1041666666666 23.824133724049815 22.342673697275302
900.6041666666665 23.82549968879273 22.343185776664384
901.1041666666666 23.826871954308654 22.343711333438165
901.6041666666666 23.82823813977935 22.344229292695125
902.1041666666665 23.829619924976555 22.344739333525986
902.6041666666666 23.830991355394367 22.345268422158906
903.1041666666666 23.8323617894669 22.345785076671692
903.6041666666665 23.833739948797895 22.346303972239426
904.1041666666666 23.835113245933428 22.34683778523228
904.6041666666666 23.836491727230893 22.347369385636647
905.1041666666665 23.837861961234847 22.34789386103778
905.6041666666666 23.839248468974176 22.34841810448575
906.1041666666666 23.840621463160062 22.348947327157585
906.6041666666665 23.842014735636823 22.349485931128964
907.1041666666666 23.843394819127713 22.350019986616097
907.6041666666666 23.844782960304126 22.35055637858573
908.1041666666665 23.846158177812026 22.351090094411585
908.6041666666666 23.8475454998129 22.351633168026535
909.1041666666666 23.848938940191715 22.352178214906374
909.6041666666665 23.850329905833284 22.352717477644394
910.1041666666666 23.851722986411367 22.353261964455932
910.6041666666666 23.853112194117454 22.35381140511645
911.1041666666665 23.854500076217068 22.354351686280577
911.6041666666666 23.855897995961236 22.354909834357972
912.1041666666666 23.857292822222803 22.355460164142524
912.6041666666665 23.858677809357243 22.356012318032754
913.1041666666666 23.86009204065094 22.35656541804891
913.6041666666666 23.86148145608947 22.35711899893232
914.1041666666665 23.862893644208757 22.357681615527166
914.6041666666666 23.86429957462701 22.358235191136767
915.1041666666666 23.865700835198616 22.3588006878757
915.6041666666665 23.867089796655108 22.359360434073132
916.1041666666666 23.868498341476077 22.359920460780796
916.6041666666666 23.869910086260123 22.360490544983325
917.1041666666665 23.87131200276897 22.36104673124352
917.6041666666666 23.872723099977616 22.361620174740775
918.1041666666666 23.87413420277123 22.362197443390045
918.6041666666665 23.87554829208436 22.36276344002522
919.1041666666666 23.8769649054069 22.3633345065344
919.6041666666666 23.878384510909086 22.363908386220285
920.1041666666665 23.879795217208397 22.364489646926632
920.6041666666666 23.881214005022805 22.365064391237773
921.1041666666666 23.882630461272928 22.36563836036551
921.6041666666665 23.884044738058602 22.36622470287913
922.1041666666666 23.88547924775885 22.36680664387995
922.6041666666666 23.88690411370185 22.367383551777568
923.1041666666665 23.888327309621577 22.36797466525964
923.6041666666666 23.889746570508276 22.36856100767759
924.1041666666666 23.891172820084424 22.369142776063455
924.6041666666665 23.892606029534985 22.369725328993127
925.1041666666666 23.89404753201507 22.37032295559321
925.6041666666666 23.89547281955844 22.370921612606015
926.1041666666665 23.89689466074456 22.37150246180411
926.6041666666666 23.898338184343665 22.372106237058773
927.1041666666666 23.899769857590286 22.372701263582805
927.6041666666665 23.901205253377338 22.373303569624888
928.1041666666666 23.902647607780523 22.37389956323172
928.6041666666666 23.90409454113886 22.37449792318291
929.1041666666665 23.905533848291434 22.375099244020472
929.6041666666666 23.906976944548607 22.37570979099997
930.1041666666666 23.908415977182734 22.37631929598324
930.6041666666665 23.90987256940964 22.376917445746738
931.1041666666666 23.911315584768612 22.377536143128015
931.6041666666666 23.912770167797287 22.378139930920113
932.1041666666665 23.91422844131874 22.378753251936327
932.6041666666666 23.91568296187488 22.37936327598623
933.1041666666666 23.917143963411213 22.379983414459556
933.6041666666665 23.91858452463344 22.380603494302726
934.1041666666666 23.92004979076812 22.381220364611032
934.6041666666666 23.921511287283565 22.381847751707426
935.1041666666665 23.922978379469 22.38247093887852
935.6041666666666 23.924440727493273 22.383102300075976
936.1041666666666 23.92590706995779 22.383729469137773
936.6041666666665 23.927386443924114 22.384361723386196
937.1041666666666 23.92885346959507 22.384986542773877
937.6041666666666 23.930313127580725 22.38562661790305
938.1041666666665 23.93179463311091 22.38626752060512
938.6041666666666 23.93328042207413 22.386903576192978
939.1041666666666 23.93474917231236 22.387546189800034
939.6041666666665 23.936229102157412 22.38818240858665
940.1041666666666 23.937702825453258 22.38883633700967
940.6041666666666 23.93919238681443 22.389467348256773
941.1041666666665 23.94068029825775 22.390132243455735
941.6041666666666 23.942179133425565 22.390769273810967
942.1041666666666 23.94365183014022 22.391422259403633
942.6041666666665 23.945127073180036 22.392072873639663
943.1041666666666 23.94663722543079 22.392732333895545
943.6041666666666 23.948138157175404 22.39339064882323
944.1041666666665 23.9496078033905 22.39404310834399
944.6041666666666 23.951117937130938 22.394704491046543
945.1041666666666 23.952616327639742 22.395360111563683
945.6041666666665 23.95411591995517 22.396030228792434
946.1041666666666 23.955604106797583 22.396692367496197
946.6041666666666 23.957113421783646 22.39735916017317
947.1041666666665 23.95860789789444 22.39802784888134
947.6041666666666 23.96011668503847 22.398699131655757
948.1041666666666 23.961623491697402 22.39935984381029
948.6041666666665 23.96313217946455 22.40003177877922
949.1041666666666 23.964644212522416 22.400705083573655
949.6041666666666 23.96614812080451 22.40137884559926
950.1041666666665 23.967671267163183 22.40205210519955
950.6041666666666 23.96916281509676 22.402736541076614
951.1041666666666 23.970685501965676 22.40340957288162
951.6041666666665 23.972193841399655 22.4040921700181
952.1041666666666 23.973719463241395 22.40477027345461
952.6041666666666 23.975239306296906 22.405443193393214
953.1041666666665 23.976736488914362 22.406135416379538
953.6041666666666 23.978278746092677 22.406813811700644
954.1041666666666 23.979798142651468 22.40750246965435
954.6041666666665 23.98130180170458 22.40818500491141
955.1041666666666 23.982831121593463 22.408873261545907
955.6041666666666 23.98437248686453 22.409561714872723
956.1041666666665 23.985878002702705 22.410254851862547
956.6041666666666 23.98742175851307 22.41094335920062
957.1041666666666 23.988918845048634 22.411633425849978
957.6041666666665 23.990462249549456 22.412317691302263
958.1041666666666 23.991990773538454 22.413015191682533
958.6041666666666 23.993504131676424 22.413714400591882
959.1041666666665 23.99504150874042 22.414402498793127
959.6041666666666 23.996568180492105 22.41510175417784
960.1041666666666 23.9981054545999 22.415794582126928
960.6041666666665 23.999644573845377 22.41648738225416
961.1041666666666 24.0011571507546 22.417185481124942
961.6041666666666 24.002709285672164 22.41788787539477
962.1041666666665 24.00423781567975 22.41858313175244
962.6041666666666 24.00577857416622 22.419285897272474
963.1041666666666 24.00731758739541 22.419986338817385
963.6041666666665 24.008838686802576 22.420682310623256
964.1041666666666 24.010370765658955 22.42138439389333
964.6041666666666 24.011911361059543 22.42208845006385
965.1041666666665 24.013443092561317 22.422786533890413
965.6041666666666 24.014991860026637 22.423491577990546
966.1041666666666 24.016537194121298 22.4242037717056
966.6041666666665 24.018072692757094 22.42490272783453
967.1041666666666 24.019618181983944 22.425610236390266
967.6041666666666 24.021156255848815 22.426319725448774
968.1041666666665 24.022703584513977 22.427025977139195
968.6041666666666 24.02423316755499 22.42774315485173
969.1041666666666 24.025792986013997 22.428450017066694
969.6041666666665 24.027347605459113 22.429167485229794
970.1041666666666 24.028889609244043 22.429882193014112
970.6041666666666 24.030446099803903 22.430598448985
971.1041666666665 24.03199013178933 22.431313558384737
971.6041666666666 24.033541166442262 22.432040602515126
972.1041666666666 24.035109926794508 22.432757316933532
972.6041666666665 24.036674452957627 22.43347719255867
973.1041666666666 24.03822896702566 22.43420425388095
973.6041666666666 24.039779253953775 22.434926973168853
974.1041666666665 24.04132025554622 22.435652774019204
974.6041666666666 24.042885651702957 22.436380339298886
975.1041666666666 24.044450303124062 22.43710912166268
975.6041666666665 24.0460269768123 22.43783551586599
976.1041666666666 24.047584710696444 22.43856709379095
976.6041666666666 24.04913818915478 22.439301868769324
977.1041666666665 24.050718157938505 22.44002896252358
977.6041666666666 24.05228562108285 22.440762619720374
978.1041666666666 24.053860852274212 22.441496755498353
978.6041666666665 24.05541493254601 22.44223766552176
979.1041666666666 24.05700495137544 22.442973820939038
979.6041666666666 24.058580452655754 22.44371127843195
980.1041666666665 24.060135981878076 22.444448028596895
980.6041666666666 24.061717862838208 22.445200791993095
981.1041666666666 24.063296915539084 22.44593262136163
981.6041666666665 24.064872891985306 22.44667641044902
982.1041666666666 24.066438013267543 22.44742563688327
982.6041666666666 24.068026319322673 22.448168638996087
983.1041666666665 24.06961152175299 22.448905946794333
983.6041666666666 24.071183552234526 22.449657877416126
984.1041666666666 24.07275851737098 22.450404316455845
984.6041666666665 24.074347263639034 22.451157368941598
985.1041666666666 24.075934215005258 22.451900532117534
985.6041666666666 24.07751574559997 22.452643435252632
986.1041666666665 24.079103133467328 22.45340726000213
986.6041666666666 24.08068930298322 22.454163143356567
987.1041666666666 24.08227180160026 22.45490943829396
987.6041666666665 24.08385400432124 22.45566743878294
988.1041666666666 24.085457164729185 22.45641808489561
988.6041666666666 24.08704203751258 22.457176644712824
989.1041666666665 24.088622272606916 22.45793622268227
989.6041666666666 24.090208932474198 22.458690651836633
990.1041666666666 24.09179320092001 22.45945378901304
990.6041666666665 24.09339806900425 22.46020791901387
991.1041666666666 24.094984620416476 22.46096775731317
991.6041666666666 24.09660401135514 22.461727655397215
992.1041666666665 24.09818846041507 22.462490643161715
992.6041666666666 24.099780611365674 22.463248406915234
993.1041666666666 24.101379773088297 22.4640148747556
993.6041666666665 24.10295946545274 22.464771630492532
994.1041666666666 24.104569944000758 22.465544662096658
994.6041666666666 24.106152765570815 22.466301711608068
995.1041666666665 24.107767321979576 22.467070822325795
995.6041666666666 24.109362384896382 22.467832143214153
996.1041666666666 24.110970139509554 22.468598865762907
996.6041666666665 24.112558031194258 22.469374451647024
997.1041666666666 24.11416441791318 22.470140553440427
997.6041666666666 24.115764404752102 22.470910357521152
998.1041666666665 24.117375564666553 22.47167839196646
998.6041666666666 24.1189715736583 22.472443898734532
999.1041666666666 24.120581591563823 22.473210074516846
999.6041666666666 24.122189634968496 22.47399103525221
1000.1041666666666 24.12379165047333 22.474759982955117
1000.6041666666666 24.125395084948345 22.475531636782176
1001.1041666666666 24.12701305363492 22.476303808033382
1001.6041666666666 24.1286105372072 22.47706947946986
1002.1041666666666 24.130231683694916 22.477853731545192
1002.6041666666666 24.1318212191567 22.478623789621746
1003.1041666666666 24.13344399090702 22.479403325773426
1003.6041666666666 24.13503826127263 22.480178189372918
1004.1041666666666 24.13666264087336 22.48095495202162
1004.6041666666666 24.138259926249 22.481732218194843
1005.1041666666666 24.139901417597432 22.482515287915945
1005.6041666666666 24.141476950639124 22.483298059390997
1006.1041666666666 24.14311382144476 22.48407545264872
1006.6041666666666 24.144718767831208 22.484860669536815
1007.1041666666666 24.146327844361217 22.485640130154714
1007.6041666666666 24.147952100578827 22.486426535944588
1008.1041666666666 24.149581236836983 22.487209077150116
1008.6041666666666 24.15119911002499 22.48799590526577
1009.1041666666666 24.152838150388035 22.488790403019454
1009.6041666666666 24.15442550434843 22.48957170429776
1010.1041666666666 24.156051217660707 22.490359028732442
1010.6041666666666 24.15765460583231 22.491137088805345
1011.1041666666666 24.159293487683186 22.491933203140487
1011.6041666666666 24.16090886340229 22.49273054231008
1012.1041666666666 24.162555131075006 22.49352367818811
1012.6041666666666 24.164178649805287 22.494314810608206
1013.1041666666666 24.165787369440185 22.49510686287911
1013.6041666666666 24.167432636623527 22.495902670586275
1014.1041666666666 24.169046519387337 22.49669456431684
1014.6041666666666 24.170672211289386 22.49750100705834
1015.1041666666666 24.172296872635407 22.49829567714258
1015.6041666666666 24.17394299129839 22.49908738265419
1016.1041666666666 24.175567231048205 22.499888640754296
1016.6041666666666 24.17719953551544 22.500686350403463
1017.1041666666666 24.178839935982662 22.50148830494204
1017.6041666666666 24.180459715358534 22.502295077555175
1018.1041666666666 24.182104753858404 22.503094066889204
1018.6041666666666 24.18374109253975 22.50389853345667
1019.1041666666666 24.185372597468803 22.504701817765167
1019.6041666666666 24.18701204806681 22.505510023055617
1020.1041666666666 24.1886507912894 22.506319014668076
1020.6041666666666 24.190284988206443 22.507133146247916
1021.1041666666666 24.191942124915897 22.507935795446514
1021.6041666666666 24.193570816121447 22.508752136796485
1022.1041666666666 24.19522851758066 22.509557742676446
1022.6041666666666 24.196868110594558 22.510370878450317
1023.1041666666666 24.19851142834048 22.511188392143175
1023.6041666666666 24.200171761895078 22.51199882120481
1024.1041666666667 24.201807135408377 22.512809237820793
1024.6041666666667 24.20346033345949 22.513631244331293
1025.1041666666667 24.20511595660775 22.514454000862088
1025.6041666666667 24.206753410173754 22.515266208717918
1026.1041666666667 24.20840990130685 22.5160851721027
1026.6041666666667 24.210077340153553 22.51691054863226
1027.1041666666667 24.211733544372578 22.51772931898902
1027.6041666666667 24.21339286140106 22.518555746376432
1028.1041666666667 24.215054586462166 22.519375135911304
1028.6041666666667 24.21669782036934 22.520203744122966
1029.1041666666667 24.218368961331805 22.521033490141992
1029.6041666666667 24.22002396530349 22.52185862065238
1030.1041666666667 24.221700821465504 22.52268753461
1030.6041666666667 24.223363941100516 22.523518435274305
1031.1041666666667 24.225014503229335 22.524339970212402
1031.6041666666667 24.22670029134946 22.5251794565865
1032.1041666666667 24.228369246587732 22.526013480231043
1032.6041666666667 24.230037001762618 22.5268466443536
1033.1041666666667 24.23169754385387 22.527685409191697
1033.6041666666667 24.233374567644365 22.528520634125844
1034.1041666666667 24.23504731697267 22.529357656347205
1034.6041666666667 24.23673570253787 22.530198217855997
1035.1041666666667 24.23840133908667 22.531036085861725
1035.6041666666667 24.24007147202341 22.531874417310146
1036.1041666666667 24.241759769142863 22.532718512811797
1036.6041666666667 24.243432260491478 22.533558250478997
1037.1041666666667 24.245121928771354 22.53439838799563
1037.6041666666667 24.246789638377166 22.535247284027097
1038.1041666666667 24.24847364820362 22.536089642550863
1038.6041666666667 24.25017130037752 22.53693548141848
1039.1041666666667 24.25184597006789 22.537783979346536
1039.6041666666667 24.25353961219484 22.53863354263244
1040.1041666666667 24.255224054951885 22.53949157231023
1040.6041666666667 24.25691188891712 22.540341552751315
1041.1041666666667 24.25859510968047 22.541189668739612
1041.6041666666667 24.260276692824295 22.542036545631742
