FastTrWP/PhaseSpace/IAs/snIa_0.37_30.00_-1.02_0.01.csv
# %ECSV 0.9
# ---
# datatype:
# - {name: time-rel, datatype: float64}
# - {name: g, datatype: float64}
# - {name: i, datatype: float64}
# schema: astropy-2.0
time-rel g i
227.35416666666666 26.99927902841294 25.310758193997316
227.85416666666666 26.975036199564975 25.301465589523747
228.35416666666663 26.95122696385321 25.292222192426568
228.85416666666666 26.927827985531643 25.28303248997925
229.35416666666666 26.90483313270147 25.273900948349493
229.85416666666666 26.88223435752469 25.26485627107322
230.35416666666666 26.86000046937018 25.255770951961203
230.85416666666666 26.838198183958873 25.246800574582764
231.35416666666666 26.816733095004437 25.237882627803966
231.85416666666666 26.795581518601495 25.229011733144127
232.35416666666666 26.774760127154966 25.220188284077643
232.85416666666666 26.754291518500697 25.211372484522798
233.35416666666666 26.734060984298992 25.202639360504477
233.85416666666666 26.714113573974622 25.19391645337441
234.35416666666666 26.694487505787684 25.185244067515168
234.85416666666666 26.675072535737414 25.176617620275454
235.35416666666666 26.65597322987623 25.168024247913237
235.85416666666666 26.637156815242196 25.159463335437554
236.35416666666666 26.61850485313915 25.150982784138634
236.85416666666666 26.600135245241816 25.142484279761774
237.35416666666666 26.582044381523517 25.134029410763286
237.85416666666666 26.56403097485773 25.12562767346113
238.35416666666666 26.546420152004828 25.117248464994365
238.85416666666666 26.52886929038985 25.108942926408716
239.35416666666666 26.511584177391192 25.1006201048446
239.85416666666666 26.49451742954469 25.09236562027061
240.35416666666666 26.477617557373986 25.084166525666088
240.85416666666666 26.460881089574574 25.075976678643798
241.35416666666666 26.44437242506866 25.067820688518662
241.85416666666666 26.42801663922668 25.05971259162921
242.35416666666666 26.41182895716711 25.05161002575329
242.85416666666666 26.395780087396762 25.043567768338562
243.35416666666666 26.379939312612912 25.035568382913716
243.85416666666666 26.364230268767898 25.027576347424613
244.35416666666666 26.34868175750199 25.019638436652958
244.85416666666666 26.33334370881417 25.01171936831259
245.35416666666666 26.31808055229799 25.00386148175618
245.85416666666666 26.30298735845368 24.99602636414849
246.35416666666666 26.288032948608887 24.98819895300388
246.85416666666666 26.27316346923994 24.980424493646105
247.35416666666666 26.258485048579935 24.972689209248106
247.85416666666666 26.243935676368586 24.964974257460373
248.35416666666666 26.22953376769686 24.957259891705665
248.85416666666666 26.215213228508535 24.949629130662295
249.35416666666666 26.201001984152846 24.941994771847664
249.85416666666666 26.18688184526785 24.934418155008082
250.35416666666666 26.172937740951284 24.926871250419936
250.85416666666666 26.15914216690647 24.919351561746154
251.35416666666666 26.145413345095427 24.91185179585115
251.85416666666666 26.131801592722603 24.904387916405422
252.35416666666666 26.118267329763366 24.896958235768146
252.85416666666666 26.10485126476953 24.88953292969256
253.35416666666666 26.091532814062273 24.882170248082733
253.85416666666666 26.07831176428722 24.87482063060973
254.35416666666666 26.065206052238988 24.86751345975503
254.85416666666666 26.05214295144114 24.860237691342334
255.35416666666666 26.039237182710252 24.852955303201778
255.85416666666666 26.026412054136667 24.845741011306743
256.3541666666667 26.01364784325519 24.838544449416986
256.8541666666667 26.00099439761651 24.83136875644727
257.3541666666667 25.9884135977496 24.824225509904537
257.8541666666667 25.975938989972192 24.817119804849533
258.3541666666667 25.963521266702934 24.810022260111
258.8541666666667 25.95121830389766 24.80297174734702
259.3541666666667 25.938921413069682 24.795938107316
259.8541666666667 25.92676683569572 24.78893603847293
260.3541666666667 25.914679535010535 24.78195352084593
260.8541666666667 25.902691304790487 24.775020342780408
261.3541666666667 25.890730505318515 24.76807931657509
261.8541666666667 25.878884396549935 24.761173074156538
262.3541666666667 25.867034871908746 24.75431248763264
262.8541666666667 25.85531874947734 24.74746937443614
263.3541666666667 25.84365377596301 24.74066453214549
263.8541666666667 25.832072357782174 24.733867900278042
264.3541666666667 25.82051145625444 24.72708072572928
264.8541666666667 25.80907371711987 24.720351076351577
265.3541666666667 25.797695758324505 24.713641651444647
265.8541666666667 25.786419001429724 24.706959436814824
266.3541666666667 25.775202856910965 24.700288874143425
266.8541666666667 25.764068498978368 24.693648175353907
267.3541666666667 25.753025065842653 24.687044495417716
267.8541666666667 25.742017617105205 24.68045624544585
268.3541666666667 25.73116170377356 24.67387395599649
268.8541666666667 25.72031495182545 24.667337329402557
269.3541666666667 25.70955573348844 24.660819165821906
269.8541666666667 25.698883419408325 24.654327520178075
270.3541666666667 25.688234869570984 24.64786158910472
270.8541666666667 25.67769412099357 24.641421139569538
271.3541666666667 25.66721432296836 24.634972421465452
271.8541666666667 25.65680375548485 24.628568268620626
272.3541666666667 25.646460676438597 24.62218484231107
272.8541666666667 25.63614311434619 24.615834501435273
273.3541666666667 25.625881289575712 24.609480714315414
273.8541666666667 25.615695272486455 24.603176342084367
274.3541666666667 25.605572408798835 24.59688861902842
274.8541666666667 25.595532273703693 24.59061472300721
275.3541666666667 25.585497786171764 24.584332396315517
275.8541666666667 25.57551839651614 24.57810772417265
276.3541666666667 25.565619566362116 24.571897019921934
276.8541666666667 25.555749188579693 24.565692993145095
277.3541666666667 25.545922862427027 24.559532146278883
277.8541666666667 25.53618542556937 24.553382967535768
278.3541666666667 25.526462707779057 24.547245886134558
278.8541666666667 25.51675371145744 24.541142805560213
279.3541666666667 25.507138431896173 24.53503437045284
279.8541666666667 25.497536463888594 24.528975831212072
280.3541666666667 25.488010905624357 24.522905471932933
280.8541666666667 25.478497603187872 24.51685339900156
281.3541666666667 25.46905250022022 24.510828678559868
281.8541666666667 25.459630899933195 24.50483480030322
282.3541666666667 25.450259810369783 24.49883668765756
282.8541666666667 25.440922006186575 24.492892263485295
283.3541666666667 25.43162039471404 24.486937182089203
283.8541666666667 25.422356711268677 24.481000628482875
284.3541666666667 25.413112230999335 24.47508825899383
284.8541666666667 25.403921392350306 24.469204895738883
285.3541666666667 25.394777330233605 24.463317370305603
285.8541666666667 25.385645645923187 24.45744435221306
286.3541666666667 25.376542219870515 24.45160602735376
286.8541666666667 25.367482046805637 24.445767412348417
287.3541666666667 25.358477273994666 24.439948992867695
287.8541666666667 25.349490873527174 24.434166363511554
288.3541666666667 25.340513411186002 24.428387641516558
288.8541666666667 25.331583318351818 24.42262827246834
289.3541666666667 25.322688143515506 24.4168571417109
289.8541666666667 25.313812749070024 24.41114694344902
290.3541666666667 25.304936491675733 24.405416984725505
290.8541666666667 25.2961478893636 24.39971481127732
291.3541666666667 25.28738726514998 24.39401880611753
291.8541666666667 25.278576933097007 24.388353201486353
292.3541666666667 25.269866138981556 24.382690473245006
292.8541666666667 25.261155579716537 24.377054358695673
293.3541666666667 25.252479592892456 24.37143696996008
293.8541666666667 25.24379830263738 24.365822129808233
294.3541666666667 25.23517001055467 24.36022219867859
294.8541666666667 25.2265742974325 24.354636245561085
295.3541666666667 25.217989820204846 24.349071680062316
295.8541666666667 25.209424497618645 24.343508264743726
296.3541666666667 25.20088414077234 24.337970744370153
296.8541666666667 25.19237716683643 24.33243718598133
297.3541666666667 25.18388281182165 24.326927331278792
297.8541666666667 25.175402775295 24.321410842198745
298.3541666666667 25.166960335761726 24.31593982939303
298.8541666666667 25.15855664293783 24.31045557976891
299.3541666666667 25.150179192345092 24.30502333564735
299.8541666666667 25.141832360702185 24.29958014292916
300.3541666666667 25.13348829505332 24.294158936840073
300.8541666666667 25.125203299543607 24.28874896379043
301.3541666666667 25.116928923328473 24.28334096669547
301.8541666666667 25.108698172715155 24.27796499218159
302.3541666666667 25.100482833669425 24.272600637550372
302.8541666666667 25.092320866758158 24.26724698422752
303.3541666666667 25.084173790862575 24.26191204521558
303.8541666666667 25.07605178395353 24.256581810143874
304.3541666666667 25.067941406906375 24.25128573930602
304.8541666666667 25.059890010016744 24.245983373879305
305.3541666666667 25.05185871673133 24.240703137507744
305.8541666666667 25.04383520179178 24.23542046794043
306.3541666666667 25.035860219494612 24.230161735655894
306.8541666666667 25.027891794719483 24.22493187474486
307.3541666666667 25.019982578399464 24.219708977477367
307.8541666666667 25.012061921340333 24.21448182520951
308.3541666666667 25.004185205357675 24.209303048064807
308.8541666666667 24.996346766343542 24.204092507428463
309.3541666666667 24.988504129902886 24.198918472956677
309.8541666666667 24.980715280649285 24.19376966029037
310.3541666666667 24.972958494105274 24.18861741072451
310.8541666666667 24.965204863710234 24.18346722354867
311.3541666666667 24.957462993123848 24.178356665865547
311.8541666666667 24.949780669386072 24.173215191790916
312.3541666666667 24.942128082132832 24.168134491842864
312.8541666666667 24.934481193848697 24.163041387308148
313.3541666666667 24.9268465956268 24.157963896977567
313.8541666666667 24.9192411401293 24.15289814628441
314.3541666666667 24.9116659352317 24.147848795954523
314.8541666666667 24.90415402918181 24.142806752230122
315.3541666666667 24.896618326328227 24.137776896965974
315.8541666666667 24.88911651447787 24.132746987311823
316.3541666666667 24.881641468371832 24.127759462596728
316.8541666666667 24.87418622181086 24.122754060159515
317.3541666666667 24.866767365549304 24.117783160239675
317.8541666666667 24.85938829198386 24.11280543142793
318.3541666666667 24.851984087274843 24.10783609026589
318.8541666666667 24.844638256765613 24.10289597643869
319.3541666666667 24.837306355324426 24.097965067964306
319.8541666666667 24.82998599405716 24.09303755533982
320.3541666666667 24.822693699337293 24.088109328963387
320.8541666666667 24.815448161257542 24.08321783777489
321.3541666666667 24.808214022072548 24.078325208367364
321.8541666666667 24.800977779158714 24.07344847140902
322.3541666666667 24.79378160070125 24.068565095938617
322.8541666666667 24.7866252125596 24.0637167267096
323.3541666666667 24.77946489109453 24.058855360057798
323.8541666666667 24.77233465647982 24.054014456672448
324.3541666666667 24.765211259757912 24.04918628475904
324.8541666666667 24.758133739423826 24.04438206934006
325.3541666666667 24.75108242545415 24.039546574136708
325.8541666666667 24.74401985110674 24.034757711880196
326.3541666666667 24.737015762440823 24.029981390398078
326.8541666666667 24.730016530350426 24.025208398536723
327.3541666666667 24.72303557441488 24.020435215146417
327.8541666666667 24.716068778278416 24.015663848810465
328.3541666666667 24.70913636827809 24.010925559449078
328.8541666666667 24.70222067303796 24.006191750538974
329.3541666666667 24.69532060797807 24.00146750408166
329.8541666666667 24.68846452707272 23.99673717188838
330.3541666666667 24.681595650512023 23.992028464461406
330.8541666666667 24.67475036471097 23.98732880379641
331.3541666666667 24.667951165066153 23.98264475781387
331.8541666666667 24.661150532330417 23.977971966017716
332.3541666666667 24.654374972541667 23.973300866507685
332.8541666666667 24.647648803391323 23.968644777540725
333.3541666666667 24.64090525321194 23.964005925861475
333.8541666666667 24.63420445997294 23.959367363569577
334.3541666666667 24.627509106044844 23.954747043721657
334.8541666666667 24.620834229291034 23.950136330392013
335.3541666666667 24.61420850262819 23.945533475183154
335.8541666666667 24.607583818491058 23.9409247867452
336.3541666666667 24.600957237578285 23.936356408449328
336.8541666666667 24.594378084510957 23.931784949957233
337.3541666666667 24.58782140135869 23.927214608032493
337.8541666666667 24.581266848708033 23.922659115604425
338.3541666666667 24.574737095424233 23.918113320829384
338.8541666666667 24.56822202313369 23.913582084215612
339.3541666666667 24.561738936239216 23.9090606312513
339.8541666666667 24.5552499719755 23.90455178156472
340.3541666666667 24.548795149733742 23.900039727784815
340.8541666666667 24.542349575108616 23.895550939497916
341.3541666666667 24.53593249768904 23.891066097175173
341.8541666666667 24.529538703209255 23.886581762315956
342.3541666666667 24.52315380809214 23.88212860193285
342.8541666666667 24.51679563113281 23.877667347480006
343.3541666666667 24.510438388154117 23.873209604302488
343.8541666666667 24.50411499485071 23.86876602127883
344.3541666666667 24.497801906172004 23.86434036823349
344.8541666666667 24.491502409448476 23.859925682946702
345.3541666666667 24.48522021945289 23.855494032001406
345.8541666666667 24.478967918989987 23.851084519668607
346.3541666666667 24.472706582767046 23.846695298953684
346.8541666666667 24.466483285605428 23.842302133852282
347.3541666666667 24.460275701256883 23.83793097796599
347.8541666666667 24.454064852275046 23.833556926454847
348.3541666666667 24.44788368113955 23.82919278929245
348.8541666666667 24.441723861954085 23.824823656027156
349.3541666666667 24.435567426209946 23.82048158235144
349.8541666666667 24.4294310650281 23.816144041851626
350.3541666666667 24.423320602261875 23.811808041458377
350.8541666666667 24.41721474568285 23.80748269599455
351.3541666666667 24.41113027198718 23.803157681992086
351.8541666666667 24.40507050768336 23.798858904307075
352.3541666666667 24.39900447307462 23.794547821038844
352.8541666666667 24.392967781384634 23.7902654376881
353.3541666666667 24.386936726746285 23.785979588691838
353.8541666666667 24.38094150425261 23.781693809885446
354.3541666666667 24.374924393270504 23.777431234690894
354.8541666666667 24.368938632700086 23.77316099561518
355.3541666666667 24.362969772233384 23.76889505305492
355.8541666666667 24.357020247045043 23.764661161097216
356.3541666666667 24.351086723258064 23.760414478094898
356.8541666666667 24.345148401117363 23.756170768961276
357.3541666666667 24.339248393777627 23.75195388568322
357.85416666666663 24.33333307485109 23.747707526378466
358.3541666666667 24.327461728019806 23.74349130297115
358.8541666666667 24.321587906051406 23.739296947034788
359.35416666666663 24.315736798839875 23.735101758332554
359.8541666666667 24.30987894627897 23.730911600171204
360.3541666666667 24.304067117925854 23.726716388263853
360.85416666666663 24.298239778022797 23.722529534133155
361.3541666666667 24.29242378077109 23.718353240352037
361.8541666666667 24.28664407064954 23.714179460560246
362.35416666666663 24.280869883803533 23.710029557998734
362.8541666666667 24.275103924833793 23.705883882519746
363.3541666666667 24.2693668250945 23.70173388848692
363.85416666666663 24.263624243605722 23.697579785490433
364.3541666666667 24.257896350970785 23.69344805783781
364.8541666666667 24.252172205165007 23.689330577596827
365.35416666666663 24.246491870105515 23.685203554124495
365.8541666666667 24.240801356368035 23.68108528281473
366.3541666666667 24.235153821254578 23.676989756642936
366.85416666666663 24.229476270823227 23.67288661251716
367.3541666666667 24.22384742433308 23.66879837304268
367.8541666666667 24.218244316713 23.66471984627974
368.35416666666663 24.212628449668735 23.660644771135516
368.8541666666667 24.207021974734335 23.656580694315913
369.3541666666667 24.201446294731642 23.652523671578386
369.85416666666663 24.19586938506673 23.648471074462275
370.3541666666667 24.190311704033714 23.64442806423574
370.8541666666667 24.184763179851274 23.640386349430976
