FastTrWP/PhaseSpace/IAs/snIa_0.69_30.00_-1.13_0.02.csv
# %ECSV 0.9
# ---
# datatype:
# - {name: time-rel, datatype: float64}
# - {name: g, datatype: float64}
# - {name: i, datatype: float64}
# schema: astropy-2.0
time-rel g i
[from data line 1433]
317.0 24.944406477383513 22.312473910091526
317.5 24.94743258570668 22.313048524204525
317.9999999999999 24.950464131196245 22.313626704142322
318.5 24.953529409289303 22.314210602709338
319.0 24.95660029379799 22.31479060781771
319.4999999999999 24.959696999802485 22.31536982935952
320.0 24.96282002186794 22.315964699761643
320.5 24.965951576704498 22.31655440194676
320.9999999999999 24.969091319427402 22.317144929699534
321.5 24.972237902980975 22.31773732846157
322.0 24.975422959647005 22.318334263060034
322.4999999999999 24.97859990072586 22.318930089556698
323.0 24.98183444007681 22.3195287447993
323.5 24.985035024819226 22.32013075330177
323.9999999999999 24.988253420110457 22.320736420038898
324.5 24.991498136467616 22.321349128262185
325.0 24.994766317065817 22.321957465751336
325.4999999999999 24.998011871998976 22.322575592467302
326.0 25.001326860331332 22.323181911906993
326.5 25.004604159511615 22.323794287050625
326.9999999999999 25.007933975648328 22.32441196686622
327.5 25.011240696738824 22.325033898787016
328.0 25.014581508591313 22.32565082536411
328.4999999999999 25.017907403517512 22.32627890418087
329.0 25.021277755287613 22.326899819815857
329.5 25.024634476070403 22.327522446899223
329.9999999999999 25.028018747865683 22.328149920578618
330.5 25.03139347010995 22.328774929434246
331.0 25.034780352958546 22.329410181202746
331.4999999999999 25.03816891157717 22.33004351443498
332.0 25.041584103022714 22.330668256040177
332.5 25.045000443103767 22.331307916134726
332.9999999999999 25.04840584333313 22.331946707390973
333.5 25.0518314258472 22.332584611071354
334.0 25.05526780630496 22.33322437582593
334.4999999999999 25.058686314642816 22.33385697673828
335.0 25.062120867645625 22.334508687744258
335.5 25.06556731716084 22.33514498444619
335.9999999999999 25.0690252282064 22.33579038254323
336.5 25.072470886330464 22.336430262480835
337.0 25.075925741436997 22.337088801424297
337.4999999999999 25.079384124370534 22.337727406120635
338.0 25.082841824809226 22.3383839311353
338.5 25.08630035283722 22.33903482052152
338.9999999999999 25.089740767405676 22.339680556278193
339.5 25.093203523038735 22.34033425040584
340.0 25.096684609233606 22.340983888075854
340.4999999999999 25.10013140821867 22.341640592134087
341.0 25.10358748180819 22.342297881424816
341.5 25.10702302404393 22.342953343894862
341.9999999999999 25.11049973215456 22.343613844161396
342.5 25.113952864923693 22.34427033671354
343.0 25.1174074173059 22.344928011168
343.4999999999999 25.12082220737512 22.345587039316783
344.0 25.124275647074867 22.346242946670216
344.5 25.1277000487609 22.346911181098058
344.9999999999999 25.13110992934969 22.347572343733006
345.5 25.13453958036406 22.348234440241125
346.0 25.13795497586159 22.348892040629206
346.4999999999999 25.141340640693773 22.349567113959182
347.0 25.144726295248642 22.350221116809976
347.5 25.148121077458118 22.3508928158714
347.9999999999999 25.151489362259376 22.351551253388923
348.5 25.15484673466196 22.352216402786706
349.0 25.158201740097347 22.35288025410589
349.4999999999999 25.161540888594544 22.353549220640666
350.0 25.164850831837022 22.354216024725666
350.5 25.168185609126176 22.354890653466022
350.9999999999999 25.171500591970222 22.355548635219996
351.5 25.174818439981756 22.35621660351034
352.0 25.178117750472463 22.35689460720303
352.4999999999999 25.181445392112725 22.35756175080472
353.0 25.18476771405512 22.358239354665965
353.5 25.188105552062552 22.358913856237194
353.9999999999999 25.191424393858092 22.35958640657058
354.5 25.194754900086558 22.36026617878276
355.0 25.19809727181716 22.36094711677056
355.4999999999999 25.20142976734889 22.361630674457864
356.0 25.204768347193532 22.36231280447624
356.5 25.208133240890117 22.362996505742988
356.9999999999999 25.211466011885886 22.363675506846533
357.5 25.21482389996406 22.36437219620946
358.0 25.218166155067472 22.36506235742255
358.4999999999999 25.22152859417726 22.365747226128327
359.0 25.224878899468486 22.366435895941763
359.5 25.228189464018755 22.36713045976174
359.9999999999999 25.231554751526208 22.36782481867924
360.5 25.234931693854755 22.36852059988316
361.0 25.238269401560977 22.369215564151975
361.4999999999999 25.24165117461754 22.36991763385578
362.0 25.245011630438988 22.370613588651274
362.5 25.248358481840324 22.3713157303329
362.9999999999999 25.251729478916335 22.372016491330648
363.5 25.255079672292364 22.372722553036585
364.0 25.25846811386444 22.373425741588665
364.4999999999999 25.26183019246687 22.374132848029156
365.0 25.265170860462863 22.374838026071796
365.5 25.26857898868147 22.375547353818245
365.9999999999999 25.271899966773223 22.376248928974736
366.5 25.2752386562682 22.37696827202891
367.0 25.278630249935226 22.37767745902168
367.4999999999999 25.281966836457322 22.378389854924855
368.0 25.285346848831303 22.37910543928479
368.5 25.288692805758654 22.379824513826982
368.9999999999999 25.292041797997776 22.380538977453828
369.5 25.295422050227145 22.381255239596918
370.0 25.298755729948176 22.381976999669007
370.4999999999999 25.30211966332315 22.38269507197851
371.0 25.305449838504856 22.383416305403063
371.5 25.30881123636418 22.384139629919662
371.9999999999999 25.312164248573687 22.38486975487674
372.5 25.31550714230443 22.385582366301776
373.0 25.318825129151055 22.386310717687195
373.4999999999999 25.322182463237016 22.387045090583378
374.0 25.32550542439334 22.387766419736042
374.5 25.328843773717708 22.3884990308445
374.9999999999999 25.332170181901702 22.389225207649975
375.5 25.33550866362415 22.389961395795464
376.0 25.33881063840132 22.390697325507055
376.4999999999999 25.342149722612405 22.391421576417564
377.0 25.345463124505404 22.392162279950544
377.5 25.348755890785437 22.392895292799636
377.9999999999999 25.35208141293417 22.393631357997915
378.5 25.35533703811039 22.39437001936965
379.0 25.358648619182734 22.395110829493188
379.4999999999999 25.361932161518013 22.395840325265844
380.0 25.365233464942012 22.39658752435506
380.5 25.368507869020952 22.39733134231112
380.9999999999999 25.371775069481416 22.398077099574095
381.5 25.37505766917974 22.398812547337577
382.0 25.378310830935696 22.399551368185904
382.4999999999999 25.381553894895433 22.400302798180842
383.0 25.38482528442906 22.401048862988127
383.5 25.38806342714564 22.40179720305742
383.9999999999999 25.39125155749488 22.40254333087001
384.5 25.39451177755637 22.403292654256223
385.0 25.397729153431186 22.404046782590093
385.4999999999999 25.400948780258325 22.40479591975172
386.0 25.40410771638642 22.405548141765955
386.5 25.407316777379556 22.40629640937074
386.9999999999999 25.410505869480563 22.4070471055471
387.5 25.413671896449543 22.407803223028104
388.0 25.41687119589306 22.408557690190435
388.4999999999999 25.42001926419053 22.409318238500504
389.0 25.423151237709337 22.410069876395408
389.5 25.42632165961697 22.41082860116988
389.9999999999999 25.429428854507954 22.41158592681074
390.5 25.43254571211868 22.412336261733444
391.0 25.43567353515279 22.413100804503884
391.4999999999999 25.43876735009858 22.413858457500755
392.0 25.44183976031316 22.414625352010347
392.5 25.44493490040225 22.41538204165433
392.9999999999999 25.447994092947685 22.416152917435834
393.5 25.45107197275528 22.416911430170675
394.0 25.454149232239978 22.417675615907275
394.4999999999999 25.45718407454124 22.418439370856383
395.0 25.460220892396226 22.419206574986713
395.5 25.463225225640468 22.41998638562206
395.9999999999999 25.466258517632067 22.420754294074847
396.5 25.46928282004721 22.421522817408146
397.0 25.472283133014226 22.422294911738465
397.4999999999999 25.47527225514434 22.423068803297998
398.0 25.47827383284485 22.423838709183926
398.5 25.481214670030845 22.424621731603732
398.9999999999999 25.48419920670439 22.425394686761322
399.5 25.48713591666717 22.42616873164164
400.0 25.490096724396977 22.426945715364607
400.4999999999999 25.493059886005017 22.427731412822567
401.0 25.495956631237135 22.42850947463443
401.5 25.49889761991968 22.429295303704105
401.9999999999999 25.501801016102213 22.43007192410905
402.5 25.50471240971705 22.43086535536102
403.0 25.50760487504334 22.431660943357578
403.4999999999999 25.510459234456476 22.432434668584193
404.0 25.51335226252995 22.433218756368664
404.5 25.516207839799886 22.43400925701575
404.9999999999999 25.51907304439745 22.434795941453988
405.5 25.521895325327698 22.435590415431417
406.0 25.52477683560121 22.436388143167576
406.4999999999999 25.52759299269104 22.43717469507571
407.0 25.530382323903197 22.437966651783825
407.5 25.533213403363213 22.438768797526514
407.9999999999999 25.536022112068977 22.43955834178854
408.5 25.53877476772677 22.440362093124023
409.0 25.541573716420828 22.44116337444797
409.4999999999999 25.544356121745814 22.441966361589316
410.0 25.547077617550954 22.44276473882472
410.5 25.549861487270043 22.443554943525893
410.9999999999999 25.552589351375236 22.444370117248603
411.5 25.555315812508375 22.445171862841633
412.0 25.558038602717573 22.445977021198477
412.4999999999999 25.560763103384694 22.446780474607504
413.0 25.563436949476213 22.44758452369316
413.5 25.566141248803532 22.448400724679715
413.9999999999999 25.568810054912877 22.449208782022776
414.5 25.571503517705555 22.45002026758742
415.0 25.574136175891194 22.450830913158395
415.4999999999999 25.576792044930254 22.451641212574994
416.0 25.579430906549536 22.452454360843262
416.5 25.582077963899124 22.45327348860667
416.9999999999999 25.58467423776428 22.45408773248952
417.5 25.58731206910228 22.454907938608116
418.0 25.589871397896914 22.45572879182147
418.4999999999999 25.592497104237086 22.456543372556222
419.0 25.595048271448363 22.457363560418685
419.5 25.597606054207603 22.458183194148845
419.9999999999999 25.600180441925172 22.45902003022124
420.5 25.602738688952485 22.459837230249597
421.0 25.605278471883004 22.46065450372876
421.4999999999999 25.607817914283736 22.461484413002314
422.0 25.61034480944229 22.462312293593413
422.5 25.612829893069172 22.463145377687795
422.9999999999999 25.61533344343161 22.463975662491407
423.5 25.61779920724569 22.46480364277162
424.0 25.62030020589273 22.46563800728396
424.4999999999999 25.6227900435371 22.46647051426558
425.0 25.62522638601745 22.46730118141216
425.5 25.627668192462703 22.46813995910133
425.9999999999999 25.63008780507506 22.468978141430465
426.5 25.63251528694119 22.469812461512404
427.0 25.634933197095556 22.470646652673526
427.4999999999999 25.637353491475533 22.471493085536977
428.0 25.639750002405712 22.472326743934936
428.5 25.642092126988665 22.473174675075157
428.9999999999999 25.644497350577957 22.474011698515355
429.5 25.646871200350112 22.474860723453595
430.0 25.64919737574378 22.475707600941426
430.4999999999999 25.651552069692162 22.476561769826976
431.0 25.65389427727522 22.477397773473918
431.5 25.656182418084782 22.478245900600612
431.9999999999999 25.65849704874463 22.47909797805802
432.5 25.660796687532578 22.47994448914411
433.0 25.663086096867822 22.480798662154964
433.4999999999999 25.665356275556125 22.481653543613294
434.0 25.66760938080485 22.482504891419566
434.5 25.669833449736423 22.483363726045646
434.9999999999999 25.67206362095108 22.484221280560455
435.5 25.67427261722786 22.485081917698544
436.0 25.67646955756232 22.485940523696115
436.4999999999999 25.67865450430814 22.486801529105186
437.0 25.680833875985428 22.487659265963067
437.5 25.682934953659018 22.48851866463488
437.9999999999999 25.685099018372437 22.489382512922038
438.5 25.68722185182046 22.490257910627257
439.0 25.689314496848024 22.491120668462262
439.4999999999999 25.691384947091834 22.491986940854044
440.0 25.693436868232425 22.49284867726859
440.5 25.695514143900038 22.493723364401255
440.9999999999999 25.697576353929175 22.494595633219735
441.5 25.699601604843263 22.49547542495829
442.0 25.701634315057905 22.496340982294633
442.4999999999999 25.703626360925227 22.49721657855671
443.0 25.705620795336227 22.498094847447074
443.5 25.70762286578853 22.498973334388033
443.9999999999999 25.7095296703628 22.49984850304091
444.5 25.71150755872774 22.500729094539096
445.0 25.713392948473903 22.501609406355826
445.4999999999999 25.715334502921678 22.502500720411085
446.0 25.717243800150197 22.503381227503994
446.5 25.719135113736577 22.504267108223868
446.9999999999999 25.720977176087757 22.505143205939593
447.5 25.722826238517587 22.50603586345838
448.0 25.724672764855715 22.506920282409414
448.4999999999999 25.726516792658956 22.507816259212102
449.0 25.72830953401617 22.50870920031199
449.5 25.730101671729958 22.50959594402942
449.9999999999999 25.731879437215646 22.510495415504312
450.5 25.733647326850154 22.51138366996831
451.0 25.7353684115603 22.51228330158632
451.4999999999999 25.7371229872764 22.513180389258945
452.0 25.73885872429427 22.51407542066659
452.5 25.740562941097078 22.514977553746654
452.9999999999999 25.742248536853246 22.51588131960782
453.5 25.743905810020973 22.516786320968833
454.0 25.74556115831438 22.517683802624887
454.4999999999999 25.747208889884927 22.518591471396935
455.0 25.748827715870007 22.519492094830554
455.5 25.750450354191607 22.52040113832915
455.9999999999999 25.75204545360699 22.521313249567086
456.5 25.75364178989476 22.52221857951255
457.0 25.755190874396895 22.52313688433357
457.4999999999999 25.75674217720287 22.524043596522713
458.0 25.758281886908478 22.524959906406114
458.5 25.75981153491125 22.525873927037505
458.9999999999999 25.761339660978816 22.52679049152338
459.5 25.76280094701915 22.527705323479545
460.0 25.76427716644084 22.528626598039008
460.4999999999999 25.765780744027346 22.529550121088548
461.0 25.767177599321084 22.53046740255617
461.5 25.768623024201926 22.531394143302105
461.9999999999999 25.77005896962242 22.532310319986955
462.5 25.771474774526006 22.533240320826742
463.0 25.77283880086286 22.53416627488774
463.4999999999999 25.774220482990987 22.53509710884988
464.0 25.775537752845 22.53601872010893
464.5 25.776954605821807 22.53695528780699
464.9999999999999 25.77828973254462 22.537882502278283
465.5 25.779545581204633 22.538822335180466
466.0 25.780837861023045 22.539750224293158
466.4999999999999 25.782140516696323 22.54068560815787
467.0 25.783386991810584 22.541615698816774
467.5 25.784688566866176 22.5425606034886
467.9999999999999 25.785915177710905 22.543497544955834
468.5 25.787153316197646 22.544451568146478
469.0 25.788352113771413 22.54538105979382
469.4999999999999 25.789529163906124 22.546327287499047
470.0 25.790706911070092 22.547277670648462
470.5 25.79191081048461 22.548211593662092
470.9999999999999 25.79301845191672 22.549167877217467
471.5 25.79415544980247 22.550121803565318
472.0 25.795304339374706 22.551065620067018
472.4999999999999 25.7963759464579 22.55202114780954
473.0 25.797439418095287 22.552969755174317
473.5 25.79847814033068 22.553927253366645
473.9999999999999 25.799477209870272 22.55489206545785
474.5 25.80045972994695 22.55584339919455
475.0 25.80135891090879 22.556816574560507
475.4999999999999 25.802251109923287 22.557770286676874
476.0 25.803179296497163 22.558735672622067
476.5 25.80400799415976 22.559701691924445
476.9999999999999 25.804832482696057 22.560671569374236
477.5 25.80565453609227 22.561643636510702
478.0 25.806388349074574 22.562614682947178
478.4999999999999 25.807139617347275 22.56359532733896
479.0 25.807856819403995 22.56456798061847
479.5 25.808531373803824 22.565548222074124
479.9999999999999 25.809191384153518 22.566520447513902
480.5 25.809879959700478 22.56750196255114
481.0 25.810496683210005 22.568491722793826
481.4999999999999 25.811088715866468 22.569480247317777
482.0 25.811645107261878 22.57046105507321
482.5 25.812227088718146 22.571446443112507
482.9999999999999 25.812751997780698 22.572438985098678
483.5 25.81326115803581 22.57342533067794
484.0 25.813754303875523 22.57441183536715
484.4999999999999 25.81420872962986 22.5754143973214
485.0 25.814642609129173 22.57641123891778
485.5 25.81511220648448 22.5774121966352
