FastTrWP/PhaseSpace/IAs/snIa_0.58_30.00_0.73_0.11.csv
# %ECSV 0.9
# ---
# datatype:
# - {name: time-rel, datatype: float64}
# - {name: g, datatype: float64}
# - {name: i, datatype: float64}
# schema: astropy-2.0
time-rel g i
[from data line 2303]
1268.2916666666667 25.99653678057466 22.864025426655683
1268.7916666666667 25.998401556931533 22.864973695275754
1269.2916666666667 26.000266389633623 22.86593409980522
1269.7916666666667 26.002055594734696 22.86689932409333
1270.2916666666667 26.003897297341908 22.86787072510148
1270.7916666666667 26.005709598999672 22.868826756782916
1271.2916666666667 26.007583268650194 22.86978950378669
1271.7916666666667 26.009411354651235 22.87075467892732
1272.2916666666667 26.011266362240892 22.87170713779266
1272.7916666666667 26.0131345674507 22.87266887838446
1273.2916666666667 26.015001719052833 22.873635991687568
1273.7916666666667 26.016825497620935 22.87459566590336
1274.2916666666667 26.0186848690724 22.875560275342743
1274.7916666666667 26.02057519230572 22.876518340742777
1275.2916666666667 26.02244703883062 22.87747700764031
1275.7916666666667 26.02433368183597 22.878444152591932
1276.2916666666667 26.026194066439 22.879399824157392
1276.7916666666667 26.028113249025054 22.88036227932738
1277.2916666666667 26.029996432595134 22.881332467605002
1277.7916666666667 26.031888902140402 22.882290537436724
1278.2916666666667 26.033774833659788 22.88326358593149
1278.7916666666667 26.035659129939383 22.884215543356895
1279.2916666666667 26.037597618646675 22.885173023510067
1279.7916666666667 26.03949245176156 22.886143786007974
1280.2916666666667 26.04141176070332 22.887110218615124
1280.7916666666667 26.043302906827034 22.88806912987521
1281.2916666666667 26.045256632802612 22.88903612261563
1281.7916666666667 26.047167403471473 22.889999980003324
1282.2916666666667 26.049121767686863 22.890953370482915
1282.7916666666667 26.051036437681088 22.89191943151604
1283.2916666666667 26.05295111827122 22.89288000158656
1283.7916666666667 26.054937519942534 22.893844757791165
1284.2916666666667 26.05685866906687 22.894806365515485
1284.7916666666667 26.05882129337193 22.895772112012807
1285.2916666666667 26.06077687625056 22.89674139232901
1285.7916666666667 26.06270549387064 22.89769415596766
1286.2916666666667 26.06467350997751 22.898660453979296
1286.7916666666667 26.066632341198847 22.899617000320692
1287.2916666666667 26.068597408037306 22.900579697982092
1287.7916666666667 26.07058828019573 22.901552302150808
1288.2916666666667 26.072552774771065 22.902510916924577
1288.7916666666667 26.074510249187853 22.90347131776572
1289.2916666666667 26.076536417781572 22.904433451249577
1289.7916666666667 26.078519475406896 22.905394944815754
1290.2916666666667 26.0805091693932 22.906355302357525
1290.7916666666667 26.08249663962401 22.907320255756268
1291.2916666666667 26.084527786498256 22.908285925487313
1291.7916666666667 26.086531850108354 22.909238269144186
1292.2916666666667 26.088564211614433 22.910202749995054
1292.7916666666667 26.090587346509704 22.911166291681518
1293.2916666666667 26.092591157252 22.912124597505844
1293.7916666666667 26.09458640430799 22.91309242656647
1294.2916666666667 26.09663579105196 22.914054117287534
1294.7916666666667 26.098681242392807 22.915012398856444
1295.2916666666667 26.100711778178823 22.915972160832855
1295.7916666666667 26.1027443722216 22.916940210891923
1296.2916666666667 26.104803354443405 22.917893996288498
1296.7916666666667 26.106840290391858 22.91885201298514
1297.2916666666667 26.108945464856085 22.919828881297015
1297.7916666666667 26.110992896646867 22.920780148897304
1298.2916666666667 26.11304999356351 22.921744248284718
1298.7916666666667 26.115110058588108 22.92269626421891
1299.2916666666667 26.11719159258569 22.923666312645476
1299.7916666666667 26.11929265564448 22.924624132022885
1300.2916666666667 26.121357225983935 22.92559578692124
1300.7916666666667 26.123453308013417 22.926544189388977
1301.2916666666667 26.12556026597836 22.927505475474618
1301.7916666666667 26.12764734032662 22.92845954415505
1302.2916666666667 26.129775283411725 22.929414223381702
1302.7916666666667 26.131871077501817 22.93037921688361
1303.2916666666667 26.133982060333956 22.93134480863499
1303.7916666666667 26.136093832828262 22.932310315713906
1304.2916666666667 26.138204898655133 22.933255861226336
1304.7916666666667 26.140333196579164 22.934213851310922
1305.2916666666667 26.14249341286161 22.93517259723663
1305.7916666666667 26.144621986689337 22.93612854151143
1306.2916666666667 26.14676957052481 22.937096112994624
1306.7916666666667 26.148926546059663 22.938045719550054
1307.2916666666667 26.151087948125415 22.938991382320882
1307.7916666666667 26.153252774032715 22.939952773721526
1308.2916666666667 26.15544555051084 22.940913501434146
1308.7916666666667 26.157620031437357 22.94186441532637
1309.2916666666667 26.159818482047662 22.942818955109612
1309.7916666666667 26.162040653315536 22.943768315003
1310.2916666666667 26.164226018062084 22.9447171345293
1310.7916666666667 26.16644887591363 22.945670839309933
1311.2916666666667 26.168670546619378 22.946625468694815
1311.7916666666667 26.17087746956652 22.94757130580431
1312.2916666666667 26.17310401663871 22.94852460751656
1312.7916666666667 26.17536329329447 22.9494702780092
1313.2916666666667 26.17762711245755 22.950430296793787
1313.7916666666667 26.179851014001066 22.951370586350706
1314.2916666666667 26.182121524951974 22.95232008156226
1314.7916666666667 26.18436559295953 22.953273688379447
1315.2916666666667 26.186674743632686 22.954218935865853
1315.7916666666667 26.188931940947874 22.95517064425568
1316.2916666666667 26.191196451961375 22.956120505330396
1316.7916666666667 26.193510022423073 22.957055878624544
1317.2916666666667 26.19580297459345 22.958013589670983
1317.7916666666667 26.19809451121871 22.95895873793829
1318.2916666666667 26.20043530897691 22.959907718324196
1318.7916666666667 26.202673535219525 22.960862061656794
1319.2916666666667 26.20505628362547 22.961800005691497
1319.7916666666667 26.20734696616672 22.962745879327294
1320.2916666666667 26.209658434598964 22.963698121745022
1320.7916666666667 26.212015960496835 22.964639605993426
1321.2916666666667 26.21433948971017 22.96559250011926
1321.7916666666667 26.216720387872382 22.966523861374192
1322.2916666666667 26.219055657466384 22.967483848704674
1322.7916666666667 26.221403693143873 22.968427873636216
1323.2916666666667 26.223752235946197 22.969379880991866
1323.7916666666667 26.226148226422403 22.970323598371046
1324.2916666666667 26.228448558797112 22.97126856336583
1324.7916666666667 26.230851598747496 22.97221836489786
1325.2916666666667 26.23322795236131 22.973163785414705
1325.7916666666667 26.2356098351026 22.9741143349587
1326.2916666666667 26.238004329503525 22.975063375949393
1326.7916666666667 26.24037670201354 22.97600971084869
1327.2916666666667 26.242763876691253 22.97695855600198
1327.7916666666667 26.245129067729252 22.977911839723962
1328.2916666666667 26.247541636506494 22.978864167123238
1328.7916666666667 26.24996606797991 22.97979808257471
1329.2916666666667 26.2523150703337 22.980760803807726
1329.7916666666667 26.25474638139407 22.981714084831406
1330.2916666666667 26.257183244424866 22.982655886855397
1330.7916666666667 26.259559509202646 22.98361555956887
1331.2916666666667 26.261995465337428 22.98456693792302
1331.7916666666667 26.264414761419207 22.98551599694441
1332.2916666666667 26.266843158234167 22.98647145633179
1332.7916666666667 26.269223498105823 22.98742542476626
1333.2916666666667 26.271673029552566 22.98837598455623
1333.7916666666667 26.27408320842846 22.989339114725382
1334.2916666666667 26.276517923572797 22.990289843792503
1334.7916666666667 26.278934667576817 22.991247042351453
1335.2916666666667 26.28134759616057 22.992204389785805
1335.7916666666667 26.283828174030347 22.993158634759823
1336.2916666666667 26.28625070894551 22.994118451512424
1336.7916666666667 26.28864773189772 22.995075054071403
1337.2916666666667 26.29115783717043 22.996038011336086
1337.7916666666667 26.293502366641267 22.99699351583571
1338.2916666666667 26.2959750579469 22.99795591641854
1338.7916666666667 26.298424158084682 22.99892421631375
1339.2916666666667 26.30086723704167 22.999884535998362
1339.7916666666667 26.3033000937099 23.000845928443184
1340.2916666666667 26.30571509777901 23.001810902404802
1340.7916666666667 26.308172700037495 23.002778099646825
1341.2916666666667 26.31063323399073 23.003753318472185
1341.7916666666667 26.313090098589225 23.00471783465708
1342.2916666666667 26.315509557866253 23.005677125207487
1342.7916666666667 26.31790764017837 23.00665293274204
1343.2916666666667 26.320414292553235 23.00763079600266
1343.7916666666667 26.322825432632477 23.008604202757454
1344.2916666666667 26.325266255061397 23.009563696177384
1344.7916666666667 26.32774335755892 23.01053809108545
1345.2916666666667 26.33020276043205 23.01150445784844
1345.7916666666667 26.332693818652963 23.012479035781283
1346.2916666666667 26.335135490894427 23.013453374239077
1346.7916666666667 26.33765916719249 23.01442241370995
1347.2916666666667 26.34008315829601 23.01539479538018
1347.7916666666667 26.342571525672646 23.01636973982688
1348.2916666666667 26.345067913049768 23.017342061920978
1348.7916666666667 26.347573541879438 23.018312060861934
1349.2916666666667 26.350110730942372 23.019284827864045
1349.7916666666667 26.35262692207629 23.020266597027824
1350.2916666666667 26.35508696246712 23.021239567397505
1350.7916666666667 26.357636989046377 23.022213940699675
1351.2916666666667 26.360140299447423 23.023181056429067
1351.7916666666667 26.362640405257764 23.02416551493902
1352.2916666666667 26.365178840628644 23.025136184113606
1352.7916666666667 26.36772026175629 23.02611720619222
1353.2916666666667 26.370214425717226 23.0270906379734
1353.7916666666667 26.372785041919684 23.028071382039514
1354.2916666666667 26.375292220546037 23.029042648748934
1354.7916666666667 26.377874597396467 23.030021740794943
1355.2916666666667 26.380419363958993 23.031000228772367
1355.7916666666667 26.382969817029462 23.031970324478287
1356.2916666666667 26.385502930659776 23.03295785777573
1356.7916666666667 26.388057947020265 23.033937392306477
1357.2916666666667 26.390656984428716 23.034910879897073
1357.7916666666667 26.393211255221946 23.035890795092968
1358.2916666666667 26.395779996783958 23.036881450558685
1358.7916666666667 26.398311414285907 23.037863949328514
1359.2916666666667 26.400892146708266 23.038839552985557
1359.7916666666667 26.40348478665899 23.039824905382183
1360.2916666666667 26.40606644483225 23.040799691196124
1360.7916666666667 26.408645983567123 23.04178938955076
1361.2916666666667 26.411228395648433 23.042772143228962
1361.7916666666667 26.413822092049237 23.043765002794217
1362.2916666666667 26.416373114210568 23.04474741354305
1362.7916666666667 26.41899872642422 23.04573546725554
1363.2916666666667 26.421568950388796 23.04672263750263
1363.7916666666667 26.424112605605718 23.047711538926183
1364.2916666666667 26.42676289421992 23.048703199938444
1364.7916666666667 26.429366034978695 23.049689999843057
1365.2916666666667 26.43195306061367 23.050669121709156
1365.7916666666667 26.434528968880638 23.051668195864472
1366.2916666666667 26.437109998035027 23.05265887284316
1366.7916666666667 26.439679612053308 23.053653846998397
1367.2916666666667 26.442310937588807 23.054641955855885
1367.7916666666667 26.4448937472513 23.05564540111503
1368.2916666666667 26.447506689054162 23.05663072048384
1368.7916666666667 26.450086510625216 23.05763137940538
1369.2916666666667 26.452726664508894 23.058629414043295
1369.7916666666667 26.455325221738192 23.059626532855155
1370.2916666666667 26.457884029050625 23.060624992944796
1370.7916666666667 26.460529724970684 23.061630820303137
1371.2916666666667 26.463121495725105 23.062631559195186
1371.7916666666667 26.465674226563518 23.063635352840812
1372.2916666666667 26.468285439734633 23.064639604852097
1372.7916666666667 26.47089020325058 23.06563813815974
1373.2916666666667 26.47347176283133 23.066643665713062
1373.7916666666667 26.476106893190916 23.06765300133442
1374.2916666666667 26.47868121034439 23.068660945890205
1374.7916666666667 26.481275336051844 23.06965676315894
1375.2916666666667 26.48383951304463 23.07067564293306
1375.7916666666667 26.486470737918964 23.071681715514938
1376.2916666666667 26.489011691191756 23.072706622788026
1376.7916666666667 26.491650860312305 23.0737105401398
1377.2916666666667 26.494215431845095 23.074726549934915
1377.7916666666667 26.496776628534672 23.075737478770684
1378.2916666666667 26.49937799879185 23.07675834095606
1378.7916666666667 26.501968260287782 23.07777721122838
1379.2916666666667 26.5045335240197 23.07879819860856
1379.7916666666667 26.507108375637625 23.07981325358858
1380.2916666666667 26.50967606136188 23.08083615547799
1380.7916666666667 26.5122283352257 23.081862967470627
1381.2916666666667 26.514816863593285 23.082887283021126
1381.7916666666667 26.51735460443039 23.0839058640389
1382.2916666666667 26.519929552996715 23.084938121225186
1382.7916666666667 26.522493554683795 23.085953242898793
1383.2916666666667 26.525076610422825 23.086983446879408
1383.7916666666667 26.527639270062412 23.08801591572405
1384.2916666666667 26.530210507065263 23.089050588349572
1384.7916666666667 26.532782984614055 23.09008222213677
1385.2916666666667 26.53535076825085 23.09111698147275
1385.7916666666667 26.537905464625545 23.092148264161395
1386.2916666666667 26.54048168164383 23.093176073579407
1386.7916666666667 26.54307637115325 23.094217974421333
1387.2916666666667 26.545615063392205 23.09525922621909
1387.7916666666667 26.54817408523717 23.096290193850415
1388.2916666666667 26.550763492270114 23.09733345796584
1388.7916666666667 26.553325657038492 23.098374734669164
1389.2916666666667 26.55590316301335 23.099416527024765
1389.7916666666667 26.558454564826192 23.100459943032593
1390.2916666666667 26.560994843659532 23.101495167519435
1390.7916666666667 26.56357502869213 23.102544104478817
1391.2916666666667 26.566183131898867 23.10359518265122
1391.7916666666667 26.568725323488284 23.1046353027584
1392.2916666666667 26.57129133258936 23.105671445654984
1392.7916666666667 26.573807595180142 23.106725596244203
1393.2916666666667 26.576372230532208 23.10778243301444
1393.7916666666667 26.578976276736217 23.108823218730862
1394.2916666666667 26.58154449852491 23.10987753247801
1394.7916666666667 26.584060336536183 23.110934121749427
1395.2916666666667 26.586642360051457 23.111988224608805
1395.7916666666667 26.589261816674977 23.113033667919463
1396.2916666666667 26.591780663561234 23.114097065798134
1396.7916666666667 26.594319515360148 23.115151767994885
1397.2916666666667 26.596886332714767 23.116205957160957
1397.7916666666667 26.59943292706756 23.11726998724638
1398.2916666666667 26.602000069102488 23.11833030535428
1398.7916666666667 26.604613178904604 23.11938394152906
1399.2916666666667 26.60712626396929 23.120444837569387
1399.7916666666667 26.609657179048924 23.121507494979365
1400.2916666666667 26.612257086916262 23.122572637171878
1400.7916666666667 26.614820709599837 23.12363360044901
1401.2916666666667 26.617323035738153 23.124693129038477
1401.7916666666667 26.61990229457748 23.125773105953293
1402.2916666666667 26.6224356674224 23.126820980375303
1402.7916666666667 26.62499890609173 23.127894272455023
1403.2916666666667 26.627527094601213 23.12896095129513
1403.7916666666667 26.630063818881133 23.130032798978387
1404.2916666666667 26.632630029242325 23.131106017017046
1404.7916666666667 26.63516762243141 23.13216738604143
1405.2916666666667 26.63771126641163 23.133240561895065
1405.7916666666667 26.640227227330627 23.134309450475016
1406.2916666666667 26.64285230491798 23.135385494150267
1406.7916666666667 26.645314852234286 23.13646647960255
1407.2916666666667 26.64791585794779 23.137534307598216
1407.7916666666667 26.650416835511454 23.138617355005337
1408.2916666666667 26.652891610557607 23.13969668848808
1408.7916666666667 26.655447958709942 23.14077491765059
1409.2916666666667 26.657989798028254 23.141853793462626
1409.7916666666667 26.660492700324248 23.142936422581926
