FastTrWP/PhaseSpace/IAs/snIa_0.33_30.00_-0.22_-0.03.csv
# %ECSV 0.9
# ---
# datatype:
# - {name: time-rel, datatype: float64}
# - {name: g, datatype: float64}
# - {name: i, datatype: float64}
# schema: astropy-2.0
time-rel g i
204.37499999999997 26.982816353448996 25.66972634693736
204.875 26.954627549978667 25.658046161679515
205.375 26.926984162691348 25.646399557261162
205.87499999999997 26.899793163269294 25.63484551659815
206.375 26.873084573455227 25.623321054498692
206.875 26.84683210035635 25.6118706768072
207.37499999999997 26.820977136573717 25.60048009976812
207.875 26.795556948713614 25.589135954159374
208.375 26.770538783380488 25.577918797204646
208.87499999999997 26.745882310258366 25.566709205697904
209.375 26.721675128276075 25.55561690811555
209.875 26.697779465978492 25.544536374613198
210.37499999999997 26.67429826737875 25.533575444115556
210.875 26.65110439010037 25.522634490064707
211.375 26.62831245793258 25.5117746735337
211.87499999999997 26.605855645279824 25.501007127959383
212.375 26.58366424744576 25.490228307288337
212.875 26.561821533652534 25.479588631733026
213.37499999999997 26.540340667507806 25.468975378910955
213.875 26.51898629644229 25.458409036548474
214.375 26.497914336523834 25.447902719275945
214.87499999999997 26.477081667197485 25.437430265048544
215.375 26.4564349011242 25.426958992257084
215.875 26.435956198143728 25.41654416004501
216.37499999999997 26.415756399177287 25.406177728715342
216.875 26.395701975188985 25.39584557480929
217.375 26.375902900041414 25.38556144248441
217.87499999999997 26.356212087431356 25.375270964740405
218.375 26.336790511092435 25.365081630847946
218.875 26.317550201765325 25.354906716132646
219.37499999999997 26.298495213849495 25.34477404194627
219.875 26.27959157653291 25.334649241101623
220.375 26.260883459717338 25.324584919052718
220.87499999999997 26.242418066729215 25.314595464000817
221.375 26.224056709411702 25.304602340753473
221.875 26.205859443265005 25.29466914981966
222.37499999999997 26.187920479108126 25.284768072574945
222.875 26.170093369407788 25.27493979140207
223.375 26.152463980197478 25.265129202078278
223.87499999999997 26.135005431970043 25.25535431994924
224.375 26.1177080776166 25.24563297875481
224.875 26.10054729267104 25.23593727291025
225.37499999999997 26.083590296269513 25.22631078893117
225.875 26.06674722299822 25.216713143238884
226.375 26.050088475419706 25.207165939152002
226.87499999999997 26.033609326192373 25.1976439399346
227.375 26.017225887309866 25.188194290030324
227.875 26.001010010074523 25.178748353603613
228.37499999999997 25.984950198173618 25.169372937041313
228.875 25.969034869441465 25.16004223668152
229.375 25.953252158566965 25.150758212704876
229.875 25.937649291112265 25.14148921208926
230.375 25.92217500151156 25.132292525427285
230.875 25.90681023906925 25.123126244854625
231.375 25.891595663125756 25.113991662559222
231.875 25.876515536753196 25.10492523244213
232.375 25.861609047821766 25.095887800327628
232.875 25.846788712994577 25.086896602763428
233.375 25.832131812620496 25.077979802539208
233.875 25.817593203900646 25.069056239573648
234.375 25.803140070543 25.060175440964233
234.875 25.78884145996839 25.051392500562343
235.375 25.774722002331217 25.042616692633842
235.875 25.76063779502917 25.033894696452773
236.375 25.746699430299525 25.025183763502778
236.875 25.73291217561207 25.01654684123791
237.375 25.719233384011012 25.007947463731355
237.875 25.705669904817043 24.999406986680004
238.375 25.692191769042214 24.99087818114824
238.875 25.678901980540058 24.98241329839038
239.375 25.6656267749157 24.973939725600232
239.875 25.6525230754446 24.965580437958334
240.375 25.63952358971903 24.957228053620252
240.875 25.626638411156712 24.948923826836772
241.375 25.613877645796855 24.94067602965853
241.875 25.60118594577879 24.932454061929953
242.375 25.588626207738123 24.92427905192939
242.875 25.576110502602397 24.916150987777552
243.375 25.563757609227817 24.908031979660468
243.875 25.55148666883455 24.899989108342425
244.375 25.539316039179635 24.891999787998476
244.875 25.52725860822994 24.884037450735352
245.375 25.515282443736616 24.87609865995178
245.875 25.50342318098448 24.86820382990529
246.375 25.491588948228095 24.86032565153815
246.875 25.47982747808237 24.852493525581924
247.375 25.468160649219517 24.8446796596551
247.875 25.45653638382759 24.83686893410312
248.375 25.44502464918096 24.829130462052223
248.875 25.43353325139153 24.821368567695544
249.375 25.422139028280455 24.81366905048084
249.875 25.41080989506007 24.80600559881068
250.375 25.39955676586825 24.79837304818183
250.875 25.38835270950743 24.790733908350745
251.375 25.37721035466567 24.78313683276937
251.875 25.366160340244186 24.775566575992706
252.375 25.35517453893631 24.76803404139389
252.875 25.34424854549806 24.760516183051195
253.375 25.33334547786197 24.75302189985819
253.875 25.322567633667443 24.74558487066265
254.375 25.311848376035414 24.738151316698552
254.875 25.301187611969304 24.73075062230847
255.375 25.290547804583934 24.723410269893765
255.875 25.279997342774053 24.71604927456239
256.375 25.26951243956223 24.70875024426472
256.875 25.259096661379626 24.70146620571361
257.375 25.248743250242967 24.6941981206191
257.875 25.238425641478727 24.687001721415626
258.375 25.22819501804445 24.679786499036
258.875 25.21801284690113 24.672608046731078
259.375 25.207908581963583 24.665505127966885
259.875 25.197850777074823 24.658386275870097
260.375 25.187860294607777 24.651306864585656
260.875 25.177894376997813 24.644214804419885
261.375 25.168033268208188 24.637218630093255
261.875 25.158202698790202 24.630232172453507
262.375 25.148437868480357 24.623266144316148
262.875 25.13874775815541 24.616314252657872
263.375 25.129072791955696 24.609413302248374
263.875 25.11948677997507 24.602540380441084
264.375 25.109948798048226 24.595677047159935
264.875 25.100482369855452 24.58885752761958
265.375 25.091031223298934 24.58207194014335
265.875 25.081671797680585 24.575310987751596
266.375 25.072318075383247 24.568585963597897
266.875 25.06306554756717 24.56187032051393
267.375 25.053869511729268 24.555194265335384
267.875 25.044702783176696 24.548545468811646
268.375 25.0355870726618 24.541925238488002
268.875 25.026539691774154 24.5353301829301
269.375 25.017536026568358 24.52876525443093
269.875 25.00861077130347 24.522236305696513
270.375 24.999701728376273 24.51573317488881
270.875 24.990839445505877 24.50924668818436
271.375 24.98205504151307 24.502791724400268
271.875 24.973306770921017 24.496383169017847
272.375 24.96460517964694 24.48998659533455
272.875 24.955971519939297 24.483611793009143
273.375 24.947357699785844 24.477273729371337
273.875 24.93881537543608 24.470961314024162
274.375 24.930313835109068 24.46469586955204
274.875 24.921880259069447 24.458443789985516
275.375 24.91347176357553 24.45221649555359
275.875 24.905104979887835 24.44602429071761
276.375 24.896822832588498 24.43985520709056
276.875 24.888542159087955 24.433703698656405
277.375 24.880344353362318 24.427600051531222
277.875 24.872158103275424 24.421521153993027
278.375 24.864011687072765 24.415434060787295
278.875 24.855918174843765 24.40938266976365
279.375 24.847864835162664 24.403341650115934
279.875 24.839822899284805 24.39733738480296
280.375 24.83182642060433 24.391340412618526
280.875 24.823881519646214 24.38536129839256
281.375 24.815961299435916 24.37941760473263
281.875 24.80808509822795 24.3734800234834
282.375 24.800237355720295 24.367566116725996
282.875 24.792415273256584 24.361686846940533
283.375 24.784652127604172 24.355816754962333
283.875 24.776913168416147 24.34995944204267
284.375 24.76919669273162 24.34413236775908
284.875 24.761527891363112 24.338305728621812
285.375 24.7538908850403 24.332522419454442
285.875 24.74628396141477 24.326756413346097
286.375 24.738704372857676 24.32098059467224
286.875 24.73118302081961 24.315248450224892
287.375 24.72367352727078 24.309527559744485
287.875 24.716212465191774 24.30384856317046
288.375 24.70878732677662 24.29816741769271
288.875 24.701379133759033 24.292523809025973
289.375 24.693979592560762 24.286886259290625
289.875 24.686631811323828 24.281250532237234
290.375 24.67935197130818 24.275657094397904
290.875 24.67208038361691 24.27008961449118
291.375 24.664822353323615 24.264523342161045
291.875 24.65761146511001 24.258988759618315
292.375 24.65041898000881 24.253472171331772
292.875 24.64326184538241 24.247980685636385
293.375 24.636158773202055 24.24249662563845
293.875 24.6290686470517 24.237047171581732
294.375 24.62201639827323 24.231596107674523
294.875 24.614979989602794 24.226176341479203
295.375 24.607984120668213 24.220773173569935
295.875 24.601015662698963 24.215390970802947
296.375 24.59406670765005 24.210030531848172
296.875 24.587156121785426 24.20469317348661
297.375 24.58027626040507 24.19934989375575
297.875 24.573436806198153 24.194047637759503
298.375 24.566614760430294 24.188757821866943
298.875 24.559829469575014 24.18349807167236
299.375 24.553047132696864 24.178248875068192
299.875 24.546311274294062 24.173022143139853
300.375 24.539598909567744 24.167810869272394
300.875 24.532934858674302 24.162613422914127
301.375 24.526257380078043 24.157445396546585
301.875 24.519655368285115 24.152284149225167
302.375 24.513047951128986 24.14716947010995
302.875 24.50649471406162 24.142031091771997
303.375 24.49994985451053 24.13693709881336
303.875 24.493423552526355 24.13185515160479
304.375 24.486950678217188 24.126800072355437
304.875 24.480496701318827 24.121765897791697
305.375 24.47405357073054 24.116717511700926
305.875 24.467654917611462 24.111721606552013
306.375 24.461270420027837 24.106744469228836
306.875 24.454911108370183 24.101772015412703
307.375 24.44860365007971 24.09682163898391
307.875 24.442301254431143 24.091874996387737
308.375 24.436018071863998 24.086968009083737
308.875 24.429775687568917 24.082086469850132
309.375 24.4235470928464 24.07719466154379
309.875 24.417334100106668 24.07235122948633
310.375 24.41118793498096 24.0674961654602
310.875 24.405037815008264 24.06267090111154
311.375 24.398890960961293 24.05787092580748
311.875 24.392798991997218 24.053074082334316
312.375 24.386711434655155 24.048290726525565
312.875 24.380656128171285 24.043515174350915
313.375 24.374611246662205 24.038759967501925
313.875 24.36859541004756 24.034045062862006
314.375 24.362612800939743 24.029330254611136
314.875 24.356620501893396 24.024640675025463
315.375 24.35069354106339 24.019952097497892
315.875 24.34477359276815 24.01528015931899
316.375 24.33886472734632 24.010622059932683
316.875 24.332981797656664 24.005971313219753
317.375 24.32711538466456 24.001347016219057
317.875 24.32127375407149 23.99673227963687
318.375 24.315455438482427 23.99213608558466
318.875 24.309664607384352 23.987547112942288
319.375 24.30386426874002 23.98299250684737
319.875 24.298101947757054 23.978433671367547
320.375 24.292386120724245 23.97389183767948
320.875 24.28665793746715 23.969356618081044
321.375 24.280952759822625 23.964848513789807
321.875 24.275280445976488 23.960340480418942
322.375 24.26959941520923 23.95584025066132
322.875 24.263978353813343 23.951373099856042
323.375 24.25833638514975 23.946928483795457
323.875 24.252733682725474 23.942458424988516
324.375 24.247135068843026 23.938010516028875
324.875 24.241572319149974 23.933598494475497
325.375 24.236005817168614 23.929179225257435
325.875 24.23047432169355 23.924782304769035
326.375 24.22495806729636 23.92038435285837
326.875 24.21946187155757 23.916008850341836
327.375 24.213955544435013 23.91164971570159
327.875 24.208497757114884 23.907287065127313
328.375 24.203054070181192 23.902943713930828
328.875 24.197623950718473 23.898613219520666
329.375 24.192199049321776 23.894307196141146
329.875 24.18680038813055 23.88999797534518
330.375 24.181405965399403 23.885702700714575
330.875 24.17604481223119 23.881418866813704
331.375 24.17069831294931 23.877137998166987
331.875 24.165359190161595 23.87286621582254
332.375 24.160039754644043 23.868626654828773
332.875 24.154731846114966 23.86438902569843
333.375 24.149462936335688 23.860145902706392
333.875 24.1441718284214 23.855937321531275
334.375 24.13890689746951 23.851718554926578
334.875 24.133647186806222 23.847522768750522
335.375 24.12844492138374 23.843331355265867
335.875 24.12322993961743 23.839157978632763
336.375 24.118017803179907 23.834981053183864
336.875 24.112850766274192 23.830812349371882
337.375 24.107675664726603 23.82667793032821
337.875 24.10251240292455 23.82252597042894
338.375 24.09736570165794 23.818398340844986
338.875 24.092243556083947 23.81427351985506
339.375 24.087138351277353 23.810168664092576
339.875 24.082031713628268 23.806061913539246
340.375 24.076947829586185 23.801973317159913
340.875 24.071865691383344 23.797892777930215
341.375 24.06680955956108 23.79382508195983
341.875 24.061760348704833 23.78974967381331
342.375 24.05673870607275 23.78568636884141
342.875 24.051703324790637 23.781653570234905
343.375 24.046718866383912 23.777622172940816
343.875 24.04170440228356 23.77360178209111
344.375 24.036759989224482 23.769576784094376
344.875 24.031800509892946 23.765591123789164
345.375 24.026855608821755 23.761596332464663
345.875 24.0219290678108 23.757634071526248
346.375 24.01700944432157 23.753647968959264
346.875 24.012107325422257 23.749695233686197
347.375 24.007229879425456 23.745743285397694
347.875 24.002342081894398 23.741784627406886
348.375 23.997493320724274 23.737865575484772
348.875 23.992657442156844 23.73392857970812
349.375 23.98780076815701 23.73001900439206
349.875 23.983001325233552 23.72612535237596
350.375 23.978165374363932 23.722228964122603
350.875 23.973382321492803 23.718340802756597
351.375 23.968596814848063 23.714461730772115
351.875 23.963829953440072 23.71059128365749
352.375 23.95906551968702 23.706721595083422
352.875 23.954327378330767 23.70287774117095
353.375 23.949596982824566 23.699028485437942
353.875 23.94487131033276 23.695208371461586
354.375 23.940155099467113 23.691377542294248
354.875 23.93546748836096 23.687564299369082
355.375 23.93076634122351 23.68374333832714
355.875 23.92610363783502 23.679956562160157
356.375 23.92143180364076 23.676152072323944
356.875 23.916774406727992 23.672376979729286
357.375 23.912141354784296 23.66859797744268
357.87499999999994 23.907500746102166 23.66481697551903
358.375 23.9028869184504 23.661075187253697
358.875 23.89828031059814 23.65731313000257
359.37499999999994 23.893678968101874 23.653570176974053
359.875 23.889099109953932 23.649833349389166
360.375 23.8845094861194 23.646094736162603
360.87499999999994 23.879947934898755 23.642376697452224
361.375 23.875397671761046 23.63866458291712
361.875 23.87083960941935 23.634956840898763
362.37499999999994 23.86630590509178 23.631252480671485
362.875 23.861782710676962 23.627562595717208
363.375 23.85727130438625 23.623866690186716
363.87499999999994 23.85276038754145 23.620182280594477
364.375 23.848255924200732 23.616515396523138
364.875 23.84376683182405 23.612849386049362
365.37499999999994 23.839309460272315 23.609186115904002
365.875 23.834829301137653 23.605530422274953
366.375 23.83037749747865 23.601884143615905
366.87499999999994 23.82593126197242 23.598244421516533
367.375 23.821493147531434 23.594603841905787
367.875 23.817053483528152 23.5909840584408
368.37499999999994 23.812625568506995 23.587375552482538
368.875 23.80822768845759 23.583735465535895
369.375 23.803824806485608 23.58014189923306
369.87499999999994 23.799429410087143 23.576539858849827
370.375 23.795045685810017 23.57294312110989
370.875 23.790660809163956 23.56934864694592
371.37499999999994 23.786303555269193 23.565774948308
371.875 23.781935472954544 23.562192197805544
372.375 23.777578935095395 23.558624904805868
372.87499999999994 23.773238139657373 23.555055152945048
373.375 23.768909450945745 23.551484892167572
373.875 23.76457672670759 23.547934698737407
374.37499999999994 23.760258397808233 23.54439611128493
374.875 23.755945092656347 23.540858375375244
375.375 23.751658440668223 23.537316082901786
375.87499999999994 23.747383080211144 23.533794971604678
376.375 23.743099713220147 23.530264241660728
376.875 23.73884449362209 23.526765904478303
