FastTrWP/PhaseSpace/IAs/snIa_0.70_30.00_0.88_-0.22.csv
# %ECSV 0.9
# ---
# datatype:
# - {name: time-rel, datatype: float64}
# - {name: g, datatype: float64}
# - {name: i, datatype: float64}
# schema: astropy-2.0
time-rel g i
[from data line 349]
151.125 24.892378613241796 23.930440276048873
151.625 24.88987636663797 23.925456665290046
152.125 24.887350141895386 23.920500467743903
152.625 24.884827494684053 23.915560061732076
153.125 24.882330890485154 23.910629763205648
153.625 24.87981167864803 23.905720294503713
154.125 24.87726069347694 23.900832929216026
154.625 24.87471631220187 23.89595600773432
155.125 24.872150566122244 23.891106423583114
155.625 24.86960931910067 23.886279004737556
156.125 24.867017708119754 23.881459644914003
156.625 24.864443478638805 23.876663196922365
157.125 24.86183453316479 23.871882921555052
157.625 24.85923435055643 23.867118401514134
158.125 24.8566236534398 23.862388380791998
158.625 24.85399572925047 23.85765845516125
159.125 24.851350296293152 23.852947165494246
159.625 24.848680582782823 23.848266455151112
160.125 24.84601963513049 23.843603495724107
160.625 24.84335733032307 23.838948374205824
161.125 24.840674864617046 23.83431277363689
161.625 24.837939234955115 23.829703453102653
162.125 24.83523224118334 23.82512056138372
162.625 24.832493633228545 23.820547228710517
163.125 24.829752030290962 23.815983864092555
163.625 24.826971218278807 23.811440608456856
164.125 24.824200706029522 23.80691732556191
164.625 24.821377865799967 23.802418406966325
165.125 24.81856071643257 23.797937426856745
165.625 24.815723770346587 23.793479494815976
166.125 24.81290615703363 23.78903861934154
166.625 24.8100126912972 23.784606081832656
167.125 24.807151566784704 23.780199128929354
167.625 24.80429288379826 23.77580362143774
168.125 24.801432702290732 23.77140446645768
168.625 24.79859670424244 23.76702465963076
169.12499999999997 24.795766155265863 23.762664930834177
169.625 24.792940826252348 23.758301229244893
170.125 24.79012768712302 23.753950915901108
170.62499999999997 24.78729991520521 23.749611409367848
171.125 24.7845093407308 23.745274864725374
171.625 24.78173010761385 23.740968215481804
172.12499999999997 24.778926757240455 23.736664036261573
172.625 24.77614452680744 23.732358439540203
173.125 24.773351939672658 23.728076046171942
173.62499999999997 24.770563484704915 23.723797910144498
174.125 24.76780913899446 23.719544022418113
174.625 24.7650331482135 23.715299835038476
175.12499999999997 24.762267902958413 23.711051305781755
175.625 24.75947504156715 23.706816446362318
176.125 24.756724156925095 23.70259926000444
176.62499999999997 24.753956478535194 23.698400517303476
177.125 24.75115489982011 23.69420491786897
177.625 24.748393238735048 23.690024774138116
178.12499999999997 24.74562586914932 23.685854452272146
178.625 24.74282165561755 23.681693891790975
179.125 24.740044071299398 23.677555251786814
179.62499999999997 24.737273109623107 23.673408316595356
180.125 24.734472151095584 23.669282069870153
180.625 24.731680789191564 23.66517166476703
181.12499999999997 24.728899539336943 23.661075947194995
181.625 24.7260908857261 23.656988125354523
182.125 24.72329350529754 23.65291884998966
182.62499999999997 24.720483841519854 23.648855782031234
183.125 24.717642311917633 23.644805008990577
183.625 24.71480870763071 23.64077230063519
184.12499999999997 24.71196932371566 23.636740602127393
184.625 24.709150489476997 23.632735952281006
185.125 24.706287892235235 23.6287326909464
185.62499999999997 24.703416567828285 23.62476086672878
186.125 24.7005394983783 23.620777919090564
186.625 24.697691921547143 23.616820750779233
187.12499999999997 24.694788116909308 23.61287400699032
187.625 24.691882499599835 23.60894439646524
188.125 24.688975188840104 23.60500464413992
188.62499999999997 24.68605355333974 23.60110906631309
189.125 24.683107923640335 23.59720920046535
189.625 24.680153546589096 23.593327013243552
190.12499999999997 24.677202223638336 23.589460024070664
190.625 24.67422748338879 23.585609946201966
191.125 24.67124365077798 23.581765790724674
191.62499999999997 24.668232385432077 23.577936025421018
192.125 24.665219141641206 23.574120229209967
192.625 24.66217155894362 23.57032717751062
193.12499999999997 24.65913965452657 23.56652783223463
193.625 24.65608455208193 23.562761995702196
194.125 24.652991910178883 23.558997571500036
194.62499999999997 24.649891952330986 23.555242758399444
195.125 24.646793013052367 23.551502257108595
195.625 24.643660507646974 23.547787248453766
196.12499999999997 24.640518853252992 23.544081664590514
196.625 24.63735057650829 23.540383714761788
197.125 24.6341741614882 23.536695541765617
197.62499999999997 24.630959450428858 23.533048098599714
198.125 24.627754191122104 23.5293895084814
198.625 24.624533228839137 23.525753612690202
199.12499999999997 24.621271485575523 23.52212589200754
199.625 24.61799813828413 23.518520207143958
200.125 24.61469509801406 23.514922281857405
200.62499999999997 24.611371383566244 23.51134775653324
201.125 24.608027574333388 23.507760904931544
201.625 24.6046822566952 23.50421312065231
202.12499999999997 24.60131434259333 23.500667981299046
202.625 24.59792035927309 23.49714087674661
203.125 24.594497783853026 23.49363126169212
203.62499999999997 24.59106648738272 23.490124482439615
204.125 24.58761659979426 23.48664594275526
204.625 24.584117027188697 23.48317659199806
205.12499999999997 24.580598056993715 23.479714569159672
205.625 24.57707006094239 23.476281415476695
206.125 24.57354058748505 23.472842053258805
206.62499999999997 24.569979848548936 23.46943772388645
207.125 24.56635633054608 23.466029304043264
207.625 24.562752601059472 23.46264722487732
208.12499999999997 24.55910782937661 23.459270262002736
208.625 24.55545581577414 23.455914106752502
209.125 24.55181190876649 23.452556194166533
209.62499999999997 24.54814897432472 23.449225497454243
210.125 24.544476410611114 23.445894257882184
210.625 24.540790594389065 23.44257415936978
211.12499999999997 24.537095059515238 23.439275680169565
211.625 24.533396202996567 23.43597129239178
212.125 24.529678647674498 23.432691156011263
212.62499999999997 24.52593705521451 23.429427591102623
213.125 24.52221179269751 23.42616438874639
213.625 24.518486170677164 23.422913089413594
214.12499999999997 24.514708528122178 23.41965607543176
214.625 24.510948116427734 23.416432879087893
215.125 24.50719542043755 23.413219147604284
215.62499999999997 24.503401391787687 23.410006295893297
216.125 24.499614869717753 23.406810846829316
216.625 24.495818800181603 23.403609746787186
217.12499999999997 24.492014682907413 23.400439801920445
217.625 24.488203539142685 23.39726870351788
218.125 24.48437175958798 23.394105017521095
218.62499999999997 24.480561834942407 23.390959476743078
219.125 24.476739012230663 23.38782623964102
219.625 24.472881445623177 23.38468032665304
220.12499999999997 24.469038526303308 23.381560768446427
220.625 24.46518207094843 23.378459494513777
221.125 24.461312115848255 23.375354669330687
221.62499999999997 24.457452874457587 23.372245583196545
222.125 24.453570477534903 23.369172583924236
222.625 24.449662216167006 23.36608973983058
223.12499999999997 24.445777837397923 23.363036996927782
223.625 24.441887707450142 23.35998153920077
224.125 24.437973322093363 23.35691910498765
224.62499999999997 24.43407623054425 23.353885310824417
225.125 24.43016680514889 23.350860778736788
225.625 24.426234489947085 23.347832856409134
226.12499999999997 24.422320275424113 23.344820130689975
226.625 24.41839923773662 23.341806307019695
227.125 24.41446004407181 23.338821400188955
227.62499999999997 24.410495808142088 23.335832014841408
228.125 24.406553857763484 23.33283895892281
228.625 24.40259564761925 23.329873209002656
229.12499999999997 24.398652088152804 23.32690846586882
229.625 24.39468303363398 23.323950321974
230.125 24.390721822700954 23.32101073993828
230.62499999999997 24.386749559981347 23.318064801036407
231.125 24.382763427175664 23.31513149078979
231.625 24.378794872562857 23.312217058787006
232.12499999999997 24.374794909028967 23.309297993945755
232.625 24.37081320879559 23.306383618944754
233.125 24.36682302131104 23.303477912260377
233.625 24.362835434504298 23.300586487887117
234.125 24.358829116904094 23.29769307035411
234.625 24.354810675520312 23.29481424833172
235.125 24.350803859600163 23.29195567420569
235.625 24.346821263259365 23.2890862359821
236.125 24.342812264050366 23.286220344707758
236.625 24.338793506736863 23.283371342731208
237.125 24.33477549973414 23.28051859238165
237.625 24.33073473315379 23.277694200384488
238.125 24.326711508344307 23.274861366485812
238.625 24.322671772879314 23.272038355844003
239.125 24.318649850731788 23.26923146451668
239.625 24.31461479761049 23.266413064790044
240.125 24.31058568990263 23.263614133993148
240.625 24.306546428610893 23.260814130634294
241.125 24.302497021176812 23.258023665270343
241.625 24.298462345602978 23.2552424196772
242.125 24.29441121987532 23.25246605837954
242.625 24.29036674925755 23.24969312212282
243.125 24.28631500107272 23.24692923918981
243.625 24.282266644797268 23.244177720937635
244.125 24.278211376857705 23.241433221653203
244.625 24.27416818538722 23.238682533713707
245.125 24.270112037415835 23.23593806582074
245.625 24.266061480939204 23.233207188733125
246.125 24.26199598276765 23.23048455136933
246.625 24.257925730382055 23.227756304562085
247.125 24.253874247409563 23.225054981676003
247.625 24.24982208707242 23.222343982844315
248.125 24.245756556576126 23.21963195276137
248.625 24.24168620944121 23.216938052809933
249.125 24.23762872354714 23.2142526086772
249.625 24.23357219767221 23.211567157527732
250.125 24.229499676235005 23.208890069068566
250.625 24.225412919203755 23.20622169074195
251.125 24.22137505864901 23.203556108413732
251.625 24.217303558541325 23.200900128584962
252.125 24.213236057689777 23.198253223070687
252.625 24.209166474695365 23.195608634071533
253.125 24.2051034723054 23.19296686716281
253.625 24.201045414839655 23.190357393652313
254.125 24.196962425146154 23.18771915328181
254.625 24.192895184810176 23.185108255501795
255.125 24.188832279043673 23.18249426245019
255.625 24.184765560658445 23.179887767024596
256.125 24.180696321306666 23.17728162971226
256.625 24.17663880679498 23.17470286345057
257.125 24.172549433368694 23.172107497905948
257.625 24.16849777047438 23.169535275182007
258.125 24.164428251819764 23.166964292522103
258.625 24.16035947828114 23.164389669374685
259.125 24.156293721142234 23.161830062774733
259.625 24.15223208016011 23.1592872120707
260.125 24.148174515016095 23.156722363790763
260.625 24.144092544526153 23.15417597405681
261.125 24.14002541079803 23.15164316456713
261.625 24.135948578111513 23.149114755747423
262.125 24.131888746772823 23.146586295248035
262.625 24.12782437885754 23.144050490660973
263.125 24.123759585636787 23.141541064392722
263.625 24.119685311635216 23.13903447716207
264.125 24.115629147627278 23.13652988159675
264.625 24.111570406395092 23.13402371044368
265.125 24.107483599944718 23.13152325725181
265.625 24.103435009759565 23.129039363255867
266.125 24.09938460860704 23.126562947315186
266.625 24.09530925598313 23.124077747882193
267.125 24.091244403731736 23.12159547223654
267.625 24.087182770622974 23.119136293954302
268.125 24.08313075762242 23.11667644309775
268.625 24.07906384582175 23.11421158026014
269.125 24.07502204578246 23.11176339634787
269.625 24.07095338294187 23.1093174973371
270.125 24.06689948454869 23.106867769291433
270.625 24.062845443504695 23.104426015005224
271.125 24.05878581389834 23.101994539214033
271.625 24.05472678685735 23.099567909766286
272.125 24.050668438677675 23.09714559885816
272.625 24.046617877518543 23.094723850297882
273.125 24.04257713033434 23.09231805670743
273.625 24.03852105558267 23.089900734379924
274.125 24.03447785525545 23.087504306205894
274.625 24.03042219174622 23.085084935981715
275.125 24.02636984759413 23.08270102397264
275.625 24.02233071318407 23.080303115419035
276.125 24.018282075511642 23.077918953414255
276.625 24.014236436128943 23.075549133071668
277.125 24.01020212022447 23.073161314107683
277.625 24.006139933644803 23.070792056768916
278.125 24.002113760136197 23.068412445746258
278.625 23.99807859539836 23.0660465626427
279.125 23.994030669678665 23.063697067961186
279.625 23.989988021627493 23.06133397261442
280.125 23.985961393774794 23.058978054165603
280.625 23.981908990687685 23.056640701700232
281.125 23.977888751226295 23.054290866383607
281.625 23.973863395470133 23.05195943133699
282.125 23.969828190257594 23.049607024822297
282.625 23.965798234898568 23.047281316632855
283.125 23.961757721512317 23.044956218247492
283.625 23.957743953812354 23.042635389182205
284.125 23.95372525316416 23.04031278301685
284.625 23.949703078873963 23.038002537929174
285.125 23.945678204247706 23.035686202701342
285.625 23.94164896952465 23.033379238108516
286.125 23.937638881795703 23.031081605561802
286.625 23.933617124859573 23.028773847547612
287.125 23.929598188236373 23.0264761542767
287.625 23.925604536767082 23.02418490397065
288.125 23.921581769200237 23.02188972917705
288.625 23.917567709957275 23.019616364146685
289.125 23.913556226785204 23.01733233424582
289.625 23.90956589934964 23.01505869887098
290.125 23.90555285707476 23.012782377194068
290.625 23.901558532992023 23.010512010498466
291.125 23.89753480011336 23.00825015222302
291.625 23.893562188759955 23.005982870453686
292.125 23.889555320653805 23.00373283458457
292.625 23.88557261744787 23.001475474992713
293.125 23.881598078265746 22.9992302355061
293.625 23.877606552881247 22.996984159891912
294.125 23.873617368247658 22.994740248884646
294.625 23.869631924477048 22.99250885072292
295.125 23.86564985654403 22.990280426235294
295.625 23.86168449787768 22.988043095017098
296.125 23.857718935883977 22.985826228779818
296.625 23.853742768051973 22.983611620250784
297.125 23.849767223509662 22.981390933665352
297.625 23.8458178718303 22.97918244357153
298.125 23.841853030543515 22.976972672453336
298.625 23.83788332091826 22.974774663742803
299.125 23.833936507348756 22.972572147480207
299.625 23.829995610208595 22.970379432990274
300.125 23.82603082932541 22.968189266069153
300.625 23.82208819943187 22.965993905657847
301.125 23.818145673228766 22.96381067914908
301.625 23.81420821034117 22.9616290530369
302.125 23.810265561348526 22.959452338286756
302.625 23.806326420713148 22.957276625328298
303.125 23.802393708941025 22.95511816822828
303.625 23.798459574466293 22.95294287955305
304.125 23.79453634407834 22.950782660705617
304.625 23.790613228437714 22.948633754556013
305.125 23.78669461628355 22.946471366460983
305.625 23.782771227283273 22.944326768239407
306.125 23.778858050201936 22.94216914963493
306.625 23.774938640851463 22.940033550153277
307.125 23.771033199752097 22.937892152543053
307.625 23.767134355819202 22.935752943539185
308.125 23.763223881780565 22.933616215517215
308.625 23.75931090431578 22.931485443414292
309.125 23.755416455203815 22.929357003039243
309.625 23.751522531902374 22.927231754839678
310.125 23.7476314212955 22.925117545943827
310.625 23.743730157918964 22.922995337854243
311.125 23.739852006166767 22.920878800428763
311.625 23.73596902945974 22.91876812708206
312.125 23.73210172622478 22.916666593140825
312.625 23.728205191431442 22.91456496400344
313.125 23.72433913557804 22.91246118796363
313.625 23.720471844810305 22.91036919644251
314.125 23.71658449051339 22.90826825353127
314.625 23.712728694549735 22.90617854115802
315.125 23.708853790785266 22.904085326332915
315.625 23.705004786754323 22.901997705640078
316.125 23.701144616725287 22.89992271919394
316.625 23.69728666836295 22.89784478147107
317.125 23.69343735956456 22.8957729144664
317.625 23.689587705440754 22.89369159304492
318.125 23.685746322331976 22.891633764146697
318.625 23.681883202081234 22.889560052120764
319.125 23.678057186526324 22.887499270156077
319.625 23.674221375660842 22.885438306190544
320.125 23.67039630407813 22.88337883774345
320.625 23.666548668106913 22.881321155550374
321.125 23.662722129074826 22.879272369959054
321.625 23.658908225708856 22.877222255115782
322.125 23.655078715782732 22.87517798466695
