FastTrWP/PhaseSpace/IAs/snIa_0.52_30.00_1.00_0.01.csv
# %ECSV 0.9
# ---
# datatype:
# - {name: time-rel, datatype: float64}
# - {name: g, datatype: float64}
# - {name: i, datatype: float64}
# schema: astropy-2.0
time-rel g i
[from data line 285]
272.4166666666667 24.521270734863755 23.42959928238768
272.9166666666667 24.51685108215515 23.426354960966485
273.4166666666667 24.512442354292308 23.423107911959438
273.9166666666667 24.50806589757457 23.41986912959961
274.4166666666667 24.50369326078207 23.416642730352628
274.9166666666667 24.499324398942882 23.413430292898944
275.4166666666667 24.494969988541296 23.410228408675234
275.9166666666667 24.490624719625895 23.40703551308771
276.4166666666667 24.486295078348626 23.403847372370844
276.9166666666667 24.481975755067566 23.40067445622615
277.4166666666667 24.47767266483037 23.39750859066385
277.9166666666667 24.473353601509192 23.39434595580393
278.4166666666667 24.469080659008412 23.391202561059828
278.9166666666667 24.46481325769195 23.388073229560675
279.4166666666667 24.460565018767667 23.384950362649363
279.9166666666667 24.45632742844662 23.38182734648027
280.4166666666667 24.452090168473823 23.378720049282386
280.9166666666667 24.44786450218331 23.37560820804
281.4166666666667 24.443667983600598 23.372535231505655
281.9166666666667 24.439458003762788 23.369448190682633
282.4166666666667 24.43527850561984 23.366366252048316
282.9166666666667 24.43107603634715 23.363307672459264
283.4166666666667 24.42691286392651 23.36024502831007
283.9166666666667 24.42276947166612 23.357204241108242
284.4166666666667 24.418621380024103 23.35416795042819
284.9166666666667 24.41447958295297 23.351138960611152
285.4166666666667 24.41035560932663 23.348112077434212
285.9166666666667 24.406241719359365 23.345094486270142
286.4166666666667 24.40214045830237 23.342097322460006
286.9166666666667 24.39804467933431 23.339101413921334
287.4166666666667 24.393970206998716 23.33610448515065
287.9166666666667 24.389900455799033 23.33312616225609
288.4166666666667 24.385818372556397 23.330150622598627
288.9166666666667 24.381781084627058 23.32718270943447
289.4166666666667 24.377750999737238 23.32422824396833
289.9166666666667 24.373714083139436 23.321274244712875
290.4166666666667 24.369685532092863 23.318337426553487
290.9166666666667 24.36565502940018 23.31538720217607
291.4166666666667 24.361662621188742 23.31246416537947
291.9166666666667 24.357689205943224 23.309555520090527
292.4166666666667 24.35368391639983 23.306627193286893
292.9166666666667 24.349720755659 23.303730755632
293.4166666666667 24.345742690583787 23.30082848342687
293.9166666666667 24.341768319972612 23.29793037570248
294.4166666666667 24.337842300602077 23.295046152763934
294.9166666666667 24.33390107418194 23.29216952955079
295.4166666666667 24.329954426787165 23.289298166928422
295.9166666666667 24.326061544703954 23.28642999148598
296.4166666666667 24.322144943103513 23.283574966311264
296.9166666666667 24.31822817633094 23.280732435449565
297.4166666666667 24.31435457114098 23.277886853671056
297.9166666666667 24.310462270978928 23.27506465212767
298.4166666666667 24.30658771731119 23.27224151929908
298.9166666666667 24.302733258481553 23.269423649487003
299.4166666666667 24.298892119767284 23.266623023189013
299.9166666666667 24.295048503633048 23.263820340966596
300.4166666666667 24.29123137291758 23.261025090322875
300.9166666666667 24.287395915737548 23.258236671183354
301.4166666666667 24.28357374831039 23.25545796957888
301.9166666666667 24.279777703628845 23.25268541043605
302.4166666666667 24.27596948267268 23.249930211966642
302.9166666666667 24.272195597559598 23.247172317907513
303.4166666666667 24.268422925232002 23.244414789825107
303.9166666666667 24.2646720105258 23.241677363088492
304.4166666666667 24.26090595943227 23.238939721403042
304.9166666666667 24.25715872857619 23.236221875892397
305.4166666666667 24.253406846339796 23.2334931705941
305.9166666666667 24.249672682135802 23.230788303209646
306.4166666666667 24.245961326311757 23.228071733350287
306.9166666666667 24.242263199486867 23.225386156735084
307.4166666666667 24.238552448873293 23.222686372589827
307.9166666666667 24.234839626802774 23.21999469830606
308.4166666666667 24.231156000202244 23.2173165617345
308.9166666666667 24.22747491367698 23.21464345407746
309.4166666666667 24.223795043001882 23.21197113631891
309.9166666666667 24.22013675589367 23.20931427591858
310.4166666666667 24.216486287609243 23.206667296531812
310.9166666666667 24.21283378978719 23.204015551508526
311.4166666666667 24.209196920974346 23.201369659709353
311.9166666666667 24.205547782124185 23.198733684828504
312.4166666666667 24.201930436646716 23.19609876419898
312.9166666666667 24.19830500895113 23.193475493689057
313.4166666666667 24.194694696582996 23.190864669834248
313.9166666666667 24.191106110407183 23.18826143575313
314.4166666666667 24.18750118748067 23.18565898158594
314.9166666666667 24.183935495619913 23.18305297802107
315.4166666666667 24.1803335403323 23.18047308617285
315.9166666666667 24.176760316181127 23.17786735506023
316.4166666666667 24.173194156954295 23.175287182472992
316.9166666666667 24.169626217865435 23.172706524005903
317.4166666666667 24.16607651024303 23.17014516245105
317.9166666666667 24.162556710297093 23.16758155599228
318.4166666666667 24.159004097936887 23.16501689433068
318.9166666666667 24.15545967732639 23.162467530570673
319.4166666666667 24.15194841926344 23.159921742047924
319.9166666666667 24.14842553395855 23.15737087128692
320.4166666666667 24.144934080042553 23.154823569292425
320.9166666666667 24.1414156322723 23.1523012413235
321.4166666666667 24.137915098697874 23.14978311819266
321.9166666666667 24.134425053040637 23.147252421406556
322.4166666666667 24.130930933792783 23.14474239383609
322.9166666666667 24.12746742558355 23.14222146300379
323.4166666666667 24.123995227531253 23.139713790675476
323.9166666666667 24.120528099952953 23.1372152091153
324.4166666666667 24.117069518055196 23.13471722443201
324.9166666666667 24.11362549946091 23.132221047491992
325.4166666666667 24.110162500691523 23.12974132913281
325.9166666666667 24.106737347090437 23.12724830487134
326.4166666666667 24.10328251969711 23.124783125000363
326.9166666666667 24.099871996489554 23.122304873056798
327.4166666666667 24.096424431292775 23.119836698457327
327.9166666666667 24.093024950972403 23.11737304217822
328.4166666666667 24.089622361647823 23.1149127901559
328.9166666666667 24.08620375090745 23.112453328406446
329.4166666666667 24.08279282416111 23.11001335299079
329.9166666666667 24.0794057137477 23.107565575810494
330.4166666666667 24.076015584352138 23.10511557348239
330.9166666666667 24.07263961421178 23.102682343943496
331.4166666666667 24.069261588501575 23.100251586728042
331.9166666666667 24.065898894833076 23.09783248263767
332.4166666666667 24.062524793049647 23.095404202285273
332.9166666666667 24.05916247108575 23.09299681910816
333.4166666666667 24.055811608597978 23.09056909990381
333.9166666666667 24.052470597094032 23.08816983727091
334.4166666666667 24.04911458119183 23.08577195565063
334.9166666666667 24.0457979821055 23.0833677375168
335.4166666666667 24.042461816433814 23.080969344174605
335.9166666666667 24.039136258789764 23.07859014005434
336.4166666666667 24.035817913958518 23.076200065181975
336.9166666666667 24.03252941470752 23.07383068870159
337.4166666666667 24.02923588680863 23.071454622503747
337.9166666666667 24.025915327975586 23.069088144100128
338.4166666666667 24.022631193633153 23.06672337626303
338.9166666666667 24.01934675009788 23.064366312025093
339.4166666666667 24.016070824416914 23.06200987740066
339.9166666666667 24.012811582088244 23.059666764893127
340.4166666666667 24.009524152235684 23.057315867667697
340.9166666666667 24.006268672682197 23.054978619898495
341.4166666666667 24.003011372774345 23.052646843932976
341.9166666666667 23.999772190563192 23.050313455360634
342.4166666666667 23.996524450514926 23.047987628928276
342.9166666666667 23.993285812038415 23.04567008144497
343.4166666666667 23.99006137838009 23.043354971010682
343.9166666666667 23.986821691736374 23.04103742851442
344.4166666666667 23.983610281140177 23.038727215918332
344.9166666666667 23.98037345470658 23.036430495763707
345.4166666666667 23.977184088865076 23.034122517207276
345.9166666666667 23.973975020146522 23.03182925037822
346.4166666666667 23.970775944861217 23.029536303231755
346.9166666666667 23.96758187011372 23.027246518920123
347.4166666666667 23.964394937159597 23.024962619054094
347.9166666666667 23.961218983770877 23.022691495007294
348.4166666666667 23.958034890417185 23.020415177632636
348.9166666666667 23.954862087512616 23.01814342929752
349.4166666666667 23.951686653979248 23.01587410592678
349.9166666666667 23.948524095141167 23.013611401118762
350.4166666666667 23.945365523586368 23.01134958935753
350.9166666666667 23.942231186145868 23.009102598171527
351.4166666666667 23.939070990957774 23.006849400785903
351.9166666666667 23.93594287964278 23.00461124815696
352.4166666666667 23.93279507324209 23.002362837240824
352.9166666666667 23.929667824425373 23.000119017522277
353.4166666666667 23.92653678027807 22.997898157091555
353.9166666666667 23.9234138148592 22.995659371290316
354.4166666666667 23.920291979512825 22.993433528239493
354.9166666666667 23.917185587017997 22.991205708777905
355.4166666666667 23.914089042367245 22.988995574318572
355.9166666666667 23.910968980085187 22.986766417291985
356.4166666666667 23.907875991193176 22.984559439439167
356.9166666666667 23.904788923685686 22.9823671771312
357.4166666666667 23.901695167115008 22.98014588637432
357.9166666666667 23.898608887960663 22.97794582798707
358.4166666666667 23.895531986506427 22.975753010541105
358.9166666666667 23.892467625962514 22.97356089291826
359.4166666666667 23.889381902939455 22.97136590932364
359.9166666666667 23.886316550056854 22.969178745331934
360.4166666666667 23.883266003389604 22.967000632206304
360.91666666666663 23.880205684629328 22.964818033618563
361.4166666666667 23.87715391824685 22.962652411879155
361.9166666666667 23.874109812749552 22.960474012853652
362.41666666666663 23.87106198972027 22.958302805384246
362.9166666666667 23.86802545053039 22.95613540744947
363.4166666666667 23.864988906236594 22.953974956843478
363.91666666666663 23.86196324706536 22.951807154230195
364.4166666666667 23.85893983498964 22.94965406174674
364.9166666666667 23.855913418404775 22.947500898782266
365.41666666666663 23.852891942551956 22.945354682445117
365.9166666666667 23.849894637994964 22.943199890553053
366.4166666666667 23.84687433893614 22.94106945642911
366.91666666666663 23.843866941710523 22.938921081093206
367.4166666666667 23.840874903925155 22.936789718241528
367.9166666666667 23.837878787886883 22.934654083767107
368.41666666666663 23.834885652301097 22.93252343169133
368.9166666666667 23.83189165083587 22.930392759035282
369.4166666666667 23.828875820943445 22.928257113517894
369.91666666666663 23.82587642008481 22.92613475207595
370.4166666666667 23.822871998491017 22.924005923283275
370.9166666666667 23.819855747886724 22.9218763811037
371.41666666666663 23.816858349617593 22.91975351858096
371.9166666666667 23.813854372661673 22.917618741818615
372.4166666666667 23.810835577478077 22.91549335094078
372.91666666666663 23.80781102931403 22.913382874063824
373.4166666666667 23.804799131730423 22.911250683591824
373.9166666666667 23.801782794595265 22.909134758633822
374.41666666666663 23.798785740568 22.907018122487347
374.9166666666667 23.79576309702598 22.904892496459382
375.4166666666667 23.79275452273479 22.902786554436037
375.91666666666663 23.78972504979679 22.900673248474405
376.4166666666667 23.78672954458723 22.89856539753391
376.9166666666667 23.783731700307357 22.896459120622477
377.41666666666663 23.7807172897327 22.894355655281068
377.9166666666667 23.777710736971954 22.892251891801738
378.4166666666667 23.774721339574537 22.890149541274795
378.91666666666663 23.771722288383344 22.888052525998948
379.4166666666667 23.76873088274751 22.88596216594343
379.9166666666667 23.765736624568795 22.88387072205719
380.41666666666663 23.76276504528284 22.88178735267767
380.9166666666667 23.759791834969196 22.879695158889316
381.4166666666667 23.756810987122066 22.877615177094256
381.91666666666663 23.75385173503778 22.87553554256464
382.4166666666667 23.75088036452884 22.87346546420707
382.9166666666667 23.747933500676773 22.8714025075004
383.41666666666663 23.744980085313273 22.86933694260568
383.9166666666667 23.74203205420801 22.867277231756773
384.4166666666667 23.739092491311826 22.865218505027233
384.91666666666663 23.73617664855628 22.863166654975267
385.4166666666667 23.733260876224872 22.861118258890848
385.9166666666667 23.730345203950613 22.859076477302903
386.41666666666663 23.727428794718627 22.857028500191472
386.9166666666667 23.724544474598108 22.8549982214205
387.4166666666667 23.7216448468877 22.852976995545404
387.91666666666663 23.71876572381236 22.850944390615936
388.4166666666667 23.715893906622128 22.848919777333258
388.9166666666667 23.71303743724871 22.84690388452177
389.41666666666663 23.71019137526393 22.84488535910208
389.9166666666667 23.707344845450727 22.84288766680525
390.4166666666667 23.70450717953667 22.840887298573648
390.91666666666663 23.70169510356864 22.838888265684233
391.4166666666667 23.69888336076351 22.836908383145765
391.9166666666667 23.696080044528443 22.83492103166474
392.41666666666663 23.693288926994747 22.832941180010057
392.9166666666667 23.69051076857763 22.83097227185923
393.4166666666667 23.687759933330845 22.828999717670033
393.91666666666663 23.685014549822036 22.82703976204374
394.4166666666667 23.682265802023082 22.825084290442078
394.9166666666667 23.67953723087277 22.823143555667937
395.41666666666663 23.676822195098076 22.821190813001934
395.9166666666667 23.67411574348647 22.819261940152707
396.4166666666667 23.67142308752878 22.81733219603913
396.91666666666663 23.66874641882343 22.815411402640457
397.4166666666667 23.666079229727295 22.813484177821284
397.9166666666667 23.663438899725257 22.811579423286123
398.41666666666663 23.660792133226987 22.809673316169086
398.9166666666667 23.658183328804196 22.807792649456744
399.4166666666667 23.65557311482444 22.80589718377012
399.91666666666663 23.652978297459526 22.804014483933468
400.4166666666667 23.650408924113275 22.802139320110655
400.9166666666667 23.647843609593764 22.800258591714307
401.41666666666663 23.645282427544004 22.798407281367155
401.9166666666667 23.64276152690614 22.796552074223776
402.4166666666667 23.64024556699855 22.79470587288094
402.91666666666663 23.637739529056834 22.79287138801886
403.4166666666667 23.635260138425267 22.79104068701345
403.9166666666667 23.632787483294294 22.789220139786345
404.41666666666663 23.63033823621137 22.787405968042584
404.9166666666667 23.627897546919918 22.78559269661061
405.4166666666667 23.625465359871537 22.783785782729232
405.91666666666663 23.623028851918676 22.78198096254714
406.4166666666667 23.62060685544019 22.780176866674516
406.9166666666667 23.61819646833043 22.77838820719866
407.41666666666663 23.615789283716108 22.77660573391944
407.9166666666667 23.613383050553523 22.774807952482465
408.4166666666667 23.610974732969726 22.773018403010074
408.91666666666663 23.608589463153816 22.77124984641148
409.4166666666667 23.606205740610452 22.76947082681965
409.9166666666667 23.603826340421055 22.767697760953062
410.41666666666663 23.60146924484291 22.765933267268426
410.9166666666667 23.59908539641856 22.764171350663833
411.4166666666667 23.596730083853927 22.76241216472941
411.91666666666663 23.59438543844969 22.76065365272945
412.4166666666667 23.592044791077548 22.758901091841818
412.9166666666667 23.589717628022694 22.757163092841196
413.41666666666663 23.587400523265202 22.755416881978597
413.9166666666667 23.585070719030867 22.75368141087464
414.4166666666667 23.58276111122768 22.75194152270482
414.91666666666663 23.5804525975151 22.750219506217842
415.4166666666667 23.5781555948532 22.748499921511854
415.9166666666667 23.5758779481207 22.74677632401659
416.41666666666663 23.573605490040027 22.7450613149787
