FastTrWP/PhaseSpace/IAs/snIa_0.52_30.00_-0.51_0.06.csv
# %ECSV 0.9
# ---
# datatype:
# - {name: time-rel, datatype: float64}
# - {name: g, datatype: float64}
# - {name: i, datatype: float64}
# schema: astropy-2.0
time-rel g i
[from data line 1732]
1050.25 24.949818433425843 22.65999394236257
1050.75 24.951902723483993 22.66080699147173
1051.25 24.954036188339327 22.66162097437888
1051.75 24.95616286184871 22.66243870558236
1052.25 24.958286912476268 22.66325654955756
1052.75 24.96046214524413 22.66406968944036
1053.25 24.962550863720363 22.66490119446083
1053.75 24.964686967820008 22.665721551642285
1054.25 24.966833007619236 22.66654332475072
1054.75 24.968947643354312 22.667362504938104
1055.25 24.971079946821106 22.668180025113006
1055.75 24.973204362587595 22.66900860687943
1056.25 24.97534587915075 22.669829536545002
1056.75 24.977478901920577 22.670657024665196
1057.25 24.979640252460037 22.671475497918244
1057.75 24.98177537851611 22.672306961933437
1058.25 24.983916545515555 22.673130693215093
1058.75 24.98603544365555 22.673963427140052
1059.25 24.988170292597935 22.674787220689478
1059.75 24.990322728117484 22.675614391833555
1060.25 24.99249099953878 22.676440348158494
1060.75 24.994633250267757 22.677277252751665
1061.25 24.996750552258842 22.67811129331772
1061.75 24.99890835331183 22.678936017571672
1062.25 25.001057921318598 22.679768675183052
1062.75 25.00320593293867 22.680599698780576
1063.25 25.005361909414976 22.681428435052293
1063.75 25.007513109526762 22.682270408386586
1064.25 25.00966540684233 22.683095487145494
1064.75 25.011826797688634 22.683927334490853
1065.25 25.01396220023169 22.68476343050346
1065.75 25.01613122069687 22.685601492528793
1066.25 25.018290318142874 22.686433076231445
1066.75 25.020442647133706 22.68726507032352
1067.25 25.02260991494437 22.68810767701182
1067.75 25.024753702027816 22.68893787943896
1068.25 25.026893334180265 22.689782361284077
1068.75 25.029074417039357 22.690618160473154
1069.25 25.03120043310373 22.691460210026122
1069.75 25.033390056406645 22.692298239069764
1070.25 25.03553593875827 22.69314082601892
1070.75 25.0376891709304 22.693985649887228
1071.25 25.03987480279832 22.69482221970025
1071.75 25.0420193163525 22.695655310429906
1072.25 25.044177539183252 22.69650304434333
1072.75 25.0463499542894 22.69734041959575
1073.25 25.048511633806896 22.698180982795527
1073.75 25.050664238809397 22.699028048743028
1074.25 25.05284829219383 22.699868641218004
1074.75 25.05501764388823 22.700714488257248
1075.25 25.05716325045611 22.701565541419605
1075.75 25.059342896745413 22.702408490634504
1076.25 25.061499307333413 22.703249513380715
1076.75 25.06371161400834 22.70410762566286
1077.25 25.06586521700833 22.704948404733287
1077.75 25.06804351204259 22.705800864635442
1078.25 25.07020827807741 22.70664894619991
1078.75 25.07238727229169 22.70749546455503
1079.25 25.074525474367803 22.708350043526902
1079.75 25.076722784344877 22.70919219255092
1080.25 25.078897276576537 22.710050294302672
1080.75 25.081065674848592 22.710913733319078
1081.25 25.083237549155278 22.711755105156133
1081.75 25.085436767580983 22.712607762283934
1082.25 25.08760616648275 22.71346252302775
1082.75 25.089798567965396 22.714319956824802
1083.25 25.091973691135347 22.715168589316676
1083.75 25.09416657919108 22.716029382598016
1084.25 25.096351106339352 22.716885856853253
1084.75 25.098519004704652 22.717749751210853
1085.25 25.100722605361877 22.7186006091964
1085.75 25.102913761705203 22.719468864192777
1086.25 25.10510046173465 22.720322805343276
1086.75 25.107270294558745 22.721182730431828
1087.25 25.109462035795126 22.7220491899288
1087.75 25.111643592409823 22.722909213430874
1088.25 25.113846242915045 22.723775912094087
1088.75 25.11603790529297 22.72464007005969
1089.25 25.118230503130516 22.7255039330294
1089.75 25.120427160168013 22.726372236488274
1090.25 25.122626570849775 22.72723156185176
1090.75 25.124808518009544 22.72810564140706
1091.25 25.12702145325737 22.728967817037912
1091.75 25.12920232399951 22.729836251446677
1092.25 25.131412740896714 22.73071240546929
1092.75 25.13362069585621 22.73157883743454
1093.25 25.135812394541684 22.732453076108655
1093.75 25.13801739732568 22.73331601226011
1094.25 25.140202791361546 22.734192004448758
1094.75 25.142418125209968 22.735067384017196
1095.25 25.14463500712577 22.735943145373447
1095.75 25.146838493627172 22.736813069151452
1096.25 25.149059199024784 22.737694275546424
1096.75 25.151265923937057 22.738563971109492
1097.25 25.15347810718381 22.739445670077956
1097.75 25.155673558882675 22.74032165309397
1098.25 25.157916889255482 22.741201977515768
1098.75 25.160128370496764 22.742082835458113
1099.25 25.1623404249013 22.742960700262543
1099.75 25.164561833351886 22.74384481111895
1100.25 25.166779414086026 22.744727236151284
1100.75 25.16898863013217 22.745608251161368
1101.25 25.171203941976565 22.746500804750582
1101.75 25.17342163438842 22.747385943945005
1102.25 25.175656323715828 22.748270785388883
1102.75 25.177867353999375 22.749150920422228
1103.25 25.180067466561752 22.750038207710666
1103.75 25.18232049251594 22.750926628574
1104.25 25.184525358766685 22.751814258725226
1104.75 25.186744549700958 22.752711631429236
1105.25 25.188988079054884 22.753593491821373
1105.75 25.191218518656928 22.75447929179603
1106.25 25.193451179363354 22.755374390258094
1106.75 25.19566941232072 22.75626751961863
1107.25 25.197903602331785 22.757157382684497
1107.75 25.20013717975739 22.758053645725585
1108.25 25.202358311860525 22.75895179709448
1108.75 25.204599333352423 22.759844109806462
1109.25 25.206817091028718 22.760742764528786
1109.75 25.209062970522062 22.76163626602208
1110.25 25.211252566070876 22.762539605187214
1110.75 25.213488245632817 22.763437030060487
1111.25 25.2157618895809 22.764334379870434
1111.75 25.21798375029242 22.765238551388116
1112.25 25.220242629876026 22.76613209916464
1112.75 25.222453221232442 22.767041892294174
1113.25 25.224686578264123 22.767936031498834
1113.75 25.226980974008157 22.76884353436934
1114.25 25.229157752956716 22.769743474334483
1114.75 25.23141540648629 22.77065367487159
1115.25 25.233686092624147 22.77156149803811
1115.75 25.235914305533875 22.772464456419875
1116.25 25.238136698791852 22.773370610759844
1116.75 25.240388708943527 22.774280966923133
1117.25 25.242624326546146 22.775186996933577
1117.75 25.244879782703684 22.776102991327782
1118.25 25.247129671759655 22.77700648777454
1118.75 25.2493714943689 22.777919553961144
1119.25 25.25163342877663 22.778830966288982
1119.75 25.253874381510556 22.779739726377493
1120.25 25.256144234577267 22.78065941535507
1120.75 25.258387032780064 22.781571305074202
1121.25 25.260603793554438 22.782487408099378
1121.75 25.262855980122115 22.783403091702873
1122.25 25.265127761032623 22.78432214089833
1122.75 25.26737071296879 22.78524517820108
1123.25 25.269609626862824 22.78616170120433
1123.75 25.27188783369597 22.787075556811445
1124.25 25.274131791412753 22.78798667469009
1124.75 25.276402831137087 22.788912358823225
1125.25 25.278655856609582 22.789837729538913
1125.75 25.280927814997835 22.79076189089396
1126.25 25.283186811940006 22.79168257173484
1126.75 25.285418131703643 22.79261173956221
1127.25 25.28769193393218 22.79353964379556
1127.75 25.28995876567739 22.794449761380058
1128.25 25.292206022092195 22.795378686544264
1128.75 25.29446720791431 22.7963116275445
1129.25 25.296733327692653 22.797242569985116
1129.75 25.298966965825343 22.798170017318537
1130.25 25.301272522239447 22.799095054381535
1130.75 25.303528935944456 22.80002539534649
1131.25 25.305784480405865 22.800959983276737
1131.75 25.308069471880703 22.801891358038297
1132.25 25.310336978072563 22.80282673274515
1132.75 25.31260468860355 22.803760762404846
1133.25 25.314845270019198 22.804698671319265
1133.75 25.317131360508448 22.805632967200502
1134.25 25.31940843040015 22.806571452012857
1134.75 25.32167124761434 22.807502654637336
1135.25 25.32394401327473 22.80844063435483
1135.75 25.326245256880185 22.809381056138154
1136.25 25.328499051014962 22.810329830010563
1136.75 25.330765213116 22.811271499805343
1137.25 25.33306635823893 22.812214091638804
1137.75 25.335317235194733 22.813161411610533
1138.25 25.337612884589934 22.814116020387406
1138.75 25.33989564767932 22.815058178769778
1139.25 25.342184062526798 22.816014989551363
1139.75 25.34446828428081 22.816963514278925
1140.25 25.34673368779295 22.81791997386414
1140.75 25.349023343569073 22.818874117457604
1141.25 25.35131106611574 22.819826982732852
1141.75 25.35362537036884 22.82079286957202
1142.25 25.355918135037307 22.821744421957693
1142.75 25.358176515189168 22.82270699709523
1143.25 25.360470203701162 22.82366853072039
1143.75 25.36277230002181 22.824622581283478
1144.25 25.365038930613718 22.82559609567074
1144.75 25.367335914919988 22.826555060405877
1145.25 25.36961666371316 22.827516486460734
1145.75 25.371947838656613 22.82848391423251
1146.25 25.37421514644236 22.829449263415043
1146.75 25.37650651320106 22.830411887305573
1147.25 25.37881166928419 22.831388244613606
1147.75 25.381086932387102 22.83235296758277
1148.25 25.3833662847142 22.83332496968474
1148.75 25.38565853770386 22.83430358777753
1149.25 25.38801997188326 22.835271922260212
1149.75 25.3902845605718 22.836241660209915
1150.25 25.39257581433042 22.83721447715156
1150.75 25.394882589315955 22.838181020572506
1151.25 25.397152568670812 22.83915236668617
1151.75 25.399443338412482 22.84013557801629
1152.25 25.4017559627267 22.841109168969993
1152.75 25.404042528015562 22.842087986676884
1153.25 25.406335030979527 22.843062423357246
1153.75 25.40866380311844 22.844039858385994
1154.25 25.410956470401075 22.845019027335592
1154.75 25.413223635859712 22.845993827097402
1155.25 25.415542324207685 22.846966856782018
1155.75 25.417804973860726 22.847950893158398
1156.25 25.42012295631737 22.848926988259215
1156.75 25.422407613221466 22.849907757219725
1157.25 25.424712208145678 22.850878994712218
1157.75 25.4270338621218 22.85185256238805
1158.25 25.42930507689814 22.852836146320442
1158.75 25.431603990401555 22.85381914146157
1159.25 25.43390747199569 22.85480300243854
1159.75 25.436178345900306 22.855771719233992
1160.25 25.4384682108668 22.856754431256256
1160.75 25.440773686392163 22.857733999420056
1161.25 25.443045128520993 22.858715086742293
1161.75 25.445326151585995 22.859695390111202
1162.25 25.447647684263668 22.860671300970857
1162.75 25.44993700770781 22.86164835124434
1163.25 25.45223479635823 22.862623675253264
1163.75 25.454497286968575 22.86360492248744
1164.25 25.456779510599826 22.864580458441615
1164.75 25.45908230005237 22.86555072075132
1165.25 25.461340514654154 22.866529514326473
1165.75 25.46359934513454 22.867507986158873
1166.25 25.465897047321402 22.86849216910028
1166.75 25.468170340898254 22.869460141266217
1167.25 25.47042349605197 22.870440698999545
1167.75 25.472749232084308 22.871415279001035
1168.25 25.474992656676854 22.872387686736403
1168.75 25.477254543201852 22.873354691172253
1169.25 25.479537721270237 22.87433461141523
1169.75 25.48180234238036 22.875312956175563
1170.25 25.484063433679914 22.876271278052975
1170.75 25.486339883697692 22.87725333736845
1171.25 25.488579883364654 22.878214112538593
1171.75 25.490853135079618 22.87918240456117
1172.25 25.49313295644172 22.880165437204155
1172.75 25.495407178986568 22.881132090643646
1173.25 25.497671681552944 22.882103791222278
1173.75 25.499905230961364 22.88307528587159
1174.25 25.502127367442196 22.88404964167529
1174.75 25.50442663625838 22.8850282411155
1175.25 25.5066898450851 22.885994985717065
1175.75 25.50893885856953 22.886963160865058
1176.25 25.511223635127106 22.887928146016776
1176.75 25.513472023792573 22.888910587160463
1177.25 25.51568538086828 22.889877953670013
1177.75 25.51800282468382 22.890854891439588
1178.25 25.520211244402084 22.891824196358122
1178.75 25.52248826685885 22.89279649012982
1179.25 25.524702435850205 22.893774474511307
1179.75 25.526977046742125 22.894751524998014
1180.25 25.529205600176216 22.895713427702105
1180.75 25.53145108852593 22.89669407964924
1181.25 25.533721193191866 22.89766597783093
1181.75 25.535948795953843 22.898637816137555
1182.25 25.538213539788725 22.899614636685257
1182.75 25.540441990727892 22.900594142792894
1183.25 25.54266893819188 22.901566670079806
1183.75 25.544896937074636 22.902537509026544
1184.25 25.547146734657016 22.903511158101836
1184.75 25.549367578157664 22.904478845049056
1185.25 25.5516217816913 22.9054612375981
1185.75 25.553831485551733 22.906430806991533
1186.25 25.556082483572233 22.907411119833377
1186.75 25.558316183098885 22.90838952521537
1187.25 25.56053964764036 22.909354931956862
1187.75 25.56276092965752 22.91032858914435
1188.25 25.565005283572667 22.91129979707972
1188.75 25.567206688371638 22.912279864342086
1189.25 25.569469176133886 22.91325280824786
1189.75 25.571662054119486 22.914221578263554
1190.25 25.573883718674413 22.915200143057767
1190.75 25.576120939635803 22.91617568703707
1191.25 25.578300032706988 22.917148431058664
1191.75 25.580535871780427 22.918118022090816
1192.25 25.582727274849745 22.919084937324183
1192.75 25.584929939712097 22.92007106511879
1193.25 25.58714992972863 22.92104278647639
1193.75 25.589341213676448 22.922014477816273
1194.25 25.59154533732986 22.922984232524577
1194.75 25.593761150998905 22.923964458815618
1195.25 25.595936195859114 22.924935462431595
1195.75 25.598132198452674 22.925906012178366
1196.25 25.60036585629327 22.926874292630345
1196.75 25.6024982579193 22.927851744218874
1197.25 25.60470136865461 22.92881821510029
1197.75 25.60691798602293 22.929785588597365
1198.25 25.609071863622354 22.930764860155804
1198.75 25.61125291071239 22.931730904316655
1199.25 25.613443287934924 22.93270357183271
1199.75 25.615625540908532 22.933675524206546
1200.25 25.617775999730277 22.93464980228088
1200.75 25.619981184282224 22.935614886503398
1201.25 25.62211824545924 22.936583351084344
1201.75 25.624268862293547 22.937556374024375
1202.25 25.62644571389791 22.938519996875222
1202.75 25.628589660632066 22.939497397610435
1203.25 25.630755460476465 22.940454553913302
1203.75 25.632893958373156 22.941431901016717
1204.25 25.63504483508805 22.942402705078916
1204.75 25.637202306738285 22.94337551902604
1205.25 25.639334862750204 22.944337939364267
1205.75 25.64145119741051 22.94530534716909
1206.25 25.64359341449725 22.94626603990804
1206.75 25.64571180024368 22.947239591101937
1207.25 25.647855600536474 22.94820519120732
1207.75 25.64994264351233 22.94917132804546
1208.25 25.652093456786442 22.950137208632487
1208.75 25.654234839332247 22.951099481766015
1209.25 25.656349794586987 22.952066631864664
1209.75 25.65847739987426 22.953031690160202
1210.25 25.660548742755566 22.953997316282862
1210.75 25.66266519638883 22.9549661232273
1211.25 25.664785259529744 22.955931114773204
1211.75 25.66690350234545 22.95689273671625
1212.25 25.66899229399395 22.957856741832522
1212.75 25.671093003727133 22.958829970146788
1213.25 25.67318228840965 22.959787411633638
1213.75 25.67525354353123 22.96075466663386
1214.25 25.677369079893523 22.96171569947283
1214.75 25.67946038170558 22.96268753147472
1215.25 25.681521545938523 22.963643058904978
1215.75 25.68361799796474 22.96460767226702
1216.25 25.68568460300751 22.96556432276896
1216.75 25.68774965303529 22.966529588482125
1217.25 25.689838971225846 22.967496208807077
1217.75 25.691884937996537 22.96846014317235
1218.25 25.693962049325005 22.96941797632283
1218.75 25.696043241571246 22.970387342085647
1219.25 25.698075582512807 22.971347965293948
1219.75 25.70012902945497 22.972304885009265
1220.25 25.702201469489996 22.973279817567608
1220.75 25.704230751335974 22.974234400357858
1221.25 25.70626522156367 22.975193698101837
1221.75 25.70830802007245 22.976155974432988
1222.25 25.710325724477713 22.977120529218425
1222.75 25.712388103230907 22.978075788061403
1223.25 25.714409103608414 22.979036054176937
1223.75 25.7164479603836 22.979997785645573
1224.25 25.718472546158942 22.980950853731812
1224.75 25.720452845085248 22.98191813721097
1225.25 25.722459651363806 22.982879342814293
1225.75 25.72448309821693 22.983838523413258
1226.25 25.726484889803306 22.984796595809016
