FastTrWP/PhaseSpace/IAs/snIa_0.58_30.00_-1.78_-0.06.csv
# %ECSV 0.9
# ---
# datatype:
# - {name: time-rel, datatype: float64}
# - {name: g, datatype: float64}
# - {name: i, datatype: float64}
# schema: astropy-2.0
time-rel g i
[from data line 354]
401.25 23.91882873594808 23.151988022231723
401.75 23.91504426490057 23.148628318642995
402.24999999999994 23.911269641318036 23.14528063418723
402.75 23.907506392073543 23.141934434668162
403.25 23.90378182921992 23.138598446990514
403.74999999999994 23.90004481260962 23.135287536870738
404.25 23.896337218957132 23.131961885443726
404.75 23.89264286950358 23.128657197992894
405.24999999999994 23.88897274706325 23.125365819160777
405.75 23.88531077275209 23.122073179315173
406.25 23.881681423573294 23.118800563422166
406.74999999999994 23.878039593251657 23.115530684713498
407.25 23.874446172150115 23.112280210106118
407.75 23.870851334659413 23.10902792122932
408.24999999999994 23.867290361940423 23.10579065469031
408.75 23.86373632993744 23.102563400978656
409.25 23.86020963972783 23.099333998328632
409.74999999999994 23.85668819298628 23.096137055525674
410.25 23.85320443249812 23.092935410856825
410.75 23.84971473423216 23.089758057991553
411.24999999999994 23.846261419993837 23.08657070693357
411.75 23.84282139159541 23.083400414632997
412.25 23.839395001144965 23.080253651593644
412.74999999999994 23.83601689387488 23.077105227476867
413.25 23.832623043633596 23.073965188313487
413.75 23.82925815868574 23.07083705366198
414.24999999999994 23.825922199744078 23.067731931114093
414.75 23.822602511254757 23.064627071145015
415.25 23.81930838068086 23.061534520118947
415.74999999999994 23.816020706986613 23.058449906263082
416.25 23.81276111194913 23.055381020650024
416.75 23.809513364396764 23.052325128227
417.24999999999994 23.80629721852805 23.049278722512177
417.75 23.8031056624513 23.046237629342286
418.25 23.799915060122757 23.043211607902748
418.74999999999994 23.796759854268394 23.04019428801732
419.25 23.79363280847556 23.037191880185823
419.75 23.79050387206339 23.034196618831494
420.24999999999994 23.78741139080872 23.03120987611896
420.75 23.784338672444633 23.028245125159753
421.25 23.781294875526694 23.025285638028038
421.74999999999994 23.778253721318272 23.02233475338887
422.25 23.775258359001626 23.019395349812434
422.75 23.772258670819667 23.016484331416276
423.24999999999994 23.76930105022367 23.01356375445856
423.75 23.766341060006376 23.01066990187096
424.25 23.763440078907635 23.00777001356209
424.74999999999994 23.76053789084117 23.00489375333239
425.25 23.757663231910648 23.002030828375283
425.75 23.75480604071568 22.999163724740388
426.24999999999994 23.751972173754336 22.996332182348176
426.75 23.749158837605577 22.99349276080365
427.25 23.746374205816867 22.990675806554577
427.74999999999994 23.74361406241972 22.9878663087868
428.25 23.740871702255156 22.985067444608568
428.75 23.73814656829471 22.982294646991125
429.24999999999994 23.73546519217676 22.97951614461821
429.75 23.73279057554469 22.97675278478151
430.25 23.73013990748822 22.974007907789158
430.74999999999994 23.727504653781924 22.971266827440935
431.25 23.724905627095033 22.96854940765747
431.75 23.72232676835138 22.9658459837123
432.24999999999994 23.719767176005917 22.963136205026863
432.75 23.71722075569324 22.960434783673897
433.25 23.714683597875933 22.957755544591944
433.74999999999994 23.71217335563745 22.95507278685897
434.25 23.70965937823854 22.95241456444507
434.75 23.70717459904342 22.949751754872466
435.24999999999994 23.704690681378434 22.94709816204772
435.75 23.70223858656077 22.944461825792636
436.25 23.69980797612651 22.941825531332203
436.74999999999994 23.69737773260299 22.93920230561728
437.25 23.694954676302174 22.93659124611556
437.75 23.692564834326877 22.933983409604608
438.24999999999994 23.69018448027985 22.931385182225
438.75 23.687813288228554 22.928793892257975
439.25 23.68548450488623 22.926218970669467
439.74999999999994 23.68313861850092 22.923637013132193
440.25 23.68084309073122 22.921086659699135
440.75 23.678517500513347 22.918529347336477
441.24999999999994 23.67623105670408 22.915978151743527
441.75 23.673968761357564 22.9134425812588
442.25 23.671697377531714 22.910914982807054
442.74999999999994 23.669464760255167 22.908393516610467
443.25 23.667234959942938 22.90588198389007
443.75 23.665021781316064 22.903376575771283
444.24999999999994 23.662810524547822 22.900877464981548
444.75 23.660643083091518 22.89839326295477
445.25 23.658451797157003 22.89591108976884
445.74999999999994 23.65630632847626 22.893431587573218
446.25 23.654180177457114 22.89096880405944
446.75 23.65205890543924 22.88851182569522
447.24999999999994 23.649928990809627 22.886064496343273
447.75 23.647840378447924 22.88363112852709
448.25 23.64575517317158 22.881193692754422
448.74999999999994 23.643687844770938 22.878773826355538
449.25 23.641641585103265 22.876353036666313
449.75 23.6396004398423 22.87394673256462
450.24999999999994 23.63758234616224 22.871551950068678
450.75 23.63556303952781 22.869154340580515
451.25 23.63357584865884 22.86676676006335
451.74999999999994 23.631595677492182 22.864393163226843
452.25 23.62963011619993 22.862020078007884
452.75 23.627687045820387 22.85965107009101
453.24999999999994 23.625747769745644 22.857307109136542
453.75 23.623824679667052 22.85495870434464
454.25 23.621910167735546 22.852609899909673
454.74999999999994 23.620024753528924 22.850287075665147
455.25 23.61813207345503 22.847961469404268
455.75 23.616261349552023 22.84563928700146
456.24999999999994 23.61442883027228 22.843328586950044
456.75 23.61258574745925 22.841025987814962
457.25 23.61075518780424 22.838734931760854
457.74999999999994 23.608950624683445 22.8364465912248
458.25 23.607132800455503 22.834164200200785
458.75 23.605365646695134 22.83189135446829
459.24999999999994 23.603585137530988 22.829625483067822
459.75 23.601845433456795 22.827365575535424
460.25 23.600094929465413 22.82511259961247
460.74999999999994 23.598371024903038 22.822866130511965
461.25 23.59666812148747 22.820629082031147
461.75 23.594968646690305 22.81839456259147
462.24999999999994 23.593281842890896 22.81618185330885
462.75 23.591612481391962 22.81396461560699
463.25 23.58995386068553 22.811749070421513
463.74999999999994 23.588303837246624 22.80954814814258
464.25 23.58667042476346 22.80735302563894
464.75 23.585039678635628 22.805169744418556
465.24999999999994 23.5834493682362 22.8029793250313
465.75 23.58185255587722 22.80081137989356
466.25 23.58028740590302 22.798649341409018
466.74999999999994 23.57872282758935 22.79648584087178
467.25 23.577169852844825 22.794328632700523
467.75 23.57564607295639 22.79218038597125
468.24999999999994 23.574117421069882 22.79004398788397
468.75 23.5726117833131 22.787906672814874
469.25 23.571119333566102 22.785769188625128
469.74999999999994 23.569638563764784 22.783652919857293
470.25 23.56816245326439 22.781547827872277
470.75 23.566705103048044 22.779432114901436
471.24999999999994 23.565253416998605 22.77733099362395
471.75 23.563819354641407 22.775229983255304
472.25 23.562388325303413 22.773144156623985
472.74999999999994 23.56097584521106 22.77105150929669
473.25 23.559575009932136 22.76897877045963
473.75 23.558180468931326 22.766910737530477
474.24999999999994 23.556795831288536 22.764837833008965
474.75 23.555427944525032 22.762782992711333
475.25 23.554066321272558 22.760735362699123
475.74999999999994 23.552725004615603 22.758684763488954
476.25 23.551401940620448 22.7566401970575
476.75 23.55006695447861 22.754604078608722
477.24999999999994 23.548751016581562 22.752574482156902
477.75 23.547460744998578 22.750550341982162
478.25 23.546170179223115 22.748529776133726
478.74999999999994 23.54488813339351 22.74651336951174
479.25 23.543629691587565 22.744514864366316
479.75 23.542364490442726 22.74250671778182
480.24999999999994 23.54111729643836 22.740517572262725
480.75 23.539896717070743 22.738525684347547
481.25 23.538671258567447 22.73655088758865
481.74999999999994 23.537450011968282 22.734563314935087
482.25 23.53625952434298 22.732591868705093
482.75 23.535079631598528 22.730628003786343
483.24999999999994 23.53389547352655 22.728676200430442
483.75 23.532744729988245 22.726724525757284
484.25 23.531591054055554 22.72477241681756
484.74999999999994 23.53043939433807 22.722833015851556
485.25 23.529318492948473 22.720896598017163
485.75 23.528199517363348 22.718964486658386
486.24999999999994 23.5270871198674 22.717040681303864
486.75 23.525990429345796 22.71511493690941
487.25 23.52491698924506 22.71319770990476
487.74999999999994 23.52384105535361 22.711300944627343
488.25 23.522782433373287 22.70939531434707
488.75 23.521745426031366 22.70749384696166
489.25 23.52070625323335 22.70559803709636
489.75 23.51968880943129 22.703717259592793
490.25 23.51867191339406 22.70184508643633
490.75 23.517676760496844 22.699971940528467
491.25 23.51668498441533 22.698110027281565
491.75 23.51571549606421 22.69623456130911
492.25 23.514746090339443 22.694385380660563
492.75 23.51377855399216 22.692525188282907
493.25 23.51285621397664 22.690682110561077
493.75 23.511919986551852 22.688844188773327
494.25 23.511010575267633 22.6870017232104
494.75 23.510095031979482 22.68517398422265
495.25 23.509209211680904 22.683356862425683
495.75 23.50832222887551 22.681537153083653
496.25 23.50746430281007 22.679727412278034
496.75 23.506597544749678 22.67791554817102
497.25 23.50576556036593 22.676116280949103
497.75 23.504916274104882 22.674318756907898
498.25 23.504100095154644 22.672527355668116
498.75 23.50329435244973 22.670747065774776
499.25 23.50249823127262 22.66895991201111
499.75 23.5017093193502 22.667187197765834
500.25 23.500938333665886 22.66541602828598
500.75 23.50018137690845 22.66364891322518
501.25 23.499447699996242 22.66189924843379
501.75 23.498706546247345 22.660147984794566
502.25 23.497971290652508 22.658387727934993
502.75 23.49727310107671 22.656654790672842
503.25 23.496567302346833 22.654918852437387
503.75 23.49587680874731 22.653186703724636
504.25 23.495213215292225 22.651461450354876
504.75 23.494553263391765 22.649736154537553
505.25 23.493901565542377 22.648024238613274
505.75 23.49326204911136 22.646308877250757
506.25 23.492640183024562 22.644601642245796
506.75 23.492036377181435 22.642906786024184
507.25 23.49143833088432 22.641212127622914
507.75 23.49084712487029 22.63951990228033
508.25 23.490280610539436 22.63782929549751
508.75 23.489722809885837 22.636147625802103
509.25 23.48918345934996 22.634465626043756
509.75 23.48865184312025 22.6327989938321
510.25 23.488134966918167 22.631134382327428
510.75 23.48761934472334 22.629460133899528
511.25 23.487128555624423 22.627806819187157
511.75 23.48665920869488 22.626150409874395
512.25 23.48619381567165 22.624491861133595
512.75 23.485732827847237 22.622850767792787
513.25 23.485289835282124 22.621200526119992
513.75 23.48485828393973 22.619572295479323
514.25 23.484433606242696 22.61792834221363
514.75 23.4840385986034 22.61630295694586
515.25 23.48364065202204 22.614671015697127
515.75 23.483264560865603 22.613050821347905
516.25 23.48289400957085 22.611433714832803
516.75 23.482523132690922 22.609820014016748
517.25 23.48219011090299 22.608217020904036
517.75 23.48186000064096 22.606608441545152
518.25 23.48152686660461 22.605015279405688
518.75 23.48122277015782 22.60342273333263
519.25 23.480924526128184 22.601836183089205
519.75 23.48062790222035 22.60024443606788
520.25 23.480351354634927 22.59866371797999
520.75 23.48007965583915 22.59708225629367
521.25 23.47983053016798 22.595519313537572
521.75 23.479577577402374 22.5939459165161
522.25 23.479342903612114 22.592383721658923
522.75 23.4791124430086 22.590834555195855
523.25 23.478903685308246 22.58927486709893
523.75 23.478690317688304 22.587733711093737
524.25 23.478505389471454 22.586184242543613
524.75 23.47832700563776 22.584643362445842
525.25 23.478137809559264 22.583109049739324
525.75 23.477978009626476 22.58158436681454
526.25 23.477822124372402 22.5800577760555
526.75 23.47767503958885 22.578533485224817
527.25 23.477534750415177 22.577026043273452
527.75 23.477412976402476 22.575514617320117
528.25 23.477302513930344 22.574003671205645
528.75 23.477194360187443 22.572507264065855
529.25 23.477094372572115 22.5710116206421
529.75 23.477003509916244 22.56951959890013
530.25 23.476923933681046 22.56802894934118
530.75 23.476849430734987 22.566549387576597
531.25 23.476788553611247 22.565070795416165
531.75 23.476726439261807 22.56359963201674
532.25 23.47668718646694 22.562127788009004
532.75 23.476655684460134 22.560672744158058
533.25 23.476616879399717 22.5592054585964
533.75 23.47660355284439 22.557753557733236
534.25 23.476597740791256 22.55631438346613
534.75 23.476584656696883 22.554865650378893
535.25 23.476589525929054 22.55342202225307
535.75 23.47659795089789 22.55200274067912
536.25 23.47662042804913 22.550571619040305
536.75 23.47664878046329 22.549139510469587
537.25 23.47669305480235 22.54772497937125
537.75 23.47671763458248 22.54630931632078
538.25 23.476785664562488 22.54490315614043
538.75 23.476820274371057 22.543504964415956
539.25 23.476897109543874 22.5421037483166
539.75 23.476968646492487 22.540714850744745
540.25 23.47705106868011 22.539327278401608
540.75 23.477130199510622 22.5379380307159
541.25 23.47722596781044 22.536562525411917
541.75 23.47732623070518 22.535187266754395
542.25 23.477423192415383 22.5338174580895
542.75 23.477540804524995 22.53246020351539
543.25 23.477657932130334 22.53109858957375
543.75 23.47779429786655 22.52974585919724
544.25 23.477915535616667 22.5283936982323
544.75 23.478047586940512 22.527059191447517
545.25 23.4782056900601 22.52571961324566
545.75 23.478357287366656 22.524388581619768
546.25 23.478536487021323 22.523050757876852
546.75 23.47871536509883 22.521723987990896
547.25 23.478911514284768 22.52040712825963
547.75 23.479129240226165 22.519083328489707
548.25 23.479355232059657 22.51777134762506
548.75 23.479592124425082 22.516457202182014
549.25 23.47984132863594 22.51514711960447
549.75 23.480115165262045 22.513844509743702
550.25 23.480376340659987 22.51254171078763
550.75 23.480667898130463 22.511241163428405
551.25 23.48095132935823 22.509946852107298
551.75 23.481265165458858 22.508652092702892
552.25 23.48159013485215 22.50737138795611
552.75 23.481916160425094 22.506090353186764
553.25 23.48226042277033 22.504811318201583
553.75 23.482618564388858 22.503532011861864
554.25 23.48298120151522 22.502259468578536
554.75 23.483349242688902 22.500991691505906
555.25 23.483726385976272 22.499732709858257
555.75 23.484132282337363 22.49846885792108
556.25 23.48453285392614 22.49721294080119
556.75 23.484934012512294 22.49596585563324
557.25 23.485357745487487 22.494719649663224
557.75 23.485783271147625 22.49347343358403
558.25 23.486227221729283 22.492232364349213
558.75 23.486658304096263 22.49099984281365
559.25 23.487129186216997 22.489777230535605
559.75 23.48757850941862 22.488542618262606
560.25 23.488054493377575 22.487321011499816
560.75 23.4885253113801 22.486103549447286
561.25 23.489020218139864 22.484891994630498
561.75 23.48951733165964 22.483685484408138
562.25 23.49001003325573 22.482480060869925
562.75 23.49050533287462 22.481282410848795
563.25 23.49102474123399 22.480083025132753
563.75 23.49155366062213 22.47889136876187
564.25 23.492067949134633 22.477706104819624
564.75 23.492597674199423 22.476519545324592
565.25 23.493137845988116 22.475343824109064
565.75 23.49367641251854 22.474175667499363
566.25 23.494222843141234 22.473008343938492
566.75 23.494781198972756 22.471832013838167
567.25 23.49534597675602 22.470682433011756
567.75 23.49591305219606 22.469525114460257
568.25 23.496475659448222 22.46836921519375
568.75 23.497041170319378 22.467224992096412
569.25 23.49761579397956 22.466077533883837
569.75 23.498195059731874 22.464948277160698
570.25 23.498777711691385 22.463818336743294
570.75 23.49936313001465 22.46268654046185
571.25 23.49995101683851 22.461568911192835
571.75 23.50053848431534 22.46045066958665
572.25 23.501141320384242 22.459336388490208
572.75 23.50173599415057 22.458234157381796
573.25 23.502334785097815 22.457133603135446
