FastTrWP/PhaseSpace/IAs/snIa_0.41_30.00_0.92_0.24.csv
# %ECSV 0.9
# ---
# datatype:
# - {name: time-rel, datatype: float64}
# - {name: g, datatype: float64}
# - {name: i, datatype: float64}
# schema: astropy-2.0
time-rel g i
[from data line 1078]
135.0 23.557315710949453 22.11698520159579
135.5 23.558243342963834 22.11698795201412
136.0 23.55917871903783 22.116996321745965
136.5 23.56010862611832 22.117000928689848
137.0 23.56103662488095 22.117009812466634
137.5 23.561975073071643 22.11701693790557
138.0 23.562904150430747 22.117030226547296
138.5 23.563851423427135 22.117041334655795
139.0 23.564787481513427 22.117054169440166
139.5 23.565711580030275 22.117066650386313
140.0 23.566658170288477 22.117078020198537
140.5 23.56759075852753 22.117093225681582
141.0 23.568515450603485 22.11710766705253
141.5 23.56947101629112 22.11713020818449
142.0 23.570410097963006 22.117137446872203
142.5 23.571354768484227 22.11716645425673
143.0 23.572291090710692 22.117184359333347
143.5 23.57322387627721 22.11720461979931
144.0 23.574171875426394 22.11722716155707
144.5 23.575099909811517 22.117255436644825
145.0 23.576045480785798 22.117272538436264
145.5 23.576988649666383 22.117299913600128
146.0 23.57792602477089 22.11732555613405
146.5 23.578857975309372 22.1173521588489
147.0 23.57980560889907 22.117376044528683
147.5 23.58075112871727 22.117404658487608
148.0 23.581666075179754 22.117436858101026
148.5 23.582626186988346 22.117463401027813
149.0 23.583559058297688 22.117492564999953
149.5 23.584495825743588 22.11752767048813
150.0 23.58544279195638 22.117563182625155
150.5 23.586380546709933 22.117597140582784
151.0 23.587324602465408 22.11763101691269
151.5 23.588277816274413 22.117671984751972
152.0 23.589219056094887 22.117706569271625
152.5 23.59017029229237 22.117751556237188
153.0 23.591119697731763 22.117788700543322
153.5 23.59207216483371 22.117830153443975
154.0 23.59302362423563 22.117875151179554
154.5 23.593977994093546 22.11792464461694
155.0 23.59492615492848 22.11797280859563
155.5 23.59588858780478 22.118016770402612
156.0 23.596852894268096 22.118068128732457
156.5 23.597805324983607 22.11812535978809
157.0 23.598759064608373 22.1181718190553
157.5 23.5997157181627 22.118229478857035
158.0 23.60068382065124 22.118279094265386
158.5 23.601644340093664 22.118339385649968
159.0 23.602616125681635 22.118388987978996
159.5 23.60357213813852 22.118455755643968
160.0 23.604541302860333 22.118514432406382
160.5 23.60550926844388 22.11857199869619
161.0 23.60646705727452 22.11864029145311
161.5 23.607440682212015 22.118697710988098
162.0 23.608418933994045 22.118766320387024
162.4999999999999 23.60937500229747 22.11883084759362
163.0 23.61036336079488 22.11890405099038
163.5 23.611354420271745 22.11896976743088
163.9999999999999 23.612319666653644 22.11904008968993
164.5 23.613294738479482 22.119113409107154
165.0 23.61426887973768 22.119186029952193
165.4999999999999 23.615254959750782 22.119263799812835
166.0 23.61622702790156 22.119334190499362
166.5 23.61719737704202 22.119410959438454
166.9999999999999 23.618190422652315 22.119492491483314
167.5 23.61917085424642 22.119571406271028
168.0 23.6201514358684 22.119649169429685
168.4999999999999 23.621139016818592 22.119727852796487
169.0 23.622130089700914 22.11981527032829
169.5 23.62311816699996 22.119895680109998
169.9999999999999 23.62409680550776 22.119985638869927
170.5 23.62509143141523 22.12006945110248
171.0 23.62607799376283 22.120158424470976
171.4999999999999 23.627075296067957 22.120248637041307
172.0 23.628065947716888 22.12033549655058
172.5 23.629055554676135 22.120425561135796
172.9999999999999 23.630047807033442 22.1205200522623
173.5 23.631045088688897 22.120613282241788
174.0 23.63203862343321 22.120708065817727
174.4999999999999 23.633040247739793 22.120808307088762
175.0 23.63403839866094 22.120902802603496
175.5 23.63502802906734 22.121008291656562
175.9999999999999 23.636034506769278 22.121101345211827
176.5 23.637030108420383 22.121203922818708
177.0 23.63803731761044 22.121303019521562
177.4999999999999 23.63904550655846 22.1214078235706
178.0 23.64003382276445 22.121518517901244
178.5 23.64104722279746 22.12161720221463
178.9999999999999 23.642062680746893 22.12172818244526
179.5 23.643061874988156 22.121835753466964
180.0 23.64406699775458 22.121943121636725
180.4999999999999 23.64507001180051 22.122052398537235
181.0 23.64608953312555 22.12215779310917
181.5 23.647081570348632 22.122278094143635
181.9999999999999 23.648087767122146 22.122393327536148
182.5 23.649113007495824 22.122504126483516
183.0 23.650119497745173 22.122617400112553
183.4999999999999 23.6511409640077 22.122740094047266
184.0 23.652146226168473 22.12285491421502
184.5 23.65317528504548 22.122972839314194
184.9999999999999 23.654194041117673 22.123100412387394
185.5 23.655221091137484 22.123222597960314
186.0 23.656239651321712 22.123348464259088
186.4999999999999 23.657246311950466 22.123470169459413
187.0 23.65827623615218 22.123601109463344
187.5 23.659297331735733 22.123725967731
187.9999999999999 23.66032229249768 22.123855658212737
188.5 23.661348803608952 22.123986239453597
189.0 23.662368103484283 22.124115220882288
189.4999999999999 23.663407035902377 22.12424777057482
190.0 23.664434480128826 22.12438302427849
190.5 23.665468655299907 22.124516243537194
190.9999999999999 23.666498913433234 22.124655764657497
191.5 23.667532365435434 22.124797720661867
192.0 23.668560456890848 22.124929835268873
192.4999999999999 23.669590610849085 22.125076364765807
193.0 23.670628311900437 22.125214990907214
193.5 23.671674480658847 22.125357829325708
193.9999999999999 23.672709908530987 22.125506958014842
194.5 23.67375743535508 22.12565687697033
195.0 23.67478818398174 22.12579860952033
195.4999999999999 23.6758325754098 22.125944234810152
196.0 23.676876890558884 22.126094138428897
196.5 23.677916432759293 22.12624494680966
196.9999999999999 23.678957262061026 22.126396258276525
197.5 23.680006974826846 22.12654664094714
198.0 23.681056415039293 22.12670453784248
198.4999999999999 23.682101361297917 22.12685571196433
199.0 23.68314630832099 22.127008421229807
199.5 23.684198690295236 22.127177793768105
199.9999999999999 23.685240343519553 22.127329176035353
200.5 23.686311101018983 22.127495333896995
201.0 23.687356784638585 22.12765459412474
201.4999999999999 23.688416904986077 22.12781641292491
202.0 23.689459464914524 22.12797239856602
202.5 23.69053080595478 22.128140510443103
202.9999999999999 23.691583087152125 22.128301577981503
203.5 23.692630039443646 22.128476354507157
204.0 23.69369160601696 22.128644432060277
204.4999999999999 23.694760472990954 22.128811747774925
205.0 23.695826235447235 22.128979773362687
205.5 23.696891634352575 22.12915915115741
205.9999999999999 23.69795404906727 22.12932932171961
206.5 23.69901275836529 22.129503674514794
207.0 23.70007959502397 22.129674337946025
207.4999999999999 23.70115006813547 22.129853811819665
208.0 23.70222710853982 22.130033396428786
208.5 23.70329124216478 22.130205121949473
208.9999999999999 23.70434297458154 22.130394147022557
209.5 23.705426535768716 22.13057077651996
210.0 23.706501638422303 22.130750821744346
210.4999999999999 23.7075606523538 22.130932743926582
211.0 23.708641334757864 22.131117672856128
211.5 23.709715486630486 22.131299649759324
211.9999999999999 23.710789423193756 22.131492634019008
212.5 23.71186204263164 22.131674269031958
213.0 23.712945101706474 22.13187196158501
213.4999999999999 23.714007492961127 22.132057241206617
214.0 23.715096079440126 22.132242940635205
214.5 23.716179315459645 22.13244302120343
214.9999999999999 23.717261822884097 22.132636501165635
215.5 23.718335756663947 22.13282486130295
216.0 23.719407269363217 22.133021274775956
216.4999999999999 23.720497336669013 22.133214548346785
217.0 23.721579237208342 22.133412550455375
217.5 23.722665501290372 22.133615525315737
217.9999999999999 23.72375743525708 22.133810982481293
218.5 23.72484844115612 22.134009732382196
219.0 23.725941973276996 22.134208250997325
219.4999999999999 23.727022178656792 22.134416629038775
220.0 23.728123680245595 22.134613760704358
220.5 23.729211351361283 22.134818406270703
220.9999999999999 23.730303334132657 22.13502557434945
221.5 23.731386807978744 22.13523217790948
222.0 23.732488756268694 22.135438407139787
222.4999999999999 23.73359408699811 22.135647157685412
223.0 23.734691007912918 22.1358533022882
223.5 23.73577627216536 22.136067648550313
223.9999999999999 23.736886924126406 22.136283106811693
224.5 23.737992784915683 22.136494846698405
225.0 23.739097985712505 22.13670687866227
225.4999999999999 23.740205890625834 22.13692006515945
226.0 23.741297622997095 22.137143478714837
226.5 23.742418653122243 22.137354427358456
226.9999999999999 23.743514208798008 22.13756809221874
227.5 23.744625141095383 22.137792894178936
228.0 23.745736026636433 22.138012388285905
228.4999999999999 23.746850913787682 22.13824024307342
229.0 23.747959950481853 22.138456349113437
229.5 23.74908076694771 22.138682938866125
229.9999999999999 23.750179044545373 22.13891045183242
230.5 23.751296140680672 22.13913853784178
231.0 23.752416496772053 22.139369442232464
231.4999999999999 23.753533545182396 22.13960004082829
232.0 23.75464596843072 22.13982390410148
232.5 23.755764890014845 22.14005581659675
232.9999999999999 23.756880362986912 22.140296252755217
233.5 23.758011592342662 22.140534788725226
234.0 23.759124290412565 22.140766023674505
234.4999999999999 23.760245795828308 22.141003238095838
235.0 23.761378511558704 22.141235547487824
235.5 23.762500108007018 22.14147955672533
235.9999999999999 23.763631716707145 22.141725257349588
236.5 23.764746846602076 22.14196579106662
237.0 23.765872717128108 22.14220949885607
237.4999999999999 23.767004750964364 22.142456087369226
238.0 23.768124279219993 22.14270294432564
238.5 23.769261566148906 22.142956106711967
238.9999999999999 23.7703980574403 22.143202745988177
239.5 23.771528263734496 22.14345651903344
240.0 23.77266013365721 22.14370819505506
240.4999999999999 23.77379044676832 22.143958427432295
241.0 23.774934574593697 22.144215849841796
241.5 23.776064696235988 22.144477340943148
241.9999999999999 23.777202818908055 22.144731858245432
242.5 23.7783272026789 22.144995548282886
243.0 23.779472967221555 22.14525284650756
243.4999999999999 23.780611828700216 22.145518390698072
244.0 23.781760071275198 22.145788215757864
244.5 23.782897819882983 22.146051792431386
244.9999999999999 23.784034416680733 22.1463184920761
245.5 23.78518152050386 22.146589656725475
246.0 23.786322194728996 22.146860036835513
246.4999999999999 23.78746279206662 22.14713222593246
247.0 23.78861293531056 22.147410547434813
247.5 23.789758649880007 22.147689583289782
247.9999999999999 23.790899754085878 22.14796888356734
248.5 23.792048095346367 22.148242894277097
249.0 23.793197914335906 22.148528530156035
249.4999999999999 23.794348373441316 22.14880938318588
250.0 23.795504861973296 22.149096580744143
250.5 23.79663927200886 22.149380545660712
250.9999999999999 23.797794785643532 22.14966692873571
251.5 23.798954478737706 22.14996019518265
252.0 23.800112748471292 22.150247687843923
252.4999999999999 23.801261864407913 22.150541107837377
253.0 23.80241776492891 22.150833356697408
253.5 23.803569751898685 22.151130556587027
253.9999999999999 23.80472089059208 22.15142466979549
254.5 23.805896293127297 22.15172228052559
255.0 23.807036429948965 22.15202686827045
255.4999999999999 23.808192180792027 22.15232791497079
256.0 23.809358783689397 22.152630588646787
256.5 23.810522841509496 22.152929214006857
256.9999999999999 23.81168509378955 22.153240169904343
257.5 23.81285167117226 22.153546019809255
258.0 23.814023501633915 22.153851309503803
258.4999999999999 23.81519042401836 22.154157046009956
259.0 23.8163534572205 22.154477126682846
259.5 23.817516521683494 22.1547887394204
259.9999999999999 23.818679109350583 22.15510726296632
260.5 23.819860759908007 22.15541878885212
261.0 23.821028945649463 22.155740792384147
261.4999999999999 23.822194778221537 22.156056581682147
262.0 23.82336455236688 22.156379041712487
262.5 23.824534390872376 22.15670133848933
262.9999999999999 23.82572897803174 22.157020168738057
263.5 23.826897570816712 22.157343972970686
264.0 23.828074066500534 22.15767626815243
264.4999999999999 23.82925865271855 22.158004125646336
265.0 23.830425626942116 22.158334363522926
265.5 23.83161513219259 22.158663553049365
265.9999999999999 23.832790105381466 22.158993112834686
266.5 23.833984137433923 22.159328279252925
267.0 23.83516287937153 22.15966684393132
267.4999999999999 23.836333486676953 22.15999870896326
268.0 23.837531395735652 22.160338458341275
268.5 23.838704305160956 22.160681963159018
268.9999999999999 23.839898157310735 22.161023322915465
269.5 23.84108870894654 22.161367106354433
270.0 23.842269193510525 22.161709243582717
270.4999999999999 23.843455073672985 22.162052879910963
271.0 23.844653374178794 22.162393052115263
271.5 23.845848362482784 22.16275029164305
271.9999999999999 23.84703393418333 22.163098296148952
272.5 23.848221111423477 22.163453432559255
273.0 23.84943166436662 22.16380501062307
273.4999999999999 23.850629966548013 22.164156859298195
274.0 23.8518161394482 22.164515429468658
274.5 23.853012724432453 22.164877810506447
274.9999999999999 23.85422019089511 22.165230303690194
275.5 23.85540733964948 22.165597789500865
276.0 23.856618915670037 22.165951579138145
276.4999999999999 23.85781151905812 22.166318455536352
277.0 23.85902426349251 22.166675630333298
277.5 23.860221477247585 22.167048495038678
277.9999999999999 23.861435512821977 22.167413915975093
278.5 23.86263273192047 22.16778710090931
279.0 23.86383072157406 22.16815182461374
279.4999999999999 23.865027633475822 22.168524555529565
280.0 23.86626347200304 22.168899856876017
280.5 23.867478768755916 22.16927138154074
280.9999999999999 23.86866784340516 22.169653397644083
281.5 23.869875130378276 22.1700298969297
282.0 23.871082280388705 22.170408572924714
282.4999999999999 23.872304123905884 22.170785227021632
283.0 23.873512594452304 22.171170721347742
283.5 23.87473304712494 22.171555467456376
283.9999999999999 23.875948690266352 22.17193364372956
284.5 23.877169707546486 22.172322006661624
285.0 23.87838997361435 22.1727123961297
285.4999999999999 23.8796104452323 22.173097243742287
286.0 23.880832178794105 22.173494276883684
286.5 23.882040688236472 22.173885267236052
286.9999999999999 23.883277425833175 22.17428229618681
287.5 23.884481638590177 22.174674813784808
288.0 23.885705777642134 22.175080497502474
288.4999999999999 23.88693456248717 22.175466250026812
289.0 23.88815940514067 22.175875202898524
289.5 23.889385858601983 22.176279641431446
289.9999999999999 23.890610289547944 22.176675406521206
290.5 23.891844096319737 22.17708599336057
291.0 23.893067584708525 22.177496672164185
291.4999999999999 23.89429410178868 22.177905844924965
292.0 23.895542623049614 22.17831060420806
292.5 23.89677173637349 22.178726026364117
292.9999999999999 23.897999559967364 22.179138084563995
293.5 23.89924127953691 22.179552611476687
294.0 23.90047648484358 22.17996842896399
294.4999999999999 23.90170592357585 22.180384122292757
295.0 23.902936971434094 22.180808911260907
295.5 23.904177176134546 22.18122252889046
295.9999999999999 23.90543042923202 22.181649183313247
296.5 23.906675325912058 22.18207298792793
297.0 23.907910919977112 22.18249756880255
297.4999999999999 23.909148187373145 22.182926588733245
298.0 23.91040027335213 22.183350349304227
298.5 23.911637220764984 22.183785516075154
298.9999999999999 23.912891175256302 22.18421870304026
299.5 23.91414111365833 22.18464840272628
300.0 23.915391076821763 22.18508679877866
300.4999999999999 23.91662825426032 22.18552030830792
301.0 23.917890738398 22.18595899976239
301.5 23.919143742585995 22.186406802058933
301.9999999999999 23.920391478105273 22.18683610027925
302.5 23.921649170514065 22.18727656013138
303.0 23.922897959499924 22.187721770465046
303.4999999999999 23.924160336019007 22.18816380213103
304.0 23.925419132614188 22.18862157061592
304.5 23.926676050287643 22.18906503104939
304.9999999999999 23.927932745569052 22.189511663792487
305.5 23.9292024261812 22.18996251801577
