FastTrWP/PhaseSpace/IAs/snIa_0.51_30.00_0.49_0.03.csv
# %ECSV 0.9
# ---
# datatype:
# - {name: time-rel, datatype: float64}
# - {name: g, datatype: float64}
# - {name: i, datatype: float64}
# schema: astropy-2.0
time-rel g i
147.70833333333334 26.986862783172857 24.966612590497697
148.20833333333334 26.969206805077512 24.95811935579284
148.70833333333334 26.95184323397425 24.94970264263895
149.20833333333334 26.93458337798335 24.941291209893862
149.70833333333334 26.917532225213264 24.932909027988266
150.20833333333334 26.90070793291933 24.924589635818577
150.70833333333334 26.883961638932856 24.916315489539095
151.20833333333334 26.867466544357033 24.90806085455929
151.70833333333334 26.85114284357293 24.89984382385191
152.20833333333334 26.834746964057487 24.891659340221693
152.70833333333334 26.81864815066612 24.883486491320316
153.20833333333334 26.802537120657117 24.87532495898955
153.70833333333334 26.78666172284478 24.86717411139566
154.20833333333334 26.770884931588384 24.859089700120144
154.70833333333334 26.755161979705374 24.85098724146997
155.20833333333334 26.73957655108495 24.84295570283804
155.70833333333334 26.724130965393886 24.8349177876168
156.20833333333334 26.708744661631126 24.82688355924319
156.70833333333334 26.69354326904903 24.818894056944597
157.20833333333334 26.67838482318001 24.810944183800217
157.70833333333334 26.6633516293432 24.802997526283654
158.20833333333334 26.648513126169384 24.79507680866247
158.70833333333334 26.63366506632935 24.787208926102196
159.20833333333334 26.618962168543607 24.779325053827606
159.70833333333334 26.604354148593732 24.771501093206417
160.20833333333334 26.589863632794476 24.763690491797977
160.70833333333334 26.57546590244806 24.755913223168537
161.20833333333334 26.561206652538996 24.74813909217609
161.70833333333334 26.547008025203848 24.740406903215302
162.20833333333334 26.53296689039657 24.73269896990749
162.70833333333334 26.51902235760889 24.724997551761994
163.20833333333334 26.505104197614262 24.71734817115246
163.70833333333334 26.49139289636453 24.70971815967602
164.20833333333334 26.47773356707646 24.70212550468473
164.70833333333334 26.464147077588557 24.694525732428943
165.20833333333334 26.450649845683895 24.686993370827075
165.70833333333334 26.43725470810349 24.679459025313946
166.20833333333334 26.424008021890735 24.671966280004934
166.70833333333334 26.41082227774655 24.66449701149182
167.20833333333334 26.397749030950166 24.657057627685276
167.70833333333334 26.384742693627214 24.649627816006152
168.20833333333331 26.371806912779366 24.642239943544038
168.70833333333334 26.359075303539733 24.634882989664774
169.20833333333334 26.346315067321427 24.62755187576732
169.70833333333331 26.333690795252664 24.620252213273496
170.20833333333334 26.321095536013562 24.612948286105567
170.70833333333334 26.308684362746355 24.605692497634223
171.20833333333331 26.296298220302422 24.598473117727586
171.70833333333334 26.284015359189866 24.591262778290105
172.20833333333334 26.27182845238653 24.584081006463446
172.70833333333331 26.259740978593967 24.576939234591002
173.20833333333334 26.24773582923521 24.569839941750267
173.70833333333334 26.235774741708077 24.562741450830256
174.20833333333331 26.223925090985738 24.555688728868915
174.70833333333334 26.21215626223762 24.54862893360772
175.20833333333334 26.20047793896334 24.541626121137195
175.70833333333331 26.1888845980797 24.534638203329465
176.20833333333334 26.17734435238093 24.527703024269236
176.70833333333334 26.165861994793516 24.52077621687852
177.20833333333331 26.154530415721254 24.513871097753285
177.70833333333334 26.143213718650284 24.50698859455878
178.20833333333334 26.13199970846821 24.500130678935307
178.70833333333331 26.120933374181572 24.493321641073685
179.20833333333334 26.109870371105252 24.486537132864356
179.70833333333334 26.09886296937588 24.47976366326214
180.20833333333331 26.087958764944645 24.473033068740012
180.70833333333334 26.077091390818925 24.466323070780906
181.20833333333334 26.066357973459667 24.459649075586984
181.70833333333331 26.05565548203314 24.453008116281644
182.20833333333334 26.045060074439963 24.446377858524265
182.70833333333334 26.034503170379764 24.439773429733616
183.20833333333331 26.024069813606857 24.433188729795635
183.70833333333334 26.013661536462827 24.426641516503768
184.20833333333334 26.003333907074445 24.420135314788105
184.70833333333331 25.993062042748978 24.413640183279632
185.20833333333334 25.982872487915373 24.407178590412236
185.70833333333334 25.97276432785989 24.400727714636467
186.20833333333331 25.962689641244747 24.39431781534815
186.70833333333334 25.952707365871376 24.387947534820114
187.20833333333334 25.942786990623805 24.38157825174062
187.70833333333331 25.93295279618356 24.37524419121619
188.20833333333334 25.923155018654313 24.368925264699264
188.70833333333334 25.913388367632155 24.362638777117105
189.20833333333331 25.90365915994952 24.35633259987306
189.70833333333334 25.893971743122513 24.350056176300285
190.20833333333334 25.884379438199105 24.34378769050506
190.70833333333331 25.874781557908264 24.337555417965504
191.20833333333334 25.865278564717865 24.33130923577963
191.70833333333334 25.855814135330508 24.325113954050703
192.20833333333331 25.84639441580964 24.31891533806773
192.70833333333334 25.837041865018602 24.312741501043963
193.20833333333334 25.827688839551158 24.30657965250866
193.70833333333331 25.818429844115833 24.300425731633585
194.20833333333334 25.809162284707288 24.294300094859928
194.70833333333334 25.799978322921525 24.28819761801083
195.20833333333331 25.79082530192772 24.282117825459455
195.70833333333334 25.781716451529736 24.276023125090337
196.20833333333334 25.772667850487014 24.2699833669919
196.70833333333331 25.763648941880454 24.263941906000476
197.20833333333334 25.754690250258548 24.25791531238778
197.70833333333334 25.74574974267744 24.25190866621363
198.20833333333331 25.73688628664573 24.245932152745453
198.70833333333334 25.728023202382957 24.239969682563867
199.20833333333334 25.71921166601914 24.23402393560242
199.70833333333331 25.710489311317126 24.228086394904288
200.20833333333334 25.701799749953796 24.222198336595937
200.70833333333334 25.693088019142834 24.216304895415174
201.20833333333331 25.684484593238672 24.210439547003574
201.70833333333334 25.675878792467497 24.204581723261526
202.20833333333334 25.66733282107885 24.198761440326052
202.70833333333331 25.65886236022536 24.19294619987432
203.20833333333334 25.65040141952803 24.18714987602632
203.70833333333334 25.6419600200175 24.18138602233139
204.20833333333331 25.633596484573108 24.175643137665794
204.70833333333334 25.625198787138768 24.169904618746727
205.20833333333334 25.616947802938178 24.164192035695066
205.70833333333331 25.608666339263493 24.158505935170858
206.20833333333334 25.60043826956035 24.15284119981748
206.70833333333334 25.592266263829533 24.147182187959118
207.20833333333331 25.584111287519455 24.141567731020046
207.70833333333334 25.576031646594796 24.1359546341976
208.20833333333334 25.56795760320234 24.13036838881943
208.70833333333331 25.559913610151533 24.124791152962715
209.20833333333334 25.55191213269692 24.11925168816761
209.70833333333334 25.543979796124468 24.11373800963604
210.20833333333331 25.536082967182267 24.1082313671297
210.70833333333334 25.528197470830428 24.102749092926143
211.20833333333334 25.520341135367325 24.09727742383623
211.70833333333331 25.51254843217285 24.091840432489178
212.20833333333334 25.50473532489244 24.086431478922915
212.70833333333334 25.49704792405017 24.081030709595808
213.20833333333331 25.489329098617276 24.075645731120723
213.70833333333334 25.481721811590106 24.070299971291146
214.20833333333334 25.474090973235356 24.06496387502775
214.70833333333331 25.466478170673188 24.059643627842902
215.20833333333334 25.45893303302911 24.054364464340154
215.70833333333334 25.451412575281772 24.049075283592
216.20833333333331 25.443954639167046 24.043837470224503
216.70833333333334 25.43647448684398 24.038623188003214
217.20833333333334 25.429075314876485 24.033410212860673
217.70833333333331 25.421672249568843 24.028225951476404
218.20833333333334 25.414345078664834 24.023056064474176
218.70833333333334 25.407029619972867 24.01790409041084
219.20833333333331 25.399772864608575 24.012801205870527
219.70833333333334 25.392519639249294 24.007696765022825
220.20833333333334 25.385286261025616 24.00261301707824
220.70833333333331 25.378103685471864 23.997573167532927
221.20833333333334 25.370994243768337 23.992514448408926
221.70833333333334 25.3638672974491 23.987503474339928
222.20833333333331 25.356777226748047 23.982541064788062
222.70833333333334 25.34973553356366 23.977567738853594
223.20833333333334 25.34271215316491 23.972614398850098
223.70833333333331 25.335719308912044 23.967685389326157
224.20833333333334 25.32877200096271 23.96279226143823
224.70833333333334 25.321827457398683 23.95789107234405
225.20833333333331 25.314927229673017 23.953000515921946
225.70833333333334 25.308053868776103 23.948122285565404
226.20833333333334 25.301214855141396 23.943257018705886
226.70833333333331 25.294392548047874 23.938408216293723
227.20833333333334 25.287573053745355 23.93359501328639
227.70833333333334 25.280827536723983 23.928771390863876
228.20833333333331 25.27409167819507 23.923962436869726
228.70833333333334 25.267351022591292 23.919167060982392
229.20833333333334 25.260666657513056 23.914394001482016
229.70833333333331 25.25400804653549 23.909625594949468
230.20833333333334 25.247352370882076 23.90487229363291
230.70833333333334 25.240748535127203 23.90013937432925
231.20833333333331 25.23413999673133 23.895409680563283
231.70833333333334 25.22757133318202 23.8906974085638
232.20833333333334 25.221045269702806 23.886011544620246
232.70833333333334 25.21450797761065 23.881330806499555
233.20833333333334 25.208023292878927 23.87666793630978
233.70833333333334 25.201553827063897 23.872001501396667
234.20833333333334 25.19511436536507 23.867367556172383
234.70833333333334 25.18869025612524 23.862738242107913
235.20833333333334 25.182292194882955 23.8581272422932
235.70833333333334 25.17590541257023 23.853523143426113
236.20833333333334 25.16955530580347 23.848939444876862
236.70833333333334 25.163203242396452 23.84436842132498
237.20833333333334 25.156917052372584 23.83981713075183
237.70833333333334 25.150629088662914 23.83527602686856
238.20833333333334 25.144351766281495 23.830764388966315
238.70833333333334 25.138129564852587 23.82624991209007
239.20833333333334 25.131909095837507 23.82175526500837
239.70833333333334 25.125718590838257 23.81726982570487
240.20833333333334 25.119526518723404 23.812808082647873
240.70833333333334 25.11337989423464 23.80836698795835
241.20833333333334 25.107242415207494 23.803923427929654
241.70833333333334 25.10114120129948 23.79950744793854
242.20833333333334 25.095031008743213 23.795101121663116
242.70833333333334 25.08898688149964 23.79070455722892
243.20833333333334 25.08293114755029 23.786333648069267
243.70833333333334 25.076912232194562 23.781986326261006
244.20833333333334 25.070931793900392 23.77763517060169
244.70833333333334 25.064939706127372 23.77330360952942
245.20833333333334 25.058967876277443 23.769002266582753
245.70833333333334 25.053026989894377 23.764694455840974
246.20833333333334 25.047112680851775 23.760401880997946
246.70833333333334 25.041184293557414 23.756142446738714
247.20833333333334 25.03530301744444 23.7518919921582
247.70833333333334 25.02946886251522 23.747654089223666
248.20833333333334 25.023618484880153 23.743438112852097
248.70833333333334 25.017800041574993 23.739240067018336
249.20833333333334 25.01200873802265 23.73502486473001
249.70833333333334 25.006223150530346 23.730868995804002
250.20833333333334 25.000446336245467 23.72671487111613
250.70833333333334 24.994693746624822 23.72257092760875
251.20833333333334 24.988945256605874 23.718444589594256
251.70833333333334 24.983287069116834 23.714324389870445
252.20833333333334 24.977584010352402 23.710234876132645
252.70833333333334 24.97192862358791 23.706145393087134
253.20833333333334 24.966269813177846 23.702078592280714
253.70833333333334 24.960635338216967 23.698044061695814
254.20833333333334 24.9550279085766 23.694007581519422
254.70833333333334 24.949438077757545 23.68998642519003
255.20833333333334 24.943856108449655 23.685989547655055
255.70833333333334 24.93827860032337 23.682011493131228
256.2083333333333 24.93274328739064 23.678032826423184
256.7083333333333 24.92723117739052 23.674076253955377
257.2083333333333 24.92173436405965 23.670142325021928
257.7083333333333 24.916229928241282 23.666230623997556
258.2083333333333 24.910787856520763 23.662318174056036
258.7083333333333 24.905314945875737 23.658422689356378
259.2083333333333 24.899906267380167 23.65455414146114
259.7083333333333 24.894485264347516 23.650689825595478
260.2083333333333 24.88906028163022 23.646849056529618
260.7083333333333 24.883685440175782 23.643030092472877
261.2083333333333 24.878310155334994 23.639197632951362
261.7083333333333 24.87299287413186 23.63540298886926
262.2083333333333 24.867636552000953 23.631621548911706
262.7083333333333 24.862328325766406 23.627840243218735
263.2083333333333 24.85703157738297 23.62407371605453
263.7083333333333 24.851734332921424 23.620331529788736
264.2083333333333 24.846457566873653 23.61658902852053
264.7083333333333 24.841241750994886 23.612874536057777
265.2083333333333 24.835985103518226 23.60915571788556
265.7083333333333 24.83077871185264 23.6054715167879
266.2083333333333 24.825571558951843 23.601764758377
266.7083333333333 24.820382113185957 23.59808745377022
267.2083333333333 24.815200532592208 23.594428449046134
267.7083333333333 24.810052653592166 23.590786208656354
268.2083333333333 24.804921846467845 23.587144852470054
268.7083333333333 24.79980141867816 23.58351688179047
269.2083333333333 24.794674342373977 23.579896589011078
269.7083333333333 24.789564057331106 23.576296008116174
270.2083333333333 24.784516988318348 23.57270098325271
270.7083333333333 24.779409935785885 23.569111486090332
271.2083333333333 24.77436898352297 23.565550811816557
271.7083333333333 24.769331757079026 23.561984633376195
272.2083333333333 24.764325753364155 23.55844776043448
272.7083333333333 24.75929267427589 23.554901286508894
273.2083333333333 24.75427795420966 23.55137260093922
273.7083333333333 24.749309128871776 23.547847468264578
274.2083333333333 24.74433261567478 23.54433469682303
274.7083333333333 24.739392716857033 23.54085017040644
275.2083333333333 24.73445992428519 23.53735106196462
275.7083333333333 24.729509791072704 23.533883896556716
276.2083333333333 24.72459253051962 23.53041822126893
276.7083333333333 24.719693027930226 23.52696969418406
277.2083333333333 24.714805510691047 23.5235261225393
277.7083333333333 24.70993122948404 23.520076778616968
278.2083333333333 24.705052004867568 23.51665415709311
278.7083333333333 24.70022530677404 23.513231602737786
279.2083333333333 24.695374311673206 23.50982009220225
279.7083333333333 24.690566951231048 23.50643615232379
280.2083333333333 24.68575952250175 23.50303347517109
280.7083333333333 24.680942728217513 23.499657307653138
281.2083333333333 24.676143094487898 23.496294235990113
281.7083333333333 24.67138390268145 23.49293131974074
282.2083333333333 24.66660240619102 23.48957196181793
282.7083333333333 24.661854185838514 23.486244895060544
283.2083333333333 24.65710668573991 23.482893458598753
283.7083333333333 24.65238699286429 23.479576477623063
284.2083333333333 24.64767189668191 23.476261654815698
284.7083333333333 24.642948675394713 23.47294777628337
285.2083333333333 24.638262817214297 23.469645938657408
285.7083333333333 24.633593627096502 23.466349755866382
286.2083333333333 24.628903934111275 23.46308133349725
286.7083333333333 24.624265354310456 23.459789716811166
287.2083333333333 24.619625141524025 23.45653935078404
287.7083333333333 24.614970581950256 23.453278394523803
288.2083333333333 24.610325903656864 23.450022472071332
288.7083333333333 24.605709900084342 23.446783786743172
289.2083333333333 24.601121495941513 23.44354283320467
289.7083333333333 24.596538045497738 23.440325708152
