FastTrWP/PhaseSpace/IAs/snIa_0.51_30.00_0.24_-0.08.csv
# %ECSV 0.9
# ---
# datatype:
# - {name: time-rel, datatype: float64}
# - {name: g, datatype: float64}
# - {name: i, datatype: float64}
# schema: astropy-2.0
time-rel g i
-412.0 26.987977500256267 25.19208156222775
-411.5 26.967899429430886 25.18310287789467
-411.0 26.94801954280061 25.17415065897385
-410.5 26.92841886940783 25.165229747165174
-410.0 26.909095867035685 25.156357135852492
-409.5 26.889928138383013 25.147544044592482
-409.0 26.871077822461412 25.138761892603057
-408.5 26.852370337054175 25.130016305445245
-408.0 26.83391046595998 25.12133028140549
-407.5 26.81568364238467 25.112670219567818
-407.0 26.79761730982324 25.104050120131383
-406.5 26.77974871990351 25.095476006424143
-406.0 26.76191172753414 25.0868974654854
-405.5 26.744308550980445 25.07832717466615
-405.0 26.726840864297877 25.06980313883097
-404.5 26.709541542174136 25.06129554130386
-404.0 26.692309904661183 25.052819212386318
-403.5 26.675251497427418 25.04439072903672
-403.0 26.658429358569148 25.035957741278626
-402.5 26.641661945465277 25.027555709817037
-402.0 26.625029910270882 25.019200691653793
-401.5 26.608539887114087 25.010837581224013
-401.0 26.592257493939243 25.002518653181703
-400.5 26.575996749388487 24.994234652141223
-400.0 26.559985959283875 24.98597323854998
-399.5 26.544046136207196 24.977730207598707
-399.0 26.52821326469638 24.969510778742986
-398.5 26.512575040968038 24.961352314321637
-398.0 26.496996321040815 24.953186251401878
-397.5 26.481605396505724 24.945061032874026
-397.0 26.466270323385306 24.936976736202862
-396.5 26.451133035289104 24.92889195280267
-396.0 26.43605327353862 24.920868517212575
-395.5 26.421139463617166 24.91286547614278
-395.0 26.406284033079963 24.904856920121283
-394.5 26.391617963940103 24.896913987831123
-394.0 26.377011101596494 24.888979626612016
-393.5 26.362557181843904 24.881105701517473
-393.0 26.348257939855554 24.873207504733458
-392.5 26.33400081894748 24.865378746910526
-392.0 26.319857772317977 24.85757008556821
-391.5 26.30594031346007 24.849792760593125
-391.0 26.291973841620603 24.842037083751578
-390.5 26.278143379904904 24.834315856275012
-390.0 26.26445011045961 24.826631368907517
-389.5 26.25093950157222 24.818966818018367
-389.0 26.23747552406786 24.81133642040445
-388.5 26.22408936615871 24.803728012832288
-388.0 26.21083084396364 24.79615763157068
-387.5 26.19766428085083 24.78861367660679
-387.0 26.184607922068096 24.781111633759796
-386.5 26.171671723105447 24.77362793988073
-386.0 26.15877834678688 24.766164988916376
-385.5 26.146053280918686 24.758729047982655
-385.0 26.133354057539858 24.75133094753723
-384.5 26.120778998545727 24.74398296086588
-384.0 26.1082929739243 24.736637144601723
-383.5 26.095886764120255 24.72931126302578
-383.0 26.083619997100534 24.722050263819312
-382.5 26.071429594282073 24.71479729559782
-382.0 26.059323937018117 24.707582959149207
-381.5 26.047284543686196 24.70038534610175
-381.0 26.035343462592063 24.693237500756645
-380.5 26.02352927481278 24.686100801245527
-380.0 26.01178048306106 24.67900400293056
-379.5 26.000092698171077 24.671939019219433
-379.0 25.988546962754768 24.664897755184757
-378.5 25.97702208044857 24.657877102818276
-378.0 25.965614660310393 24.650894056216842
-377.5 25.954266084904624 24.643948483644465
-377.0 25.943006213054346 24.63703444371724
-376.5 25.93187936286192 24.630142699139608
-376.0 25.920760349557042 24.62327107758012
-375.5 25.909773373229005 24.616433717046995
-375.0 25.898809652597663 24.609614873396094
-374.5 25.887969892025858 24.602851658622697
-374.0 25.877210797165628 24.59608624516128
-373.5 25.86654440332204 24.58937828552045
-373.0 25.855896300394416 24.58267805607902
-372.5 25.84535465697343 24.57599645428266
-372.0 25.83487895885872 24.569386917223945
-371.5 25.824501199763667 24.56278146616917
-371.0 25.814160655840833 24.556202921372293
-370.5 25.803862505336816 24.549629018493494
-370.0 25.79367720824858 24.543097874277233
-369.5 25.78349788379221 24.53656221597589
-369.0 25.77341727535403 24.53004786532187
-368.5 25.763369503222656 24.523562273587004
-368.0 25.753377261405962 24.517064341018518
-367.5 25.743462748782214 24.510606485649916
-367.0 25.733575846483507 24.504156055588567
-366.5 25.72374375911087 24.497729813679253
-366.0 25.71395083085608 24.491335778933294
-365.5 25.704256499402472 24.484945677196656
-365.0 25.694593733882655 24.478585361170538
-364.5 25.684979005308737 24.47222209797722
-364.0 25.67540349602812 24.465894934388718
-363.5 25.66589735448643 24.459584814247975
-363.0 25.656438137335677 24.453296947978934
-362.5 25.64703839446908 24.447010964082033
-362.0 25.63765746366494 24.440774972329603
-361.5 25.628352898749405 24.434518820286467
-361.0 25.61907812435958 24.428320114332006
-360.5 25.609885835480632 24.42212844374619
-360.0 25.600681973595716 24.41595552156755
-359.5 25.59156117797452 24.4097863069764
-359.0 25.582488790857557 24.403651705340806
-358.5 25.57346707905204 24.397558678739966
-358.0 25.564464632834436 24.39146016774504
-357.5 25.555506057206742 24.385379067985266
-357.0 25.546627896326115 24.379330079610007
-356.5 25.537778916261434 24.373312293549944
-356.0 25.528981188338257 24.36727276654664
-355.5 25.52021768533575 24.36129147516405
-355.0 25.51148957764329 24.355320065590355
-354.5 25.50280290871664 24.34937393667529
-354.0 25.494166053495363 24.343465916235765
-353.5 25.4855599334244 24.3375513633748
-353.0 25.477011332812115 24.331675982354604
-352.5 25.468494122121292 24.325801545795123
-352.0 25.460018567355448 24.31996118255913
-351.5 25.451599921243748 24.314138937877175
-351.0 25.443206581131218 24.308341480052803
-350.5 25.43483720442726 24.302564687395222
-350.0 25.426540971008656 24.29680260472297
-349.5 25.418246825811714 24.29107796118786
-349.0 25.410033331720765 24.28536428066404
-348.5 25.401834351268576 24.279673761316317
-348.0 25.39368115665239 24.273997437712886
-347.5 25.385524154726646 24.268351260077257
-347.0 25.377467630909102 24.26274493789211
-346.5 25.369420467439113 24.257129232635585
-346.0 25.3614014277632 24.25156150342644
-345.5 25.35340673398599 24.245999404075764
-345.0 25.345502278453793 24.240459648189677
-344.5 25.337579628889593 24.234944698765343
-344.0 25.32972186037666 24.22945466965173
-343.5 25.321907851082134 24.22397852101314
-343.0 25.31409778346743 24.218532454226708
-342.5 25.306349148484767 24.213104140617293
-342.0 25.29861067436962 24.207701026056654
-341.5 25.290930055563795 24.20231168439137
-341.0 25.283286808639076 24.196951452880384
-340.5 25.2756428486109 24.191610228135872
-340.0 25.268038781118698 24.18628664212904
-339.5 25.26046341274256 24.180987223619997
-339.0 25.252978296102818 24.17571932586884
-338.5 25.245477860544916 24.170479005695608
-338.0 25.23800871817177 24.165249219584062
-337.5 25.230601743758506 24.160041690836593
-337.0 25.223187080536192 24.15485578283386
-336.5 25.215839808139577 24.14969861663661
-336.0 25.208506494540813 24.144556419425378
-335.5 25.201181409233445 24.1394417948672
-335.0 25.19390646187557 24.134345319039944
-334.5 25.18668699765136 24.12926388138225
-334.0 25.17944592079649 24.124201852010444
-333.5 25.172265175386435 24.119136816226344
-333.0 25.165122034060218 24.114094914271963
-332.5 25.158003827339943 24.10906859370465
-332.0 25.150914553046242 24.104065551322634
-331.5 25.143863835817292 24.09905712286988
-331.0 25.13683081309602 24.094077610179113
-330.5 25.12981677973679 24.08910293029715
-330.0 25.122839494468767 24.084152484333558
-329.5 25.11586337225816 24.07920696076555
-329.0 25.10895465255519 24.074279614806787
-328.5 25.102043999836706 24.069360991934158
-328.0 25.095170337937912 24.064473777315772
-327.5 25.088326402154486 24.059588475892358
-327.0 25.081504266568402 24.05470700875007
-326.5 25.074698478239817 24.049856275962945
-326.0 25.06793978508227 24.044994804149162
-325.5 25.061194117145455 24.04019367058851
-325.0 25.05447343115479 24.03537926693948
-324.5 25.047794814993367 24.030579845943898
-324.0 25.04111863687886 24.025805682569374
-323.5 25.03448821436408 24.021036947597757
-323.0 25.027842773647002 24.01627693782664
-322.5 25.021255072524504 24.011537525855587
-322.0 25.014680203848275 24.006822034341706
-321.5 25.008129143978238 24.00212205793338
-321.0 25.00160447635613 23.9974202423954
-320.5 24.99508553550202 23.99274250122363
-320.0 24.98861880726892 23.988075428862537
-319.5 24.982152454655328 23.983427182934612
-319.0 24.975709354251304 23.97880913190802
-318.5 24.96930657827164 23.974188587232366
-318.0 24.96289476789634 23.96959619122955
-317.5 24.9565373812564 23.964992259815034
-317.0 24.9501921054294 23.960426144850224
-316.5 24.943862349004362 23.955876920291338
-316.0 24.93754257054869 23.951336863598005
-315.5 24.93123089138959 23.946814016637138
-315.0 24.924968462166607 23.94230135420528
-314.5 24.918729171276958 23.93780746780205
-314.0 24.912498582510434 23.933334272441385
-313.5 24.906286852161298 23.928859449159102
-313.0 24.900099795093343 23.9244119997988
-312.5 24.893934981892297 23.919987352376715
-312.0 24.887740070685894 23.91556653915918
-311.5 24.881646632592766 23.911163237251074
-311.0 24.875500904312588 23.90678785083979
-310.5 24.86943993685875 23.90240825901355
-310.0 24.863362954550855 23.898048152113027
-309.5 24.85729411589165 23.893724272835822
-309.0 24.851266733170995 23.889392557204495
-308.5 24.845246566541288 23.885090821982132
-308.0 24.839236808469536 23.88079703970442
-307.5 24.833248069532424 23.876518892637964
-307.0 24.827281388743657 23.872255660904216
-306.5 24.82133716414372 23.868013443564415
-306.0 24.815409457942017 23.86378080656456
-305.5 24.809477498714344 23.85957926994926
-305.0 24.80356693108712 23.855369574427854
-304.5 24.79770436179294 23.851200386534863
-304.0 24.791845326529995 23.847031734728617
-303.5 24.78598420534711 23.84287698087158
-303.0 24.780176475859236 23.83873752591219
-302.5 24.77434706478253 23.834632884636026
-302.0 24.768540892583975 23.83052019260882
-301.5 24.762755198805152 23.826436790554414
-301.0 24.75700251815196 23.82235191171517
-300.5 24.751245445173794 23.81830112665368
-300.0 24.745504740692397 23.814260513077393
-299.5 24.739788651936024 23.81024142638184
-299.0 24.734099228489846 23.806237136756188
-298.5 24.728389041652527 23.802237188924913
-298.0 24.722707508726202 23.798244972652476
-297.5 24.717073104978702 23.79428692241939
-297.0 24.711429709866156 23.7903407442142
-296.5 24.705810660005028 23.78639276364261
-296.0 24.700194958245703 23.782466218728914
-295.5 24.694611655121975 23.778559122944113
-295.0 24.689036455757204 23.774644970579885
-294.5 24.683478858893842 23.770762262188416
-294.0 24.67792424345969 23.76688784007775
-293.5 24.67241051720991 23.76302332562396
-293.0 24.666890821125026 23.759165791811206
-292.5 24.661395187334744 23.755328454682637
-292.0 24.6559311600124 23.751508735945567
-291.5 24.650458107116737 23.7476776946683
-291.0 24.64500602878538 23.74387257035029
-290.5 24.639568615001917 23.740094990631597
-290.0 24.634152315878076 23.73630282982987
-289.5 24.628728884628018 23.732535465489306
-289.0 24.62335258048484 23.72878038556419
-288.5 24.617974427000128 23.725032299580512
-288.0 24.61260457212369 23.721316628649834
-287.5 24.60724740965231 23.717583029403446
-287.0 24.60191724452613 23.713873200943297
-286.5 24.59659793793932 23.71016683748462
-286.0 24.591304827015467 23.70648129145024
-285.5 24.586009348023676 23.702805505876228
-285.0 24.5807231503874 23.699143559526608
-284.5 24.575454882307326 23.69547073286451
-284.0 24.570201504146134 23.691844779460915
-283.5 24.564974382646746 23.688193707361247
-283.0 24.559750725170865 23.684558926866043
-282.5 24.554537610685195 23.680937634196106
-282.0 24.549335084672474 23.677339189900096
-281.5 24.54415276032185 23.67374433055737
-281.0 24.538966481594464 23.670146591406095
-280.5 24.533823060425632 23.666570141822852
-280.0 24.528665633840635 23.663009589903872
-279.5 24.52353064040926 23.659443050157552
-279.0 24.518422490409492 23.655896732248806
-278.5 24.513315540543054 23.65235872629409
-278.0 24.508205524487018 23.648832185788354
-277.5 24.503124471356458 23.645303432692153
-277.0 24.498072038918348 23.64180139578773
-276.5 24.493014859747785 23.638293193976597
-276.0 24.4879547542407 23.634800034545865
-275.5 24.482915580796934 23.631314526628778
-275.0 24.477894251206948 23.62784094885788
-274.5 24.47290128908613 23.624364077059358
-274.0 24.467883662572305 23.620905191023816
-273.5 24.462907785629948 23.61746433735472
-273.0 24.457929847307284 23.614011608061645
-272.5 24.45295400794472 23.610584908764046
-272.0 24.44800360073486 23.60715562051178
-271.5 24.443072558922303 23.603748401718043
-271.0 24.438131273423696 23.60033853765308
-270.5 24.433227352347142 23.596931367023775
-270.0 24.42832879296923 23.593533620768152
-269.5 24.423428199196024 23.590162815204575
-269.0 24.418532260719825 23.58677879740677
-268.5 24.41367788349481 23.583406472295025
-268.0 24.408797257619128 23.580061759752923
-267.5 24.403949224510995 23.57670740045296
-267.0 24.39911367369301 23.573356086783512
-266.5 24.394299845254874 23.570014239773517
-266.0 24.389449494329245 23.566683384543794
-265.5 24.38465933073767 23.563355010419976
-265.0 24.37985986033475 23.560050714490735
-264.5 24.375064665904468 23.55673858057372
-264.0 24.370283759315036 23.553434568490292
-263.5 24.365537832558175 23.55014373719942
-263.0 24.36077963662818 23.546849169652816
-262.5 24.356023183167853 23.543573058556944
-262.0 24.351288795240112 23.54031296783774
-261.5 24.346568846413597 23.537041522510293
-261.0 24.341869049249247 23.533786201695253
-260.5 24.337155168692885 23.530539700696245
-260.0 24.33248929417195 23.527300993510508
-259.5 24.327791724404328 23.524075526147968
-259.0 24.323136705780218 23.520846423768194
-258.5 24.318479375278912 23.517638623448715
-258.0 24.313813135375717 23.5144283377724
-257.5 24.30919437004526 23.51123450216749
-257.0 24.30457315082078 23.508023875365428
-256.5 24.299962385906078 23.504845832466156
-256.0 24.295355450161754 23.50166542332716
-255.5 24.290758440201206 23.498494684680487
-255.0 24.28616664433008 23.49533412014352
-254.5 24.281610707305727 23.49218910444489
-254.0 24.277052817131022 23.4890304377737
-253.5 24.272507046947545 23.485900169531998
-253.0 24.26794916429521 23.482753845610592
-252.5 24.263410374509967 23.479632820479758
-252.0 24.25890400385247 23.47651732809542
-251.5 24.25439002747168 23.473404889851103
-251.0 24.249894845814147 23.47029550223986
-250.5 24.245396452827954 23.467205082943646
-250.0 24.240913594652834 23.464117072430962
-249.5 24.236428854841236 23.461021852969182
-249.0 24.23198832905356 23.457955449704073
-248.5 24.227510491760253 23.454871506914877
-248.0 24.22306183343144 23.45180931835364
-247.5 24.218630427611266 23.448757686594448
-247.0 24.21420446294762 23.445703118667744
-246.5 24.209784966978333 23.44265713022152
-246.0 24.20538785683135 23.439608645727155
-245.5 24.200974260815947 23.43658773898493
-245.0 24.19659161245113 23.433553930167832
-244.5 24.19219870221064 23.43053841503906
-244.0 24.18782378077216 23.42752012739659
-243.5 24.18345109806055 23.4245076965152
-243.0 24.179112983105743 23.421509531153816
-242.5 24.17474385425028 23.41851438475501
-242.0 24.17040306999604 23.41550730695756
-241.5 24.166063839895653 23.412525943953955
-241.0 24.161738478837897 23.4095632975676
-240.5 24.157430110027164 23.406575079334292
-240.0 24.153119404595962 23.403609306632703
-239.5 24.148816049111645 23.400653887409277
-239.0 24.14452155933362 23.397692886321533
-238.5 24.140250987113163 23.3947343143234
-238.0 24.13597168548078 23.391789149463996
-237.5 24.131707011185426 23.3888508949215
-237.0 24.127429794826977 23.385929463681293
-236.5 24.123177627159464 23.382985469696635
-236.0 24.11893211325046 23.380061306058558
-235.5 24.114692338179022 23.377149070217275
-235.0 24.110469919799744 23.374228896475493
-234.5 24.106242082123636 23.371331092072374
-234.0 24.102027128424687 23.368413222032625
-233.5 24.097813518204866 23.365511082582593
-233.0 24.09361486242524 23.362618530427653
-232.5 24.089401235727003 23.35973634974183
-232.0 24.085238662557458 23.35685678682718
