FastTrWP/PhaseSpace/IAs/snIa_0.34_30.00_-1.31_0.05.csv
# %ECSV 0.9
# ---
# datatype:
# - {name: time-rel, datatype: float64}
# - {name: g, datatype: float64}
# - {name: i, datatype: float64}
# schema: astropy-2.0
time-rel g i
[from data line 2018]
1257.5208333333333 25.19454965928478 23.179454459680812
1258.0208333333333 25.196444763275178 23.18003080196149
1258.5208333333333 25.198330975801376 23.180605240624704
1259.0208333333333 25.20022127572677 23.18118712579297
1259.5208333333333 25.20212005505178 23.181758969658283
1260.0208333333333 25.204047614572946 23.18234046497929
1260.5208333333333 25.205923025237684 23.18291873726414
1261.0208333333333 25.207839926908836 23.18350407300292
1261.5208333333333 25.20973271044436 23.184076029157573
1262.0208333333333 25.21159312009435 23.18467111819768
1262.5208333333333 25.2135331231921 23.185254341703242
1263.0208333333333 25.2154315813187 23.185835395325093
1263.5208333333333 25.21732827016793 23.18642033091266
1264.0208333333333 25.219228100419105 23.187010782235152
1264.5208333333333 25.221131582740423 23.187598239434656
1265.0208333333333 25.22306636075202 23.188186256184
1265.5208333333333 25.224968327426396 23.1887770539878
1266.0208333333333 25.226841580141823 23.18936870641781
1266.5208333333333 25.228764602695115 23.189962998459507
1267.0208333333333 25.230685732116935 23.19056217286483
1267.5208333333333 25.23260520143196 23.191160330110936
1268.0208333333333 25.234522209050866 23.191752362653336
1268.5208333333333 25.236462398033325 23.192360205436657
1269.0208333333333 25.23838189912413 23.19295743845015
1269.5208333333333 25.2403149344442 23.19355910345539
1270.0208333333333 25.24224623953815 23.19417569244445
1270.5208333333333 25.244153482619694 23.194779065308477
1271.0208333333333 25.24610847664677 23.195390272324325
1271.5208333333333 25.248054612616894 23.195996026974278
1272.0208333333333 25.249993956265335 23.19659849642589
1272.5208333333333 25.251966422964326 23.19723021886214
1273.0208333333333 25.253913356685942 23.197841426834664
1273.5208333333333 25.255877273827462 23.19845475725718
1274.0208333333333 25.257821970977858 23.19906866810433
1274.5208333333333 25.259755954068048 23.19968618902731
1275.0208333333333 25.261726565991314 23.200310920215742
1275.5208333333333 25.263664664425352 23.200931439372848
1276.0208333333333 25.26561127391873 23.20155131221423
1276.5208333333333 25.26757824141574 23.202175883910638
1277.0208333333333 25.269542053923765 23.202803985495283
1277.5208333333333 25.271494887222904 23.203425780870262
1278.0208333333333 25.273453430783604 23.204050414680427
1278.5208333333333 25.27541831573128 23.204697082225458
1279.0208333333333 25.277377875346062 23.205311863963583
1279.5208333333333 25.279343671758234 23.2059486427542
1280.0208333333333 25.281300489331997 23.20658072665178
1280.5208333333333 25.28326036381319 23.207203997311616
1281.0208333333333 25.285223319378453 23.207844633850023
1281.5208333333333 25.287162944181322 23.208478550699517
1282.0208333333333 25.28915339835814 23.20911028731038
1282.5208333333333 25.291104289857927 23.20975136927965
1283.0208333333333 25.293059126029583 23.210376654155972
1283.5208333333333 25.295037501781188 23.21102653844029
1284.0208333333333 25.29700368428983 23.21166222580926
1284.5208333333333 25.29896785264754 23.21231601910735
1285.0208333333333 25.300921648530124 23.212958298625132
1285.5208333333333 25.30288380286379 23.213602332610563
1286.0208333333333 25.304857065827765 23.2142468287468
1286.5208333333333 25.30680873617063 23.21489457100286
1287.0208333333333 25.30881044552485 23.215529953557347
1287.5208333333333 25.310748157655617 23.216183477324435
1288.0208333333333 25.312724145359006 23.216837094324042
1288.5208333333333 25.31468972614543 23.217496641745072
1289.0208333333333 25.316678763838084 23.21813877118467
1289.5208333333333 25.318659584617414 23.218795332138214
1290.0208333333333 25.320590034683036 23.219456096864878
1290.5208333333333 25.32255792851116 23.220103394450014
1291.0208333333333 25.32452297277502 23.220762755193615
1291.5208333333333 25.326485761579022 23.221422811066716
1292.0208333333333 25.328468676865516 23.222074887887135
1292.5208333333333 25.330414209291966 23.22273455778649
1293.0208333333333 25.33238507243049 23.223406748584775
1293.5208333333333 25.33434308303445 23.2240607752276
1294.0208333333333 25.336309896486476 23.224726673530704
1294.5208333333333 25.338289730096058 23.22539187769464
1295.0208333333333 25.34027278543975 23.22605967864854
1295.5208333333333 25.342217754832394 23.226723141667023
1296.0208333333333 25.344179637338936 23.227388766388742
1296.5208333333333 25.346155656405564 23.228068573638435
1297.0208333333333 25.348106995897425 23.228732254028657
1297.5208333333333 25.350086288104553 23.22939554802858
1298.0208333333333 25.352047480392383 23.230067554072367
1298.5208333333333 25.35401762211697 23.230739626911337
1299.0208333333333 25.35597288321425 23.231417852051077
1299.5208333333333 25.357933921040754 23.232108235624004
1300.0208333333333 25.359890215853795 23.23276993839224
1300.5208333333333 25.361843799452338 23.233450623233608
1301.0208333333333 25.36381318508528 23.234119432253934
1301.5208333333333 25.365764505494415 23.23480510252121
1302.0208333333333 25.367713462690293 23.235489319973052
1302.5208333333333 25.369670202620746 23.236164652169133
1303.0208333333333 25.37165753291267 23.236846862372698
1303.5208333333333 25.37360440897774 23.237543846915894
1304.0208333333333 25.375570100219225 23.238216963401342
1304.5208333333333 25.37752168654515 23.238910039177814
1305.0208333333333 25.379463672881776 23.239598410991164
1305.5208333333333 25.381432542913856 23.240278629842788
1306.0208333333333 25.383396211566552 23.24096929182189
1306.5208333333333 25.385336145284757 23.24165973331011
1307.0208333333333 25.38730443949516 23.242346149517793
1307.5208333333333 25.389232442780653 23.243048389758265
1308.0208333333333 25.3912127608098 23.243748407900053
1308.5208333333333 25.393170669474394 23.24443697410343
1309.0208333333333 25.395118649120594 23.245142559744963
1309.5208333333333 25.39707235777964 23.24583562756107
1310.0208333333333 25.39901654093218 23.24653937829673
1310.5208333333333 25.40099204968419 23.247238532290403
1311.0208333333333 25.402899271732437 23.247937250334182
1311.5208333333333 25.404850729482277 23.248649472988667
1312.0208333333333 25.40684237567364 23.249348539129976
1312.5208333333333 25.40877768102616 23.250053864699044
1313.0208333333333 25.4107287973206 23.25076680091747
1313.5208333333333 25.412668942860073 23.251468488971298
1314.0208333333333 25.41460824272628 23.252179820881995
1314.5208333333333 25.416593542562644 23.252897923470446
1315.0208333333333 25.41851913786642 23.253607759444574
1315.5208333333333 25.420474116243508 23.25430936532513
1316.0208333333333 25.42244398079383 23.255025472727617
1316.5208333333333 25.42436763305762 23.255739636398168
1317.0208333333333 25.426335600253047 23.25646194100962
1317.5208333333333 25.428279690816918 23.2571779981486
1318.0208333333333 25.43019354956163 23.257890465793114
1318.5208333333333 25.43213798774575 23.258620858196814
1319.0208333333333 25.43409721833671 23.259344288916594
1319.5208333333333 25.43604769669329 23.260073601926376
1320.0208333333333 25.438004168944346 23.260785633515656
1320.5208333333333 25.439944311031077 23.26151402009597
1321.0208333333333 25.441889467133795 23.262233176711106
1321.5208333333333 25.443811661134724 23.26295783457831
1322.0208333333333 25.445764283480948 23.26369104748118
1322.5208333333333 25.447722333052873 23.264419266485543
1323.0208333333333 25.449621222218276 23.265148201707873
1323.5208333333333 25.45160798391409 23.26588853408242
1324.0208333333333 25.45350538165748 23.266616068318434
1324.5208333333333 25.455437494661204 23.267343871043614
1325.0208333333333 25.45736974186348 23.26808860204072
1325.5208333333333 25.459324613666688 23.26880898375058
1326.0208333333333 25.461239983501013 23.269548020953494
1326.5208333333333 25.463147572569923 23.270293793651845
1327.0208333333333 25.465096913809372 23.271019559175805
1327.5208333333333 25.467021063191282 23.271764517635972
1328.0208333333333 25.468935047619155 23.272515028005767
1328.5208333333333 25.470868994533724 23.273250905075386
1329.0208333333333 25.472802866750918 23.273997402663976
1329.5208333333333 25.47471481053047 23.27473675800097
1330.0208333333333 25.47664831270798 23.275490357258786
1330.5208333333333 25.47853592277918 23.27622502661381
1331.0208333333333 25.48048691505008 23.27697829132125
1331.5208333333333 25.48237036330161 23.277730667782897
1332.0208333333333 25.484294850108867 23.278480025901523
1332.5208333333333 25.486201402844486 23.27922487053712
1333.0208333333333 25.488141884580678 23.279981457184565
1333.5208333333333 25.490046369580504 23.28072646846757
1334.0208333333333 25.491979739586004 23.281485429272895
1334.5208333333333 25.493849577687655 23.282233553691626
1335.0208333333333 25.495764505439823 23.28299026565319
1335.5208333333333 25.497662836743082 23.283752121373222
1336.0208333333333 25.49954562356018 23.28449354401753
1336.5208333333333 25.501445748204397 23.28525559973125
1337.0208333333333 25.503341876938247 23.28601945018091
1337.5208333333333 25.505244097038904 23.286773298499387
1338.0208333333333 25.50712907643669 23.287532677016507
1338.5208333333333 25.509017731023174 23.288298337896002
1339.0208333333333 25.510917666624024 23.289056113086804
1339.5208333333333 25.512827456759524 23.28982869673416
1340.0208333333333 25.514682312178365 23.29058888452436
1340.5208333333333 25.51659989813317 23.291348308567965
1341.0208333333333 25.518468310292377 23.29211565763923
1341.5208333333333 25.52038968680682 23.292894835386605
1342.0208333333333 25.52225266107172 23.29365873598639
1342.5208333333333 25.524129389237867 23.294428055656486
1343.0208333333333 25.526042206603336 23.295192158614597
1343.5208333333333 25.527919130826863 23.295971601937843
1344.0208333333333 25.52976894954274 23.296736921588273
1344.5208333333333 25.531650022831304 23.29751693771515
1345.0208333333333 25.533531353701704 23.298294813324468
1345.5208333333333 25.535391742567555 23.299073080511583
1346.0208333333333 25.53726939592876 23.299848114683122
1346.5208333333333 25.539161149474523 23.30063279566921
1347.0208333333333 25.54100875244385 23.301410055972077
1347.5208333333333 25.542874385923543 23.302183026891722
1348.0208333333333 25.544735439508436 23.30296760349463
1348.5208333333333 25.54662752348542 23.30375388905702
1349.0208333333333 25.54846892669776 23.304541732470195
1349.5208333333333 25.550327326100675 23.30532943965707
1350.0208333333333 25.55219103438782 23.306114683871684
1350.5208333333333 25.554035159466704 23.30689960587168
1351.0208333333333 25.55587010441192 23.307684959084817
1351.5208333333333 25.557749387123604 23.308479210997955
1352.0208333333333 25.559578146381085 23.309264375015836
1352.5208333333333 25.561429290382076 23.31005746261805
1353.0208333333333 25.56329496606356 23.31085366484104
1353.5208333333333 25.565132256456277 23.311651242867846
1354.0208333333333 25.566950652543316 23.31245651887938
1354.5208333333333 25.568796488636416 23.31324891349016
1355.0208333333333 25.57061157411105 23.314045862753815
1355.5208333333333 25.57245602423201 23.31484169143165
1356.0208333333333 25.574310806920032 23.31564251869991
1356.5208333333333 25.576135178808826 23.31645949565113
1357.0208333333333 25.577974534077846 23.317259276897634
1357.5208333333333 25.57980130264791 23.318057736967766
1358.0208333333333 25.581624429867524 23.3188645182804
1358.5208333333333 25.583433072147574 23.319672022801342
1359.0208333333333 25.58522704581517 23.320486575463896
1359.5208333333333 25.587046240324824 23.32128995432006
1360.0208333333333 25.588867721235964 23.322106318564014
1360.5208333333333 25.590691028108758 23.322925118919052
1361.0208333333333 25.592479750836095 23.323749207095577
1361.5208333333333 25.594290190175734 23.32455893248843
1362.0208333333333 25.596055147323344 23.325377831974517
1362.5208333333333 25.597867326400273 23.32619326143757
1363.0208333333333 25.599695129655128 23.327011601093034
1363.5208333333333 25.601467447306675 23.327838322856973
1364.0208333333333 25.603257558019465 23.328659462959806
1364.5208333333333 25.605008291360242 23.32948784909909
1365.0208333333333 25.606812524578558 23.330308843093878
1365.5208333333333 25.608597120388747 23.331135265042406
1366.0208333333333 25.610364745137197 23.33196718925889
1366.5208333333333 25.612151994134052 23.33279339406253
1367.0208333333333 25.613910932720945 23.333625627467978
1367.5208333333333 25.615627557086086 23.33446282330119
1368.0208333333333 25.617425322165467 23.33530805171282
1368.5208333333333 25.61919252014725 23.336129051494325
1369.0208333333333 25.620965472223205 23.336971649848728
1369.5208333333333 25.62268286842621 23.337810222998726
1370.0208333333333 25.62444036483702 23.338655539943275
1370.5208333333333 25.626180056111906 23.339501025812392
1371.0208333333333 25.62795614727939 23.34033530123665
1371.5208333333333 25.6296582702561 23.341177120435145
1372.0208333333333 25.631416353775588 23.342027110239346
1372.5208333333333 25.633145811201782 23.34287190759738
1373.0208333333333 25.63487051343646 23.34373059838436
1373.5208333333333 25.636604221825916 23.344579994195076
1374.0208333333333 25.63832113067807 23.345423234476705
1374.5208333333333 25.640068260788084 23.346276742197134
1375.0208333333333 25.641774965055724 23.34715043477601
1375.5208333333333 25.643479932994133 23.34800287078516
1376.0208333333333 25.645195892534428 23.34885416756636
1376.5208333333333 25.646903834794735 23.349717728603956
1377.0208333333333 25.648626739951943 23.350566620675405
1377.5208333333333 25.650331221082556 23.35144204051037
1378.0208333333333 25.65202766082208 23.352300215498452
1378.5208333333333 25.653710461133187 23.35316182892595
1379.0208333333333 25.65539653627286 23.354029150434915
1379.5208333333333 25.65707087395769 23.354902099396906
1380.0208333333333 25.658782314220055 23.35578362218206
1380.5208333333333 25.660431939119196 23.3566439398071
1381.0208333333333 25.66214804553929 23.357524695331577
1381.5208333333333 25.663825684496963 23.35838200572784
1382.0208333333333 25.665453728221344 23.35926116331772
1382.5208333333333 25.667134782504753 23.360131797100053
1383.0208333333333 25.66881791949956 23.36101954056463
1383.5208333333333 25.670461820034724 23.36189545568306
1384.0208333333333 25.672126226907327 23.362782014922907
1384.5208333333333 25.673788630070497 23.363661130700578
1385.0208333333333 25.67545132321587 23.36454461820292
1385.5208333333333 25.677079879067584 23.365428632696318
1386.0208333333333 25.67872522992476 23.366317037210127
1386.5208333333333 25.680354122686346 23.367208949732834
1387.0208333333333 25.68198053874923 23.368091490123337
1387.5208333333333 25.68363414227597 23.368995951589447
1388.0208333333333 25.685255631831385 23.369880460771967
1388.5208333333333 25.6868820786406 23.370778462217633
1389.0208333333333 25.688496161290303 23.37167068133402
1389.5208333333333 25.690107294931607 23.372569050709487
1390.0208333333333 25.691731030338204 23.37346801247771
1390.5208333333333 25.693339090579475 23.37437477090252
1391.0208333333333 25.69492264557237 23.37526184145721
1391.5208333333333 25.696554162135087 23.376168720546687
1392.0208333333333 25.698158183321553 23.377068117399702
1392.5208333333333 25.699754830026112 23.377973420930033
1393.0208333333333 25.70135686467706 23.378885977517186
1393.5208333333333 25.702897557303494 23.379794711860757
1394.0208333333333 25.704487878516183 23.380703127993392
1394.5208333333333 25.70606426330775 23.381614140880387
1395.0208333333333 25.70768721801906 23.382516673235997
1395.5208333333333 25.70921604409683 23.383434381103243
1396.0208333333333 25.71079249931174 23.384353775204517
1396.5208333333333 25.712347739448585 23.385255107044532
1397.0208333333333 25.71390685044083 23.38618283193384
1397.5208333333333 25.71547982619836 23.387108062185863
1398.0208333333333 25.717021283328272 23.388033643247677
1398.5208333333333 25.71856571591123 23.38894283063111
