FastTrWP/PhaseSpace/IAs/snIa_0.4_20_-1_0.0.csv
# %ECSV 0.9
# ---
# datatype:
# - {name: time-rel, datatype: float64}
# - {name: g, datatype: float64}
# - {name: i, datatype: float64}
# schema: astropy-2.0
time-rel g i
[from data line 2225]
1095.7083333333333 -24.469351231955674 -26.69665723580648
1096.2083333333333 -24.467478332986822 -26.69588875446071
1096.7083333333333 -24.465645156292325 -26.695119399107874
1097.2083333333333 -24.463767511019196 -26.694342555935776
1097.7083333333333 -24.461905244684623 -26.693577820615765
1098.2083333333333 -24.460050159412177 -26.692813688299516
1098.7083333333333 -24.458206284434 -26.692036057688217
1099.2083333333333 -24.45636848743159 -26.691266890178078
1099.7083333333333 -24.454511345237364 -26.690489316986145
1100.2083333333333 -24.45264344266286 -26.689726666193696
1100.7083333333333 -24.450788450759458 -26.688945683298897
1101.2083333333333 -24.44892070022638 -26.68817923982505
1101.7083333333333 -24.447085635830575 -26.68740444392337
1102.2083333333333 -24.44520525244558 -26.686629265180443
1102.7083333333333 -24.443338674545572 -26.68585921746159
1103.2083333333333 -24.441485719617745 -26.6850722570912
1103.7083333333333 -24.439626528675742 -26.684292947909647
1104.2083333333333 -24.43778457661135 -26.683525491425314
1104.7083333333333 -24.43592487190041 -26.68274540967021
1105.2083333333333 -24.434060232898943 -26.681976222732505
1105.7083333333333 -24.43220589851385 -26.681188642331378
1106.2083333333333 -24.430334347941933 -26.680420482155544
1106.7083333333333 -24.428476084010434 -26.679625622894093
1107.2083333333333 -24.426616912368125 -26.678850032861305
1107.7083333333333 -24.424734056104388 -26.678071348933795
1108.2083333333333 -24.42286967940692 -26.677295119044494
1108.7083333333333 -24.421029214269264 -26.67651264017918
1109.2083333333333 -24.41917637696927 -26.675717595870033
1109.7083333333333 -24.417283343511297 -26.674950205035213
1110.2083333333333 -24.415413115054182 -26.674153536440457
1110.7083333333333 -24.41352596692104 -26.673372429259842
1111.2083333333333 -24.411678893939133 -26.672599491969695
1111.7083333333333 -24.409821964739354 -26.671818841345733
1112.2083333333333 -24.40797105575211 -26.671018200721296
1112.7083333333333 -24.40608679816629 -26.670232368501814
1113.2083333333333 -24.404232400135335 -26.66944911025321
1113.7083333333333 -24.40233112888388 -26.66866769317386
1114.2083333333333 -24.400453999347235 -26.66787720883918
1114.7083333333333 -24.398618470813634 -26.667086604385304
1115.2083333333333 -24.396721671127835 -26.666302966420176
1115.7083333333333 -24.39484843773631 -26.66552287227458
1116.2083333333333 -24.392990403081 -26.66472514703298
1116.7083333333333 -24.39110066320394 -26.663931593502326
1117.2083333333333 -24.38924305828423 -26.663142924028943
1117.7083333333333 -24.387357606600155 -26.662360276180934
1118.2083333333333 -24.385464621271836 -26.661573371343756
1118.7083333333333 -24.383610893847482 -26.660769333453093
1119.2083333333333 -24.381735016506532 -26.659979351707946
1119.7083333333333 -24.379887383653532 -26.65919635736842
1120.2083333333333 -24.377980909333882 -26.658392131311423
1120.7083333333333 -24.376138754871263 -26.657598133455338
1121.2083333333333 -24.374268724518945 -26.65681461643752
1121.7083333333333 -24.372388677556238 -26.656025648423444
1122.2083333333333 -24.370514585916037 -26.655221036379082
1122.7083333333333 -24.368651375495173 -26.654418297896317
1123.2083333333333 -24.366765781697346 -26.65362994136785
1123.7083333333333 -24.364917385141077 -26.652834496692247
1124.2083333333333 -24.36298781821497 -26.652050677499233
1124.7083333333333 -24.361161185790078 -26.65125264054521
1125.2083333333333 -24.359272321629163 -26.6504450702431
1125.7083333333333 -24.357415813583664 -26.64966311058084
1126.2083333333333 -24.35552185928831 -26.64886380683001
1126.7083333333333 -24.353663141205534 -26.648071343013942
1127.2083333333333 -24.351797227329545 -26.647265958673614
1127.7083333333333 -24.349904934688958 -26.646476496821975
1128.2083333333333 -24.34808280775527 -26.64566963584765
1128.7083333333333 -24.346203487529795 -26.644880613979332
1129.2083333333333 -24.344331545142953 -26.64407752738116
1129.7083333333333 -24.34245580663639 -26.643280366575482
1130.2083333333333 -24.34056937000979 -26.642476766966986
1130.7083333333333 -24.338706919038597 -26.641685746298403
1131.2083333333333 -24.336843077743012 -26.640878879687158
1131.7083333333333 -24.334961627955703 -26.6400862189721
1132.2083333333333 -24.33313366474756 -26.639277859696374
1132.7083333333333 -24.331249949855817 -26.63848173449646
1133.2083333333333 -24.329387286897678 -26.637676201242666
1133.7083333333333 -24.327528094720257 -26.636884203382955
1134.2083333333333 -24.325668862491177 -26.63608205192963
1134.7083333333333 -24.32379526465537 -26.635278983106467
1135.2083333333333 -24.321931744553112 -26.634475208060234
1135.7083333333333 -24.320101161140343 -26.633666646130788
1136.2083333333333 -24.318196571745286 -26.63287286180994
1136.7083333333333 -24.316330026977774 -26.632066684287864
1137.2083333333333 -24.31446097904026 -26.631267800077936
1137.7083333333333 -24.31261757658227 -26.63047369543999
1138.2083333333333 -24.31073712175077 -26.62966209593863
1138.7083333333333 -24.308907747850235 -26.62887505818943
1139.2083333333333 -24.307043183874143 -26.62807046149168
1139.7083333333333 -24.305201628974437 -26.627260990932896
1140.2083333333333 -24.303298909177965 -26.62644762129663
1140.7083333333333 -24.301436343912837 -26.62564483481667
1141.2083333333333 -24.299593655926145 -26.624843282439876
1141.7083333333333 -24.29775780811444 -26.624041166608585
1142.2083333333333 -24.29588407176739 -26.62323791451549
1142.7083333333333 -24.29400794268759 -26.622430522122915
1143.2083333333333 -24.292148785518076 -26.62162210660678
1143.7083333333333 -24.290273575823548 -26.62082173704338
1144.2083333333333 -24.288438902635598 -26.62002265001673
1144.7083333333333 -24.28655697573499 -26.61920752132332
1145.2083333333333 -24.284737776216204 -26.618402516532495
1145.7083333333333 -24.28284907112832 -26.617596112545666
1146.2083333333333 -24.281004320761642 -26.616789075248395
1146.7083333333333 -24.279165001720003 -26.615977088701598
1147.2083333333333 -24.277274251658888 -26.61517249424708
1147.7083333333333 -24.275444657996694 -26.614356751582264
1148.2083333333333 -24.273570748924804 -26.613550543067
1148.7083333333333 -24.271687808871405 -26.612737550093147
1149.2083333333333 -24.26986004071576 -26.61194672446578
1149.7083333333333 -24.268015994347728 -26.611131296500808
1150.2083333333333 -24.266133561133472 -26.610306578840813
1150.7083333333333 -24.264310342128297 -26.609502241736777
1151.2083333333333 -24.262456549272592 -26.60869015403497
1151.7083333333333 -24.260599805867162 -26.6078860197932
1152.2083333333333 -24.258740540635777 -26.60707168969143
1152.7083333333333 -24.256901947136825 -26.606260074660906
1153.2083333333333 -24.255064767712746 -26.605451881259214
1153.7083333333333 -24.253201190253005 -26.60463808835269
1154.2083333333333 -24.25132871508019 -26.60381798433143
1154.7083333333333 -24.24948717874967 -26.603009196240222
1155.2083333333333 -24.24765534672767 -26.6021940519453
1155.7083333333333 -24.24582193927083 -26.601379684767153
1156.2083333333333 -24.24396977040805 -26.600561856461105
1156.7083333333333 -24.242107196914276 -26.599753231510253
1157.2083333333333 -24.240302279898568 -26.59893430589527
1157.7083333333333 -24.238425862336435 -26.598114345649794
1158.2083333333333 -24.236587222866003 -26.597288219988343
1158.7083333333333 -24.234755933888444 -26.596477425327198
1159.2083333333333 -24.232910261144763 -26.59566668789963
1159.7083333333333 -24.231074224109346 -26.594841937417733
1160.2083333333333 -24.229235252110563 -26.59402403752377
1160.7083333333333 -24.227393956766534 -26.593210032776526
1161.2083333333333 -24.225594733328958 -26.59238653033071
1161.7083333333333 -24.22373838330571 -26.591561357036536
1162.2083333333333 -24.221883145643915 -26.5907453752394
1162.7083333333333 -24.220053702740678 -26.589931837416458
1163.2083333333333 -24.218204895893987 -26.589097858133115
1163.7083333333333 -24.21640263841221 -26.588280026390283
1164.2083333333333 -24.214587896384554 -26.587453441061044
1164.7083333333333 -24.212723886193576 -26.586621263265187
1165.2083333333333 -24.21090159644967 -26.585805166645162
1165.7083333333333 -24.20905425407435 -26.584981398236074
1166.2083333333333 -24.207249291553804 -26.58414617402763
1166.7083333333333 -24.205401933460102 -26.583325368016567
1167.2083333333333 -24.203588308895824 -26.582507950432944
1167.7083333333333 -24.201783669903335 -26.58167975563878
1168.2083333333333 -24.19995448199412 -26.580859937240447
1168.7083333333333 -24.198134271129433 -26.58002728850522
1169.2083333333333 -24.196295269473413 -26.579186464364597
1169.7083333333333 -24.194470093568757 -26.578362522476894
1170.2083333333333 -24.19268653647956 -26.57753412784228
1170.7083333333333 -24.190848986244646 -26.576703049382438
1171.2083333333333 -24.189035852202974 -26.575875926865532
1171.7083333333333 -24.187230556314084 -26.575052640921587
1172.2083333333333 -24.185432568816744 -26.57420826870335
1172.7083333333333 -24.183594757053374 -26.573380523390778
1173.2083333333333 -24.181825121791263 -26.57254431624515
1173.7083333333333 -24.180002453206185 -26.57170922267222
1174.2083333333333 -24.178211924248888 -26.57088630833219
1174.7083333333333 -24.176353543574507 -26.5700440475131
1175.2083333333333 -24.174578989352348 -26.56919762038804
1175.7083333333333 -24.1727513013389 -26.568363841820887
1176.2083333333333 -24.170954717785417 -26.567530524991234
1176.7083333333333 -24.169173610851477 -26.566705659694062
1177.2083333333333 -24.16736008253718 -26.56587146631226
1177.7083333333333 -24.165551108782527 -26.565020422619845
1178.2083333333333 -24.16375472836411 -26.564175620321077
1178.7083333333333 -24.161938544963242 -26.563344452521733
1179.2083333333333 -24.160142667933652 -26.562510903026663
1179.7083333333333 -24.158378741268454 -26.56167430087976
1180.2083333333333 -24.156581686192172 -26.560836356330235
1180.7083333333333 -24.154781567907882 -26.5599932798391
1181.2083333333333 -24.1530014952494 -26.55915415341135
1181.7083333333333 -24.151193192649608 -26.558310269764647
1182.2083333333333 -24.149414742830757 -26.557469128986263
1182.7083333333333 -24.147619669695814 -26.55662967102185
1183.2083333333333 -24.145877854981983 -26.555789080034465
1183.7083333333333 -24.144057900781984 -26.554948884544473
1184.2083333333333 -24.14226405008889 -26.5541050392064
1184.7083333333333 -24.140480271703623 -26.553260396362898
1185.2083333333333 -24.1387106775947 -26.55239940168744
1185.7083333333333 -24.13690353791935 -26.551562227666846
1186.2083333333333 -24.13515383404259 -26.550712994354882
1186.7083333333333 -24.133352558275813 -26.549878354768826
1187.2083333333333 -24.13158326313335 -26.549035635460992
1187.7083333333333 -24.129810856536082 -26.548183283773174
1188.2083333333333 -24.128066004264788 -26.547321283334135
1188.7083333333333 -24.12628067878326 -26.546492344787
1189.2083333333333 -24.124524147170092 -26.54563195102435
1189.7083333333333 -24.12274094851313 -26.54479016532484
1190.2083333333333 -24.120995176831546 -26.543935426565206
1190.7083333333333 -24.119210246923082 -26.543089817051477
1191.2083333333333 -24.117451899387436 -26.542238619864502
1191.7083333333333 -24.115677504672647 -26.54139482126482
1192.2083333333333 -24.11392286653562 -26.54052695271682
1192.7083333333333 -24.112160437059977 -26.539671658670343
1193.2083333333333 -24.1104028951009 -26.538824966896946
1193.7083333333333 -24.108646593158074 -26.537976619237448
1194.2083333333333 -24.10691190736351 -26.53712294929983
1194.7083333333333 -24.105151927826892 -26.536262784388363
1195.2083333333333 -24.10341338109467 -26.535415629318738
1195.7083333333333 -24.10164419540028 -26.53455583064909
1196.2083333333333 -24.099899129509343 -26.53369384667129
1196.7083333333333 -24.098128948872194 -26.532844820617285
1197.2083333333333 -24.096400329006215 -26.531992525350784
1197.7083333333333 -24.09466166144922 -26.531136589985582
1198.2083333333333 -24.092927678654526 -26.530276718095614
1198.7083333333333 -24.091205972931213 -26.529424149829282
1199.2083333333333 -24.08946033467426 -26.528558418245417
1199.7083333333333 -24.087676905154574 -26.527699498311797
1200.2083333333333 -24.085995152564543 -26.52682967746527
1200.7083333333333 -24.084249957082683 -26.525993208048053
1201.2083333333333 -24.082492381773083 -26.525111232367916
1201.7083333333333 -24.08081224821444 -26.52425053550662
1202.2083333333333 -24.07906054218534 -26.523384123834678
1202.7083333333333 -24.077365533762602 -26.522525049898633
1203.2083333333333 -24.075580405853213 -26.521661967348123
1203.7083333333333 -24.07389792068797 -26.52079982415387
1204.2083333333333 -24.07216624896414 -26.519937938597803
1204.7083333333333 -24.070462219451972 -26.519070862029857
1205.2083333333333 -24.068739653488986 -26.51820200091513
1205.7083333333333 -24.067000997477113 -26.51733619723769
1206.2083333333333 -24.06531579179106 -26.51647522965837
1206.7083333333333 -24.063595561000138 -26.51560620125096
1207.2083333333333 -24.06186294315844 -26.5147493128916
1207.7083333333333 -24.06019426596624 -26.513872577067037
1208.2083333333333 -24.05848347498672 -26.51299766321964
1208.7083333333333 -24.056790039295688 -26.512130778169563
1209.2083333333333 -24.05507210542926 -26.511256265522288
1209.7083333333333 -24.053387883071128 -26.51038922959892
1210.2083333333333 -24.051671353377632 -26.509507849620096
1210.7083333333333 -24.049988281747154 -26.508635872311185
1211.2083333333333 -24.048332187944087 -26.507758040310062
1211.7083333333333 -24.046614433028633 -26.506892639415423
1212.2083333333333 -24.044905065422345 -26.506017832960183
1212.7083333333333 -24.04323094328116 -26.5051495564326
1213.2083333333333 -24.04156981808402 -26.504270289764623
1213.7083333333333 -24.0398832824306 -26.50339492396619
1214.2083333333333 -24.03818154636476 -26.502509724063273
1214.7083333333333 -24.03654033542408 -26.501644981680723
1215.2083333333333 -24.034831667594595 -26.50076273827406
1215.7083333333333 -24.033188845490912 -26.49988739243731
1216.2083333333333 -24.03151717529415 -26.49900305155136
1216.7083333333333 -24.02987683357736 -26.49812471284225
1217.2083333333333 -24.02818580516768 -26.49725566569603
1217.7083333333333 -24.026497337686482 -26.496371067182434
1218.2083333333333 -24.02486707150047 -26.495498832316954
1218.7083333333333 -24.023230981921483 -26.4945990300141
1219.2083333333333 -24.021535735495902 -26.493726000911607
1219.7083333333333 -24.01986525454167 -26.49283928591226
1220.2083333333333 -24.018228631629466 -26.491955167442065
1220.7083333333333 -24.016583895568104 -26.49106616123226
1221.2083333333333 -24.014945676018257 -26.490199541970462
1221.7083333333333 -24.01327564380917 -26.489314880599565
1222.2083333333333 -24.011659732850447 -26.488428951550617
1222.7083333333333 -24.010022261774225 -26.487545820964996
1223.2083333333333 -24.00833027809218 -26.4866616675318
1223.7083333333333 -24.00671162948317 -26.485770835724274
1224.2083333333333 -24.005064310212475 -26.484892303400724
1224.7083333333333 -24.003408544171517 -26.483998370464388
1225.2083333333333 -24.00180467835524 -26.483109461275163
1225.7083333333333 -24.00016965121891 -26.48221789778088
1226.2083333333333 -23.99854906540287 -26.481339837882047
1226.7083333333333 -23.99693477749716 -26.480454563254114
1227.2083333333333 -23.99532319696214 -26.47957235958565
1227.7083333333333 -23.993663155604608 -26.478663000610325
1228.2083333333333 -23.99204261319465 -26.477778395408833
1228.7083333333333 -23.99045419203922 -26.476897562280875
1229.2083333333333 -23.988844362028058 -26.47600052285712
1229.7083333333333 -23.98724067643913 -26.475115466950975
1230.2083333333333 -23.9856103634834 -26.47422036551955
1230.7083333333333 -23.984005979733546 -26.473335738905696
1231.2083333333333 -23.982405070860693 -26.47244755260761
1231.7083333333333 -23.98081361341802 -26.471557689409995
1232.2083333333333 -23.979207934192072 -26.470671687643822
